# Temperatura_=_20.0
# Concentracion g/m^3_=_10000.0
# C_Vs_to_Am_M_A/Vsm_=_65563218390.804596
# pendiente_HvsI_1/m_=_3716.3
# ordenada_HvsI_A/m_=_1297.0
# frecuencia_Hz_=_81170.50981030452

Tiempo_(s)	Campo_(V.s)	Magnetizacion_(V.s)	Campo_(kA/m)	Magnetizacion_(A/m)
0.000000e+00	-4.131830e-06	-8.376762e-09	-3.103084e+01	-5.475771e+02
1.000000e-08	-4.132104e-06	-8.592872e-09	-3.103290e+01	-5.476825e+02
2.000000e-08	-4.132212e-06	-8.606898e-09	-3.103371e+01	-5.477700e+02
3.000000e-08	-4.132278e-06	-8.440296e-09	-3.103421e+01	-5.478362e+02
4.000000e-08	-4.132341e-06	-8.395207e-09	-3.103468e+01	-5.478788e+02
5.000000e-08	-4.132339e-06	-8.341974e-09	-3.103466e+01	-5.478959e+02
6.000000e-08	-4.132295e-06	-8.392166e-09	-3.103434e+01	-5.478867e+02
7.000000e-08	-4.132199e-06	-8.152729e-09	-3.103361e+01	-5.478510e+02
8.000000e-08	-4.132012e-06	-8.083119e-09	-3.103221e+01	-5.477897e+02
9.000000e-08	-4.131730e-06	-8.293581e-09	-3.103009e+01	-5.477045e+02
1.000000e-07	-4.131232e-06	-8.224655e-09	-3.102635e+01	-5.475978e+02
1.100000e-07	-4.130676e-06	-8.450959e-09	-3.102218e+01	-5.474729e+02
1.200000e-07	-4.130107e-06	-8.428833e-09	-3.101790e+01	-5.473334e+02
1.300000e-07	-4.129424e-06	-8.280260e-09	-3.101277e+01	-5.471832e+02
1.400000e-07	-4.128706e-06	-8.289449e-09	-3.100738e+01	-5.470267e+02
1.500000e-07	-4.127815e-06	-8.340849e-09	-3.100069e+01	-5.468681e+02
1.600000e-07	-4.126792e-06	-8.599876e-09	-3.099300e+01	-5.467112e+02
1.700000e-07	-4.125616e-06	-8.273157e-09	-3.098417e+01	-5.465599e+02
1.800000e-07	-4.124245e-06	-8.179080e-09	-3.097387e+01	-5.464171e+02
1.900000e-07	-4.122783e-06	-8.373990e-09	-3.096290e+01	-5.462853e+02
2.000000e-07	-4.121203e-06	-8.418106e-09	-3.095103e+01	-5.461662e+02
2.100000e-07	-4.119377e-06	-8.353675e-09	-3.093732e+01	-5.460605e+02
2.200000e-07	-4.117370e-06	-8.033622e-09	-3.092224e+01	-5.459684e+02
2.300000e-07	-4.115273e-06	-8.265581e-09	-3.090650e+01	-5.458890e+02
2.400000e-07	-4.112984e-06	-8.409465e-09	-3.088931e+01	-5.458206e+02
2.500000e-07	-4.110530e-06	-8.418770e-09	-3.087087e+01	-5.457609e+02
2.600000e-07	-4.107944e-06	-8.313029e-09	-3.085145e+01	-5.457071e+02
2.700000e-07	-4.105138e-06	-8.167528e-09	-3.083038e+01	-5.456558e+02
2.800000e-07	-4.102027e-06	-8.306621e-09	-3.080702e+01	-5.456034e+02
2.900000e-07	-4.098762e-06	-8.262401e-09	-3.078250e+01	-5.455461e+02
3.000000e-07	-4.095551e-06	-8.336732e-09	-3.075838e+01	-5.454802e+02
3.100000e-07	-4.092147e-06	-8.228968e-09	-3.073281e+01	-5.454023e+02
3.200000e-07	-4.088474e-06	-8.207109e-09	-3.070523e+01	-5.453090e+02
3.300000e-07	-4.084749e-06	-8.346947e-09	-3.067726e+01	-5.451977e+02
3.400000e-07	-4.081028e-06	-8.366407e-09	-3.064931e+01	-5.450660e+02
3.500000e-07	-4.077224e-06	-8.348859e-09	-3.062074e+01	-5.449123e+02
3.600000e-07	-4.073293e-06	-8.097404e-09	-3.059122e+01	-5.447356e+02
3.700000e-07	-4.069307e-06	-8.182809e-09	-3.056128e+01	-5.445353e+02
3.800000e-07	-4.065258e-06	-8.318689e-09	-3.053087e+01	-5.443118e+02
3.900000e-07	-4.061118e-06	-8.311220e-09	-3.049978e+01	-5.440656e+02
4.000000e-07	-4.056996e-06	-8.190832e-09	-3.046883e+01	-5.437979e+02
4.100000e-07	-4.052886e-06	-8.106306e-09	-3.043796e+01	-5.435102e+02
4.200000e-07	-4.048690e-06	-8.324234e-09	-3.040644e+01	-5.432041e+02
4.300000e-07	-4.044382e-06	-8.293773e-09	-3.037409e+01	-5.428817e+02
4.400000e-07	-4.040001e-06	-8.203609e-09	-3.034119e+01	-5.425447e+02
4.500000e-07	-4.035634e-06	-8.110616e-09	-3.030839e+01	-5.421950e+02
4.600000e-07	-4.031178e-06	-8.169896e-09	-3.027493e+01	-5.418343e+02
4.700000e-07	-4.026597e-06	-8.272693e-09	-3.024052e+01	-5.414641e+02
4.800000e-07	-4.021922e-06	-8.183654e-09	-3.020541e+01	-5.410856e+02
4.900000e-07	-4.017140e-06	-8.181045e-09	-3.016949e+01	-5.406995e+02
5.000000e-07	-4.012149e-06	-8.120040e-09	-3.013201e+01	-5.403065e+02
5.100000e-07	-4.007055e-06	-8.194423e-09	-3.009376e+01	-5.399068e+02
5.200000e-07	-4.001834e-06	-8.214531e-09	-3.005455e+01	-5.395003e+02
5.300000e-07	-3.996532e-06	-8.153440e-09	-3.001473e+01	-5.390868e+02
5.400000e-07	-3.991134e-06	-8.104280e-09	-2.997419e+01	-5.386658e+02
5.500000e-07	-3.985562e-06	-8.062905e-09	-2.993234e+01	-5.382368e+02
5.600000e-07	-3.979918e-06	-8.184947e-09	-2.988995e+01	-5.377992e+02
5.700000e-07	-3.974122e-06	-8.136956e-09	-2.984642e+01	-5.373524e+02
5.800000e-07	-3.968269e-06	-8.070762e-09	-2.980247e+01	-5.368960e+02
5.900000e-07	-3.962384e-06	-8.042143e-09	-2.975827e+01	-5.364297e+02
6.000000e-07	-3.956469e-06	-8.090180e-09	-2.971385e+01	-5.359534e+02
6.100000e-07	-3.950381e-06	-8.141091e-09	-2.966812e+01	-5.354673e+02
6.200000e-07	-3.944065e-06	-8.041150e-09	-2.962069e+01	-5.349718e+02
6.300000e-07	-3.937779e-06	-8.040830e-09	-2.957348e+01	-5.344676e+02
6.400000e-07	-3.931451e-06	-8.041333e-09	-2.952595e+01	-5.339555e+02
6.500000e-07	-3.924988e-06	-8.091303e-09	-2.947742e+01	-5.334367e+02
6.600000e-07	-3.918387e-06	-8.061720e-09	-2.942784e+01	-5.329125e+02
6.700000e-07	-3.911668e-06	-7.981720e-09	-2.937739e+01	-5.323843e+02
6.800000e-07	-3.904938e-06	-7.986770e-09	-2.932684e+01	-5.318535e+02
6.900000e-07	-3.898101e-06	-7.986579e-09	-2.927549e+01	-5.313218e+02
7.000000e-07	-3.891172e-06	-8.032215e-09	-2.922345e+01	-5.307904e+02
7.100000e-07	-3.884095e-06	-7.970994e-09	-2.917030e+01	-5.302609e+02
7.200000e-07	-3.876837e-06	-7.952557e-09	-2.911579e+01	-5.297343e+02
7.300000e-07	-3.869524e-06	-7.969906e-09	-2.906087e+01	-5.292118e+02
7.400000e-07	-3.862006e-06	-7.969845e-09	-2.900441e+01	-5.286941e+02
7.500000e-07	-3.854299e-06	-7.966610e-09	-2.894653e+01	-5.281817e+02
7.600000e-07	-3.846581e-06	-7.892764e-09	-2.888857e+01	-5.276751e+02
7.700000e-07	-3.838825e-06	-7.906936e-09	-2.883032e+01	-5.271743e+02
7.800000e-07	-3.831062e-06	-7.911542e-09	-2.877202e+01	-5.266790e+02
7.900000e-07	-3.823259e-06	-7.925502e-09	-2.871342e+01	-5.261890e+02
8.000000e-07	-3.815381e-06	-7.900000e-09	-2.865425e+01	-5.257037e+02
8.100000e-07	-3.807414e-06	-7.855202e-09	-2.859441e+01	-5.252222e+02
8.200000e-07	-3.799389e-06	-7.886351e-09	-2.853415e+01	-5.247437e+02
8.300000e-07	-3.791314e-06	-7.884531e-09	-2.847350e+01	-5.242672e+02
8.400000e-07	-3.783167e-06	-7.884694e-09	-2.841232e+01	-5.237916e+02
8.500000e-07	-3.775036e-06	-7.833735e-09	-2.835125e+01	-5.233158e+02
8.600000e-07	-3.766851e-06	-7.828946e-09	-2.828978e+01	-5.228385e+02
8.700000e-07	-3.758505e-06	-7.846716e-09	-2.822710e+01	-5.223586e+02
8.800000e-07	-3.750090e-06	-7.826284e-09	-2.816390e+01	-5.218748e+02
8.900000e-07	-3.741648e-06	-7.814091e-09	-2.810050e+01	-5.213861e+02
9.000000e-07	-3.733090e-06	-7.779384e-09	-2.803623e+01	-5.208911e+02
9.100000e-07	-3.724497e-06	-7.805391e-09	-2.797170e+01	-5.203889e+02
9.200000e-07	-3.715853e-06	-7.805065e-09	-2.790677e+01	-5.198782e+02
9.300000e-07	-3.707049e-06	-7.789788e-09	-2.784066e+01	-5.193580e+02
9.400000e-07	-3.698038e-06	-7.768920e-09	-2.777298e+01	-5.188272e+02
9.500000e-07	-3.688895e-06	-7.745944e-09	-2.770432e+01	-5.182850e+02
9.600000e-07	-3.679608e-06	-7.759686e-09	-2.763457e+01	-5.177303e+02
9.700000e-07	-3.670266e-06	-7.731295e-09	-2.756441e+01	-5.171624e+02
9.800000e-07	-3.660861e-06	-7.719891e-09	-2.749377e+01	-5.165806e+02
9.900000e-07	-3.651172e-06	-7.699694e-09	-2.742100e+01	-5.159841e+02
1.000000e-06	-3.641291e-06	-7.701648e-09	-2.734680e+01	-5.153726e+02
1.010000e-06	-3.631293e-06	-7.710285e-09	-2.727172e+01	-5.147456e+02
1.020000e-06	-3.621114e-06	-7.682877e-09	-2.719527e+01	-5.141030e+02
1.030000e-06	-3.610564e-06	-7.669508e-09	-2.711604e+01	-5.134449e+02
1.040000e-06	-3.599833e-06	-7.641749e-09	-2.703544e+01	-5.127713e+02
1.050000e-06	-3.589113e-06	-7.641234e-09	-2.695493e+01	-5.120826e+02
1.060000e-06	-3.578318e-06	-7.621122e-09	-2.687386e+01	-5.113795e+02
1.070000e-06	-3.567410e-06	-7.597272e-09	-2.679194e+01	-5.106627e+02
1.080000e-06	-3.556265e-06	-7.591433e-09	-2.670823e+01	-5.099330e+02
1.090000e-06	-3.544956e-06	-7.585948e-09	-2.662331e+01	-5.091914e+02
1.100000e-06	-3.533529e-06	-7.596942e-09	-2.653749e+01	-5.084391e+02
1.110000e-06	-3.522014e-06	-7.571508e-09	-2.645101e+01	-5.076772e+02
1.120000e-06	-3.510427e-06	-7.553018e-09	-2.636398e+01	-5.069068e+02
1.130000e-06	-3.498792e-06	-7.532459e-09	-2.627660e+01	-5.061290e+02
1.140000e-06	-3.487102e-06	-7.518362e-09	-2.618881e+01	-5.053448e+02
1.150000e-06	-3.475305e-06	-7.505028e-09	-2.610021e+01	-5.045552e+02
1.160000e-06	-3.463416e-06	-7.472841e-09	-2.601093e+01	-5.037608e+02
1.170000e-06	-3.451362e-06	-7.467136e-09	-2.592039e+01	-5.029621e+02
1.180000e-06	-3.439218e-06	-7.459452e-09	-2.582919e+01	-5.021594e+02
1.190000e-06	-3.427041e-06	-7.460962e-09	-2.573774e+01	-5.013528e+02
1.200000e-06	-3.414768e-06	-7.443985e-09	-2.564557e+01	-5.005422e+02
1.210000e-06	-3.402396e-06	-7.420516e-09	-2.555265e+01	-4.997270e+02
1.220000e-06	-3.389949e-06	-7.408957e-09	-2.545917e+01	-4.989069e+02
1.230000e-06	-3.377426e-06	-7.389538e-09	-2.536512e+01	-4.980809e+02
1.240000e-06	-3.364876e-06	-7.379029e-09	-2.527087e+01	-4.972484e+02
1.250000e-06	-3.352255e-06	-7.354532e-09	-2.517608e+01	-4.964084e+02
1.260000e-06	-3.339526e-06	-7.343500e-09	-2.508049e+01	-4.955601e+02
1.270000e-06	-3.326778e-06	-7.336013e-09	-2.498475e+01	-4.947026e+02
1.280000e-06	-3.313930e-06	-7.327150e-09	-2.488825e+01	-4.938352e+02
1.290000e-06	-3.300933e-06	-7.316244e-09	-2.479065e+01	-4.929575e+02
1.300000e-06	-3.287727e-06	-7.289777e-09	-2.469146e+01	-4.920690e+02
1.310000e-06	-3.274426e-06	-7.275115e-09	-2.459157e+01	-4.911697e+02
1.320000e-06	-3.261127e-06	-7.255272e-09	-2.449170e+01	-4.902597e+02
1.330000e-06	-3.247702e-06	-7.242769e-09	-2.439087e+01	-4.893396e+02
1.340000e-06	-3.234185e-06	-7.223619e-09	-2.428936e+01	-4.884098e+02
1.350000e-06	-3.220550e-06	-7.203660e-09	-2.418695e+01	-4.874714e+02
1.360000e-06	-3.206833e-06	-7.196063e-09	-2.408393e+01	-4.865254e+02
1.370000e-06	-3.193071e-06	-7.181215e-09	-2.398058e+01	-4.855730e+02
1.380000e-06	-3.179224e-06	-7.166786e-09	-2.387659e+01	-4.846155e+02
1.390000e-06	-3.165310e-06	-7.141836e-09	-2.377209e+01	-4.836543e+02
1.400000e-06	-3.151268e-06	-7.129210e-09	-2.366663e+01	-4.826905e+02
1.410000e-06	-3.137120e-06	-7.119293e-09	-2.356037e+01	-4.817255e+02
1.420000e-06	-3.122956e-06	-7.102358e-09	-2.345400e+01	-4.807601e+02
1.430000e-06	-3.108696e-06	-7.087211e-09	-2.334691e+01	-4.797952e+02
1.440000e-06	-3.094394e-06	-7.067291e-09	-2.323950e+01	-4.788312e+02
1.450000e-06	-3.080119e-06	-7.058082e-09	-2.313229e+01	-4.778683e+02
1.460000e-06	-3.065779e-06	-7.043096e-09	-2.302459e+01	-4.769065e+02
1.470000e-06	-3.051343e-06	-7.025162e-09	-2.291617e+01	-4.759453e+02
1.480000e-06	-3.036831e-06	-7.002006e-09	-2.280719e+01	-4.749840e+02
1.490000e-06	-3.022228e-06	-6.979542e-09	-2.269752e+01	-4.740216e+02
1.500000e-06	-3.007478e-06	-6.969071e-09	-2.258674e+01	-4.730569e+02
1.510000e-06	-2.992610e-06	-6.952834e-09	-2.247508e+01	-4.720885e+02
1.520000e-06	-2.977664e-06	-6.939499e-09	-2.236283e+01	-4.711148e+02
1.530000e-06	-2.962630e-06	-6.922749e-09	-2.224992e+01	-4.701342e+02
1.540000e-06	-2.947577e-06	-6.911925e-09	-2.213687e+01	-4.691453e+02
1.550000e-06	-2.932424e-06	-6.899054e-09	-2.202307e+01	-4.681463e+02
1.560000e-06	-2.917248e-06	-6.876636e-09	-2.190910e+01	-4.671358e+02
1.570000e-06	-2.901775e-06	-6.855591e-09	-2.179289e+01	-4.661126e+02
1.580000e-06	-2.885955e-06	-6.828880e-09	-2.167408e+01	-4.650756e+02
1.590000e-06	-2.870109e-06	-6.814446e-09	-2.155507e+01	-4.640237e+02
1.600000e-06	-2.854190e-06	-6.801679e-09	-2.143552e+01	-4.629564e+02
1.610000e-06	-2.838188e-06	-6.789959e-09	-2.131534e+01	-4.618731e+02
1.620000e-06	-2.822148e-06	-6.776392e-09	-2.119488e+01	-4.607735e+02
1.630000e-06	-2.805975e-06	-6.755973e-09	-2.107341e+01	-4.596575e+02
1.640000e-06	-2.789565e-06	-6.737515e-09	-2.095017e+01	-4.585251e+02
1.650000e-06	-2.772958e-06	-6.710398e-09	-2.082545e+01	-4.573763e+02
1.660000e-06	-2.756326e-06	-6.685181e-09	-2.070054e+01	-4.562113e+02
1.670000e-06	-2.739639e-06	-6.658595e-09	-2.057521e+01	-4.550302e+02
1.680000e-06	-2.722856e-06	-6.638538e-09	-2.044917e+01	-4.538329e+02
1.690000e-06	-2.706176e-06	-6.627918e-09	-2.032391e+01	-4.526197e+02
1.700000e-06	-2.689422e-06	-6.614717e-09	-2.019808e+01	-4.513902e+02
1.710000e-06	-2.672577e-06	-6.602023e-09	-2.007157e+01	-4.501443e+02
1.720000e-06	-2.655525e-06	-6.580522e-09	-1.994350e+01	-4.488815e+02
1.730000e-06	-2.638348e-06	-6.559005e-09	-1.981450e+01	-4.476015e+02
1.740000e-06	-2.621193e-06	-6.536523e-09	-1.968566e+01	-4.463035e+02
1.750000e-06	-2.603934e-06	-6.514260e-09	-1.955604e+01	-4.449868e+02
1.760000e-06	-2.586751e-06	-6.494253e-09	-1.942700e+01	-4.436508e+02
1.770000e-06	-2.569564e-06	-6.470518e-09	-1.929792e+01	-4.422947e+02
1.780000e-06	-2.552270e-06	-6.451747e-09	-1.916804e+01	-4.409178e+02
1.790000e-06	-2.534903e-06	-6.428386e-09	-1.903761e+01	-4.395194e+02
1.800000e-06	-2.517467e-06	-6.406275e-09	-1.890667e+01	-4.380990e+02
1.810000e-06	-2.499974e-06	-6.384086e-09	-1.877529e+01	-4.366564e+02
1.820000e-06	-2.482433e-06	-6.364492e-09	-1.864355e+01	-4.351914e+02
1.830000e-06	-2.464826e-06	-6.347135e-09	-1.851132e+01	-4.337042e+02
1.840000e-06	-2.447189e-06	-6.324145e-09	-1.837887e+01	-4.321950e+02
1.850000e-06	-2.429601e-06	-6.301517e-09	-1.824677e+01	-4.306646e+02
1.860000e-06	-2.411978e-06	-6.274449e-09	-1.811442e+01	-4.291138e+02
1.870000e-06	-2.394289e-06	-6.252967e-09	-1.798158e+01	-4.275435e+02
1.880000e-06	-2.376533e-06	-6.230978e-09	-1.784822e+01	-4.259552e+02
1.890000e-06	-2.358726e-06	-6.206164e-09	-1.771449e+01	-4.243501e+02
1.900000e-06	-2.340858e-06	-6.183202e-09	-1.758030e+01	-4.227299e+02
1.910000e-06	-2.323036e-06	-6.157420e-09	-1.744645e+01	-4.210959e+02
1.920000e-06	-2.305176e-06	-6.136287e-09	-1.731232e+01	-4.194497e+02
1.930000e-06	-2.287107e-06	-6.110238e-09	-1.717661e+01	-4.177930e+02
1.940000e-06	-2.269100e-06	-6.083436e-09	-1.704138e+01	-4.161270e+02
1.950000e-06	-2.251115e-06	-6.055183e-09	-1.690631e+01	-4.144530e+02
1.960000e-06	-2.232949e-06	-6.026068e-09	-1.676988e+01	-4.127722e+02
1.970000e-06	-2.214723e-06	-6.003941e-09	-1.663299e+01	-4.110854e+02
1.980000e-06	-2.196455e-06	-5.978470e-09	-1.649580e+01	-4.093935e+02
1.990000e-06	-2.178125e-06	-5.953317e-09	-1.635814e+01	-4.076969e+02
2.000000e-06	-2.159838e-06	-5.927571e-09	-1.622080e+01	-4.059960e+02
2.010000e-06	-2.141527e-06	-5.906619e-09	-1.608328e+01	-4.042911e+02
2.020000e-06	-2.123020e-06	-5.887687e-09	-1.594429e+01	-4.025821e+02
2.030000e-06	-2.104428e-06	-5.863355e-09	-1.580466e+01	-4.008690e+02
2.040000e-06	-2.085839e-06	-5.838854e-09	-1.566505e+01	-3.991516e+02
2.050000e-06	-2.067139e-06	-5.813249e-09	-1.552461e+01	-3.974298e+02
2.060000e-06	-2.048354e-06	-5.790662e-09	-1.538353e+01	-3.957033e+02
2.070000e-06	-2.029569e-06	-5.764635e-09	-1.524245e+01	-3.939718e+02
2.080000e-06	-2.010764e-06	-5.734893e-09	-1.510122e+01	-3.922352e+02
2.090000e-06	-1.991925e-06	-5.705744e-09	-1.495974e+01	-3.904932e+02
2.100000e-06	-1.972993e-06	-5.679440e-09	-1.481756e+01	-3.887456e+02
2.110000e-06	-1.954032e-06	-5.659224e-09	-1.467516e+01	-3.869923e+02
2.120000e-06	-1.934966e-06	-5.636598e-09	-1.453197e+01	-3.852330e+02
2.130000e-06	-1.915738e-06	-5.613307e-09	-1.438756e+01	-3.834678e+02
2.140000e-06	-1.896339e-06	-5.586484e-09	-1.424187e+01	-3.816962e+02
2.150000e-06	-1.876802e-06	-5.559313e-09	-1.409514e+01	-3.799181e+02
2.160000e-06	-1.857354e-06	-5.534372e-09	-1.394908e+01	-3.781330e+02
2.170000e-06	-1.837914e-06	-5.506250e-09	-1.380309e+01	-3.763405e+02
2.180000e-06	-1.818325e-06	-5.480512e-09	-1.365598e+01	-3.745399e+02
2.190000e-06	-1.798693e-06	-5.458265e-09	-1.350853e+01	-3.727304e+02
2.200000e-06	-1.779112e-06	-5.438856e-09	-1.336147e+01	-3.709111e+02
2.210000e-06	-1.759506e-06	-5.415121e-09	-1.321423e+01	-3.690808e+02
2.220000e-06	-1.739941e-06	-5.386045e-09	-1.306729e+01	-3.672384e+02
2.230000e-06	-1.720245e-06	-5.356710e-09	-1.291937e+01	-3.653823e+02
2.240000e-06	-1.700382e-06	-5.328128e-09	-1.277020e+01	-3.635112e+02
2.250000e-06	-1.680542e-06	-5.300628e-09	-1.262120e+01	-3.616234e+02
2.260000e-06	-1.660701e-06	-5.268335e-09	-1.247219e+01	-3.597175e+02
2.270000e-06	-1.640925e-06	-5.238246e-09	-1.232367e+01	-3.577919e+02
2.280000e-06	-1.621171e-06	-5.212557e-09	-1.217531e+01	-3.558452e+02
2.290000e-06	-1.601316e-06	-5.187531e-09	-1.202619e+01	-3.538762e+02
2.300000e-06	-1.581389e-06	-5.160521e-09	-1.187654e+01	-3.518838e+02
2.310000e-06	-1.561399e-06	-5.130162e-09	-1.172641e+01	-3.498671e+02
2.320000e-06	-1.541377e-06	-5.101917e-09	-1.157604e+01	-3.478255e+02
2.330000e-06	-1.521342e-06	-5.073398e-09	-1.142557e+01	-3.457588e+02
2.340000e-06	-1.501244e-06	-5.044307e-09	-1.127463e+01	-3.436670e+02
2.350000e-06	-1.481156e-06	-5.011911e-09	-1.112377e+01	-3.415504e+02
2.360000e-06	-1.461070e-06	-4.978458e-09	-1.097292e+01	-3.394094e+02
2.370000e-06	-1.441018e-06	-4.946706e-09	-1.082232e+01	-3.372450e+02
2.380000e-06	-1.421010e-06	-4.914412e-09	-1.067206e+01	-3.350581e+02
2.390000e-06	-1.400946e-06	-4.882460e-09	-1.052138e+01	-3.328499e+02
2.400000e-06	-1.380847e-06	-4.846989e-09	-1.037043e+01	-3.306217e+02
2.410000e-06	-1.360757e-06	-4.812757e-09	-1.021955e+01	-3.283748e+02
2.420000e-06	-1.340676e-06	-4.784130e-09	-1.006874e+01	-3.261105e+02
2.430000e-06	-1.320557e-06	-4.755641e-09	-9.917635e+00	-3.238300e+02
2.440000e-06	-1.300390e-06	-4.724535e-09	-9.766179e+00	-3.215345e+02
2.450000e-06	-1.280234e-06	-4.690112e-09	-9.614806e+00	-3.192250e+02
2.460000e-06	-1.260100e-06	-4.654945e-09	-9.463593e+00	-3.169022e+02
2.470000e-06	-1.239952e-06	-4.620095e-09	-9.312279e+00	-3.145667e+02
2.480000e-06	-1.219807e-06	-4.586022e-09	-9.160987e+00	-3.122189e+02
2.490000e-06	-1.199653e-06	-4.551818e-09	-9.009623e+00	-3.098589e+02
2.500000e-06	-1.179494e-06	-4.516468e-09	-8.858230e+00	-3.074868e+02
2.510000e-06	-1.159361e-06	-4.483056e-09	-8.707024e+00	-3.051024e+02
2.520000e-06	-1.139181e-06	-4.449887e-09	-8.555473e+00	-3.027053e+02
2.530000e-06	-1.118934e-06	-4.414287e-09	-8.403409e+00	-3.002951e+02
2.540000e-06	-1.098658e-06	-4.377250e-09	-8.251136e+00	-2.978716e+02
2.550000e-06	-1.078348e-06	-4.341924e-09	-8.098605e+00	-2.954343e+02
2.560000e-06	-1.058046e-06	-4.307482e-09	-7.946128e+00	-2.929828e+02
2.570000e-06	-1.037796e-06	-4.273043e-09	-7.794046e+00	-2.905171e+02
2.580000e-06	-1.017476e-06	-4.238179e-09	-7.641439e+00	-2.880371e+02
2.590000e-06	-9.971349e-07	-4.201717e-09	-7.488676e+00	-2.855428e+02
2.600000e-06	-9.768565e-07	-4.163696e-09	-7.336381e+00	-2.830348e+02
2.610000e-06	-9.564349e-07	-4.125042e-09	-7.183011e+00	-2.805134e+02
2.620000e-06	-9.359708e-07	-4.087175e-09	-7.029321e+00	-2.779794e+02
2.630000e-06	-9.156004e-07	-4.048153e-09	-6.876336e+00	-2.754338e+02
2.640000e-06	-8.952089e-07	-4.013370e-09	-6.723192e+00	-2.728775e+02
2.650000e-06	-8.748396e-07	-3.981751e-09	-6.570215e+00	-2.703117e+02
2.660000e-06	-8.544922e-07	-3.946771e-09	-6.417402e+00	-2.677375e+02
2.670000e-06	-8.340112e-07	-3.909950e-09	-6.263585e+00	-2.651562e+02
2.680000e-06	-8.134608e-07	-3.870068e-09	-6.109248e+00	-2.625689e+02
2.690000e-06	-7.929739e-07	-3.830642e-09	-5.955387e+00	-2.599765e+02
2.700000e-06	-7.725174e-07	-3.790268e-09	-5.801755e+00	-2.573801e+02
2.710000e-06	-7.519724e-07	-3.747772e-09	-5.647458e+00	-2.547802e+02
2.720000e-06	-7.313868e-07	-3.709733e-09	-5.492856e+00	-2.521772e+02
2.730000e-06	-7.108629e-07	-3.676138e-09	-5.338718e+00	-2.495715e+02
2.740000e-06	-6.902183e-07	-3.643924e-09	-5.183673e+00	-2.469628e+02
2.750000e-06	-6.695513e-07	-3.609861e-09	-5.028460e+00	-2.443507e+02
2.760000e-06	-6.489452e-07	-3.572603e-09	-4.873704e+00	-2.417347e+02
2.770000e-06	-6.283311e-07	-3.531282e-09	-4.718888e+00	-2.391138e+02
2.780000e-06	-6.077494e-07	-3.492651e-09	-4.564316e+00	-2.364869e+02
2.790000e-06	-5.870576e-07	-3.460288e-09	-4.408916e+00	-2.338525e+02
2.800000e-06	-5.663082e-07	-3.427175e-09	-4.253084e+00	-2.312092e+02
2.810000e-06	-5.456307e-07	-3.389714e-09	-4.097792e+00	-2.285554e+02
2.820000e-06	-5.249649e-07	-3.349220e-09	-3.942588e+00	-2.258893e+02
2.830000e-06	-5.042524e-07	-3.312162e-09	-3.787033e+00	-2.232092e+02
2.840000e-06	-4.835207e-07	-3.276911e-09	-3.631334e+00	-2.205135e+02
2.850000e-06	-4.628174e-07	-3.237015e-09	-3.475848e+00	-2.178003e+02
2.860000e-06	-4.420683e-07	-3.195218e-09	-3.320018e+00	-2.150682e+02
2.870000e-06	-4.212240e-07	-3.155206e-09	-3.163474e+00	-2.123156e+02
2.880000e-06	-4.003880e-07	-3.119196e-09	-3.006991e+00	-2.095412e+02
2.890000e-06	-3.796358e-07	-3.083737e-09	-2.851139e+00	-2.067438e+02
2.900000e-06	-3.589341e-07	-3.042932e-09	-2.695664e+00	-2.039224e+02
2.910000e-06	-3.381733e-07	-2.997501e-09	-2.539747e+00	-2.010759e+02
2.920000e-06	-3.173700e-07	-2.954151e-09	-2.383510e+00	-1.982038e+02
2.930000e-06	-2.965768e-07	-2.917198e-09	-2.227349e+00	-1.953053e+02
2.940000e-06	-2.757423e-07	-2.880870e-09	-2.070878e+00	-1.923799e+02
2.950000e-06	-2.548805e-07	-2.842496e-09	-1.914202e+00	-1.894273e+02
2.960000e-06	-2.340162e-07	-2.801925e-09	-1.757507e+00	-1.864472e+02
2.970000e-06	-2.130952e-07	-2.760677e-09	-1.600386e+00	-1.834394e+02
2.980000e-06	-1.921557e-07	-2.718665e-09	-1.443127e+00	-1.804038e+02
2.990000e-06	-1.712716e-07	-2.669369e-09	-1.286283e+00	-1.773403e+02
3.000000e-06	-1.504762e-07	-2.613906e-09	-1.130105e+00	-1.742489e+02
3.010000e-06	-1.297147e-07	-2.560174e-09	-9.741821e-01	-1.711298e+02
3.020000e-06	-1.089143e-07	-2.514397e-09	-8.179675e-01	-1.679829e+02
3.030000e-06	-8.805536e-08	-2.475044e-09	-6.613127e-01	-1.648085e+02
3.040000e-06	-6.715448e-08	-2.438644e-09	-5.043431e-01	-1.616069e+02
3.050000e-06	-4.631453e-08	-2.402125e-09	-3.478311e-01	-1.583781e+02
3.060000e-06	-2.535130e-08	-2.359575e-09	-1.903932e-01	-1.551226e+02
3.070000e-06	-4.412155e-09	-2.311619e-09	-3.313614e-02	-1.518407e+02
3.080000e-06	1.646814e-08	-2.257297e-09	1.236789e-01	-1.485328e+02
3.090000e-06	3.743030e-08	-2.199060e-09	2.811088e-01	-1.451992e+02
3.100000e-06	5.836050e-08	-2.143843e-09	4.382987e-01	-1.418405e+02
3.110000e-06	7.926045e-08	-2.097483e-09	5.952613e-01	-1.384571e+02
3.120000e-06	1.001435e-07	-2.056132e-09	7.520971e-01	-1.350495e+02
3.130000e-06	1.210749e-07	-2.007934e-09	9.092962e-01	-1.316182e+02
3.140000e-06	1.419342e-07	-1.957259e-09	1.065953e+00	-1.281637e+02
3.150000e-06	1.627601e-07	-1.908882e-09	1.222360e+00	-1.246865e+02
3.160000e-06	1.835846e-07	-1.858498e-09	1.378756e+00	-1.211870e+02
3.170000e-06	2.043832e-07	-1.798015e-09	1.534957e+00	-1.176656e+02
3.180000e-06	2.251735e-07	-1.731575e-09	1.691097e+00	-1.141227e+02
3.190000e-06	2.460100e-07	-1.673999e-09	1.847583e+00	-1.105587e+02
3.200000e-06	2.668206e-07	-1.630490e-09	2.003874e+00	-1.069739e+02
3.210000e-06	2.875991e-07	-1.590409e-09	2.159925e+00	-1.033685e+02
3.220000e-06	3.084396e-07	-1.543197e-09	2.316441e+00	-9.974285e+01
3.230000e-06	3.292196e-07	-1.493868e-09	2.472503e+00	-9.609716e+01
3.240000e-06	3.500252e-07	-1.444220e-09	2.628757e+00	-9.243169e+01
3.250000e-06	3.709208e-07	-1.394975e-09	2.785687e+00	-8.874670e+01
3.260000e-06	3.916657e-07	-1.339407e-09	2.941485e+00	-8.504246e+01
3.270000e-06	4.122865e-07	-1.274167e-09	3.096351e+00	-8.131930e+01
3.280000e-06	4.330018e-07	-1.211307e-09	3.251927e+00	-7.757757e+01
3.290000e-06	4.537320e-07	-1.153987e-09	3.407615e+00	-7.381769e+01
3.300000e-06	4.744864e-07	-1.100511e-09	3.563485e+00	-7.004011e+01
3.310000e-06	4.952354e-07	-1.044894e-09	3.719313e+00	-6.624532e+01
3.320000e-06	5.159311e-07	-9.897578e-10	3.874743e+00	-6.243388e+01
3.330000e-06	5.365288e-07	-9.415009e-10	4.029435e+00	-5.860633e+01
3.340000e-06	5.571360e-07	-8.947854e-10	4.184199e+00	-5.476324e+01
3.350000e-06	5.777879e-07	-8.385165e-10	4.339299e+00	-5.090515e+01
3.360000e-06	5.983899e-07	-7.689868e-10	4.494024e+00	-4.703258e+01
3.370000e-06	6.189560e-07	-7.029681e-10	4.648479e+00	-4.314595e+01
3.380000e-06	6.395138e-07	-6.450205e-10	4.802872e+00	-3.924563e+01
3.390000e-06	6.600895e-07	-5.886852e-10	4.957399e+00	-3.533185e+01
3.400000e-06	6.806150e-07	-5.329411e-10	5.111550e+00	-3.140472e+01
3.410000e-06	7.011652e-07	-4.796115e-10	5.265886e+00	-2.746421e+01
3.420000e-06	7.217620e-07	-4.308940e-10	5.420572e+00	-2.351015e+01
3.430000e-06	7.423474e-07	-3.776611e-10	5.575172e+00	-1.954219e+01
3.440000e-06	7.628616e-07	-3.156696e-10	5.729238e+00	-1.555989e+01
3.450000e-06	7.833320e-07	-2.461553e-10	5.882975e+00	-1.156266e+01
3.460000e-06	8.037991e-07	-1.796253e-10	6.036687e+00	-7.549818e+00
3.470000e-06	8.242563e-07	-1.211355e-10	6.190324e+00	-3.520625e+00
3.480000e-06	8.447384e-07	-6.343932e-11	6.344149e+00	5.256857e-01
3.490000e-06	8.651999e-07	-2.844149e-12	6.497819e+00	4.589866e+00
3.500000e-06	8.855652e-07	6.066430e-11	6.650766e+00	8.672613e+00
3.510000e-06	9.059382e-07	1.199266e-10	6.803771e+00	1.277452e+01
3.520000e-06	9.263686e-07	1.773255e-10	6.957207e+00	1.689606e+01
3.530000e-06	9.467364e-07	2.366416e-10	7.110173e+00	2.103753e+01
3.540000e-06	9.670780e-07	3.000474e-10	7.262943e+00	2.519902e+01
3.550000e-06	9.873834e-07	3.639176e-10	7.415440e+00	2.938043e+01
3.560000e-06	1.007648e-06	4.218696e-10	7.567633e+00	3.358144e+01
3.570000e-06	1.027921e-06	4.813943e-10	7.719883e+00	3.780152e+01
3.580000e-06	1.048180e-06	5.451001e-10	7.872031e+00	4.203996e+01
3.590000e-06	1.068415e-06	6.132982e-10	8.024000e+00	4.629585e+01
3.600000e-06	1.088636e-06	6.805084e-10	8.175865e+00	5.056819e+01
3.610000e-06	1.108870e-06	7.455785e-10	8.327828e+00	5.485587e+01
3.620000e-06	1.129093e-06	8.112129e-10	8.479707e+00	5.915775e+01
3.630000e-06	1.149267e-06	8.762319e-10	8.631218e+00	6.347267e+01
3.640000e-06	1.169449e-06	9.409217e-10	8.782791e+00	6.779958e+01
3.650000e-06	1.189678e-06	1.001541e-09	8.934711e+00	7.213750e+01
3.660000e-06	1.209873e-06	1.060274e-09	9.086380e+00	7.648560e+01
3.670000e-06	1.230018e-06	1.122819e-09	9.237676e+00	8.084322e+01
3.680000e-06	1.250149e-06	1.192331e-09	9.388861e+00	8.520989e+01
3.690000e-06	1.270256e-06	1.261772e-09	9.539872e+00	8.958535e+01
3.700000e-06	1.290350e-06	1.329359e-09	9.690778e+00	9.396949e+01
3.710000e-06	1.310468e-06	1.398716e-09	9.841869e+00	9.836241e+01
3.720000e-06	1.330575e-06	1.466780e-09	9.992878e+00	1.027643e+02
3.730000e-06	1.350640e-06	1.531267e-09	1.014357e+01	1.071754e+02
3.740000e-06	1.370704e-06	1.586060e-09	1.029425e+01	1.115960e+02
3.750000e-06	1.390793e-06	1.640895e-09	1.044512e+01	1.160265e+02
3.760000e-06	1.410889e-06	1.704138e-09	1.059605e+01	1.204668e+02
3.770000e-06	1.430987e-06	1.772247e-09	1.074699e+01	1.249169e+02
3.780000e-06	1.451051e-06	1.848574e-09	1.089767e+01	1.293766e+02
3.790000e-06	1.471051e-06	1.924981e-09	1.104788e+01	1.338452e+02
3.800000e-06	1.490991e-06	1.999598e-09	1.119763e+01	1.383217e+02
3.810000e-06	1.510890e-06	2.069954e-09	1.134708e+01	1.428048e+02
3.820000e-06	1.530856e-06	2.133814e-09	1.149703e+01	1.472927e+02
3.830000e-06	1.550835e-06	2.191366e-09	1.164707e+01	1.517832e+02
3.840000e-06	1.570779e-06	2.246800e-09	1.179685e+01	1.562738e+02
3.850000e-06	1.590698e-06	2.310870e-09	1.194645e+01	1.607615e+02
3.860000e-06	1.610566e-06	2.381800e-09	1.209566e+01	1.652431e+02
3.870000e-06	1.630422e-06	2.458777e-09	1.224478e+01	1.697153e+02
3.880000e-06	1.650251e-06	2.533353e-09	1.239370e+01	1.741744e+02
3.890000e-06	1.669915e-06	2.604705e-09	1.254138e+01	1.786168e+02
3.900000e-06	1.689516e-06	2.669658e-09	1.268859e+01	1.830390e+02
3.910000e-06	1.709196e-06	2.729152e-09	1.283639e+01	1.874374e+02
3.920000e-06	1.728800e-06	2.785428e-09	1.298362e+01	1.918088e+02
3.930000e-06	1.748320e-06	2.838183e-09	1.313022e+01	1.961502e+02
3.940000e-06	1.767778e-06	2.899544e-09	1.327636e+01	2.004592e+02
3.950000e-06	1.787224e-06	2.966906e-09	1.342240e+01	2.047335e+02
3.960000e-06	1.806764e-06	3.040860e-09	1.356915e+01	2.089714e+02
3.970000e-06	1.826282e-06	3.114822e-09	1.371573e+01	2.131717e+02
3.980000e-06	1.845717e-06	3.184337e-09	1.386169e+01	2.173337e+02
3.990000e-06	1.865124e-06	3.246570e-09	1.400744e+01	2.214571e+02
4.000000e-06	1.884293e-06	3.297989e-09	1.415140e+01	2.255419e+02
4.010000e-06	1.903328e-06	3.346010e-09	1.429436e+01	2.295887e+02
4.020000e-06	1.922414e-06	3.391892e-09	1.443770e+01	2.335983e+02
4.030000e-06	1.941443e-06	3.443196e-09	1.458061e+01	2.375716e+02
4.040000e-06	1.960419e-06	3.501209e-09	1.472312e+01	2.415097e+02
4.050000e-06	1.979365e-06	3.568128e-09	1.486542e+01	2.454138e+02
4.060000e-06	1.998196e-06	3.639344e-09	1.500684e+01	2.492851e+02
4.070000e-06	2.016935e-06	3.702932e-09	1.514757e+01	2.531247e+02
4.080000e-06	2.035660e-06	3.758675e-09	1.528820e+01	2.569334e+02
4.090000e-06	2.054308e-06	3.808120e-09	1.542825e+01	2.607120e+02
4.100000e-06	2.072813e-06	3.858610e-09	1.556723e+01	2.644610e+02
4.110000e-06	2.091283e-06	3.907935e-09	1.570594e+01	2.681805e+02
4.120000e-06	2.109680e-06	3.957225e-09	1.584410e+01	2.718706e+02
4.130000e-06	2.128081e-06	4.011564e-09	1.598230e+01	2.755309e+02
4.140000e-06	2.146565e-06	4.068571e-09	1.612112e+01	2.791610e+02
4.150000e-06	2.164928e-06	4.129232e-09	1.625903e+01	2.827602e+02
4.160000e-06	2.183200e-06	4.186775e-09	1.639625e+01	2.863277e+02
4.170000e-06	2.201338e-06	4.236857e-09	1.653247e+01	2.898628e+02
4.180000e-06	2.219307e-06	4.284809e-09	1.666743e+01	2.933644e+02
4.190000e-06	2.237340e-06	4.329484e-09	1.680285e+01	2.968319e+02
4.200000e-06	2.255474e-06	4.374086e-09	1.693905e+01	3.002646e+02
4.210000e-06	2.273493e-06	4.423633e-09	1.707437e+01	3.036618e+02
4.220000e-06	2.291452e-06	4.474170e-09	1.720925e+01	3.070232e+02
4.230000e-06	2.309335e-06	4.525934e-09	1.734356e+01	3.103486e+02
4.240000e-06	2.327096e-06	4.574045e-09	1.747694e+01	3.136381e+02
4.250000e-06	2.344809e-06	4.622212e-09	1.760997e+01	3.168921e+02
4.260000e-06	2.362522e-06	4.672266e-09	1.774299e+01	3.201109e+02
4.270000e-06	2.380245e-06	4.718987e-09	1.787610e+01	3.232953e+02
4.280000e-06	2.397830e-06	4.767169e-09	1.800817e+01	3.264461e+02
4.290000e-06	2.415352e-06	4.814553e-09	1.813976e+01	3.295642e+02
4.300000e-06	2.432932e-06	4.859701e-09	1.827179e+01	3.326508e+02
4.310000e-06	2.450434e-06	4.901707e-09	1.840323e+01	3.357068e+02
4.320000e-06	2.467867e-06	4.937666e-09	1.853416e+01	3.387333e+02
4.330000e-06	2.485323e-06	4.974308e-09	1.866525e+01	3.417312e+02
4.340000e-06	2.502715e-06	5.015923e-09	1.879587e+01	3.447014e+02
4.350000e-06	2.520073e-06	5.059879e-09	1.892624e+01	3.476446e+02
4.360000e-06	2.537373e-06	5.104920e-09	1.905616e+01	3.505612e+02
4.370000e-06	2.554643e-06	5.154703e-09	1.918586e+01	3.534517e+02
4.380000e-06	2.571840e-06	5.206522e-09	1.931501e+01	3.563163e+02
4.390000e-06	2.588884e-06	5.252166e-09	1.944302e+01	3.591548e+02
4.400000e-06	2.605934e-06	5.287665e-09	1.957107e+01	3.619671e+02
4.410000e-06	2.622895e-06	5.318542e-09	1.969845e+01	3.647528e+02
4.420000e-06	2.639947e-06	5.354349e-09	1.982651e+01	3.675116e+02
4.430000e-06	2.657001e-06	5.391864e-09	1.995459e+01	3.702428e+02
4.440000e-06	2.673803e-06	5.435114e-09	2.008078e+01	3.729458e+02
4.450000e-06	2.690535e-06	5.483145e-09	2.020644e+01	3.756200e+02
4.460000e-06	2.707181e-06	5.529205e-09	2.033145e+01	3.782647e+02
4.470000e-06	2.723677e-06	5.571752e-09	2.045534e+01	3.808793e+02
4.480000e-06	2.740125e-06	5.605269e-09	2.057887e+01	3.834632e+02
4.490000e-06	2.756492e-06	5.633823e-09	2.070179e+01	3.860159e+02
4.500000e-06	2.772790e-06	5.662036e-09	2.082419e+01	3.885370e+02
4.510000e-06	2.789016e-06	5.693050e-09	2.094605e+01	3.910260e+02
4.520000e-06	2.805005e-06	5.733113e-09	2.106613e+01	3.934828e+02
4.530000e-06	2.820914e-06	5.776670e-09	2.118561e+01	3.959071e+02
4.540000e-06	2.836879e-06	5.816605e-09	2.130551e+01	3.982986e+02
4.550000e-06	2.852769e-06	5.853707e-09	2.142485e+01	4.006573e+02
4.560000e-06	2.868503e-06	5.889404e-09	2.154301e+01	4.029830e+02
4.570000e-06	2.884027e-06	5.923979e-09	2.165960e+01	4.052757e+02
4.580000e-06	2.899373e-06	5.955061e-09	2.177485e+01	4.075352e+02
4.590000e-06	2.914762e-06	5.984071e-09	2.189043e+01	4.097614e+02
4.600000e-06	2.930074e-06	6.014304e-09	2.200542e+01	4.119542e+02
4.610000e-06	2.945137e-06	6.045956e-09	2.211854e+01	4.141133e+02
4.620000e-06	2.960022e-06	6.078990e-09	2.223034e+01	4.162388e+02
4.630000e-06	2.974818e-06	6.112131e-09	2.234146e+01	4.183302e+02
4.640000e-06	2.989458e-06	6.144234e-09	2.245141e+01	4.203876e+02
4.650000e-06	3.004064e-06	6.175141e-09	2.256110e+01	4.224108e+02
4.660000e-06	3.018683e-06	6.204528e-09	2.267089e+01	4.243995e+02
4.670000e-06	3.033169e-06	6.231850e-09	2.277969e+01	4.263539e+02
4.680000e-06	3.047573e-06	6.258950e-09	2.288786e+01	4.282739e+02
4.690000e-06	3.061914e-06	6.286315e-09	2.299557e+01	4.301596e+02
4.700000e-06	3.076233e-06	6.313518e-09	2.310311e+01	4.320114e+02
4.710000e-06	3.090522e-06	6.342346e-09	2.321042e+01	4.338297e+02
4.720000e-06	3.104794e-06	6.370698e-09	2.331760e+01	4.356149e+02
4.730000e-06	3.118985e-06	6.396739e-09	2.342418e+01	4.373677e+02
4.740000e-06	3.133067e-06	6.419730e-09	2.352994e+01	4.390889e+02
4.750000e-06	3.147023e-06	6.441088e-09	2.363475e+01	4.407796e+02
4.760000e-06	3.160952e-06	6.467045e-09	2.373936e+01	4.424408e+02
4.770000e-06	3.174853e-06	6.495758e-09	2.384376e+01	4.440737e+02
4.780000e-06	3.188644e-06	6.524940e-09	2.394733e+01	4.456796e+02
4.790000e-06	3.202308e-06	6.551177e-09	2.404995e+01	4.472598e+02
4.800000e-06	3.215849e-06	6.570866e-09	2.415164e+01	4.488158e+02
4.810000e-06	3.229338e-06	6.591811e-09	2.425295e+01	4.503490e+02
4.820000e-06	3.242798e-06	6.612985e-09	2.435404e+01	4.518609e+02
4.830000e-06	3.256126e-06	6.635476e-09	2.445413e+01	4.533528e+02
4.840000e-06	3.269254e-06	6.659523e-09	2.455273e+01	4.548261e+02
4.850000e-06	3.282269e-06	6.687436e-09	2.465047e+01	4.562823e+02
4.860000e-06	3.295230e-06	6.719161e-09	2.474781e+01	4.577225e+02
4.870000e-06	3.308197e-06	6.746868e-09	2.484520e+01	4.591481e+02
4.880000e-06	3.321043e-06	6.768896e-09	2.494167e+01	4.605600e+02
4.890000e-06	3.333678e-06	6.783234e-09	2.503657e+01	4.619593e+02
4.900000e-06	3.346224e-06	6.799774e-09	2.513079e+01	4.633469e+02
4.910000e-06	3.358680e-06	6.821266e-09	2.522433e+01	4.647238e+02
4.920000e-06	3.370997e-06	6.843014e-09	2.531684e+01	4.660906e+02
4.930000e-06	3.383266e-06	6.866213e-09	2.540898e+01	4.674479e+02
4.940000e-06	3.395519e-06	6.890476e-09	2.550100e+01	4.687964e+02
4.950000e-06	3.407770e-06	6.918805e-09	2.559301e+01	4.701364e+02
4.960000e-06	3.420003e-06	6.944111e-09	2.568489e+01	4.714682e+02
4.970000e-06	3.432172e-06	6.960575e-09	2.577627e+01	4.727921e+02
4.980000e-06	3.444275e-06	6.972720e-09	2.586717e+01	4.741081e+02
4.990000e-06	3.456231e-06	6.989663e-09	2.595697e+01	4.754163e+02
5.000000e-06	3.468001e-06	7.014930e-09	2.604536e+01	4.767163e+02
5.010000e-06	3.479740e-06	7.041647e-09	2.613352e+01	4.780081e+02
5.020000e-06	3.491453e-06	7.067950e-09	2.622149e+01	4.792911e+02
5.030000e-06	3.503058e-06	7.094142e-09	2.630864e+01	4.805648e+02
5.040000e-06	3.514611e-06	7.119083e-09	2.639541e+01	4.818287e+02
5.050000e-06	3.526054e-06	7.139676e-09	2.648135e+01	4.830819e+02
5.060000e-06	3.537386e-06	7.155997e-09	2.656645e+01	4.843237e+02
5.070000e-06	3.548685e-06	7.171486e-09	2.665131e+01	4.855533e+02
5.080000e-06	3.559724e-06	7.187712e-09	2.673422e+01	4.867698e+02
5.090000e-06	3.570515e-06	7.206742e-09	2.681526e+01	4.879724e+02
5.100000e-06	3.581309e-06	7.228866e-09	2.689632e+01	4.891601e+02
5.110000e-06	3.591932e-06	7.251063e-09	2.697610e+01	4.903323e+02
5.120000e-06	3.602272e-06	7.272079e-09	2.705376e+01	4.914883e+02
5.130000e-06	3.612443e-06	7.291312e-09	2.713015e+01	4.926276e+02
5.140000e-06	3.622429e-06	7.309324e-09	2.720514e+01	4.937498e+02
5.150000e-06	3.632275e-06	7.323811e-09	2.727909e+01	4.948547e+02
5.160000e-06	3.641924e-06	7.340395e-09	2.735155e+01	4.959422e+02
5.170000e-06	3.651276e-06	7.360987e-09	2.742179e+01	4.970124e+02
5.180000e-06	3.660578e-06	7.381167e-09	2.749165e+01	4.980657e+02
5.190000e-06	3.669844e-06	7.403152e-09	2.756124e+01	4.991024e+02
5.200000e-06	3.679002e-06	7.424064e-09	2.763002e+01	5.001231e+02
5.210000e-06	3.687989e-06	7.442711e-09	2.769751e+01	5.011285e+02
5.220000e-06	3.696923e-06	7.460583e-09	2.776461e+01	5.021191e+02
5.230000e-06	3.705750e-06	7.475260e-09	2.783090e+01	5.030957e+02
5.240000e-06	3.714403e-06	7.489171e-09	2.789589e+01	5.040588e+02
5.250000e-06	3.723063e-06	7.505161e-09	2.796092e+01	5.050091e+02
5.260000e-06	3.731538e-06	7.522722e-09	2.802457e+01	5.059469e+02
5.270000e-06	3.739889e-06	7.537316e-09	2.808729e+01	5.068724e+02
5.280000e-06	3.748257e-06	7.546832e-09	2.815014e+01	5.077857e+02
5.290000e-06	3.756592e-06	7.559930e-09	2.821273e+01	5.086867e+02
5.300000e-06	3.764850e-06	7.579054e-09	2.827475e+01	5.095749e+02
5.310000e-06	3.773042e-06	7.600332e-09	2.833627e+01	5.104498e+02
5.320000e-06	3.781167e-06	7.618291e-09	2.839730e+01	5.113107e+02
5.330000e-06	3.789292e-06	7.633908e-09	2.845832e+01	5.121567e+02
5.340000e-06	3.797428e-06	7.647238e-09	2.851942e+01	5.129868e+02
5.350000e-06	3.805424e-06	7.656494e-09	2.857947e+01	5.138000e+02
5.360000e-06	3.813353e-06	7.665537e-09	2.863902e+01	5.145953e+02
5.370000e-06	3.821210e-06	7.671580e-09	2.869803e+01	5.153716e+02
5.380000e-06	3.828963e-06	7.679540e-09	2.875625e+01	5.161283e+02
5.390000e-06	3.836707e-06	7.695043e-09	2.881441e+01	5.168647e+02
5.400000e-06	3.844316e-06	7.713696e-09	2.887156e+01	5.175805e+02
5.410000e-06	3.851847e-06	7.731298e-09	2.892812e+01	5.182755e+02
5.420000e-06	3.859331e-06	7.744197e-09	2.898432e+01	5.189500e+02
5.430000e-06	3.866622e-06	7.754344e-09	2.903908e+01	5.196047e+02
5.440000e-06	3.873802e-06	7.762246e-09	2.909300e+01	5.202403e+02
5.450000e-06	3.880872e-06	7.770767e-09	2.914610e+01	5.208581e+02
5.460000e-06	3.887835e-06	7.780673e-09	2.919839e+01	5.214595e+02
5.470000e-06	3.894730e-06	7.789631e-09	2.925017e+01	5.220463e+02
5.480000e-06	3.901476e-06	7.803027e-09	2.930084e+01	5.226203e+02
5.490000e-06	3.908068e-06	7.819554e-09	2.935035e+01	5.231835e+02
5.500000e-06	3.914603e-06	7.836000e-09	2.939943e+01	5.237379e+02
5.510000e-06	3.921113e-06	7.849842e-09	2.944832e+01	5.242854e+02
5.520000e-06	3.927570e-06	7.858961e-09	2.949681e+01	5.248279e+02
5.530000e-06	3.933932e-06	7.864579e-09	2.954459e+01	5.253669e+02
5.540000e-06	3.940162e-06	7.868827e-09	2.959138e+01	5.259040e+02
5.550000e-06	3.946336e-06	7.874854e-09	2.963775e+01	5.264401e+02
5.560000e-06	3.952483e-06	7.884178e-09	2.968391e+01	5.269762e+02
5.570000e-06	3.958513e-06	7.898618e-09	2.972920e+01	5.275127e+02
5.580000e-06	3.964379e-06	7.912191e-09	2.977325e+01	5.280498e+02
5.590000e-06	3.970194e-06	7.924948e-09	2.981692e+01	5.285874e+02
5.600000e-06	3.975894e-06	7.938023e-09	2.985973e+01	5.291253e+02
5.610000e-06	3.981498e-06	7.949178e-09	2.990182e+01	5.296628e+02
5.620000e-06	3.987068e-06	7.958891e-09	2.994365e+01	5.301994e+02
5.630000e-06	3.992410e-06	7.966019e-09	2.998377e+01	5.307344e+02
5.640000e-06	3.997631e-06	7.974862e-09	3.002298e+01	5.312671e+02
5.650000e-06	4.002811e-06	7.986915e-09	3.006188e+01	5.317968e+02
5.660000e-06	4.007834e-06	7.999735e-09	3.009961e+01	5.323231e+02
5.670000e-06	4.012734e-06	8.011086e-09	3.013641e+01	5.328456e+02
5.680000e-06	4.017456e-06	8.019167e-09	3.017187e+01	5.333642e+02
5.690000e-06	4.022027e-06	8.024836e-09	3.020620e+01	5.338789e+02
5.700000e-06	4.026591e-06	8.032792e-09	3.024047e+01	5.343901e+02
5.710000e-06	4.031083e-06	8.043198e-09	3.027421e+01	5.348982e+02
5.720000e-06	4.035522e-06	8.053212e-09	3.030755e+01	5.354037e+02
5.730000e-06	4.039974e-06	8.063900e-09	3.034098e+01	5.359072e+02
5.740000e-06	4.044349e-06	8.077818e-09	3.037384e+01	5.364094e+02
5.750000e-06	4.048624e-06	8.091260e-09	3.040595e+01	5.369108e+02
5.760000e-06	4.052849e-06	8.102972e-09	3.043768e+01	5.374117e+02
5.770000e-06	4.057042e-06	8.110012e-09	3.046917e+01	5.379122e+02
5.780000e-06	4.061173e-06	8.115013e-09	3.050019e+01	5.384121e+02
5.790000e-06	4.065264e-06	8.123678e-09	3.053092e+01	5.389109e+02
5.800000e-06	4.069358e-06	8.131704e-09	3.056167e+01	5.394075e+02
5.810000e-06	4.073429e-06	8.139814e-09	3.059224e+01	5.399006e+02
5.820000e-06	4.077374e-06	8.148574e-09	3.062187e+01	5.403884e+02
5.830000e-06	4.081147e-06	8.159923e-09	3.065020e+01	5.408685e+02
5.840000e-06	4.084901e-06	8.171050e-09	3.067839e+01	5.413385e+02
5.850000e-06	4.088606e-06	8.176546e-09	3.070622e+01	5.417955e+02
5.860000e-06	4.092133e-06	8.180868e-09	3.073271e+01	5.422368e+02
5.870000e-06	4.095511e-06	8.184771e-09	3.075808e+01	5.426592e+02
5.880000e-06	4.098867e-06	8.191368e-09	3.078328e+01	5.430601e+02
5.890000e-06	4.102029e-06	8.195921e-09	3.080703e+01	5.434367e+02
5.900000e-06	4.104935e-06	8.198177e-09	3.082885e+01	5.437869e+02
5.910000e-06	4.107684e-06	8.205367e-09	3.084950e+01	5.441090e+02
5.920000e-06	4.110285e-06	8.214032e-09	3.086903e+01	5.444017e+02
5.930000e-06	4.112726e-06	8.226519e-09	3.088737e+01	5.446648e+02
5.940000e-06	4.115011e-06	8.234832e-09	3.090453e+01	5.448983e+02
5.950000e-06	4.117131e-06	8.243183e-09	3.092045e+01	5.451033e+02
5.960000e-06	4.119056e-06	8.253772e-09	3.093491e+01	5.452816e+02
5.970000e-06	4.120822e-06	8.258312e-09	3.094817e+01	5.454355e+02
5.980000e-06	4.122441e-06	8.257512e-09	3.096033e+01	5.455681e+02
5.990000e-06	4.123810e-06	8.251920e-09	3.097061e+01	5.456829e+02
6.000000e-06	4.124899e-06	8.249966e-09	3.097879e+01	5.457836e+02
6.010000e-06	4.125920e-06	8.250887e-09	3.098646e+01	5.458743e+02
6.020000e-06	4.126854e-06	8.256087e-09	3.099347e+01	5.459590e+02
6.030000e-06	4.127616e-06	8.262385e-09	3.099920e+01	5.460415e+02
6.040000e-06	4.128187e-06	8.268336e-09	3.100348e+01	5.461253e+02
6.050000e-06	4.128686e-06	8.280992e-09	3.100723e+01	5.462135e+02
6.060000e-06	4.129215e-06	8.302105e-09	3.101121e+01	5.463083e+02
6.070000e-06	4.129684e-06	8.332724e-09	3.101473e+01	5.464115e+02
6.080000e-06	4.130081e-06	8.342393e-09	3.101771e+01	5.465237e+02
6.090000e-06	4.130434e-06	8.292237e-09	3.102036e+01	5.466449e+02
6.100000e-06	4.130745e-06	8.277197e-09	3.102269e+01	5.467741e+02
6.110000e-06	4.130979e-06	8.282109e-09	3.102445e+01	5.469097e+02
6.120000e-06	4.131110e-06	8.269281e-09	3.102544e+01	5.470491e+02
6.130000e-06	4.131228e-06	8.287513e-09	3.102632e+01	5.471892e+02
6.140000e-06	4.131333e-06	8.310784e-09	3.102711e+01	5.473265e+02
6.150000e-06	4.131372e-06	8.338022e-09	3.102740e+01	5.474571e+02
6.160000e-06	4.131308e-06	8.257974e-09	3.102692e+01	5.475771e+02
6.170000e-06	4.131156e-06	8.082443e-09	3.102578e+01	5.476825e+02
6.180000e-06	4.130970e-06	8.142422e-09	3.102438e+01	5.477700e+02
6.190000e-06	4.130635e-06	8.308319e-09	3.102187e+01	5.478362e+02
6.200000e-06	4.130130e-06	8.382260e-09	3.101807e+01	5.478788e+02
6.210000e-06	4.129458e-06	8.419762e-09	3.101302e+01	5.478959e+02
6.220000e-06	4.128610e-06	8.372059e-09	3.100666e+01	5.478867e+02
6.230000e-06	4.127591e-06	8.598758e-09	3.099900e+01	5.478510e+02
6.240000e-06	4.126511e-06	8.575910e-09	3.099089e+01	5.477897e+02
6.250000e-06	4.125402e-06	8.410061e-09	3.098257e+01	5.477045e+02
6.260000e-06	4.124187e-06	8.393246e-09	3.097344e+01	5.475978e+02
6.270000e-06	4.122893e-06	8.217104e-09	3.096372e+01	5.474729e+02
6.280000e-06	4.121463e-06	8.363016e-09	3.095298e+01	5.473334e+02
6.290000e-06	4.119892e-06	8.372067e-09	3.094118e+01	5.471832e+02
6.300000e-06	4.118255e-06	8.320201e-09	3.092889e+01	5.470267e+02
6.310000e-06	4.116561e-06	8.231902e-09	3.091617e+01	5.468681e+02
6.320000e-06	4.114774e-06	8.244193e-09	3.090275e+01	5.467112e+02
6.330000e-06	4.112970e-06	8.460378e-09	3.088920e+01	5.465599e+02
6.340000e-06	4.111079e-06	8.331168e-09	3.087499e+01	5.464171e+02
6.350000e-06	4.109034e-06	8.292138e-09	3.085964e+01	5.462853e+02
6.360000e-06	4.106940e-06	8.295643e-09	3.084391e+01	5.461662e+02
6.370000e-06	4.104831e-06	8.470661e-09	3.082808e+01	5.460605e+02
6.380000e-06	4.102694e-06	8.486445e-09	3.081202e+01	5.459684e+02
6.390000e-06	4.100341e-06	8.306629e-09	3.079436e+01	5.458890e+02
6.400000e-06	4.097771e-06	8.309644e-09	3.077505e+01	5.458206e+02
6.410000e-06	4.095146e-06	8.287072e-09	3.075534e+01	5.457609e+02
6.420000e-06	4.092513e-06	8.413648e-09	3.073557e+01	5.457071e+02
6.430000e-06	4.089824e-06	8.374072e-09	3.071537e+01	5.456558e+02
6.440000e-06	4.086923e-06	8.351422e-09	3.069358e+01	5.456034e+02
6.450000e-06	4.083922e-06	8.334045e-09	3.067104e+01	5.455461e+02
6.460000e-06	4.080852e-06	8.342308e-09	3.064799e+01	5.454802e+02
6.470000e-06	4.077664e-06	8.453345e-09	3.062405e+01	5.454023e+02
6.480000e-06	4.074288e-06	8.327843e-09	3.059869e+01	5.453090e+02
6.490000e-06	4.070780e-06	8.263341e-09	3.057234e+01	5.451977e+02
6.500000e-06	4.067241e-06	8.268642e-09	3.054576e+01	5.450660e+02
6.510000e-06	4.063602e-06	8.426568e-09	3.051844e+01	5.449123e+02
6.520000e-06	4.059906e-06	8.460353e-09	3.049068e+01	5.447356e+02
6.530000e-06	4.056195e-06	8.296793e-09	3.046281e+01	5.445353e+02
6.540000e-06	4.052473e-06	8.314136e-09	3.043485e+01	5.443118e+02
6.550000e-06	4.048689e-06	8.375435e-09	3.040644e+01	5.440656e+02
6.560000e-06	4.044887e-06	8.441246e-09	3.037788e+01	5.437979e+02
6.570000e-06	4.041056e-06	8.306389e-09	3.034911e+01	5.435102e+02
6.580000e-06	4.037162e-06	8.262308e-09	3.031986e+01	5.432041e+02
6.590000e-06	4.033117e-06	8.366090e-09	3.028949e+01	5.428817e+02
6.600000e-06	4.028936e-06	8.383265e-09	3.025809e+01	5.425447e+02
6.610000e-06	4.024770e-06	8.372046e-09	3.022680e+01	5.421950e+02
6.620000e-06	4.020549e-06	8.280147e-09	3.019510e+01	5.418343e+02
6.630000e-06	4.016209e-06	8.317179e-09	3.016251e+01	5.414641e+02
6.640000e-06	4.011709e-06	8.323374e-09	3.012871e+01	5.410856e+02
6.650000e-06	4.007096e-06	8.334564e-09	3.009407e+01	5.406995e+02
6.660000e-06	4.002313e-06	8.334295e-09	3.005814e+01	5.403065e+02
6.670000e-06	3.997341e-06	8.262811e-09	3.002080e+01	5.399068e+02
6.680000e-06	3.992249e-06	8.290492e-09	2.998256e+01	5.395003e+02
6.690000e-06	3.986906e-06	8.311156e-09	2.994243e+01	5.390868e+02
6.700000e-06	3.981353e-06	8.345637e-09	2.990073e+01	5.386658e+02
6.710000e-06	3.975712e-06	8.258272e-09	2.985836e+01	5.382368e+02
6.720000e-06	3.970033e-06	8.227997e-09	2.981571e+01	5.377992e+02
6.730000e-06	3.964064e-06	8.311191e-09	2.977088e+01	5.373524e+02
6.740000e-06	3.957743e-06	8.312225e-09	2.972341e+01	5.368960e+02
6.750000e-06	3.951409e-06	8.274508e-09	2.967584e+01	5.364297e+02
6.760000e-06	3.944845e-06	8.209792e-09	2.962655e+01	5.359534e+02
6.770000e-06	3.937994e-06	8.265410e-09	2.957510e+01	5.354673e+02
6.780000e-06	3.931055e-06	8.277011e-09	2.952298e+01	5.349718e+02
6.790000e-06	3.924056e-06	8.236342e-09	2.947042e+01	5.344676e+02
6.800000e-06	3.917027e-06	8.218836e-09	2.941763e+01	5.339555e+02
6.810000e-06	3.909858e-06	8.200104e-09	2.936379e+01	5.334367e+02
6.820000e-06	3.902496e-06	8.246419e-09	2.930850e+01	5.329125e+02
6.830000e-06	3.894994e-06	8.233810e-09	2.925216e+01	5.323843e+02
6.840000e-06	3.887399e-06	8.225227e-09	2.919512e+01	5.318535e+02
6.850000e-06	3.879740e-06	8.194167e-09	2.913760e+01	5.313218e+02
6.860000e-06	3.872134e-06	8.191901e-09	2.908047e+01	5.307904e+02
6.870000e-06	3.864538e-06	8.217187e-09	2.902342e+01	5.302609e+02
6.880000e-06	3.856834e-06	8.184333e-09	2.896557e+01	5.297343e+02
6.890000e-06	3.849030e-06	8.182961e-09	2.890696e+01	5.292118e+02
6.900000e-06	3.841203e-06	8.169169e-09	2.884818e+01	5.286941e+02
6.910000e-06	3.833352e-06	8.195595e-09	2.878921e+01	5.281817e+02
6.920000e-06	3.825361e-06	8.191569e-09	2.872920e+01	5.276751e+02
6.930000e-06	3.817327e-06	8.158584e-09	2.866886e+01	5.271743e+02
6.940000e-06	3.809318e-06	8.141930e-09	2.860871e+01	5.266790e+02
6.950000e-06	3.801219e-06	8.120972e-09	2.854789e+01	5.261890e+02
6.960000e-06	3.793043e-06	8.145679e-09	2.848649e+01	5.257037e+02
6.970000e-06	3.784824e-06	8.124011e-09	2.842476e+01	5.252222e+02
6.980000e-06	3.776487e-06	8.112890e-09	2.836214e+01	5.247437e+02
6.990000e-06	3.767934e-06	8.114756e-09	2.829791e+01	5.242672e+02
7.000000e-06	3.759260e-06	8.123512e-09	2.823277e+01	5.237916e+02
7.010000e-06	3.750547e-06	8.131035e-09	2.816733e+01	5.233158e+02
7.020000e-06	3.741681e-06	8.097716e-09	2.810074e+01	5.228385e+02
7.030000e-06	3.732666e-06	8.099848e-09	2.803304e+01	5.223586e+02
7.040000e-06	3.723581e-06	8.092004e-09	2.796482e+01	5.218748e+02
7.050000e-06	3.714471e-06	8.095695e-09	2.789639e+01	5.213861e+02
7.060000e-06	3.705220e-06	8.084379e-09	2.782692e+01	5.208911e+02
7.070000e-06	3.695738e-06	8.068138e-09	2.775571e+01	5.203889e+02
7.080000e-06	3.686162e-06	8.078232e-09	2.768379e+01	5.198782e+02
7.090000e-06	3.676532e-06	8.072158e-09	2.761147e+01	5.193580e+02
7.100000e-06	3.666885e-06	8.075375e-09	2.753901e+01	5.188272e+02
7.110000e-06	3.657210e-06	8.050312e-09	2.746635e+01	5.182850e+02
7.120000e-06	3.647471e-06	8.042046e-09	2.739321e+01	5.177303e+02
7.130000e-06	3.637618e-06	8.038300e-09	2.731921e+01	5.171624e+02
7.140000e-06	3.627646e-06	8.026416e-09	2.724432e+01	5.165806e+02
7.150000e-06	3.617713e-06	8.024947e-09	2.716972e+01	5.159841e+02
7.160000e-06	3.607718e-06	8.006660e-09	2.709466e+01	5.153726e+02
7.170000e-06	3.597554e-06	8.012068e-09	2.701832e+01	5.147456e+02
7.180000e-06	3.587304e-06	8.007772e-09	2.694135e+01	5.141030e+02
7.190000e-06	3.576990e-06	8.002749e-09	2.686388e+01	5.134449e+02
7.200000e-06	3.566669e-06	7.991437e-09	2.678637e+01	5.127713e+02
7.210000e-06	3.556278e-06	7.976752e-09	2.670833e+01	5.120826e+02
7.220000e-06	3.545755e-06	7.977617e-09	2.662930e+01	5.113795e+02
7.230000e-06	3.535093e-06	7.962402e-09	2.654923e+01	5.106627e+02
7.240000e-06	3.524195e-06	7.954786e-09	2.646739e+01	5.099330e+02
7.250000e-06	3.513220e-06	7.939050e-09	2.638496e+01	5.091914e+02
7.260000e-06	3.502180e-06	7.934861e-09	2.630205e+01	5.084391e+02
7.270000e-06	3.491026e-06	7.931115e-09	2.621828e+01	5.076772e+02
7.280000e-06	3.479748e-06	7.916078e-09	2.613358e+01	5.069068e+02
7.290000e-06	3.468384e-06	7.908112e-09	2.604824e+01	5.061290e+02
7.300000e-06	3.456982e-06	7.893399e-09	2.596261e+01	5.053448e+02
7.310000e-06	3.445457e-06	7.889873e-09	2.587605e+01	5.045552e+02
7.320000e-06	3.433877e-06	7.874703e-09	2.578908e+01	5.037608e+02
7.330000e-06	3.422257e-06	7.863480e-09	2.570181e+01	5.029621e+02
7.340000e-06	3.410499e-06	7.856655e-09	2.561351e+01	5.021594e+02
7.350000e-06	3.398606e-06	7.846938e-09	2.552419e+01	5.013528e+02
7.360000e-06	3.386642e-06	7.842527e-09	2.543433e+01	5.005422e+02
7.370000e-06	3.374519e-06	7.822425e-09	2.534329e+01	4.997270e+02
7.380000e-06	3.362269e-06	7.812366e-09	2.525129e+01	4.989069e+02
7.390000e-06	3.350049e-06	7.799850e-09	2.515952e+01	4.980809e+02
7.400000e-06	3.337753e-06	7.790015e-09	2.506717e+01	4.972484e+02
7.410000e-06	3.325267e-06	7.780705e-09	2.497340e+01	4.964084e+02
7.420000e-06	3.312661e-06	7.766493e-09	2.487873e+01	4.955601e+02
7.430000e-06	3.300094e-06	7.760940e-09	2.478434e+01	4.947026e+02
7.440000e-06	3.287467e-06	7.745162e-09	2.468952e+01	4.938352e+02
7.450000e-06	3.274482e-06	7.732923e-09	2.459199e+01	4.929575e+02
7.460000e-06	3.261354e-06	7.713891e-09	2.449340e+01	4.920690e+02
7.470000e-06	3.248187e-06	7.700010e-09	2.439452e+01	4.911697e+02
7.480000e-06	3.234906e-06	7.691313e-09	2.429477e+01	4.902597e+02
7.490000e-06	3.221525e-06	7.679348e-09	2.419427e+01	4.893396e+02
7.500000e-06	3.208014e-06	7.673090e-09	2.409280e+01	4.884098e+02
7.510000e-06	3.194382e-06	7.659567e-09	2.399043e+01	4.874714e+02
7.520000e-06	3.180556e-06	7.654423e-09	2.388659e+01	4.865254e+02
7.530000e-06	3.166668e-06	7.641512e-09	2.378229e+01	4.855730e+02
7.540000e-06	3.152761e-06	7.624995e-09	2.367784e+01	4.846155e+02
7.550000e-06	3.138623e-06	7.608204e-09	2.357166e+01	4.836543e+02
7.560000e-06	3.124170e-06	7.587182e-09	2.346312e+01	4.826905e+02
7.570000e-06	3.109562e-06	7.577731e-09	2.335341e+01	4.817255e+02
7.580000e-06	3.094838e-06	7.564546e-09	2.324283e+01	4.807601e+02
7.590000e-06	3.079958e-06	7.553482e-09	2.313108e+01	4.797952e+02
7.600000e-06	3.065001e-06	7.537639e-09	2.301875e+01	4.788312e+02
7.610000e-06	3.049978e-06	7.523080e-09	2.290592e+01	4.778683e+02
7.620000e-06	3.034816e-06	7.511346e-09	2.279205e+01	4.769065e+02
7.630000e-06	3.019536e-06	7.495700e-09	2.267730e+01	4.759453e+02
7.640000e-06	3.004272e-06	7.485996e-09	2.256266e+01	4.749840e+02
7.650000e-06	2.988902e-06	7.472523e-09	2.244723e+01	4.740216e+02
7.660000e-06	2.973350e-06	7.463562e-09	2.233043e+01	4.730569e+02
7.670000e-06	2.957795e-06	7.445572e-09	2.221361e+01	4.720885e+02
7.680000e-06	2.942216e-06	7.424950e-09	2.209661e+01	4.711148e+02
7.690000e-06	2.926634e-06	7.411451e-09	2.197959e+01	4.701342e+02
7.700000e-06	2.911047e-06	7.401498e-09	2.186252e+01	4.691453e+02
7.710000e-06	2.895315e-06	7.396194e-09	2.174437e+01	4.681463e+02
7.720000e-06	2.879530e-06	7.379840e-09	2.162583e+01	4.671358e+02
7.730000e-06	2.863766e-06	7.364946e-09	2.150744e+01	4.661126e+02
7.740000e-06	2.848014e-06	7.347723e-09	2.138913e+01	4.650756e+02
7.750000e-06	2.832202e-06	7.330438e-09	2.127039e+01	4.640237e+02
7.760000e-06	2.816265e-06	7.313719e-09	2.115069e+01	4.629564e+02
7.770000e-06	2.800317e-06	7.292406e-09	2.103092e+01	4.618731e+02
7.780000e-06	2.784367e-06	7.281527e-09	2.091113e+01	4.607735e+02
7.790000e-06	2.768359e-06	7.271603e-09	2.079091e+01	4.596575e+02
7.800000e-06	2.752301e-06	7.264882e-09	2.067031e+01	4.585251e+02
7.810000e-06	2.736176e-06	7.251532e-09	2.054921e+01	4.573763e+02
7.820000e-06	2.719959e-06	7.235068e-09	2.042742e+01	4.562113e+02
7.830000e-06	2.703750e-06	7.221891e-09	2.030569e+01	4.550302e+02
7.840000e-06	2.687538e-06	7.200241e-09	2.018393e+01	4.538329e+02
7.850000e-06	2.671192e-06	7.178158e-09	2.006117e+01	4.526197e+02
7.860000e-06	2.654682e-06	7.150897e-09	1.993717e+01	4.513902e+02
7.870000e-06	2.638206e-06	7.130449e-09	1.981343e+01	4.501443e+02
7.880000e-06	2.621762e-06	7.113162e-09	1.968994e+01	4.488815e+02
7.890000e-06	2.605066e-06	7.095931e-09	1.956455e+01	4.476015e+02
7.900000e-06	2.588220e-06	7.078751e-09	1.943803e+01	4.463035e+02
7.910000e-06	2.571410e-06	7.057924e-09	1.931179e+01	4.449868e+02
7.920000e-06	2.554590e-06	7.041873e-09	1.918547e+01	4.436508e+02
7.930000e-06	2.537666e-06	7.016576e-09	1.905836e+01	4.422947e+02
7.940000e-06	2.520606e-06	6.992905e-09	1.893024e+01	4.409178e+02
7.950000e-06	2.503463e-06	6.973388e-09	1.880149e+01	4.395194e+02
7.960000e-06	2.486300e-06	6.953856e-09	1.867259e+01	4.380990e+02
7.970000e-06	2.469067e-06	6.935044e-09	1.854317e+01	4.366564e+02
7.980000e-06	2.451742e-06	6.911041e-09	1.841305e+01	4.351914e+02
7.990000e-06	2.434370e-06	6.891636e-09	1.828259e+01	4.337042e+02
8.000000e-06	2.416985e-06	6.870662e-09	1.815202e+01	4.321950e+02
8.010000e-06	2.399528e-06	6.843437e-09	1.802092e+01	4.306646e+02
8.020000e-06	2.381992e-06	6.810754e-09	1.788922e+01	4.291138e+02
8.030000e-06	2.364411e-06	6.781570e-09	1.775718e+01	4.275435e+02
8.040000e-06	2.346757e-06	6.761361e-09	1.762460e+01	4.259552e+02
8.050000e-06	2.328969e-06	6.743342e-09	1.749101e+01	4.243501e+02
8.060000e-06	2.311197e-06	6.717478e-09	1.735754e+01	4.227299e+02
8.070000e-06	2.293457e-06	6.685021e-09	1.722430e+01	4.210959e+02
8.080000e-06	2.275661e-06	6.658303e-09	1.709065e+01	4.194497e+02
8.090000e-06	2.257792e-06	6.634624e-09	1.695645e+01	4.177930e+02
8.100000e-06	2.239902e-06	6.612240e-09	1.682210e+01	4.161270e+02
8.110000e-06	2.222047e-06	6.585745e-09	1.668800e+01	4.144530e+02
8.120000e-06	2.204130e-06	6.561395e-09	1.655345e+01	4.127722e+02
8.130000e-06	2.186095e-06	6.539743e-09	1.641800e+01	4.110854e+02
8.140000e-06	2.168005e-06	6.512079e-09	1.628214e+01	4.093935e+02
8.150000e-06	2.149880e-06	6.479008e-09	1.614602e+01	4.076969e+02
8.160000e-06	2.131722e-06	6.444784e-09	1.600964e+01	4.059960e+02
8.170000e-06	2.113648e-06	6.419944e-09	1.587390e+01	4.042911e+02
8.180000e-06	2.095489e-06	6.398921e-09	1.573753e+01	4.025821e+02
8.190000e-06	2.077163e-06	6.375861e-09	1.559990e+01	4.008690e+02
8.200000e-06	2.058751e-06	6.347571e-09	1.546162e+01	3.991516e+02
8.210000e-06	2.040251e-06	6.315186e-09	1.532268e+01	3.974298e+02
8.220000e-06	2.021697e-06	6.284683e-09	1.518333e+01	3.957033e+02
8.230000e-06	2.003065e-06	6.250928e-09	1.504340e+01	3.939718e+02
8.240000e-06	1.984421e-06	6.218159e-09	1.490338e+01	3.922352e+02
8.250000e-06	1.965751e-06	6.191384e-09	1.476317e+01	3.904932e+02
8.260000e-06	1.946990e-06	6.171845e-09	1.462227e+01	3.887456e+02
8.270000e-06	1.928256e-06	6.154535e-09	1.448157e+01	3.869923e+02
8.280000e-06	1.909457e-06	6.129859e-09	1.434039e+01	3.852330e+02
8.290000e-06	1.890550e-06	6.099421e-09	1.419839e+01	3.834678e+02
8.300000e-06	1.871532e-06	6.060962e-09	1.405557e+01	3.816962e+02
8.310000e-06	1.852517e-06	6.023553e-09	1.391276e+01	3.799181e+02
8.320000e-06	1.833478e-06	5.991364e-09	1.376977e+01	3.781330e+02
8.330000e-06	1.814242e-06	5.958565e-09	1.362531e+01	3.763405e+02
8.340000e-06	1.794997e-06	5.928562e-09	1.348078e+01	3.745399e+02
8.350000e-06	1.775768e-06	5.906687e-09	1.333636e+01	3.727304e+02
8.360000e-06	1.756574e-06	5.890536e-09	1.319221e+01	3.709111e+02
8.370000e-06	1.737383e-06	5.865120e-09	1.304808e+01	3.690808e+02
8.380000e-06	1.718096e-06	5.829300e-09	1.290323e+01	3.672384e+02
8.390000e-06	1.698652e-06	5.790993e-09	1.275720e+01	3.653823e+02
8.400000e-06	1.679050e-06	5.757428e-09	1.260999e+01	3.635112e+02
8.410000e-06	1.659441e-06	5.727969e-09	1.246273e+01	3.616234e+02
8.420000e-06	1.639930e-06	5.697337e-09	1.231619e+01	3.597175e+02
8.430000e-06	1.620466e-06	5.667443e-09	1.217001e+01	3.577919e+02
8.440000e-06	1.600964e-06	5.638688e-09	1.202355e+01	3.558452e+02
8.450000e-06	1.581399e-06	5.612356e-09	1.187661e+01	3.538762e+02
8.460000e-06	1.561762e-06	5.580767e-09	1.172913e+01	3.518838e+02
8.470000e-06	1.542075e-06	5.541404e-09	1.158128e+01	3.498671e+02
8.480000e-06	1.522359e-06	5.504934e-09	1.143321e+01	3.478255e+02
8.490000e-06	1.502660e-06	5.472494e-09	1.128527e+01	3.457588e+02
8.500000e-06	1.482942e-06	5.440869e-09	1.113718e+01	3.436670e+02
8.510000e-06	1.463201e-06	5.408363e-09	1.098893e+01	3.415504e+02
8.520000e-06	1.443458e-06	5.370978e-09	1.084065e+01	3.394094e+02
8.530000e-06	1.423677e-06	5.334723e-09	1.069209e+01	3.372450e+02
8.540000e-06	1.403846e-06	5.302931e-09	1.054315e+01	3.350581e+02
8.550000e-06	1.384023e-06	5.269794e-09	1.039428e+01	3.328499e+02
8.560000e-06	1.364262e-06	5.237342e-09	1.024587e+01	3.306217e+02
8.570000e-06	1.344467e-06	5.205910e-09	1.009720e+01	3.283748e+02
8.580000e-06	1.324643e-06	5.173155e-09	9.948325e+00	3.261105e+02
8.590000e-06	1.304817e-06	5.136194e-09	9.799429e+00	3.238300e+02
8.600000e-06	1.284944e-06	5.094901e-09	9.650175e+00	3.215345e+02
8.610000e-06	1.265056e-06	5.051246e-09	9.500815e+00	3.192250e+02
8.620000e-06	1.245180e-06	5.008238e-09	9.351542e+00	3.169022e+02
8.630000e-06	1.225316e-06	4.968915e-09	9.202359e+00	3.145667e+02
8.640000e-06	1.205451e-06	4.931744e-09	9.053168e+00	3.122189e+02
8.650000e-06	1.185549e-06	4.895432e-09	8.903705e+00	3.098589e+02
8.660000e-06	1.165598e-06	4.859669e-09	8.753870e+00	3.074868e+02
8.670000e-06	1.145649e-06	4.825922e-09	8.604043e+00	3.051024e+02
8.680000e-06	1.125699e-06	4.787995e-09	8.454213e+00	3.027053e+02
8.690000e-06	1.105779e-06	4.743922e-09	8.304612e+00	3.002951e+02
8.700000e-06	1.085896e-06	4.700662e-09	8.155291e+00	2.978716e+02
8.710000e-06	1.065921e-06	4.661341e-09	8.005274e+00	2.954343e+02
8.720000e-06	1.045890e-06	4.624505e-09	7.854837e+00	2.929828e+02
8.730000e-06	1.025906e-06	4.589845e-09	7.704751e+00	2.905171e+02
8.740000e-06	1.005867e-06	4.555928e-09	7.554257e+00	2.880371e+02
8.750000e-06	9.858206e-07	4.518354e-09	7.403703e+00	2.855428e+02
8.760000e-06	9.658186e-07	4.479101e-09	7.253484e+00	2.830348e+02
8.770000e-06	9.457797e-07	4.437754e-09	7.102988e+00	2.805134e+02
8.780000e-06	9.257302e-07	4.394027e-09	6.952413e+00	2.779794e+02
8.790000e-06	9.056861e-07	4.349712e-09	6.801877e+00	2.754338e+02
8.800000e-06	8.856284e-07	4.304649e-09	6.651240e+00	2.728775e+02
8.810000e-06	8.655435e-07	4.263199e-09	6.500399e+00	2.703117e+02
8.820000e-06	8.454091e-07	4.224652e-09	6.349186e+00	2.677375e+02
8.830000e-06	8.252353e-07	4.184265e-09	6.197677e+00	2.651562e+02
8.840000e-06	8.049610e-07	4.141037e-09	6.045413e+00	2.625689e+02
8.850000e-06	7.846214e-07	4.097657e-09	5.892659e+00	2.599765e+02
8.860000e-06	7.643306e-07	4.057923e-09	5.740270e+00	2.573801e+02
8.870000e-06	7.440766e-07	4.018861e-09	5.588159e+00	2.547802e+02
8.880000e-06	7.238090e-07	3.978466e-09	5.435946e+00	2.521772e+02
8.890000e-06	7.034833e-07	3.935292e-09	5.283296e+00	2.495715e+02
8.900000e-06	6.831051e-07	3.891277e-09	5.130251e+00	2.469628e+02
8.910000e-06	6.627859e-07	3.849405e-09	4.977650e+00	2.443507e+02
8.920000e-06	6.424666e-07	3.805147e-09	4.825048e+00	2.417347e+02
8.930000e-06	6.220916e-07	3.757919e-09	4.672028e+00	2.391138e+02
8.940000e-06	6.017722e-07	3.712202e-09	4.519425e+00	2.364869e+02
8.950000e-06	5.814466e-07	3.670243e-09	4.366776e+00	2.338525e+02
8.960000e-06	5.610118e-07	3.630014e-09	4.213307e+00	2.312092e+02
8.970000e-06	5.405178e-07	3.587957e-09	4.059393e+00	2.285554e+02
8.980000e-06	5.200347e-07	3.544424e-09	3.905561e+00	2.258893e+02
8.990000e-06	4.995094e-07	3.500075e-09	3.751412e+00	2.232092e+02
9.000000e-06	4.790078e-07	3.453939e-09	3.597441e+00	2.205135e+02
9.010000e-06	4.585430e-07	3.406663e-09	3.443746e+00	2.178003e+02
9.020000e-06	4.379512e-07	3.361449e-09	3.289098e+00	2.150682e+02
9.030000e-06	4.173228e-07	3.316027e-09	3.134175e+00	2.123156e+02
9.040000e-06	3.968334e-07	3.270779e-09	2.980296e+00	2.095412e+02
9.050000e-06	3.763281e-07	3.227606e-09	2.826297e+00	2.067438e+02
9.060000e-06	3.557648e-07	3.184761e-09	2.671863e+00	2.039224e+02
9.070000e-06	3.352256e-07	3.140080e-09	2.517609e+00	2.010759e+02
9.080000e-06	3.146816e-07	3.089316e-09	2.363319e+00	1.982038e+02
9.090000e-06	2.940302e-07	3.037032e-09	2.208224e+00	1.953053e+02
9.100000e-06	2.733943e-07	2.984858e-09	2.053244e+00	1.923799e+02
9.110000e-06	2.528746e-07	2.934107e-09	1.899137e+00	1.894273e+02
9.120000e-06	2.322760e-07	2.886716e-09	1.744438e+00	1.864472e+02
9.130000e-06	2.115430e-07	2.838624e-09	1.588729e+00	1.834394e+02
9.140000e-06	1.908859e-07	2.789964e-09	1.433590e+00	1.804038e+02
9.150000e-06	1.702161e-07	2.741995e-09	1.278356e+00	1.773403e+02
9.160000e-06	1.494527e-07	2.695259e-09	1.122419e+00	1.742489e+02
9.170000e-06	1.287246e-07	2.647477e-09	9.667464e-01	1.711298e+02
9.180000e-06	1.079493e-07	2.597035e-09	8.107202e-01	1.679829e+02
9.190000e-06	8.722123e-08	2.546024e-09	6.550483e-01	1.648085e+02
9.200000e-06	6.656960e-08	2.494517e-09	4.999505e-01	1.616069e+02
9.210000e-06	4.582922e-08	2.440807e-09	3.441863e-01	1.583781e+02
9.220000e-06	2.511507e-08	2.385100e-09	1.886190e-01	1.551226e+02
9.230000e-06	4.491745e-09	2.332917e-09	3.373387e-02	1.518407e+02
9.240000e-06	-1.620979e-08	2.281127e-09	-1.217387e-01	1.485328e+02
9.250000e-06	-3.694935e-08	2.225687e-09	-2.774968e-01	1.451992e+02
9.260000e-06	-5.758810e-08	2.170994e-09	-4.324978e-01	1.418405e+02
9.270000e-06	-7.821763e-08	2.116924e-09	-5.874295e-01	1.384571e+02
9.280000e-06	-9.884442e-08	2.066076e-09	-7.423407e-01	1.350495e+02
9.290000e-06	-1.193923e-07	2.014815e-09	-8.966590e-01	1.316182e+02
9.300000e-06	-1.400306e-07	1.957686e-09	-1.051657e+00	1.281637e+02
9.310000e-06	-1.607725e-07	1.899096e-09	-1.207432e+00	1.246865e+02
9.320000e-06	-1.814648e-07	1.843111e-09	-1.362836e+00	1.211870e+02
9.330000e-06	-2.020221e-07	1.788636e-09	-1.517225e+00	1.176656e+02
9.340000e-06	-2.224803e-07	1.732974e-09	-1.670870e+00	1.141227e+02
9.350000e-06	-2.430518e-07	1.675668e-09	-1.825366e+00	1.105587e+02
9.360000e-06	-2.637093e-07	1.620423e-09	-1.980508e+00	1.069739e+02
9.370000e-06	-2.842415e-07	1.566588e-09	-2.134708e+00	1.033685e+02
9.380000e-06	-3.047530e-07	1.512005e-09	-2.288754e+00	9.974285e+01
9.390000e-06	-3.252955e-07	1.453701e-09	-2.443032e+00	9.609716e+01
9.400000e-06	-3.457639e-07	1.389601e-09	-2.596754e+00	9.243169e+01
9.410000e-06	-3.662830e-07	1.323972e-09	-2.750856e+00	8.874670e+01
9.420000e-06	-3.868253e-07	1.260591e-09	-2.905133e+00	8.504246e+01
9.430000e-06	-4.072171e-07	1.198407e-09	-3.058279e+00	8.131930e+01
9.440000e-06	-4.275940e-07	1.139296e-09	-3.211314e+00	7.757757e+01
9.450000e-06	-4.480880e-07	1.084669e-09	-3.365227e+00	7.381769e+01
9.460000e-06	-4.686045e-07	1.031167e-09	-3.519311e+00	7.004011e+01
9.470000e-06	-4.891013e-07	9.763930e-10	-3.673245e+00	6.624532e+01
9.480000e-06	-5.095919e-07	9.176482e-10	-3.827134e+00	6.243388e+01
9.490000e-06	-5.299868e-07	8.549192e-10	-3.980303e+00	5.860633e+01
9.500000e-06	-5.504308e-07	7.902617e-10	-4.133842e+00	5.476324e+01
9.510000e-06	-5.708014e-07	7.228176e-10	-4.286829e+00	5.090515e+01
9.520000e-06	-5.910753e-07	6.560270e-10	-4.439089e+00	4.703258e+01
9.530000e-06	-6.114849e-07	5.980108e-10	-4.592370e+00	4.314595e+01
9.540000e-06	-6.317942e-07	5.442714e-10	-4.744896e+00	3.924563e+01
9.550000e-06	-6.520032e-07	4.897077e-10	-4.896670e+00	3.533185e+01
9.560000e-06	-6.723428e-07	4.301186e-10	-5.049425e+00	3.140472e+01
9.570000e-06	-6.926381e-07	3.637721e-10	-5.201846e+00	2.746421e+01
9.580000e-06	-7.129442e-07	2.953205e-10	-5.354349e+00	2.351015e+01
9.590000e-06	-7.332404e-07	2.273445e-10	-5.506777e+00	1.954219e+01
9.600000e-06	-7.534079e-07	1.601994e-10	-5.658239e+00	1.555989e+01
9.610000e-06	-7.736151e-07	9.398961e-11	-5.809999e+00	1.156266e+01
9.620000e-06	-7.937881e-07	3.541681e-11	-5.961502e+00	7.549818e+00
9.630000e-06	-8.139336e-07	-1.629944e-11	-6.112799e+00	3.520625e+00
9.640000e-06	-8.340948e-07	-6.957384e-11	-6.264213e+00	-5.256857e-01
9.650000e-06	-8.542110e-07	-1.326218e-10	-6.415290e+00	-4.589866e+00
9.660000e-06	-8.742726e-07	-2.045771e-10	-6.565956e+00	-8.672613e+00
9.670000e-06	-8.943922e-07	-2.727600e-10	-6.717059e+00	-1.277452e+01
9.680000e-06	-9.145280e-07	-3.368161e-10	-6.868282e+00	-1.689606e+01
9.690000e-06	-9.345583e-07	-4.043449e-10	-7.018713e+00	-2.103753e+01
9.700000e-06	-9.545579e-07	-4.758563e-10	-7.168914e+00	-2.519902e+01
9.710000e-06	-9.746242e-07	-5.424889e-10	-7.319616e+00	-2.938043e+01
9.720000e-06	-9.946420e-07	-6.012713e-10	-7.469953e+00	-3.358144e+01
9.730000e-06	-1.014657e-06	-6.612979e-10	-7.620267e+00	-3.780152e+01
9.740000e-06	-1.034699e-06	-7.271167e-10	-7.770786e+00	-4.203996e+01
9.750000e-06	-1.054670e-06	-7.979044e-10	-7.920775e+00	-4.629585e+01
9.760000e-06	-1.074672e-06	-8.639487e-10	-8.070994e+00	-5.056819e+01
9.770000e-06	-1.094662e-06	-9.271378e-10	-8.221125e+00	-5.485587e+01
9.780000e-06	-1.114630e-06	-9.962359e-10	-8.371083e+00	-5.915775e+01
9.790000e-06	-1.134572e-06	-1.066834e-09	-8.520857e+00	-6.347267e+01
9.800000e-06	-1.154450e-06	-1.136367e-09	-8.670146e+00	-6.779958e+01
9.810000e-06	-1.174325e-06	-1.202027e-09	-8.819411e+00	-7.213750e+01
9.820000e-06	-1.194201e-06	-1.265151e-09	-8.968684e+00	-7.648560e+01
9.830000e-06	-1.214053e-06	-1.330889e-09	-9.117772e+00	-8.084322e+01
9.840000e-06	-1.233916e-06	-1.399905e-09	-9.266950e+00	-8.520989e+01
9.850000e-06	-1.253804e-06	-1.467113e-09	-9.416309e+00	-8.958535e+01
9.860000e-06	-1.273666e-06	-1.534735e-09	-9.565474e+00	-9.396949e+01
9.870000e-06	-1.293489e-06	-1.608095e-09	-9.714353e+00	-9.836241e+01
9.880000e-06	-1.313324e-06	-1.686283e-09	-9.863318e+00	-1.027643e+02
9.890000e-06	-1.333184e-06	-1.761817e-09	-1.001247e+01	-1.071754e+02
9.900000e-06	-1.352969e-06	-1.826370e-09	-1.016106e+01	-1.115960e+02
9.910000e-06	-1.372715e-06	-1.886576e-09	-1.030935e+01	-1.160265e+02
9.920000e-06	-1.392523e-06	-1.950698e-09	-1.045812e+01	-1.204668e+02
9.930000e-06	-1.412307e-06	-2.016728e-09	-1.060670e+01	-1.249169e+02
9.940000e-06	-1.432065e-06	-2.085648e-09	-1.075509e+01	-1.293766e+02
9.950000e-06	-1.451832e-06	-2.156172e-09	-1.090354e+01	-1.338452e+02
9.960000e-06	-1.471537e-06	-2.231450e-09	-1.105152e+01	-1.383217e+02
9.970000e-06	-1.491206e-06	-2.308588e-09	-1.119925e+01	-1.428048e+02
9.980000e-06	-1.510825e-06	-2.377350e-09	-1.134658e+01	-1.472927e+02
9.990000e-06	-1.530434e-06	-2.441668e-09	-1.149386e+01	-1.517832e+02
1.000000e-05	-1.550066e-06	-2.507963e-09	-1.164129e+01	-1.562738e+02
1.001000e-05	-1.569680e-06	-2.576494e-09	-1.178860e+01	-1.607615e+02
1.002000e-05	-1.589317e-06	-2.644913e-09	-1.193608e+01	-1.652431e+02
1.003000e-05	-1.608896e-06	-2.714165e-09	-1.208312e+01	-1.697153e+02
1.004000e-05	-1.628375e-06	-2.786361e-09	-1.222941e+01	-1.741744e+02
1.005000e-05	-1.647829e-06	-2.861220e-09	-1.237552e+01	-1.786168e+02
1.006000e-05	-1.667308e-06	-2.932311e-09	-1.252181e+01	-1.830390e+02
1.007000e-05	-1.686762e-06	-2.999055e-09	-1.266790e+01	-1.874374e+02
1.008000e-05	-1.706088e-06	-3.064382e-09	-1.281305e+01	-1.918088e+02
1.009000e-05	-1.725411e-06	-3.126801e-09	-1.295817e+01	-1.961502e+02
1.010000e-05	-1.744725e-06	-3.191418e-09	-1.310322e+01	-2.004592e+02
1.011000e-05	-1.763948e-06	-3.258190e-09	-1.324759e+01	-2.047335e+02
1.012000e-05	-1.783076e-06	-3.326502e-09	-1.339124e+01	-2.089714e+02
1.013000e-05	-1.802115e-06	-3.397189e-09	-1.353423e+01	-2.131717e+02
1.014000e-05	-1.821196e-06	-3.465838e-09	-1.367753e+01	-2.173337e+02
1.015000e-05	-1.840216e-06	-3.532851e-09	-1.382038e+01	-2.214571e+02
1.016000e-05	-1.859169e-06	-3.598339e-09	-1.396272e+01	-2.255419e+02
1.017000e-05	-1.878137e-06	-3.661435e-09	-1.410517e+01	-2.295887e+02
1.018000e-05	-1.896991e-06	-3.722760e-09	-1.424677e+01	-2.335983e+02
1.019000e-05	-1.915771e-06	-3.784417e-09	-1.438781e+01	-2.375716e+02
1.020000e-05	-1.934514e-06	-3.847294e-09	-1.452857e+01	-2.415097e+02
1.021000e-05	-1.953153e-06	-3.909170e-09	-1.466855e+01	-2.454138e+02
1.022000e-05	-1.971657e-06	-3.969728e-09	-1.480752e+01	-2.492851e+02
1.023000e-05	-1.990105e-06	-4.030641e-09	-1.494607e+01	-2.531247e+02
1.024000e-05	-2.008584e-06	-4.091903e-09	-1.508485e+01	-2.569334e+02
1.025000e-05	-2.026994e-06	-4.152315e-09	-1.522312e+01	-2.607120e+02
1.026000e-05	-2.045309e-06	-4.210827e-09	-1.536067e+01	-2.644610e+02
1.027000e-05	-2.063568e-06	-4.268427e-09	-1.549779e+01	-2.681805e+02
1.028000e-05	-2.081769e-06	-4.327182e-09	-1.563449e+01	-2.718706e+02
1.029000e-05	-2.099921e-06	-4.383816e-09	-1.577081e+01	-2.755309e+02
1.030000e-05	-2.118014e-06	-4.436324e-09	-1.590670e+01	-2.791610e+02
1.031000e-05	-2.136041e-06	-4.490982e-09	-1.604208e+01	-2.827602e+02
1.032000e-05	-2.154002e-06	-4.552719e-09	-1.617697e+01	-2.863277e+02
1.033000e-05	-2.171925e-06	-4.617988e-09	-1.631158e+01	-2.898628e+02
1.034000e-05	-2.189856e-06	-4.679619e-09	-1.644624e+01	-2.933644e+02
1.035000e-05	-2.207748e-06	-4.733267e-09	-1.658061e+01	-2.968319e+02
1.036000e-05	-2.225662e-06	-4.786013e-09	-1.671515e+01	-3.002646e+02
1.037000e-05	-2.243595e-06	-4.837558e-09	-1.684983e+01	-3.036618e+02
1.038000e-05	-2.261403e-06	-4.883125e-09	-1.698357e+01	-3.070232e+02
1.039000e-05	-2.279176e-06	-4.929127e-09	-1.711705e+01	-3.103486e+02
1.040000e-05	-2.296979e-06	-4.980205e-09	-1.725075e+01	-3.136381e+02
1.041000e-05	-2.314717e-06	-5.036700e-09	-1.738397e+01	-3.168921e+02
1.042000e-05	-2.332347e-06	-5.097379e-09	-1.751638e+01	-3.201109e+02
1.043000e-05	-2.349889e-06	-5.154904e-09	-1.764812e+01	-3.232953e+02
1.044000e-05	-2.367458e-06	-5.204185e-09	-1.778007e+01	-3.264461e+02
1.045000e-05	-2.384977e-06	-5.251269e-09	-1.791164e+01	-3.295642e+02
1.046000e-05	-2.402363e-06	-5.296530e-09	-1.804221e+01	-3.326508e+02
1.047000e-05	-2.419775e-06	-5.340696e-09	-1.817297e+01	-3.357068e+02
1.048000e-05	-2.437171e-06	-5.384265e-09	-1.830363e+01	-3.387333e+02
1.049000e-05	-2.454319e-06	-5.428259e-09	-1.843241e+01	-3.417312e+02
1.050000e-05	-2.471358e-06	-5.481018e-09	-1.856037e+01	-3.447014e+02
1.051000e-05	-2.488438e-06	-5.538307e-09	-1.868865e+01	-3.476446e+02
1.052000e-05	-2.505498e-06	-5.591662e-09	-1.881678e+01	-3.505612e+02
1.053000e-05	-2.522495e-06	-5.639795e-09	-1.894443e+01	-3.534517e+02
1.054000e-05	-2.539434e-06	-5.681781e-09	-1.907164e+01	-3.563163e+02
1.055000e-05	-2.556206e-06	-5.721674e-09	-1.919760e+01	-3.591548e+02
1.056000e-05	-2.572927e-06	-5.761426e-09	-1.932318e+01	-3.619671e+02
1.057000e-05	-2.589684e-06	-5.799777e-09	-1.944902e+01	-3.647528e+02
1.058000e-05	-2.606269e-06	-5.838748e-09	-1.957359e+01	-3.675116e+02
1.059000e-05	-2.622787e-06	-5.883170e-09	-1.969764e+01	-3.702428e+02
1.060000e-05	-2.639291e-06	-5.932156e-09	-1.982159e+01	-3.729458e+02
1.061000e-05	-2.655643e-06	-5.979808e-09	-1.994439e+01	-3.756200e+02
1.062000e-05	-2.671875e-06	-6.023050e-09	-2.006630e+01	-3.782647e+02
1.063000e-05	-2.688164e-06	-6.063475e-09	-2.018863e+01	-3.808793e+02
1.064000e-05	-2.704374e-06	-6.105179e-09	-2.031037e+01	-3.834632e+02
1.065000e-05	-2.720461e-06	-6.144988e-09	-2.043119e+01	-3.860159e+02
1.066000e-05	-2.736591e-06	-6.182127e-09	-2.055232e+01	-3.885370e+02
1.067000e-05	-2.752715e-06	-6.219019e-09	-2.067342e+01	-3.910260e+02
1.068000e-05	-2.768720e-06	-6.255610e-09	-2.079362e+01	-3.934828e+02
1.069000e-05	-2.784702e-06	-6.295927e-09	-2.091365e+01	-3.959071e+02
1.070000e-05	-2.800681e-06	-6.336237e-09	-2.103365e+01	-3.982986e+02
1.071000e-05	-2.816588e-06	-6.374468e-09	-2.115312e+01	-4.006573e+02
1.072000e-05	-2.832415e-06	-6.410622e-09	-2.127198e+01	-4.029830e+02
1.073000e-05	-2.848273e-06	-6.445970e-09	-2.139108e+01	-4.052757e+02
1.074000e-05	-2.864138e-06	-6.479997e-09	-2.151023e+01	-4.075352e+02
1.075000e-05	-2.879925e-06	-6.513683e-09	-2.162879e+01	-4.097614e+02
1.076000e-05	-2.895648e-06	-6.549695e-09	-2.174688e+01	-4.119542e+02
1.077000e-05	-2.911257e-06	-6.583260e-09	-2.186411e+01	-4.141133e+02
1.078000e-05	-2.926867e-06	-6.615793e-09	-2.198133e+01	-4.162388e+02
1.079000e-05	-2.942516e-06	-6.647261e-09	-2.209887e+01	-4.183302e+02
1.080000e-05	-2.957946e-06	-6.679325e-09	-2.221475e+01	-4.203876e+02
1.081000e-05	-2.973197e-06	-6.709604e-09	-2.232928e+01	-4.224108e+02
1.082000e-05	-2.988412e-06	-6.738935e-09	-2.244355e+01	-4.243995e+02
1.083000e-05	-3.003599e-06	-6.772879e-09	-2.255761e+01	-4.263539e+02
1.084000e-05	-3.018787e-06	-6.808356e-09	-2.267167e+01	-4.282739e+02
1.085000e-05	-3.033915e-06	-6.842295e-09	-2.278529e+01	-4.301596e+02
1.086000e-05	-3.048950e-06	-6.870640e-09	-2.289820e+01	-4.320114e+02
1.087000e-05	-3.063719e-06	-6.896025e-09	-2.300912e+01	-4.338297e+02
1.088000e-05	-3.078294e-06	-6.919116e-09	-2.311858e+01	-4.356149e+02
1.089000e-05	-3.092825e-06	-6.940680e-09	-2.322772e+01	-4.373677e+02
1.090000e-05	-3.107117e-06	-6.964604e-09	-2.333505e+01	-4.390889e+02
1.091000e-05	-3.121254e-06	-6.990990e-09	-2.344122e+01	-4.407796e+02
1.092000e-05	-3.135343e-06	-7.023356e-09	-2.354703e+01	-4.424408e+02
1.093000e-05	-3.149074e-06	-7.056124e-09	-2.365016e+01	-4.440737e+02
1.094000e-05	-3.162623e-06	-7.085416e-09	-2.375191e+01	-4.456796e+02
1.095000e-05	-3.176118e-06	-7.109365e-09	-2.385326e+01	-4.472598e+02
1.096000e-05	-3.189455e-06	-7.127296e-09	-2.395342e+01	-4.488158e+02
1.097000e-05	-3.202846e-06	-7.142945e-09	-2.405400e+01	-4.503490e+02
1.098000e-05	-3.216133e-06	-7.157932e-09	-2.415378e+01	-4.518609e+02
1.099000e-05	-3.229233e-06	-7.175699e-09	-2.425217e+01	-4.533528e+02
1.100000e-05	-3.242198e-06	-7.196230e-09	-2.434954e+01	-4.548261e+02
1.101000e-05	-3.255055e-06	-7.223239e-09	-2.444610e+01	-4.562823e+02
1.102000e-05	-3.267818e-06	-7.252882e-09	-2.454194e+01	-4.577225e+02
1.103000e-05	-3.280374e-06	-7.280006e-09	-2.463624e+01	-4.591481e+02
1.104000e-05	-3.292805e-06	-7.301845e-09	-2.472960e+01	-4.605600e+02
1.105000e-05	-3.305227e-06	-7.318365e-09	-2.482289e+01	-4.619593e+02
1.106000e-05	-3.317649e-06	-7.335380e-09	-2.491618e+01	-4.633469e+02
1.107000e-05	-3.329942e-06	-7.350348e-09	-2.500850e+01	-4.647238e+02
1.108000e-05	-3.342147e-06	-7.363568e-09	-2.510017e+01	-4.660906e+02
1.109000e-05	-3.354276e-06	-7.378950e-09	-2.519126e+01	-4.674479e+02
1.110000e-05	-3.366254e-06	-7.398693e-09	-2.528122e+01	-4.687964e+02
1.111000e-05	-3.378125e-06	-7.426123e-09	-2.537037e+01	-4.701364e+02
1.112000e-05	-3.389918e-06	-7.451985e-09	-2.545894e+01	-4.714682e+02
1.113000e-05	-3.401680e-06	-7.471120e-09	-2.554727e+01	-4.727921e+02
1.114000e-05	-3.413416e-06	-7.489134e-09	-2.563542e+01	-4.741081e+02
1.115000e-05	-3.425093e-06	-7.506458e-09	-2.572311e+01	-4.754163e+02
1.116000e-05	-3.436662e-06	-7.521873e-09	-2.581000e+01	-4.767163e+02
1.117000e-05	-3.448113e-06	-7.533304e-09	-2.589599e+01	-4.780081e+02
1.118000e-05	-3.459470e-06	-7.546348e-09	-2.598128e+01	-4.792911e+02
1.119000e-05	-3.470747e-06	-7.563408e-09	-2.606598e+01	-4.805648e+02
1.120000e-05	-3.481948e-06	-7.583727e-09	-2.615010e+01	-4.818287e+02
1.121000e-05	-3.493107e-06	-7.604058e-09	-2.623391e+01	-4.830819e+02
1.122000e-05	-3.504242e-06	-7.622540e-09	-2.631753e+01	-4.843237e+02
1.123000e-05	-3.515115e-06	-7.643922e-09	-2.639919e+01	-4.855533e+02
1.124000e-05	-3.525736e-06	-7.666202e-09	-2.647896e+01	-4.867698e+02
1.125000e-05	-3.536350e-06	-7.684425e-09	-2.655867e+01	-4.879724e+02
1.126000e-05	-3.546944e-06	-7.694932e-09	-2.663823e+01	-4.891601e+02
1.127000e-05	-3.557405e-06	-7.701469e-09	-2.671680e+01	-4.903323e+02
1.128000e-05	-3.567681e-06	-7.713015e-09	-2.679397e+01	-4.914883e+02
1.129000e-05	-3.577901e-06	-7.730402e-09	-2.687072e+01	-4.926276e+02
1.130000e-05	-3.588076e-06	-7.749962e-09	-2.694714e+01	-4.937498e+02
1.131000e-05	-3.598202e-06	-7.768253e-09	-2.702319e+01	-4.948547e+02
1.132000e-05	-3.608287e-06	-7.789201e-09	-2.709893e+01	-4.959422e+02
1.133000e-05	-3.618278e-06	-7.807575e-09	-2.717397e+01	-4.970124e+02
1.134000e-05	-3.628202e-06	-7.816092e-09	-2.724850e+01	-4.980657e+02
1.135000e-05	-3.638070e-06	-7.821666e-09	-2.732261e+01	-4.991024e+02
1.136000e-05	-3.647885e-06	-7.829584e-09	-2.739632e+01	-5.001231e+02
1.137000e-05	-3.657670e-06	-7.840685e-09	-2.746981e+01	-5.011285e+02
1.138000e-05	-3.667369e-06	-7.853894e-09	-2.754265e+01	-5.021191e+02
1.139000e-05	-3.676935e-06	-7.868113e-09	-2.761449e+01	-5.030957e+02
1.140000e-05	-3.686440e-06	-7.883617e-09	-2.768587e+01	-5.040588e+02
1.141000e-05	-3.695764e-06	-7.902357e-09	-2.775590e+01	-5.050091e+02
1.142000e-05	-3.705016e-06	-7.918256e-09	-2.782539e+01	-5.059469e+02
1.143000e-05	-3.714174e-06	-7.929114e-09	-2.789416e+01	-5.068724e+02
1.144000e-05	-3.723125e-06	-7.941306e-09	-2.796139e+01	-5.077857e+02
1.145000e-05	-3.731918e-06	-7.952239e-09	-2.802743e+01	-5.086867e+02
1.146000e-05	-3.740562e-06	-7.963325e-09	-2.809235e+01	-5.095749e+02
1.147000e-05	-3.749253e-06	-7.975243e-09	-2.815761e+01	-5.104498e+02
1.148000e-05	-3.757871e-06	-7.985519e-09	-2.822234e+01	-5.113107e+02
1.149000e-05	-3.766372e-06	-7.994679e-09	-2.828618e+01	-5.121567e+02
1.150000e-05	-3.774877e-06	-8.002785e-09	-2.835006e+01	-5.129868e+02
1.151000e-05	-3.783236e-06	-8.015416e-09	-2.841283e+01	-5.138000e+02
1.152000e-05	-3.791415e-06	-8.031344e-09	-2.847426e+01	-5.145953e+02
1.153000e-05	-3.799603e-06	-8.045296e-09	-2.853575e+01	-5.153716e+02
1.154000e-05	-3.807689e-06	-8.055797e-09	-2.859648e+01	-5.161283e+02
1.155000e-05	-3.815638e-06	-8.064318e-09	-2.865618e+01	-5.168647e+02
1.156000e-05	-3.823568e-06	-8.074291e-09	-2.871573e+01	-5.175805e+02
1.157000e-05	-3.831464e-06	-8.082637e-09	-2.877503e+01	-5.182755e+02
1.158000e-05	-3.839372e-06	-8.088162e-09	-2.883442e+01	-5.189500e+02
1.159000e-05	-3.847242e-06	-8.095698e-09	-2.889353e+01	-5.196047e+02
1.160000e-05	-3.855015e-06	-8.108560e-09	-2.895191e+01	-5.202403e+02
1.161000e-05	-3.862722e-06	-8.121840e-09	-2.900979e+01	-5.208581e+02
1.162000e-05	-3.870358e-06	-8.130090e-09	-2.906714e+01	-5.214595e+02
1.163000e-05	-3.878001e-06	-8.133925e-09	-2.912454e+01	-5.220463e+02
1.164000e-05	-3.885632e-06	-8.135200e-09	-2.918184e+01	-5.226203e+02
1.165000e-05	-3.893161e-06	-8.138843e-09	-2.923839e+01	-5.231835e+02
1.166000e-05	-3.900586e-06	-8.142608e-09	-2.929415e+01	-5.237379e+02
1.167000e-05	-3.907920e-06	-8.144882e-09	-2.934923e+01	-5.242854e+02
1.168000e-05	-3.915079e-06	-8.150622e-09	-2.940300e+01	-5.248279e+02
1.169000e-05	-3.922131e-06	-8.163284e-09	-2.945596e+01	-5.253669e+02
1.170000e-05	-3.929160e-06	-8.177882e-09	-2.950875e+01	-5.259040e+02
1.171000e-05	-3.936187e-06	-8.184196e-09	-2.956152e+01	-5.264401e+02
1.172000e-05	-3.942990e-06	-8.186431e-09	-2.961262e+01	-5.269762e+02
1.173000e-05	-3.949472e-06	-8.191712e-09	-2.966130e+01	-5.275127e+02
1.174000e-05	-3.955782e-06	-8.196298e-09	-2.970869e+01	-5.280498e+02
1.175000e-05	-3.961795e-06	-8.199957e-09	-2.975384e+01	-5.285874e+02
1.176000e-05	-3.967619e-06	-8.202842e-09	-2.979758e+01	-5.291253e+02
1.177000e-05	-3.973350e-06	-8.208537e-09	-2.984063e+01	-5.296628e+02
1.178000e-05	-3.978867e-06	-8.216738e-09	-2.988206e+01	-5.301994e+02
1.179000e-05	-3.984263e-06	-8.221018e-09	-2.992258e+01	-5.307344e+02
1.180000e-05	-3.989703e-06	-8.226760e-09	-2.996344e+01	-5.312671e+02
1.181000e-05	-3.994964e-06	-8.234846e-09	-3.000295e+01	-5.317968e+02
1.182000e-05	-3.999928e-06	-8.243718e-09	-3.004023e+01	-5.323231e+02
1.183000e-05	-4.004743e-06	-8.250026e-09	-3.007639e+01	-5.328456e+02
1.184000e-05	-4.009507e-06	-8.252431e-09	-3.011217e+01	-5.333642e+02
1.185000e-05	-4.014103e-06	-8.256638e-09	-3.014669e+01	-5.338789e+02
1.186000e-05	-4.018567e-06	-8.262344e-09	-3.018022e+01	-5.343901e+02
1.187000e-05	-4.022953e-06	-8.269916e-09	-3.021315e+01	-5.348982e+02
1.188000e-05	-4.027219e-06	-8.275575e-09	-3.024519e+01	-5.354037e+02
1.189000e-05	-4.031346e-06	-8.281654e-09	-3.027619e+01	-5.359072e+02
1.190000e-05	-4.035347e-06	-8.287650e-09	-3.030624e+01	-5.364094e+02
1.191000e-05	-4.039316e-06	-8.290407e-09	-3.033604e+01	-5.369108e+02
1.192000e-05	-4.043255e-06	-8.295905e-09	-3.036563e+01	-5.374117e+02
1.193000e-05	-4.047146e-06	-8.303131e-09	-3.039485e+01	-5.379122e+02
1.194000e-05	-4.050982e-06	-8.311705e-09	-3.042366e+01	-5.384121e+02
1.195000e-05	-4.054839e-06	-8.319381e-09	-3.045262e+01	-5.389109e+02
1.196000e-05	-4.058671e-06	-8.325957e-09	-3.048140e+01	-5.394075e+02
1.197000e-05	-4.062404e-06	-8.329326e-09	-3.050944e+01	-5.399006e+02
1.198000e-05	-4.066023e-06	-8.328824e-09	-3.053662e+01	-5.403884e+02
1.199000e-05	-4.069511e-06	-8.332481e-09	-3.056282e+01	-5.408685e+02
1.200000e-05	-4.072990e-06	-8.341622e-09	-3.058894e+01	-5.413385e+02
1.201000e-05	-4.076454e-06	-8.352415e-09	-3.061495e+01	-5.417955e+02
1.202000e-05	-4.079740e-06	-8.365121e-09	-3.063964e+01	-5.422368e+02
1.203000e-05	-4.082944e-06	-8.376520e-09	-3.066370e+01	-5.426592e+02
1.204000e-05	-4.086119e-06	-8.382745e-09	-3.068754e+01	-5.430601e+02
1.205000e-05	-4.089186e-06	-8.384294e-09	-3.071058e+01	-5.434367e+02
1.206000e-05	-4.092134e-06	-8.380409e-09	-3.073272e+01	-5.437869e+02
1.207000e-05	-4.094860e-06	-8.377944e-09	-3.075319e+01	-5.441090e+02
1.208000e-05	-4.097368e-06	-8.377618e-09	-3.077203e+01	-5.444017e+02
1.209000e-05	-4.099783e-06	-8.377193e-09	-3.079016e+01	-5.446648e+02
1.210000e-05	-4.102105e-06	-8.380041e-09	-3.080760e+01	-5.448983e+02
1.211000e-05	-4.104326e-06	-8.387127e-09	-3.082428e+01	-5.451033e+02
1.212000e-05	-4.106495e-06	-8.396759e-09	-3.084057e+01	-5.452816e+02
1.213000e-05	-4.108576e-06	-8.401355e-09	-3.085620e+01	-5.454355e+02
1.214000e-05	-4.110635e-06	-8.397709e-09	-3.087166e+01	-5.455681e+02
1.215000e-05	-4.112678e-06	-8.390726e-09	-3.088701e+01	-5.456829e+02
1.216000e-05	-4.114622e-06	-8.388656e-09	-3.090160e+01	-5.457836e+02
1.217000e-05	-4.116459e-06	-8.389252e-09	-3.091540e+01	-5.458743e+02
1.218000e-05	-4.118123e-06	-8.389965e-09	-3.092790e+01	-5.459590e+02
1.219000e-05	-4.119746e-06	-8.395016e-09	-3.094009e+01	-5.460415e+02
1.220000e-05	-4.121420e-06	-8.397978e-09	-3.095266e+01	-5.461253e+02
1.221000e-05	-4.122797e-06	-8.398441e-09	-3.096301e+01	-5.462135e+02
1.222000e-05	-4.123959e-06	-8.390679e-09	-3.097173e+01	-5.463083e+02
1.223000e-05	-4.125216e-06	-8.361159e-09	-3.098117e+01	-5.464115e+02
1.224000e-05	-4.126454e-06	-8.325340e-09	-3.099047e+01	-5.465237e+02
1.225000e-05	-4.127548e-06	-8.364961e-09	-3.099868e+01	-5.466449e+02
1.226000e-05	-4.128401e-06	-8.391223e-09	-3.100509e+01	-5.467741e+02
1.227000e-05	-4.129164e-06	-8.383011e-09	-3.101082e+01	-5.469097e+02
1.228000e-05	-4.129889e-06	-8.402754e-09	-3.101627e+01	-5.470491e+02
1.229000e-05	-4.130550e-06	-8.390516e-09	-3.102123e+01	-5.471892e+02
1.230000e-05	-4.131129e-06	-8.383608e-09	-3.102558e+01	-5.473265e+02
1.231000e-05	-4.131515e-06	-8.347588e-09	-3.102847e+01	-5.474571e+02
