# Temperatura_=_20.0
# Concentracion g/m^3_=_10000.0
# C_Vs_to_Am_M_A/Vsm_=_65563218390.804596
# pendiente_HvsI_1/m_=_3716.3
# ordenada_HvsI_A/m_=_1297.0
# frecuencia_Hz_=_81167.38033980761

Tiempo_(s)	Campo_(V.s)	Magnetizacion_(V.s)	Campo_(kA/m)	Magnetizacion_(A/m)
0.000000e+00	-4.119039e-06	-8.382698e-09	-3.099489e+01	-5.432934e+02
1.000000e-08	-4.119202e-06	-8.371528e-09	-3.099612e+01	-5.433562e+02
2.000000e-08	-4.119384e-06	-8.383244e-09	-3.099749e+01	-5.434036e+02
3.000000e-08	-4.119466e-06	-8.493133e-09	-3.099811e+01	-5.434325e+02
4.000000e-08	-4.119420e-06	-8.468121e-09	-3.099776e+01	-5.434406e+02
5.000000e-08	-4.119320e-06	-8.315982e-09	-3.099701e+01	-5.434263e+02
6.000000e-08	-4.119191e-06	-8.250960e-09	-3.099604e+01	-5.433887e+02
7.000000e-08	-4.119034e-06	-8.150264e-09	-3.099486e+01	-5.433277e+02
8.000000e-08	-4.118838e-06	-8.069932e-09	-3.099338e+01	-5.432444e+02
9.000000e-08	-4.118539e-06	-8.198048e-09	-3.099113e+01	-5.431404e+02
1.000000e-07	-4.118140e-06	-8.372449e-09	-3.098813e+01	-5.430183e+02
1.100000e-07	-4.117692e-06	-8.308075e-09	-3.098476e+01	-5.428812e+02
1.200000e-07	-4.117171e-06	-8.312150e-09	-3.098084e+01	-5.427330e+02
1.300000e-07	-4.116562e-06	-8.401847e-09	-3.097625e+01	-5.425779e+02
1.400000e-07	-4.115731e-06	-8.276732e-09	-3.097001e+01	-5.424200e+02
1.500000e-07	-4.114739e-06	-8.197861e-09	-3.096254e+01	-5.422639e+02
1.600000e-07	-4.113783e-06	-8.137243e-09	-3.095535e+01	-5.421137e+02
1.700000e-07	-4.112818e-06	-8.219758e-09	-3.094808e+01	-5.419731e+02
1.800000e-07	-4.111717e-06	-8.269845e-09	-3.093980e+01	-5.418455e+02
1.900000e-07	-4.110428e-06	-8.254988e-09	-3.093010e+01	-5.417332e+02
2.000000e-07	-4.109020e-06	-8.333891e-09	-3.091950e+01	-5.416382e+02
2.100000e-07	-4.107377e-06	-8.235165e-09	-3.090714e+01	-5.415611e+02
2.200000e-07	-4.105531e-06	-8.228049e-09	-3.089325e+01	-5.415019e+02
2.300000e-07	-4.103521e-06	-8.191235e-09	-3.087812e+01	-5.414596e+02
2.400000e-07	-4.101417e-06	-8.249893e-09	-3.086229e+01	-5.414323e+02
2.500000e-07	-4.099235e-06	-8.266311e-09	-3.084587e+01	-5.414173e+02
2.600000e-07	-4.096677e-06	-8.177680e-09	-3.082663e+01	-5.414111e+02
2.700000e-07	-4.094050e-06	-8.270758e-09	-3.080686e+01	-5.414099e+02
2.800000e-07	-4.091346e-06	-8.252930e-09	-3.078651e+01	-5.414093e+02
2.900000e-07	-4.088384e-06	-8.260710e-09	-3.076422e+01	-5.414048e+02
3.000000e-07	-4.085223e-06	-8.162358e-09	-3.074043e+01	-5.413916e+02
3.100000e-07	-4.081957e-06	-8.163494e-09	-3.071586e+01	-5.413655e+02
3.200000e-07	-4.078536e-06	-8.244056e-09	-3.069012e+01	-5.413221e+02
3.300000e-07	-4.074794e-06	-8.226123e-09	-3.066196e+01	-5.412578e+02
3.400000e-07	-4.071034e-06	-8.260354e-09	-3.063367e+01	-5.411693e+02
3.500000e-07	-4.067184e-06	-8.193254e-09	-3.060470e+01	-5.410541e+02
3.600000e-07	-4.063319e-06	-8.223734e-09	-3.057561e+01	-5.409105e+02
3.700000e-07	-4.059464e-06	-8.177641e-09	-3.054661e+01	-5.407372e+02
3.800000e-07	-4.055443e-06	-8.152895e-09	-3.051635e+01	-5.405341e+02
3.900000e-07	-4.051407e-06	-8.179815e-09	-3.048598e+01	-5.403013e+02
4.000000e-07	-4.047326e-06	-8.149197e-09	-3.045527e+01	-5.400400e+02
4.100000e-07	-4.043130e-06	-8.199497e-09	-3.042370e+01	-5.397516e+02
4.200000e-07	-4.038907e-06	-8.188268e-09	-3.039192e+01	-5.394382e+02
4.300000e-07	-4.034669e-06	-8.230838e-09	-3.036003e+01	-5.391022e+02
4.400000e-07	-4.030380e-06	-8.166179e-09	-3.032776e+01	-5.387461e+02
4.500000e-07	-4.025985e-06	-8.106855e-09	-3.029469e+01	-5.383727e+02
4.600000e-07	-4.021478e-06	-8.142795e-09	-3.026077e+01	-5.379847e+02
4.700000e-07	-4.016917e-06	-8.135595e-09	-3.022645e+01	-5.375847e+02
4.800000e-07	-4.012236e-06	-8.141597e-09	-3.019122e+01	-5.371751e+02
4.900000e-07	-4.007432e-06	-8.085863e-09	-3.015508e+01	-5.367582e+02
5.000000e-07	-4.002617e-06	-8.144496e-09	-3.011884e+01	-5.363358e+02
5.100000e-07	-3.997738e-06	-8.159273e-09	-3.008213e+01	-5.359094e+02
5.200000e-07	-3.992680e-06	-8.113376e-09	-3.004407e+01	-5.354804e+02
5.300000e-07	-3.987509e-06	-8.097408e-09	-3.000516e+01	-5.350496e+02
5.400000e-07	-3.982237e-06	-8.065393e-09	-2.996549e+01	-5.346176e+02
5.500000e-07	-3.976869e-06	-8.089478e-09	-2.992510e+01	-5.341847e+02
5.600000e-07	-3.971400e-06	-8.054447e-09	-2.988394e+01	-5.337510e+02
5.700000e-07	-3.965777e-06	-8.072512e-09	-2.984163e+01	-5.333165e+02
5.800000e-07	-3.960031e-06	-8.062447e-09	-2.979839e+01	-5.328809e+02
5.900000e-07	-3.954165e-06	-8.043329e-09	-2.975425e+01	-5.324440e+02
6.000000e-07	-3.948214e-06	-8.066105e-09	-2.970948e+01	-5.320056e+02
6.100000e-07	-3.942146e-06	-8.039395e-09	-2.966382e+01	-5.315653e+02
6.200000e-07	-3.936066e-06	-8.032788e-09	-2.961806e+01	-5.311231e+02
6.300000e-07	-3.929945e-06	-7.995891e-09	-2.957201e+01	-5.306789e+02
6.400000e-07	-3.923657e-06	-8.026207e-09	-2.952469e+01	-5.302327e+02
6.500000e-07	-3.917285e-06	-8.029218e-09	-2.947674e+01	-5.297845e+02
6.600000e-07	-3.910710e-06	-7.996469e-09	-2.942726e+01	-5.293347e+02
6.700000e-07	-3.903959e-06	-7.992729e-09	-2.937647e+01	-5.288835e+02
6.800000e-07	-3.897207e-06	-7.967784e-09	-2.932566e+01	-5.284313e+02
6.900000e-07	-3.890430e-06	-7.984016e-09	-2.927466e+01	-5.279784e+02
7.000000e-07	-3.883544e-06	-7.960054e-09	-2.922285e+01	-5.275254e+02
7.100000e-07	-3.876488e-06	-7.956804e-09	-2.916975e+01	-5.270725e+02
7.200000e-07	-3.869359e-06	-7.950018e-09	-2.911611e+01	-5.266201e+02
7.300000e-07	-3.862022e-06	-7.947954e-09	-2.906090e+01	-5.261684e+02
7.400000e-07	-3.854523e-06	-7.964296e-09	-2.900447e+01	-5.257178e+02
7.500000e-07	-3.847007e-06	-7.921489e-09	-2.894792e+01	-5.252682e+02
7.600000e-07	-3.839338e-06	-7.910277e-09	-2.889020e+01	-5.248196e+02
7.700000e-07	-3.831582e-06	-7.890869e-09	-2.883184e+01	-5.243718e+02
7.800000e-07	-3.823753e-06	-7.895803e-09	-2.877293e+01	-5.239247e+02
7.900000e-07	-3.815829e-06	-7.893969e-09	-2.871331e+01	-5.234778e+02
8.000000e-07	-3.807867e-06	-7.878763e-09	-2.865339e+01	-5.230306e+02
8.100000e-07	-3.799847e-06	-7.893436e-09	-2.859304e+01	-5.225827e+02
8.200000e-07	-3.791753e-06	-7.882013e-09	-2.853214e+01	-5.221332e+02
8.300000e-07	-3.783701e-06	-7.885890e-09	-2.847155e+01	-5.216816e+02
8.400000e-07	-3.775582e-06	-7.853593e-09	-2.841045e+01	-5.212269e+02
8.500000e-07	-3.767401e-06	-7.827873e-09	-2.834890e+01	-5.207684e+02
8.600000e-07	-3.759228e-06	-7.817135e-09	-2.828740e+01	-5.203052e+02
8.700000e-07	-3.750920e-06	-7.812548e-09	-2.822488e+01	-5.198363e+02
8.800000e-07	-3.742592e-06	-7.828328e-09	-2.816221e+01	-5.193607e+02
8.900000e-07	-3.734247e-06	-7.816032e-09	-2.809942e+01	-5.188774e+02
9.000000e-07	-3.725834e-06	-7.823963e-09	-2.803611e+01	-5.183855e+02
9.100000e-07	-3.717263e-06	-7.810927e-09	-2.797162e+01	-5.178838e+02
9.200000e-07	-3.708511e-06	-7.799030e-09	-2.790576e+01	-5.173712e+02
9.300000e-07	-3.699686e-06	-7.781573e-09	-2.783936e+01	-5.168467e+02
9.400000e-07	-3.690844e-06	-7.751358e-09	-2.777282e+01	-5.163092e+02
9.500000e-07	-3.681937e-06	-7.751214e-09	-2.770580e+01	-5.157577e+02
9.600000e-07	-3.672813e-06	-7.743613e-09	-2.763714e+01	-5.151911e+02
9.700000e-07	-3.663478e-06	-7.746109e-09	-2.756689e+01	-5.146085e+02
9.800000e-07	-3.654084e-06	-7.728699e-09	-2.749620e+01	-5.140090e+02
9.900000e-07	-3.644746e-06	-7.717609e-09	-2.742594e+01	-5.133920e+02
1.000000e-06	-3.635223e-06	-7.710501e-09	-2.735429e+01	-5.127567e+02
1.010000e-06	-3.625213e-06	-7.691734e-09	-2.727896e+01	-5.121029e+02
1.020000e-06	-3.614893e-06	-7.684812e-09	-2.720131e+01	-5.114301e+02
1.030000e-06	-3.604560e-06	-7.660408e-09	-2.712355e+01	-5.107385e+02
1.040000e-06	-3.594154e-06	-7.652625e-09	-2.704525e+01	-5.100283e+02
1.050000e-06	-3.583556e-06	-7.636493e-09	-2.696550e+01	-5.092997e+02
1.060000e-06	-3.572787e-06	-7.619024e-09	-2.688447e+01	-5.085535e+02
1.070000e-06	-3.561931e-06	-7.603680e-09	-2.680278e+01	-5.077905e+02
1.080000e-06	-3.550774e-06	-7.582572e-09	-2.671882e+01	-5.070117e+02
1.090000e-06	-3.539523e-06	-7.578238e-09	-2.663416e+01	-5.062183e+02
1.100000e-06	-3.528223e-06	-7.562727e-09	-2.654913e+01	-5.054115e+02
1.110000e-06	-3.516689e-06	-7.553364e-09	-2.646234e+01	-5.045928e+02
1.120000e-06	-3.505289e-06	-7.532361e-09	-2.637656e+01	-5.037635e+02
1.130000e-06	-3.493934e-06	-7.515540e-09	-2.629112e+01	-5.029249e+02
1.140000e-06	-3.482277e-06	-7.504358e-09	-2.620339e+01	-5.020784e+02
1.150000e-06	-3.470371e-06	-7.481274e-09	-2.611381e+01	-5.012250e+02
1.160000e-06	-3.458564e-06	-7.465202e-09	-2.602496e+01	-5.003658e+02
1.170000e-06	-3.446706e-06	-7.441319e-09	-2.593573e+01	-4.995014e+02
1.180000e-06	-3.434680e-06	-7.432937e-09	-2.584524e+01	-4.986326e+02
1.190000e-06	-3.422623e-06	-7.421707e-09	-2.575452e+01	-4.977595e+02
1.200000e-06	-3.410461e-06	-7.408804e-09	-2.566300e+01	-4.968823e+02
1.210000e-06	-3.398172e-06	-7.398331e-09	-2.557052e+01	-4.960009e+02
1.220000e-06	-3.385857e-06	-7.381830e-09	-2.547785e+01	-4.951148e+02
1.230000e-06	-3.373473e-06	-7.373082e-09	-2.538467e+01	-4.942236e+02
1.240000e-06	-3.360969e-06	-7.348640e-09	-2.529058e+01	-4.933266e+02
1.250000e-06	-3.348402e-06	-7.330419e-09	-2.519602e+01	-4.924232e+02
1.260000e-06	-3.335749e-06	-7.314020e-09	-2.510081e+01	-4.915126e+02
1.270000e-06	-3.323050e-06	-7.301519e-09	-2.500524e+01	-4.905941e+02
1.280000e-06	-3.310327e-06	-7.294256e-09	-2.490951e+01	-4.896672e+02
1.290000e-06	-3.297403e-06	-7.276003e-09	-2.481226e+01	-4.887314e+02
1.300000e-06	-3.284486e-06	-7.263399e-09	-2.471506e+01	-4.877865e+02
1.310000e-06	-3.271462e-06	-7.242425e-09	-2.461706e+01	-4.868324e+02
1.320000e-06	-3.258149e-06	-7.225925e-09	-2.451688e+01	-4.858694e+02
1.330000e-06	-3.244734e-06	-7.209752e-09	-2.441593e+01	-4.848979e+02
1.340000e-06	-3.231351e-06	-7.191919e-09	-2.431523e+01	-4.839186e+02
1.350000e-06	-3.218008e-06	-7.179553e-09	-2.421483e+01	-4.829323e+02
1.360000e-06	-3.204506e-06	-7.164390e-09	-2.411323e+01	-4.819401e+02
1.370000e-06	-3.190944e-06	-7.152400e-09	-2.401118e+01	-4.809432e+02
1.380000e-06	-3.177244e-06	-7.128083e-09	-2.390809e+01	-4.799429e+02
1.390000e-06	-3.163389e-06	-7.103792e-09	-2.380383e+01	-4.789404e+02
1.400000e-06	-3.149547e-06	-7.083794e-09	-2.369967e+01	-4.779369e+02
1.410000e-06	-3.135584e-06	-7.072203e-09	-2.359460e+01	-4.769335e+02
1.420000e-06	-3.121356e-06	-7.064269e-09	-2.348754e+01	-4.759312e+02
1.430000e-06	-3.107063e-06	-7.047626e-09	-2.337999e+01	-4.749304e+02
1.440000e-06	-3.092829e-06	-7.036153e-09	-2.327288e+01	-4.739318e+02
1.450000e-06	-3.078587e-06	-7.019578e-09	-2.316571e+01	-4.729352e+02
1.460000e-06	-3.064333e-06	-7.002086e-09	-2.305846e+01	-4.719406e+02
1.470000e-06	-3.049913e-06	-6.978146e-09	-2.294995e+01	-4.709472e+02
1.480000e-06	-3.035357e-06	-6.953548e-09	-2.284042e+01	-4.699542e+02
1.490000e-06	-3.020862e-06	-6.942099e-09	-2.273135e+01	-4.689604e+02
1.500000e-06	-3.006332e-06	-6.932122e-09	-2.262201e+01	-4.679644e+02
1.510000e-06	-2.991612e-06	-6.924259e-09	-2.251125e+01	-4.669645e+02
1.520000e-06	-2.976714e-06	-6.905968e-09	-2.239914e+01	-4.659591e+02
1.530000e-06	-2.961769e-06	-6.887669e-09	-2.228668e+01	-4.649461e+02
1.540000e-06	-2.946808e-06	-6.872191e-09	-2.217410e+01	-4.639239e+02
1.550000e-06	-2.931750e-06	-6.852499e-09	-2.206080e+01	-4.628906e+02
1.560000e-06	-2.916661e-06	-6.829978e-09	-2.194726e+01	-4.618446e+02
1.570000e-06	-2.901272e-06	-6.803459e-09	-2.183146e+01	-4.607843e+02
1.580000e-06	-2.885509e-06	-6.784783e-09	-2.171284e+01	-4.597085e+02
1.590000e-06	-2.869692e-06	-6.767458e-09	-2.159382e+01	-4.586161e+02
1.600000e-06	-2.854006e-06	-6.752531e-09	-2.147579e+01	-4.575064e+02
1.610000e-06	-2.838029e-06	-6.738484e-09	-2.135557e+01	-4.563787e+02
1.620000e-06	-2.821980e-06	-6.723399e-09	-2.123480e+01	-4.552329e+02
1.630000e-06	-2.806069e-06	-6.708157e-09	-2.111507e+01	-4.540688e+02
1.640000e-06	-2.789760e-06	-6.685663e-09	-2.099235e+01	-4.528867e+02
1.650000e-06	-2.773450e-06	-6.661728e-09	-2.086963e+01	-4.516868e+02
1.660000e-06	-2.757012e-06	-6.633681e-09	-2.074593e+01	-4.504695e+02
1.670000e-06	-2.740323e-06	-6.609229e-09	-2.062035e+01	-4.492353e+02
1.680000e-06	-2.723589e-06	-6.590414e-09	-2.049443e+01	-4.479847e+02
1.690000e-06	-2.706752e-06	-6.572454e-09	-2.036773e+01	-4.467181e+02
1.700000e-06	-2.689938e-06	-6.557357e-09	-2.024121e+01	-4.454361e+02
1.710000e-06	-2.673011e-06	-6.538866e-09	-2.011384e+01	-4.441388e+02
1.720000e-06	-2.656003e-06	-6.522808e-09	-1.998586e+01	-4.428265e+02
1.730000e-06	-2.639080e-06	-6.501765e-09	-1.985852e+01	-4.414993e+02
1.740000e-06	-2.622222e-06	-6.480419e-09	-1.973167e+01	-4.401573e+02
1.750000e-06	-2.605069e-06	-6.460026e-09	-1.960259e+01	-4.388001e+02
1.760000e-06	-2.587675e-06	-6.433696e-09	-1.947171e+01	-4.374278e+02
1.770000e-06	-2.570379e-06	-6.407593e-09	-1.934156e+01	-4.360401e+02
1.780000e-06	-2.553029e-06	-6.381637e-09	-1.921100e+01	-4.346366e+02
1.790000e-06	-2.535719e-06	-6.360598e-09	-1.908075e+01	-4.332173e+02
1.800000e-06	-2.518375e-06	-6.337907e-09	-1.895024e+01	-4.317819e+02
1.810000e-06	-2.500906e-06	-6.316961e-09	-1.881879e+01	-4.303304e+02
1.820000e-06	-2.483299e-06	-6.299663e-09	-1.868630e+01	-4.288630e+02
1.830000e-06	-2.465702e-06	-6.282412e-09	-1.855388e+01	-4.273799e+02
1.840000e-06	-2.448072e-06	-6.260993e-09	-1.842122e+01	-4.258815e+02
1.850000e-06	-2.430388e-06	-6.230190e-09	-1.828815e+01	-4.243685e+02
1.860000e-06	-2.412799e-06	-6.201113e-09	-1.815580e+01	-4.228417e+02
1.870000e-06	-2.395187e-06	-6.175938e-09	-1.802327e+01	-4.213020e+02
1.880000e-06	-2.377604e-06	-6.155070e-09	-1.789096e+01	-4.197505e+02
1.890000e-06	-2.359959e-06	-6.135614e-09	-1.775819e+01	-4.181885e+02
1.900000e-06	-2.342224e-06	-6.118179e-09	-1.762474e+01	-4.166172e+02
1.910000e-06	-2.324433e-06	-6.104419e-09	-1.749087e+01	-4.150378e+02
1.920000e-06	-2.306547e-06	-6.081991e-09	-1.735628e+01	-4.134518e+02
1.930000e-06	-2.288584e-06	-6.053101e-09	-1.722111e+01	-4.118601e+02
1.940000e-06	-2.270526e-06	-6.020996e-09	-1.708523e+01	-4.102640e+02
1.950000e-06	-2.252504e-06	-5.989925e-09	-1.694961e+01	-4.086643e+02
1.960000e-06	-2.234519e-06	-5.964374e-09	-1.681428e+01	-4.070617e+02
1.970000e-06	-2.216401e-06	-5.941799e-09	-1.667795e+01	-4.054567e+02
1.980000e-06	-2.198217e-06	-5.921006e-09	-1.654112e+01	-4.038498e+02
1.990000e-06	-2.180025e-06	-5.899872e-09	-1.640423e+01	-4.022409e+02
2.000000e-06	-2.161820e-06	-5.881490e-09	-1.626724e+01	-4.006299e+02
2.010000e-06	-2.143546e-06	-5.861358e-09	-1.612973e+01	-3.990166e+02
2.020000e-06	-2.125196e-06	-5.837849e-09	-1.599165e+01	-3.974006e+02
2.030000e-06	-2.106808e-06	-5.810325e-09	-1.585329e+01	-3.957813e+02
2.040000e-06	-2.088284e-06	-5.780546e-09	-1.571390e+01	-3.941580e+02
2.050000e-06	-2.069676e-06	-5.755452e-09	-1.557387e+01	-3.925301e+02
2.060000e-06	-2.051058e-06	-5.730824e-09	-1.543378e+01	-3.908970e+02
2.070000e-06	-2.032287e-06	-5.706905e-09	-1.529253e+01	-3.892580e+02
2.080000e-06	-2.013447e-06	-5.686021e-09	-1.515076e+01	-3.876125e+02
2.090000e-06	-1.994554e-06	-5.667061e-09	-1.500859e+01	-3.859603e+02
2.100000e-06	-1.975537e-06	-5.647064e-09	-1.486550e+01	-3.843008e+02
2.110000e-06	-1.956450e-06	-5.625323e-09	-1.472187e+01	-3.826339e+02
2.120000e-06	-1.937273e-06	-5.604338e-09	-1.457757e+01	-3.809594e+02
2.130000e-06	-1.918087e-06	-5.582231e-09	-1.443320e+01	-3.792773e+02
2.140000e-06	-1.898798e-06	-5.559121e-09	-1.428805e+01	-3.775877e+02
2.150000e-06	-1.879605e-06	-5.530611e-09	-1.414363e+01	-3.758905e+02
2.160000e-06	-1.860428e-06	-5.499096e-09	-1.399933e+01	-3.741858e+02
2.170000e-06	-1.841085e-06	-5.472895e-09	-1.385378e+01	-3.724736e+02
2.180000e-06	-1.821749e-06	-5.452957e-09	-1.370828e+01	-3.707537e+02
2.190000e-06	-1.802353e-06	-5.436248e-09	-1.356232e+01	-3.690260e+02
2.200000e-06	-1.782828e-06	-5.417499e-09	-1.341540e+01	-3.672901e+02
2.210000e-06	-1.763242e-06	-5.398262e-09	-1.326802e+01	-3.655452e+02
2.220000e-06	-1.743665e-06	-5.373723e-09	-1.312071e+01	-3.637907e+02
2.230000e-06	-1.724045e-06	-5.341026e-09	-1.297307e+01	-3.620254e+02
2.240000e-06	-1.704367e-06	-5.306467e-09	-1.282500e+01	-3.602482e+02
2.250000e-06	-1.684634e-06	-5.274904e-09	-1.267651e+01	-3.584575e+02
2.260000e-06	-1.664936e-06	-5.247293e-09	-1.252829e+01	-3.566518e+02
2.270000e-06	-1.645211e-06	-5.217503e-09	-1.237987e+01	-3.548293e+02
2.280000e-06	-1.625275e-06	-5.189331e-09	-1.222985e+01	-3.529881e+02
2.290000e-06	-1.605267e-06	-5.164073e-09	-1.207929e+01	-3.511263e+02
2.300000e-06	-1.585348e-06	-5.137706e-09	-1.192941e+01	-3.492421e+02
2.310000e-06	-1.565439e-06	-5.110744e-09	-1.177959e+01	-3.473338e+02
2.320000e-06	-1.545448e-06	-5.082676e-09	-1.162917e+01	-3.453996e+02
2.330000e-06	-1.525384e-06	-5.056319e-09	-1.147819e+01	-3.434382e+02
2.340000e-06	-1.505365e-06	-5.027910e-09	-1.132755e+01	-3.414484e+02
2.350000e-06	-1.485381e-06	-4.997804e-09	-1.117718e+01	-3.394293e+02
2.360000e-06	-1.465421e-06	-4.965053e-09	-1.102698e+01	-3.373804e+02
2.370000e-06	-1.445419e-06	-4.930879e-09	-1.087647e+01	-3.353013e+02
2.380000e-06	-1.425338e-06	-4.898570e-09	-1.072536e+01	-3.331924e+02
2.390000e-06	-1.405230e-06	-4.866583e-09	-1.057406e+01	-3.310540e+02
2.400000e-06	-1.385096e-06	-4.836942e-09	-1.042256e+01	-3.288870e+02
2.410000e-06	-1.365002e-06	-4.804413e-09	-1.027135e+01	-3.266925e+02
2.420000e-06	-1.344907e-06	-4.771542e-09	-1.012014e+01	-3.244720e+02
2.430000e-06	-1.324749e-06	-4.742949e-09	-9.968454e+00	-3.222269e+02
2.440000e-06	-1.304592e-06	-4.715991e-09	-9.816776e+00	-3.199592e+02
2.450000e-06	-1.284457e-06	-4.686432e-09	-9.665263e+00	-3.176705e+02
2.460000e-06	-1.264295e-06	-4.649297e-09	-9.513549e+00	-3.153630e+02
2.470000e-06	-1.244050e-06	-4.607855e-09	-9.361210e+00	-3.130385e+02
2.480000e-06	-1.223817e-06	-4.568810e-09	-9.208962e+00	-3.106989e+02
2.490000e-06	-1.203619e-06	-4.534215e-09	-9.056979e+00	-3.083459e+02
2.500000e-06	-1.183432e-06	-4.500280e-09	-8.905074e+00	-3.059811e+02
2.510000e-06	-1.163254e-06	-4.467673e-09	-8.753239e+00	-3.036060e+02
2.520000e-06	-1.143018e-06	-4.438914e-09	-8.600969e+00	-3.012217e+02
2.530000e-06	-1.122773e-06	-4.407668e-09	-8.448630e+00	-2.988294e+02
2.540000e-06	-1.102574e-06	-4.372824e-09	-8.296635e+00	-2.964298e+02
2.550000e-06	-1.082360e-06	-4.333439e-09	-8.144528e+00	-2.940234e+02
2.560000e-06	-1.062121e-06	-4.292728e-09	-7.992236e+00	-2.916106e+02
2.570000e-06	-1.041841e-06	-4.253179e-09	-7.839635e+00	-2.891916e+02
2.580000e-06	-1.021454e-06	-4.215263e-09	-7.686222e+00	-2.867664e+02
2.590000e-06	-1.001083e-06	-4.182794e-09	-7.532934e+00	-2.843348e+02
2.600000e-06	-9.808024e-07	-4.150685e-09	-7.380330e+00	-2.818967e+02
2.610000e-06	-9.604211e-07	-4.121233e-09	-7.226965e+00	-2.794516e+02
2.620000e-06	-9.400291e-07	-4.092829e-09	-7.073519e+00	-2.769993e+02
2.630000e-06	-9.197080e-07	-4.061735e-09	-6.920608e+00	-2.745392e+02
2.640000e-06	-8.993014e-07	-4.027673e-09	-6.767052e+00	-2.720709e+02
2.650000e-06	-8.788574e-07	-3.990262e-09	-6.613215e+00	-2.695941e+02
2.660000e-06	-8.584447e-07	-3.952093e-09	-6.459614e+00	-2.671083e+02
2.670000e-06	-8.379987e-07	-3.914347e-09	-6.305762e+00	-2.646131e+02
2.680000e-06	-8.175261e-07	-3.879972e-09	-6.151711e+00	-2.621081e+02
2.690000e-06	-7.970630e-07	-3.848467e-09	-5.997730e+00	-2.595931e+02
2.700000e-06	-7.765906e-07	-3.817724e-09	-5.843679e+00	-2.570677e+02
2.710000e-06	-7.561073e-07	-3.785968e-09	-5.689547e+00	-2.545316e+02
2.720000e-06	-7.356475e-07	-3.751158e-09	-5.535591e+00	-2.519845e+02
2.730000e-06	-7.152129e-07	-3.712729e-09	-5.381825e+00	-2.494259e+02
2.740000e-06	-6.946718e-07	-3.671583e-09	-5.227258e+00	-2.468556e+02
2.750000e-06	-6.741463e-07	-3.630277e-09	-5.072808e+00	-2.442731e+02
2.760000e-06	-6.536194e-07	-3.589316e-09	-4.918347e+00	-2.416779e+02
2.770000e-06	-6.330818e-07	-3.551875e-09	-4.763807e+00	-2.390695e+02
2.780000e-06	-6.125549e-07	-3.518472e-09	-4.609346e+00	-2.364473e+02
2.790000e-06	-5.919226e-07	-3.483362e-09	-4.454092e+00	-2.338105e+02
2.800000e-06	-5.713340e-07	-3.452710e-09	-4.299167e+00	-2.311583e+02
2.810000e-06	-5.507873e-07	-3.421103e-09	-4.144558e+00	-2.284900e+02
2.820000e-06	-5.301842e-07	-3.382654e-09	-3.989524e+00	-2.258046e+02
2.830000e-06	-5.094939e-07	-3.341899e-09	-3.833833e+00	-2.231011e+02
2.840000e-06	-4.888338e-07	-3.296463e-09	-3.678371e+00	-2.203785e+02
2.850000e-06	-4.682121e-07	-3.257601e-09	-3.523197e+00	-2.176357e+02
2.860000e-06	-4.475638e-07	-3.219288e-09	-3.367823e+00	-2.148717e+02
2.870000e-06	-4.268790e-07	-3.179683e-09	-3.212174e+00	-2.120855e+02
2.880000e-06	-4.061961e-07	-3.141382e-09	-3.056540e+00	-2.092759e+02
2.890000e-06	-3.854913e-07	-3.100388e-09	-2.900740e+00	-2.064421e+02
2.900000e-06	-3.647464e-07	-3.063864e-09	-2.744639e+00	-2.035831e+02
2.910000e-06	-3.439672e-07	-3.024573e-09	-2.588280e+00	-2.006980e+02
2.920000e-06	-3.231311e-07	-2.983832e-09	-2.431493e+00	-1.977861e+02
2.930000e-06	-3.023524e-07	-2.942692e-09	-2.275138e+00	-1.948467e+02
2.940000e-06	-2.816184e-07	-2.902042e-09	-2.119119e+00	-1.918794e+02
2.950000e-06	-2.608788e-07	-2.860803e-09	-1.963057e+00	-1.888836e+02
2.960000e-06	-2.400831e-07	-2.813847e-09	-1.806574e+00	-1.858592e+02
2.970000e-06	-2.193428e-07	-2.762871e-09	-1.650508e+00	-1.828060e+02
2.980000e-06	-1.986271e-07	-2.711769e-09	-1.494627e+00	-1.797240e+02
2.990000e-06	-1.778065e-07	-2.667770e-09	-1.337956e+00	-1.766133e+02
3.000000e-06	-1.569860e-07	-2.626916e-09	-1.181286e+00	-1.734741e+02
3.010000e-06	-1.361278e-07	-2.585117e-09	-1.024333e+00	-1.703068e+02
3.020000e-06	-1.153038e-07	-2.538983e-09	-8.676367e-01	-1.671119e+02
3.030000e-06	-9.453661e-08	-2.491821e-09	-7.113680e-01	-1.638897e+02
3.040000e-06	-7.369970e-08	-2.448378e-09	-5.545746e-01	-1.606411e+02
3.050000e-06	-5.286920e-08	-2.402573e-09	-3.978295e-01	-1.573665e+02
3.060000e-06	-3.215383e-08	-2.350982e-09	-2.419508e-01	-1.540667e+02
3.070000e-06	-1.152550e-08	-2.297175e-09	-8.672692e-02	-1.507423e+02
3.080000e-06	9.282068e-09	-2.247664e-09	6.984559e-02	-1.473940e+02
3.090000e-06	3.020537e-08	-2.201699e-09	2.272890e-01	-1.440225e+02
3.100000e-06	5.109687e-08	-2.153970e-09	3.844931e-01	-1.406284e+02
3.110000e-06	7.188514e-08	-2.102797e-09	5.409204e-01	-1.372123e+02
3.120000e-06	9.259070e-08	-2.053723e-09	6.967254e-01	-1.337747e+02
3.130000e-06	1.133317e-07	-2.007612e-09	8.527969e-01	-1.303161e+02
3.140000e-06	1.340403e-07	-1.956768e-09	1.008625e+00	-1.268368e+02
3.150000e-06	1.546575e-07	-1.900838e-09	1.163765e+00	-1.233373e+02
3.160000e-06	1.753546e-07	-1.842335e-09	1.319507e+00	-1.198178e+02
3.170000e-06	1.961748e-07	-1.785021e-09	1.476174e+00	-1.162786e+02
3.180000e-06	2.170683e-07	-1.731536e-09	1.633393e+00	-1.127199e+02
3.190000e-06	2.379522e-07	-1.678393e-09	1.790540e+00	-1.091419e+02
3.200000e-06	2.586375e-07	-1.626819e-09	1.946192e+00	-1.055449e+02
3.210000e-06	2.792767e-07	-1.578182e-09	2.101498e+00	-1.019290e+02
3.220000e-06	3.000270e-07	-1.530799e-09	2.257640e+00	-9.829443e+01
3.230000e-06	3.208191e-07	-1.480666e-09	2.414095e+00	-9.464151e+01
3.240000e-06	3.416540e-07	-1.426164e-09	2.570874e+00	-9.097056e+01
3.250000e-06	3.624720e-07	-1.371420e-09	2.727525e+00	-8.728194e+01
3.260000e-06	3.831840e-07	-1.317873e-09	2.883378e+00	-8.357609e+01
3.270000e-06	4.039282e-07	-1.264784e-09	3.039474e+00	-7.985351e+01
3.280000e-06	4.245958e-07	-1.206964e-09	3.194993e+00	-7.611476e+01
3.290000e-06	4.451665e-07	-1.148370e-09	3.349784e+00	-7.236044e+01
3.300000e-06	4.656650e-07	-1.093605e-09	3.504030e+00	-6.859119e+01
3.310000e-06	4.861425e-07	-1.041222e-09	3.658119e+00	-6.480765e+01
3.320000e-06	5.067613e-07	-9.883549e-10	3.813272e+00	-6.101048e+01
3.330000e-06	5.273583e-07	-9.320980e-10	3.968259e+00	-5.720031e+01
3.340000e-06	5.479897e-07	-8.773326e-10	4.123507e+00	-5.337771e+01
3.350000e-06	5.686067e-07	-8.198917e-10	4.278645e+00	-4.954318e+01
3.360000e-06	5.891873e-07	-7.596685e-10	4.433509e+00	-4.569715e+01
3.370000e-06	6.097251e-07	-7.006815e-10	4.588052e+00	-4.183989e+01
3.380000e-06	6.302143e-07	-6.438933e-10	4.742229e+00	-3.797158e+01
3.390000e-06	6.507027e-07	-5.892705e-10	4.896400e+00	-3.409225e+01
3.400000e-06	6.711398e-07	-5.342876e-10	5.050185e+00	-3.020176e+01
3.410000e-06	6.916085e-07	-4.787272e-10	5.204207e+00	-2.629984e+01
3.420000e-06	7.120193e-07	-4.200403e-10	5.357794e+00	-2.238609e+01
3.430000e-06	7.324498e-07	-3.605568e-10	5.511530e+00	-1.845995e+01
3.440000e-06	7.529283e-07	-3.023340e-10	5.665626e+00	-1.452078e+01
3.450000e-06	7.733672e-07	-2.430671e-10	5.819425e+00	-1.056784e+01
3.460000e-06	7.938037e-07	-1.813821e-10	5.973205e+00	-6.600310e+00
3.470000e-06	8.142134e-07	-1.208330e-10	6.126784e+00	-2.617376e+00
3.480000e-06	8.345842e-07	-6.461603e-11	6.280069e+00	1.381796e+00
3.490000e-06	8.549407e-07	-8.488729e-12	6.433247e+00	5.398002e+00
3.500000e-06	8.752599e-07	5.331370e-11	6.586145e+00	9.431973e+00
3.510000e-06	8.955926e-07	1.188449e-10	6.739144e+00	1.348435e+01
3.520000e-06	9.159032e-07	1.789092e-10	6.891977e+00	1.755564e+01
3.530000e-06	9.362194e-07	2.324550e-10	7.044853e+00	2.164625e+01
3.540000e-06	9.565698e-07	2.883780e-10	7.197985e+00	2.575640e+01
3.550000e-06	9.769228e-07	3.515657e-10	7.351137e+00	2.988618e+01
3.560000e-06	9.972473e-07	4.190885e-10	7.504074e+00	3.403553e+01
3.570000e-06	1.017476e-06	4.830023e-10	7.656291e+00	3.820422e+01
3.580000e-06	1.037741e-06	5.412515e-10	7.808781e+00	4.239189e+01
3.590000e-06	1.058053e-06	6.034764e-10	7.961623e+00	4.659808e+01
3.600000e-06	1.078352e-06	6.706736e-10	8.114367e+00	5.082220e+01
3.610000e-06	1.098671e-06	7.357888e-10	8.267263e+00	5.506361e+01
3.620000e-06	1.118942e-06	7.978196e-10	8.419803e+00	5.932159e+01
3.630000e-06	1.139120e-06	8.614636e-10	8.571634e+00	6.359541e+01
3.640000e-06	1.159284e-06	9.293440e-10	8.723368e+00	6.788432e+01
3.650000e-06	1.179521e-06	9.941874e-10	8.875643e+00	7.218757e+01
3.660000e-06	1.199767e-06	1.054640e-09	9.027990e+00	7.650443e+01
3.670000e-06	1.219977e-06	1.117930e-09	9.180065e+00	8.083421e+01
3.680000e-06	1.240187e-06	1.186807e-09	9.332145e+00	8.517623e+01
3.690000e-06	1.260384e-06	1.254585e-09	9.484122e+00	8.952982e+01
3.700000e-06	1.280593e-06	1.318161e-09	9.636187e+00	9.389436e+01
3.710000e-06	1.300812e-06	1.381800e-09	9.788334e+00	9.826919e+01
3.720000e-06	1.320989e-06	1.448491e-09	9.940160e+00	1.026537e+02
3.730000e-06	1.341081e-06	1.515492e-09	1.009135e+01	1.070471e+02
3.740000e-06	1.361190e-06	1.579197e-09	1.024267e+01	1.114486e+02
3.750000e-06	1.381333e-06	1.641552e-09	1.039423e+01	1.158574e+02
3.760000e-06	1.401402e-06	1.705201e-09	1.054525e+01	1.202726e+02
3.770000e-06	1.421484e-06	1.774799e-09	1.069637e+01	1.246930e+02
3.780000e-06	1.441597e-06	1.846729e-09	1.084771e+01	1.291175e+02
3.790000e-06	1.461647e-06	1.915017e-09	1.099859e+01	1.335445e+02
3.800000e-06	1.481677e-06	1.982612e-09	1.114930e+01	1.379726e+02
3.810000e-06	1.501729e-06	2.050255e-09	1.130019e+01	1.424002e+02
3.820000e-06	1.521712e-06	2.115779e-09	1.145056e+01	1.468254e+02
3.830000e-06	1.541680e-06	2.179414e-09	1.160082e+01	1.512462e+02
3.840000e-06	1.561503e-06	2.239935e-09	1.174998e+01	1.556606e+02
3.850000e-06	1.581205e-06	2.300979e-09	1.189823e+01	1.600665e+02
3.860000e-06	1.600987e-06	2.367331e-09	1.204709e+01	1.644616e+02
3.870000e-06	1.620757e-06	2.440212e-09	1.219585e+01	1.688439e+02
3.880000e-06	1.640479e-06	2.515271e-09	1.234425e+01	1.732111e+02
3.890000e-06	1.660217e-06	2.583035e-09	1.249278e+01	1.775610e+02
3.900000e-06	1.679933e-06	2.643359e-09	1.264114e+01	1.818915e+02
3.910000e-06	1.699621e-06	2.699590e-09	1.278929e+01	1.862006e+02
3.920000e-06	1.719374e-06	2.757897e-09	1.293792e+01	1.904864e+02
3.930000e-06	1.738973e-06	2.817103e-09	1.308541e+01	1.947470e+02
3.940000e-06	1.758352e-06	2.873490e-09	1.323123e+01	1.989808e+02
3.950000e-06	1.777675e-06	2.936133e-09	1.337663e+01	2.031862e+02
3.960000e-06	1.797031e-06	3.010196e-09	1.352227e+01	2.073618e+02
3.970000e-06	1.816378e-06	3.090220e-09	1.366786e+01	2.115061e+02
3.980000e-06	1.835562e-06	3.158154e-09	1.381221e+01	2.156181e+02
3.990000e-06	1.854637e-06	3.211558e-09	1.395575e+01	2.196966e+02
4.000000e-06	1.873794e-06	3.260223e-09	1.409990e+01	2.237406e+02
4.010000e-06	1.892987e-06	3.309591e-09	1.424432e+01	2.277492e+02
4.020000e-06	1.912073e-06	3.358448e-09	1.438794e+01	2.317217e+02
4.030000e-06	1.931159e-06	3.406263e-09	1.453156e+01	2.356574e+02
4.040000e-06	1.950252e-06	3.466283e-09	1.467523e+01	2.395556e+02
4.050000e-06	1.969080e-06	3.537756e-09	1.481691e+01	2.434159e+02
4.060000e-06	1.987751e-06	3.609487e-09	1.495741e+01	2.472379e+02
4.070000e-06	2.006412e-06	3.672075e-09	1.509783e+01	2.510213e+02
4.080000e-06	2.024948e-06	3.720901e-09	1.523730e+01	2.547661e+02
4.090000e-06	2.043471e-06	3.762128e-09	1.537669e+01	2.584724e+02
4.100000e-06	2.061908e-06	3.803318e-09	1.551542e+01	2.621403e+02
4.110000e-06	2.080230e-06	3.848566e-09	1.565329e+01	2.657703e+02
4.120000e-06	2.098680e-06	3.899565e-09	1.579212e+01	2.693630e+02
4.130000e-06	2.117172e-06	3.957626e-09	1.593127e+01	2.729192e+02
4.140000e-06	2.135411e-06	4.018819e-09	1.606852e+01	2.764399e+02
4.150000e-06	2.153562e-06	4.077254e-09	1.620510e+01	2.799263e+02
4.160000e-06	2.171774e-06	4.127831e-09	1.634214e+01	2.833796e+02
4.170000e-06	2.189852e-06	4.169373e-09	1.647817e+01	2.868014e+02
4.180000e-06	2.207900e-06	4.212564e-09	1.661398e+01	2.901930e+02
4.190000e-06	2.225820e-06	4.258348e-09	1.674882e+01	2.935562e+02
4.200000e-06	2.243678e-06	4.302937e-09	1.688320e+01	2.968924e+02
4.210000e-06	2.261810e-06	4.349869e-09	1.701964e+01	3.002031e+02
4.220000e-06	2.279854e-06	4.403211e-09	1.715541e+01	3.034898e+02
4.230000e-06	2.297654e-06	4.459411e-09	1.728936e+01	3.067537e+02
4.240000e-06	2.315459e-06	4.509838e-09	1.742334e+01	3.099957e+02
4.250000e-06	2.333217e-06	4.554844e-09	1.755697e+01	3.132167e+02
4.260000e-06	2.350988e-06	4.597310e-09	1.769068e+01	3.164171e+02
4.270000e-06	2.368799e-06	4.644066e-09	1.782471e+01	3.195972e+02
4.280000e-06	2.386472e-06	4.692322e-09	1.795770e+01	3.227568e+02
4.290000e-06	2.404106e-06	4.736237e-09	1.809039e+01	3.258955e+02
4.300000e-06	2.421663e-06	4.779200e-09	1.822250e+01	3.290126e+02
4.310000e-06	2.439093e-06	4.822915e-09	1.835366e+01	3.321072e+02
4.320000e-06	2.456671e-06	4.864916e-09	1.848593e+01	3.351780e+02
4.330000e-06	2.474209e-06	4.904692e-09	1.861790e+01	3.382239e+02
4.340000e-06	2.491570e-06	4.948715e-09	1.874854e+01	3.412433e+02
4.350000e-06	2.508835e-06	4.994627e-09	1.887845e+01	3.442348e+02
4.360000e-06	2.526030e-06	5.041001e-09	1.900784e+01	3.471971e+02
4.370000e-06	2.543289e-06	5.087507e-09	1.913771e+01	3.501288e+02
4.380000e-06	2.560554e-06	5.132228e-09	1.926762e+01	3.530288e+02
4.390000e-06	2.577732e-06	5.175635e-09	1.939689e+01	3.558962e+02
4.400000e-06	2.594877e-06	5.213512e-09	1.952590e+01	3.587304e+02
4.410000e-06	2.611977e-06	5.249411e-09	1.965457e+01	3.615310e+02
4.420000e-06	2.628921e-06	5.286979e-09	1.978207e+01	3.642980e+02
4.430000e-06	2.645824e-06	5.328904e-09	1.990926e+01	3.670315e+02
4.440000e-06	2.662675e-06	5.369506e-09	2.003606e+01	3.697321e+02
4.450000e-06	2.679425e-06	5.408081e-09	2.016211e+01	3.724005e+02
4.460000e-06	2.696113e-06	5.452125e-09	2.028768e+01	3.750377e+02
4.470000e-06	2.712738e-06	5.494956e-09	2.041278e+01	3.776447e+02
4.480000e-06	2.729160e-06	5.532580e-09	2.053635e+01	3.802227e+02
4.490000e-06	2.745346e-06	5.563981e-09	2.065815e+01	3.827729e+02
4.500000e-06	2.761602e-06	5.595422e-09	2.078047e+01	3.852963e+02
4.510000e-06	2.777759e-06	5.630599e-09	2.090205e+01	3.877939e+02
4.520000e-06	2.793850e-06	5.666706e-09	2.102313e+01	3.902664e+02
4.530000e-06	2.809968e-06	5.703986e-09	2.114441e+01	3.927143e+02
4.540000e-06	2.825783e-06	5.739390e-09	2.126342e+01	3.951378e+02
4.550000e-06	2.841454e-06	5.776970e-09	2.138134e+01	3.975369e+02
4.560000e-06	2.857240e-06	5.812630e-09	2.150013e+01	3.999112e+02
4.570000e-06	2.872628e-06	5.843519e-09	2.161592e+01	4.022599e+02
4.580000e-06	2.887696e-06	5.876025e-09	2.172930e+01	4.045821e+02
4.590000e-06	2.902907e-06	5.909750e-09	2.184376e+01	4.068766e+02
4.600000e-06	2.918106e-06	5.944206e-09	2.195813e+01	4.091421e+02
4.610000e-06	2.933165e-06	5.976332e-09	2.207145e+01	4.113770e+02
4.620000e-06	2.947968e-06	6.007536e-09	2.218283e+01	4.135799e+02
4.630000e-06	2.962698e-06	6.041251e-09	2.229368e+01	4.157493e+02
4.640000e-06	2.977417e-06	6.074713e-09	2.240443e+01	4.178839e+02
4.650000e-06	2.992056e-06	6.105738e-09	2.251459e+01	4.199825e+02
4.660000e-06	3.006676e-06	6.135124e-09	2.262460e+01	4.220441e+02
4.670000e-06	3.021140e-06	6.163635e-09	2.273344e+01	4.240681e+02
4.680000e-06	3.035491e-06	6.191174e-09	2.284142e+01	4.260542e+02
4.690000e-06	3.049851e-06	6.221318e-09	2.294948e+01	4.280025e+02
4.700000e-06	3.064211e-06	6.251234e-09	2.305754e+01	4.299133e+02
4.710000e-06	3.078532e-06	6.280104e-09	2.316530e+01	4.317874e+02
4.720000e-06	3.092713e-06	6.311564e-09	2.327201e+01	4.336259e+02
4.730000e-06	3.106815e-06	6.340037e-09	2.337813e+01	4.354300e+02
4.740000e-06	3.120975e-06	6.363408e-09	2.348468e+01	4.372013e+02
4.750000e-06	3.135106e-06	6.385096e-09	2.359101e+01	4.389417e+02
4.760000e-06	3.149094e-06	6.405813e-09	2.369627e+01	4.406529e+02
4.770000e-06	3.162882e-06	6.429835e-09	2.380001e+01	4.423368e+02
4.780000e-06	3.176566e-06	6.455130e-09	2.390299e+01	4.439953e+02
4.790000e-06	3.190178e-06	6.480480e-09	2.400541e+01	4.456304e+02
4.800000e-06	3.203588e-06	6.509156e-09	2.410632e+01	4.472437e+02
4.810000e-06	3.216953e-06	6.534618e-09	2.420689e+01	4.488369e+02
4.820000e-06	3.230309e-06	6.558990e-09	2.430739e+01	4.504113e+02
4.830000e-06	3.243614e-06	6.579958e-09	2.440751e+01	4.519683e+02
4.840000e-06	3.256881e-06	6.602198e-09	2.450734e+01	4.535089e+02
4.850000e-06	3.270006e-06	6.628436e-09	2.460610e+01	4.550341e+02
4.860000e-06	3.282975e-06	6.652920e-09	2.470369e+01	4.565446e+02
4.870000e-06	3.295834e-06	6.678026e-09	2.480045e+01	4.580411e+02
4.880000e-06	3.308645e-06	6.700833e-09	2.489685e+01	4.595242e+02
4.890000e-06	3.321392e-06	6.725105e-09	2.499277e+01	4.609945e+02
4.900000e-06	3.334088e-06	6.749727e-09	2.508831e+01	4.624522e+02
4.910000e-06	3.346712e-06	6.774597e-09	2.518330e+01	4.638981e+02
4.920000e-06	3.359144e-06	6.800496e-09	2.527685e+01	4.653325e+02
4.930000e-06	3.371474e-06	6.822300e-09	2.536963e+01	4.667560e+02
4.940000e-06	3.383785e-06	6.842310e-09	2.546226e+01	4.681692e+02
4.950000e-06	3.396080e-06	6.861584e-09	2.555478e+01	4.695727e+02
4.960000e-06	3.408239e-06	6.881774e-09	2.564628e+01	4.709669e+02
4.970000e-06	3.420183e-06	6.902722e-09	2.573615e+01	4.723527e+02
4.980000e-06	3.432196e-06	6.926869e-09	2.582655e+01	4.737304e+02
4.990000e-06	3.444252e-06	6.954080e-09	2.591727e+01	4.751005e+02
5.000000e-06	3.456242e-06	6.980275e-09	2.600749e+01	4.764634e+02
5.010000e-06	3.468194e-06	7.006280e-09	2.609743e+01	4.778192e+02
5.020000e-06	3.479952e-06	7.029426e-09	2.618590e+01	4.791679e+02
5.030000e-06	3.491617e-06	7.049929e-09	2.627368e+01	4.805094e+02
5.040000e-06	3.503158e-06	7.067042e-09	2.636052e+01	4.818432e+02
5.050000e-06	3.514571e-06	7.086933e-09	2.644640e+01	4.831685e+02
5.060000e-06	3.525901e-06	7.110489e-09	2.653166e+01	4.844846e+02
5.070000e-06	3.536951e-06	7.131720e-09	2.661481e+01	4.857904e+02
5.080000e-06	3.547935e-06	7.153836e-09	2.669746e+01	4.870846e+02
5.090000e-06	3.558884e-06	7.178038e-09	2.677985e+01	4.883658e+02
5.100000e-06	3.569590e-06	7.203457e-09	2.686041e+01	4.896326e+02
5.110000e-06	3.580065e-06	7.223563e-09	2.693923e+01	4.908835e+02
5.120000e-06	3.590429e-06	7.238587e-09	2.701722e+01	4.921172e+02
5.130000e-06	3.600550e-06	7.254501e-09	2.709337e+01	4.933324e+02
5.140000e-06	3.610512e-06	7.273131e-09	2.716834e+01	4.945278e+02
5.150000e-06	3.620387e-06	7.293673e-09	2.724264e+01	4.957027e+02
5.160000e-06	3.630085e-06	7.310770e-09	2.731562e+01	4.968563e+02
5.170000e-06	3.639749e-06	7.329048e-09	2.738834e+01	4.979882e+02
5.180000e-06	3.649125e-06	7.350268e-09	2.745889e+01	4.990984e+02
5.190000e-06	3.658348e-06	7.372725e-09	2.752830e+01	5.001869e+02
5.200000e-06	3.667622e-06	7.396584e-09	2.759808e+01	5.012541e+02
5.210000e-06	3.676617e-06	7.415821e-09	2.766576e+01	5.023007e+02
5.220000e-06	3.685432e-06	7.430171e-09	2.773210e+01	5.033273e+02
5.230000e-06	3.694374e-06	7.442658e-09	2.779938e+01	5.043349e+02
5.240000e-06	3.703281e-06	7.458702e-09	2.786640e+01	5.053241e+02
5.250000e-06	3.711974e-06	7.476046e-09	2.793182e+01	5.062959e+02
5.260000e-06	3.720473e-06	7.491181e-09	2.799577e+01	5.072509e+02
5.270000e-06	3.728878e-06	7.505497e-09	2.805902e+01	5.081896e+02
5.280000e-06	3.737244e-06	7.519213e-09	2.812197e+01	5.091121e+02
5.290000e-06	3.745608e-06	7.536205e-09	2.818490e+01	5.100184e+02
5.300000e-06	3.753917e-06	7.553694e-09	2.824743e+01	5.109083e+02
5.310000e-06	3.762086e-06	7.567216e-09	2.830890e+01	5.117810e+02
5.320000e-06	3.770233e-06	7.577877e-09	2.837020e+01	5.126357e+02
5.330000e-06	3.778389e-06	7.590144e-09	2.843158e+01	5.134712e+02
5.340000e-06	3.786476e-06	7.603621e-09	2.849243e+01	5.142863e+02
5.350000e-06	3.794522e-06	7.614064e-09	2.855298e+01	5.150794e+02
5.360000e-06	3.802500e-06	7.625224e-09	2.861300e+01	5.158491e+02
5.370000e-06	3.810257e-06	7.638678e-09	2.867138e+01	5.165942e+02
5.380000e-06	3.818037e-06	7.654172e-09	2.872992e+01	5.173134e+02
5.390000e-06	3.825923e-06	7.668433e-09	2.878926e+01	5.180058e+02
5.400000e-06	3.833638e-06	7.680322e-09	2.884731e+01	5.186710e+02
5.410000e-06	3.841134e-06	7.691337e-09	2.890372e+01	5.193087e+02
5.420000e-06	3.848581e-06	7.701297e-09	2.895976e+01	5.199195e+02
5.430000e-06	3.856069e-06	7.711790e-09	2.901610e+01	5.205041e+02
5.440000e-06	3.863394e-06	7.721226e-09	2.907122e+01	5.210640e+02
5.450000e-06	3.870590e-06	7.731593e-09	2.912537e+01	5.216011e+02
5.460000e-06	3.877880e-06	7.744398e-09	2.918023e+01	5.221179e+02
5.470000e-06	3.885006e-06	7.757907e-09	2.923385e+01	5.226171e+02
5.480000e-06	3.891843e-06	7.771957e-09	2.928529e+01	5.231018e+02
5.490000e-06	3.898561e-06	7.785106e-09	2.933585e+01	5.235752e+02
5.500000e-06	3.905118e-06	7.794740e-09	2.938518e+01	5.240409e+02
5.510000e-06	3.911600e-06	7.802040e-09	2.943396e+01	5.245020e+02
5.520000e-06	3.918024e-06	7.807842e-09	2.948230e+01	5.249618e+02
5.530000e-06	3.924387e-06	7.811207e-09	2.953018e+01	5.254230e+02
5.540000e-06	3.930737e-06	7.817220e-09	2.957796e+01	5.258883e+02
5.550000e-06	3.936946e-06	7.826683e-09	2.962469e+01	5.263595e+02
5.560000e-06	3.943094e-06	7.837663e-09	2.967095e+01	5.268382e+02
5.570000e-06	3.949166e-06	7.850170e-09	2.971664e+01	5.273251e+02
5.580000e-06	3.955201e-06	7.862534e-09	2.976205e+01	5.278206e+02
5.590000e-06	3.961078e-06	7.876782e-09	2.980627e+01	5.283244e+02
5.600000e-06	3.966705e-06	7.889594e-09	2.984862e+01	5.288354e+02
5.610000e-06	3.972386e-06	7.898708e-09	2.989136e+01	5.293525e+02
5.620000e-06	3.977860e-06	7.906782e-09	2.993256e+01	5.298740e+02
5.630000e-06	3.983176e-06	7.916414e-09	2.997255e+01	5.303977e+02
5.640000e-06	3.988477e-06	7.930591e-09	3.001244e+01	5.309215e+02
5.650000e-06	3.993501e-06	7.939716e-09	3.005025e+01	5.314433e+02
5.660000e-06	3.998401e-06	7.945629e-09	3.008712e+01	5.319608e+02
5.670000e-06	4.003322e-06	7.952791e-09	3.012415e+01	5.324720e+02
5.680000e-06	4.008111e-06	7.962276e-09	3.016019e+01	5.329754e+02
5.690000e-06	4.012781e-06	7.976896e-09	3.019532e+01	5.334693e+02
5.700000e-06	4.017422e-06	7.989520e-09	3.023025e+01	5.339529e+02
5.710000e-06	4.021972e-06	8.007390e-09	3.026449e+01	5.344255e+02
5.720000e-06	4.026411e-06	8.024166e-09	3.029789e+01	5.348868e+02
5.730000e-06	4.030774e-06	8.032865e-09	3.033072e+01	5.353369e+02
5.740000e-06	4.035117e-06	8.034865e-09	3.036340e+01	5.357762e+02
5.750000e-06	4.039479e-06	8.033091e-09	3.039622e+01	5.362054e+02
5.760000e-06	4.043777e-06	8.037410e-09	3.042857e+01	5.366252e+02
5.770000e-06	4.048021e-06	8.044895e-09	3.046050e+01	5.370363e+02
5.780000e-06	4.052187e-06	8.058385e-09	3.049185e+01	5.374395e+02
5.790000e-06	4.056290e-06	8.078781e-09	3.052272e+01	5.378354e+02
5.800000e-06	4.060381e-06	8.101007e-09	3.055351e+01	5.382241e+02
5.810000e-06	4.064454e-06	8.116257e-09	3.058416e+01	5.386058e+02
5.820000e-06	4.068468e-06	8.116574e-09	3.061436e+01	5.389799e+02
5.830000e-06	4.072311e-06	8.112339e-09	3.064328e+01	5.393459e+02
5.840000e-06	4.076079e-06	8.110694e-09	3.067163e+01	5.397024e+02
5.850000e-06	4.079826e-06	8.114236e-09	3.069982e+01	5.400481e+02
5.860000e-06	4.083364e-06	8.118568e-09	3.072645e+01	5.403812e+02
5.870000e-06	4.086762e-06	8.124314e-09	3.075202e+01	5.406996e+02
5.880000e-06	4.090168e-06	8.136716e-09	3.077765e+01	5.410014e+02
5.890000e-06	4.093406e-06	8.150800e-09	3.080202e+01	5.412845e+02
5.900000e-06	4.096446e-06	8.160001e-09	3.082489e+01	5.415471e+02
5.910000e-06	4.099239e-06	8.162668e-09	3.084590e+01	5.417874e+02
5.920000e-06	4.101672e-06	8.167313e-09	3.086422e+01	5.420044e+02
5.930000e-06	4.103939e-06	8.172267e-09	3.088127e+01	5.421971e+02
5.940000e-06	4.106197e-06	8.175278e-09	3.089826e+01	5.423654e+02
5.950000e-06	4.108409e-06	8.175474e-09	3.091491e+01	5.425098e+02
5.960000e-06	4.110413e-06	8.177348e-09	3.092998e+01	5.426313e+02
5.970000e-06	4.112159e-06	8.185529e-09	3.094312e+01	5.427315e+02
5.980000e-06	4.113668e-06	8.190682e-09	3.095448e+01	5.428128e+02
5.990000e-06	4.115148e-06	8.195427e-09	3.096562e+01	5.428778e+02
6.000000e-06	4.116629e-06	8.200443e-09	3.097676e+01	5.429297e+02
6.010000e-06	4.117835e-06	8.202159e-09	3.098584e+01	5.429719e+02
6.020000e-06	4.118708e-06	8.204507e-09	3.099241e+01	5.430080e+02
6.030000e-06	4.119321e-06	8.204973e-09	3.099702e+01	5.430413e+02
6.040000e-06	4.119956e-06	8.203969e-09	3.100179e+01	5.430752e+02
6.050000e-06	4.120616e-06	8.207573e-09	3.100676e+01	5.431124e+02
6.060000e-06	4.121107e-06	8.224089e-09	3.101046e+01	5.431555e+02
6.070000e-06	4.121497e-06	8.253359e-09	3.101339e+01	5.432060e+02
6.080000e-06	4.121897e-06	8.281125e-09	3.101640e+01	5.432651e+02
6.090000e-06	4.122256e-06	8.273923e-09	3.101910e+01	5.433329e+02
6.100000e-06	4.122537e-06	8.237211e-09	3.102122e+01	5.434090e+02
6.110000e-06	4.122818e-06	8.231064e-09	3.102333e+01	5.434919e+02
6.120000e-06	4.123018e-06	8.222515e-09	3.102483e+01	5.435796e+02
6.130000e-06	4.123067e-06	8.209795e-09	3.102521e+01	5.436695e+02
6.140000e-06	4.123106e-06	8.212133e-09	3.102550e+01	5.437584e+02
6.150000e-06	4.123225e-06	8.205121e-09	3.102640e+01	5.438428e+02
6.160000e-06	4.123359e-06	8.195136e-09	3.102740e+01	5.439192e+02
6.170000e-06	4.123337e-06	8.199697e-09	3.102724e+01	5.439838e+02
6.180000e-06	4.123174e-06	8.175379e-09	3.102601e+01	5.440333e+02
6.190000e-06	4.122849e-06	8.098976e-09	3.102357e+01	5.440648e+02
6.200000e-06	4.122430e-06	8.203065e-09	3.102041e+01	5.440757e+02
6.210000e-06	4.121852e-06	8.328074e-09	3.101607e+01	5.440643e+02
6.220000e-06	4.121123e-06	8.402369e-09	3.101058e+01	5.440297e+02
6.230000e-06	4.120343e-06	8.503824e-09	3.100471e+01	5.439718e+02
6.240000e-06	4.119389e-06	8.489210e-09	3.099753e+01	5.438912e+02
6.250000e-06	4.118349e-06	8.337137e-09	3.098970e+01	5.437898e+02
6.260000e-06	4.117283e-06	8.196497e-09	3.098169e+01	5.436698e+02
6.270000e-06	4.116082e-06	8.258595e-09	3.097264e+01	5.435346e+02
6.280000e-06	4.114703e-06	8.204606e-09	3.096226e+01	5.433876e+02
6.290000e-06	4.113182e-06	8.225371e-09	3.095083e+01	5.432332e+02
6.300000e-06	4.111580e-06	8.323807e-09	3.093877e+01	5.430755e+02
6.310000e-06	4.109918e-06	8.347514e-09	3.092626e+01	5.429191e+02
6.320000e-06	4.108223e-06	8.386869e-09	3.091351e+01	5.427680e+02
6.330000e-06	4.106404e-06	8.317007e-09	3.089982e+01	5.426261e+02
6.340000e-06	4.104555e-06	8.323836e-09	3.088591e+01	5.424967e+02
6.350000e-06	4.102625e-06	8.255546e-09	3.087138e+01	5.423826e+02
6.360000e-06	4.100567e-06	8.253192e-09	3.085590e+01	5.422853e+02
6.370000e-06	4.098464e-06	8.302232e-09	3.084007e+01	5.422061e+02
6.380000e-06	4.096266e-06	8.322829e-09	3.082353e+01	5.421448e+02
6.390000e-06	4.094078e-06	8.357644e-09	3.080707e+01	5.421006e+02
6.400000e-06	4.091712e-06	8.300551e-09	3.078927e+01	5.420716e+02
6.410000e-06	4.089237e-06	8.357593e-09	3.077064e+01	5.420553e+02
6.420000e-06	4.086574e-06	8.314274e-09	3.075061e+01	5.420483e+02
6.430000e-06	4.083730e-06	8.270400e-09	3.072920e+01	5.420468e+02
6.440000e-06	4.080780e-06	8.288057e-09	3.070700e+01	5.420465e+02
6.450000e-06	4.077649e-06	8.317232e-09	3.068344e+01	5.420428e+02
6.460000e-06	4.074556e-06	8.375103e-09	3.066017e+01	5.420311e+02
6.470000e-06	4.071336e-06	8.321798e-09	3.063594e+01	5.420068e+02
6.480000e-06	4.067999e-06	8.323497e-09	3.061083e+01	5.419659e+02
6.490000e-06	4.064543e-06	8.279321e-09	3.058482e+01	5.419045e+02
6.500000e-06	4.060970e-06	8.280420e-09	3.055794e+01	5.418193e+02
6.510000e-06	4.057414e-06	8.311133e-09	3.053118e+01	5.417076e+02
6.520000e-06	4.053744e-06	8.318720e-09	3.050356e+01	5.415677e+02
6.530000e-06	4.050057e-06	8.360816e-09	3.047582e+01	5.413983e+02
6.540000e-06	4.046374e-06	8.322195e-09	3.044811e+01	5.411989e+02
6.550000e-06	4.042627e-06	8.343505e-09	3.041991e+01	5.409699e+02
6.560000e-06	4.038829e-06	8.324683e-09	3.039133e+01	5.407122e+02
6.570000e-06	4.035043e-06	8.286959e-09	3.036284e+01	5.404272e+02
6.580000e-06	4.031204e-06	8.263124e-09	3.033396e+01	5.401169e+02
6.590000e-06	4.027309e-06	8.273554e-09	3.030465e+01	5.397836e+02
6.600000e-06	4.023320e-06	8.347022e-09	3.027463e+01	5.394300e+02
6.610000e-06	4.019222e-06	8.312497e-09	3.024380e+01	5.390587e+02
6.620000e-06	4.015046e-06	8.289204e-09	3.021237e+01	5.386724e+02
6.630000e-06	4.010715e-06	8.281618e-09	3.017978e+01	5.382739e+02
6.640000e-06	4.006379e-06	8.300190e-09	3.014715e+01	5.378655e+02
6.650000e-06	4.001918e-06	8.282532e-09	3.011358e+01	5.374494e+02
6.660000e-06	3.997185e-06	8.235477e-09	3.007797e+01	5.370277e+02
6.670000e-06	3.992241e-06	8.271983e-09	3.004077e+01	5.366019e+02
6.680000e-06	3.987170e-06	8.267470e-09	3.000261e+01	5.361732e+02
6.690000e-06	3.982000e-06	8.267008e-09	2.996371e+01	5.357427e+02
6.700000e-06	3.976571e-06	8.256993e-09	2.992285e+01	5.353109e+02
6.710000e-06	3.970970e-06	8.260257e-09	2.988070e+01	5.348782e+02
6.720000e-06	3.965292e-06	8.248329e-09	2.983798e+01	5.344447e+02
6.730000e-06	3.959391e-06	8.222930e-09	2.979358e+01	5.340104e+02
6.740000e-06	3.953238e-06	8.249021e-09	2.974728e+01	5.335750e+02
6.750000e-06	3.946742e-06	8.213709e-09	2.969840e+01	5.331384e+02
6.760000e-06	3.940001e-06	8.195791e-09	2.964767e+01	5.327002e+02
6.770000e-06	3.933290e-06	8.203954e-09	2.959718e+01	5.322603e+02
6.780000e-06	3.926551e-06	8.222661e-09	2.954646e+01	5.318185e+02
6.790000e-06	3.919667e-06	8.206633e-09	2.949466e+01	5.313746e+02
6.800000e-06	3.912538e-06	8.172450e-09	2.944102e+01	5.309287e+02
6.810000e-06	3.905217e-06	8.204250e-09	2.938593e+01	5.304808e+02
6.820000e-06	3.897871e-06	8.200125e-09	2.933066e+01	5.300313e+02
6.830000e-06	3.890548e-06	8.193866e-09	2.927555e+01	5.295803e+02
6.840000e-06	3.883134e-06	8.180981e-09	2.921976e+01	5.291283e+02
6.850000e-06	3.875606e-06	8.174298e-09	2.916311e+01	5.286756e+02
6.860000e-06	3.867996e-06	8.172792e-09	2.910585e+01	5.282226e+02
6.870000e-06	3.860323e-06	8.156302e-09	2.904811e+01	5.277698e+02
6.880000e-06	3.852669e-06	8.161791e-09	2.899052e+01	5.273174e+02
6.890000e-06	3.844986e-06	8.141356e-09	2.893270e+01	5.268657e+02
6.900000e-06	3.837148e-06	8.155182e-09	2.887373e+01	5.264150e+02
6.910000e-06	3.829164e-06	8.167604e-09	2.881365e+01	5.259654e+02
6.920000e-06	3.821158e-06	8.158298e-09	2.875340e+01	5.255167e+02
6.930000e-06	3.813211e-06	8.149099e-09	2.869360e+01	5.250690e+02
6.940000e-06	3.805219e-06	8.128816e-09	2.863347e+01	5.246219e+02
6.950000e-06	3.797193e-06	8.125703e-09	2.857307e+01	5.241751e+02
6.960000e-06	3.789025e-06	8.104941e-09	2.851161e+01	5.237280e+02
6.970000e-06	3.780627e-06	8.106371e-09	2.844842e+01	5.232803e+02
6.980000e-06	3.772307e-06	8.103865e-09	2.838581e+01	5.228312e+02
6.990000e-06	3.764059e-06	8.105725e-09	2.832375e+01	5.223799e+02
7.000000e-06	3.755667e-06	8.123209e-09	2.826060e+01	5.219258e+02
7.010000e-06	3.747140e-06	8.113507e-09	2.819643e+01	5.214679e+02
7.020000e-06	3.738479e-06	8.104844e-09	2.813126e+01	5.210054e+02
7.030000e-06	3.729697e-06	8.082098e-09	2.806518e+01	5.205373e+02
7.040000e-06	3.720810e-06	8.078402e-09	2.799831e+01	5.200627e+02
7.050000e-06	3.711750e-06	8.070241e-09	2.793013e+01	5.195806e+02
7.060000e-06	3.702550e-06	8.058742e-09	2.786090e+01	5.190899e+02
7.070000e-06	3.693290e-06	8.060554e-09	2.779122e+01	5.185895e+02
7.080000e-06	3.683938e-06	8.055866e-09	2.772085e+01	5.180785e+02
7.090000e-06	3.674424e-06	8.067587e-09	2.764926e+01	5.175556e+02
7.100000e-06	3.664850e-06	8.056661e-09	2.757722e+01	5.170199e+02
7.110000e-06	3.655182e-06	8.040224e-09	2.750447e+01	5.164703e+02
7.120000e-06	3.645379e-06	8.026231e-09	2.743070e+01	5.159057e+02
7.130000e-06	3.635523e-06	8.019434e-09	2.735654e+01	5.153252e+02
7.140000e-06	3.625600e-06	8.018851e-09	2.728187e+01	5.147280e+02
7.150000e-06	3.615676e-06	8.003461e-09	2.720720e+01	5.141132e+02
7.160000e-06	3.605664e-06	7.999647e-09	2.713186e+01	5.134804e+02
7.170000e-06	3.595554e-06	7.993366e-09	2.705578e+01	5.128289e+02
7.180000e-06	3.585310e-06	7.995865e-09	2.697870e+01	5.121587e+02
7.190000e-06	3.574972e-06	7.989170e-09	2.690090e+01	5.114695e+02
7.200000e-06	3.564631e-06	7.970245e-09	2.682309e+01	5.107616e+02
7.210000e-06	3.554260e-06	7.959031e-09	2.674506e+01	5.100354e+02
7.220000e-06	3.543826e-06	7.947217e-09	2.666654e+01	5.092914e+02
7.230000e-06	3.533207e-06	7.947118e-09	2.658664e+01	5.085306e+02
7.240000e-06	3.522578e-06	7.932163e-09	2.650665e+01	5.077538e+02
7.250000e-06	3.511798e-06	7.918766e-09	2.642553e+01	5.069622e+02
7.260000e-06	3.500789e-06	7.912533e-09	2.634270e+01	5.061571e+02
7.270000e-06	3.489737e-06	7.903552e-09	2.625953e+01	5.053399e+02
7.280000e-06	3.478592e-06	7.894790e-09	2.617567e+01	5.045119e+02
7.290000e-06	3.467317e-06	7.876435e-09	2.609082e+01	5.036745e+02
7.300000e-06	3.455925e-06	7.869121e-09	2.600510e+01	5.028290e+02
7.310000e-06	3.444574e-06	7.860440e-09	2.591969e+01	5.019765e+02
7.320000e-06	3.433168e-06	7.852207e-09	2.583386e+01	5.011181e+02
7.330000e-06	3.421644e-06	7.841596e-09	2.574715e+01	5.002544e+02
7.340000e-06	3.410065e-06	7.830108e-09	2.566001e+01	4.993862e+02
7.350000e-06	3.398287e-06	7.824168e-09	2.557139e+01	4.985138e+02
7.360000e-06	3.386374e-06	7.810837e-09	2.548175e+01	4.976372e+02
7.370000e-06	3.374313e-06	7.798641e-09	2.539099e+01	4.967564e+02
7.380000e-06	3.362190e-06	7.777134e-09	2.529977e+01	4.958710e+02
7.390000e-06	3.350102e-06	7.762273e-09	2.520880e+01	4.949805e+02
7.400000e-06	3.338020e-06	7.751014e-09	2.511789e+01	4.940844e+02
7.410000e-06	3.325889e-06	7.737675e-09	2.502661e+01	4.931819e+02
7.420000e-06	3.313514e-06	7.732641e-09	2.493349e+01	4.922723e+02
7.430000e-06	3.300957e-06	7.723359e-09	2.483900e+01	4.913549e+02
7.440000e-06	3.288378e-06	7.715398e-09	2.474435e+01	4.904292e+02
7.450000e-06	3.275726e-06	7.699348e-09	2.464914e+01	4.894946e+02
7.460000e-06	3.262891e-06	7.683161e-09	2.455257e+01	4.885509e+02
7.470000e-06	3.249874e-06	7.669705e-09	2.445461e+01	4.875981e+02
7.480000e-06	3.236710e-06	7.655047e-09	2.435556e+01	4.866363e+02
7.490000e-06	3.223502e-06	7.644198e-09	2.425617e+01	4.856659e+02
7.500000e-06	3.210208e-06	7.632307e-09	2.415613e+01	4.846876e+02
7.510000e-06	3.196543e-06	7.624946e-09	2.405331e+01	4.837022e+02
7.520000e-06	3.182908e-06	7.612454e-09	2.395071e+01	4.827108e+02
7.530000e-06	3.169299e-06	7.598907e-09	2.384830e+01	4.817145e+02
7.540000e-06	3.155417e-06	7.582574e-09	2.374384e+01	4.807146e+02
7.550000e-06	3.141450e-06	7.563337e-09	2.363875e+01	4.797124e+02
7.560000e-06	3.127276e-06	7.548739e-09	2.353209e+01	4.787091e+02
7.570000e-06	3.112991e-06	7.529330e-09	2.342459e+01	4.777057e+02
7.580000e-06	3.098534e-06	7.514057e-09	2.331582e+01	4.767033e+02
7.590000e-06	3.083861e-06	7.501885e-09	2.320540e+01	4.757024e+02
7.600000e-06	3.069077e-06	7.494093e-09	2.309415e+01	4.747035e+02
7.610000e-06	3.054130e-06	7.488514e-09	2.298168e+01	4.737068e+02
7.620000e-06	3.039070e-06	7.478624e-09	2.286836e+01	4.727120e+02
7.630000e-06	3.023941e-06	7.467786e-09	2.275452e+01	4.717186e+02
7.640000e-06	3.008631e-06	7.451706e-09	2.263931e+01	4.707257e+02
7.650000e-06	2.993142e-06	7.439382e-09	2.252276e+01	4.697322e+02
7.660000e-06	2.977635e-06	7.427657e-09	2.240607e+01	4.687366e+02
7.670000e-06	2.962100e-06	7.409415e-09	2.228918e+01	4.677374e+02
7.680000e-06	2.946486e-06	7.386062e-09	2.217169e+01	4.667329e+02
7.690000e-06	2.930798e-06	7.364607e-09	2.205363e+01	4.657211e+02
7.700000e-06	2.915107e-06	7.355786e-09	2.193556e+01	4.647002e+02
7.710000e-06	2.899414e-06	7.349778e-09	2.181748e+01	4.636685e+02
7.720000e-06	2.883683e-06	7.342887e-09	2.169910e+01	4.626242e+02
7.730000e-06	2.867960e-06	7.329308e-09	2.158079e+01	4.615658e+02
7.740000e-06	2.852206e-06	7.312536e-09	2.146224e+01	4.604921e+02
7.750000e-06	2.836365e-06	7.296700e-09	2.134305e+01	4.594019e+02
7.760000e-06	2.820526e-06	7.274617e-09	2.122386e+01	4.582945e+02
7.770000e-06	2.804649e-06	7.251986e-09	2.110439e+01	4.571692e+02
7.780000e-06	2.788746e-06	7.233163e-09	2.098472e+01	4.560257e+02
7.790000e-06	2.772866e-06	7.224018e-09	2.086523e+01	4.548640e+02
7.800000e-06	2.756945e-06	7.214408e-09	2.074543e+01	4.536842e+02
7.810000e-06	2.740936e-06	7.198608e-09	2.062496e+01	4.524866e+02
7.820000e-06	2.724873e-06	7.180744e-09	2.050409e+01	4.512715e+02
7.830000e-06	2.708754e-06	7.163054e-09	2.038280e+01	4.500395e+02
7.840000e-06	2.692554e-06	7.146795e-09	2.026090e+01	4.487910e+02
7.850000e-06	2.676253e-06	7.124030e-09	2.013824e+01	4.475265e+02
7.860000e-06	2.659809e-06	7.095998e-09	2.001450e+01	4.462465e+02
7.870000e-06	2.643346e-06	7.069437e-09	1.989062e+01	4.449512e+02
7.880000e-06	2.626869e-06	7.052166e-09	1.976663e+01	4.436408e+02
7.890000e-06	2.610162e-06	7.040293e-09	1.964092e+01	4.423156e+02
7.900000e-06	2.593313e-06	7.023652e-09	1.951413e+01	4.409755e+02
7.910000e-06	2.576569e-06	7.003248e-09	1.938813e+01	4.396204e+02
7.920000e-06	2.559752e-06	6.979144e-09	1.926159e+01	4.382500e+02
7.930000e-06	2.542841e-06	6.954174e-09	1.913434e+01	4.368643e+02
7.940000e-06	2.525996e-06	6.926788e-09	1.900758e+01	4.354629e+02
7.950000e-06	2.509165e-06	6.902226e-09	1.888093e+01	4.340456e+02
7.960000e-06	2.492147e-06	6.882374e-09	1.875288e+01	4.326124e+02
7.970000e-06	2.474929e-06	6.861830e-09	1.862332e+01	4.311630e+02
7.980000e-06	2.457728e-06	6.842912e-09	1.849389e+01	4.296977e+02
7.990000e-06	2.440474e-06	6.820363e-09	1.836405e+01	4.282166e+02
8.000000e-06	2.422995e-06	6.796083e-09	1.823252e+01	4.267202e+02
8.010000e-06	2.405520e-06	6.771313e-09	1.810103e+01	4.252090e+02
8.020000e-06	2.388081e-06	6.740324e-09	1.796980e+01	4.236840e+02
8.030000e-06	2.370496e-06	6.710465e-09	1.783748e+01	4.221459e+02
8.040000e-06	2.352808e-06	6.689157e-09	1.770438e+01	4.205959e+02
8.050000e-06	2.335157e-06	6.674996e-09	1.757156e+01	4.190352e+02
8.060000e-06	2.317525e-06	6.656147e-09	1.743888e+01	4.174651e+02
8.070000e-06	2.299828e-06	6.627799e-09	1.730572e+01	4.158868e+02
8.080000e-06	2.282061e-06	6.596783e-09	1.717203e+01	4.143016e+02
8.090000e-06	2.264133e-06	6.568549e-09	1.703712e+01	4.127107e+02
8.100000e-06	2.246162e-06	6.542904e-09	1.690189e+01	4.111151e+02
8.110000e-06	2.228235e-06	6.515887e-09	1.676700e+01	4.095159e+02
8.120000e-06	2.210304e-06	6.492596e-09	1.663207e+01	4.079137e+02
8.130000e-06	2.192322e-06	6.477524e-09	1.649676e+01	4.063091e+02
8.140000e-06	2.174262e-06	6.462301e-09	1.636086e+01	4.047025e+02
8.150000e-06	2.156161e-06	6.437288e-09	1.622466e+01	4.030939e+02
8.160000e-06	2.138099e-06	6.401598e-09	1.608874e+01	4.014833e+02
8.170000e-06	2.120077e-06	6.367669e-09	1.595313e+01	3.998704e+02
8.180000e-06	2.101929e-06	6.340861e-09	1.581657e+01	3.982549e+02
8.190000e-06	2.083641e-06	6.317571e-09	1.567895e+01	3.966361e+02
8.200000e-06	2.065321e-06	6.294083e-09	1.554110e+01	3.950134e+02
8.210000e-06	2.047013e-06	6.268289e-09	1.540334e+01	3.933862e+02
8.220000e-06	2.028690e-06	6.245575e-09	1.526546e+01	3.917538e+02
8.230000e-06	2.010258e-06	6.216630e-09	1.512677e+01	3.901157e+02
8.240000e-06	1.991785e-06	6.183961e-09	1.498776e+01	3.884712e+02
8.250000e-06	1.973249e-06	6.151731e-09	1.484828e+01	3.868199e+02
8.260000e-06	1.954512e-06	6.121571e-09	1.470729e+01	3.851614e+02
8.270000e-06	1.935697e-06	6.101004e-09	1.456571e+01	3.834955e+02
8.280000e-06	1.916905e-06	6.081723e-09	1.442430e+01	3.818221e+02
8.290000e-06	1.898020e-06	6.059462e-09	1.428220e+01	3.801411e+02
8.300000e-06	1.879042e-06	6.030079e-09	1.413939e+01	3.784524e+02
8.310000e-06	1.860169e-06	5.999748e-09	1.399738e+01	3.767563e+02
8.320000e-06	1.841214e-06	5.969950e-09	1.385474e+01	3.750526e+02
8.330000e-06	1.822171e-06	5.936226e-09	1.371145e+01	3.733414e+02
8.340000e-06	1.803209e-06	5.901631e-09	1.356877e+01	3.716226e+02
8.350000e-06	1.784128e-06	5.871212e-09	1.342519e+01	3.698960e+02
8.360000e-06	1.764824e-06	5.853707e-09	1.327992e+01	3.681612e+02
8.370000e-06	1.745548e-06	5.837309e-09	1.313488e+01	3.664176e+02
8.380000e-06	1.726373e-06	5.814192e-09	1.299059e+01	3.646644e+02
8.390000e-06	1.707125e-06	5.784635e-09	1.284576e+01	3.629006e+02
8.400000e-06	1.687784e-06	5.751708e-09	1.270022e+01	3.611250e+02
8.410000e-06	1.668294e-06	5.722507e-09	1.255356e+01	3.593362e+02
8.420000e-06	1.648791e-06	5.689145e-09	1.240680e+01	3.575326e+02
8.430000e-06	1.629365e-06	5.655849e-09	1.226062e+01	3.557123e+02
8.440000e-06	1.609857e-06	5.624904e-09	1.211383e+01	3.538736e+02
8.450000e-06	1.590262e-06	5.599921e-09	1.196639e+01	3.520146e+02
8.460000e-06	1.570632e-06	5.579642e-09	1.181867e+01	3.501335e+02
8.470000e-06	1.551008e-06	5.555224e-09	1.167101e+01	3.482283e+02
8.480000e-06	1.531380e-06	5.525696e-09	1.152331e+01	3.462976e+02
8.490000e-06	1.511788e-06	5.490162e-09	1.137588e+01	3.443397e+02
8.500000e-06	1.492199e-06	5.458621e-09	1.122848e+01	3.423536e+02
8.510000e-06	1.472583e-06	5.426158e-09	1.108088e+01	3.403383e+02
8.520000e-06	1.452983e-06	5.389249e-09	1.093339e+01	3.382932e+02
8.530000e-06	1.433253e-06	5.351950e-09	1.078492e+01	3.362180e+02
8.540000e-06	1.413464e-06	5.319288e-09	1.063602e+01	3.341128e+02
8.550000e-06	1.393698e-06	5.294511e-09	1.048728e+01	3.319782e+02
8.560000e-06	1.373956e-06	5.270360e-09	1.033873e+01	3.298148e+02
8.570000e-06	1.354233e-06	5.240292e-09	1.019031e+01	3.276238e+02
8.580000e-06	1.334474e-06	5.200613e-09	1.004163e+01	3.254065e+02
8.590000e-06	1.314733e-06	5.157513e-09	9.893087e+00	3.231645e+02
8.600000e-06	1.295074e-06	5.113772e-09	9.745155e+00	3.208995e+02
8.610000e-06	1.275385e-06	5.069516e-09	9.597005e+00	3.186135e+02
8.620000e-06	1.255599e-06	5.028515e-09	9.448119e+00	3.163083e+02
8.630000e-06	1.235788e-06	4.993509e-09	9.299046e+00	3.139859e+02
8.640000e-06	1.215979e-06	4.965589e-09	9.149985e+00	3.116482e+02
8.650000e-06	1.196169e-06	4.933967e-09	9.000921e+00	3.092968e+02
8.660000e-06	1.176367e-06	4.897941e-09	8.851914e+00	3.069335e+02
8.670000e-06	1.156539e-06	4.860180e-09	8.702712e+00	3.045597e+02
8.680000e-06	1.136677e-06	4.818272e-09	8.553252e+00	3.021767e+02
8.690000e-06	1.116846e-06	4.774411e-09	8.404033e+00	2.997854e+02
8.700000e-06	1.096964e-06	4.728773e-09	8.254421e+00	2.973867e+02
8.710000e-06	1.077001e-06	4.687641e-09	8.104206e+00	2.949812e+02
8.720000e-06	1.057099e-06	4.653708e-09	7.954448e+00	2.925693e+02
8.730000e-06	1.037232e-06	4.625173e-09	7.804951e+00	2.901512e+02
8.740000e-06	1.017328e-06	4.592425e-09	7.655178e+00	2.877268e+02
8.750000e-06	9.973947e-07	4.551010e-09	7.505183e+00	2.852962e+02
8.760000e-06	9.774487e-07	4.509854e-09	7.355094e+00	2.828590e+02
8.770000e-06	9.574892e-07	4.470582e-09	7.204904e+00	2.804149e+02
8.780000e-06	9.375353e-07	4.428223e-09	7.054754e+00	2.779635e+02
8.790000e-06	9.175203e-07	4.381179e-09	6.904146e+00	2.755045e+02
8.800000e-06	8.973484e-07	4.337969e-09	6.752356e+00	2.730374e+02
8.810000e-06	8.772178e-07	4.301907e-09	6.600878e+00	2.705617e+02
8.820000e-06	8.572098e-07	4.267703e-09	6.450322e+00	2.680771e+02
8.830000e-06	8.372350e-07	4.228850e-09	6.300016e+00	2.655832e+02
8.840000e-06	8.172573e-07	4.186698e-09	6.149688e+00	2.630796e+02
8.850000e-06	7.972105e-07	4.149355e-09	5.998840e+00	2.605660e+02
8.860000e-06	7.770666e-07	4.111680e-09	5.847261e+00	2.580420e+02
8.870000e-06	7.568664e-07	4.068974e-09	5.695259e+00	2.555073e+02
8.880000e-06	7.367434e-07	4.020713e-09	5.543838e+00	2.529616e+02
8.890000e-06	7.167251e-07	3.968259e-09	5.393204e+00	2.504046e+02
8.900000e-06	6.964538e-07	3.922700e-09	5.240667e+00	2.478359e+02
8.910000e-06	6.761204e-07	3.886776e-09	5.087663e+00	2.452550e+02
8.920000e-06	6.560215e-07	3.852978e-09	4.936422e+00	2.426615e+02
8.930000e-06	6.358960e-07	3.811504e-09	4.784983e+00	2.400549e+02
8.940000e-06	6.155974e-07	3.766304e-09	4.632240e+00	2.374345e+02
8.950000e-06	5.952509e-07	3.723581e-09	4.479137e+00	2.347997e+02
8.960000e-06	5.749170e-07	3.681165e-09	4.326129e+00	2.321496e+02
8.970000e-06	5.545717e-07	3.635256e-09	4.173035e+00	2.294834e+02
8.980000e-06	5.343205e-07	3.583702e-09	4.020649e+00	2.268003e+02
8.990000e-06	5.140049e-07	3.536715e-09	3.867778e+00	2.240992e+02
9.000000e-06	4.935766e-07	3.497399e-09	3.714060e+00	2.213791e+02
9.010000e-06	4.731134e-07	3.459147e-09	3.560078e+00	2.186390e+02
9.020000e-06	4.526924e-07	3.416600e-09	3.406415e+00	2.158778e+02
9.030000e-06	4.321447e-07	3.370858e-09	3.251797e+00	2.130945e+02
9.040000e-06	4.114786e-07	3.327679e-09	3.096289e+00	2.102880e+02
9.050000e-06	3.909992e-07	3.286290e-09	2.942186e+00	2.074574e+02
9.060000e-06	3.705746e-07	3.241404e-09	2.788496e+00	2.046016e+02
9.070000e-06	3.500909e-07	3.189861e-09	2.634360e+00	2.017199e+02
9.080000e-06	3.295165e-07	3.136405e-09	2.479542e+00	1.988115e+02
9.090000e-06	3.088543e-07	3.087473e-09	2.324063e+00	1.958757e+02
9.100000e-06	2.881386e-07	3.041305e-09	2.168182e+00	1.929119e+02
9.110000e-06	2.675642e-07	2.992843e-09	2.013364e+00	1.899198e+02
9.120000e-06	2.472195e-07	2.940104e-09	1.860275e+00	1.868991e+02
9.130000e-06	2.268345e-07	2.890812e-09	1.706881e+00	1.838496e+02
9.140000e-06	2.063261e-07	2.850384e-09	1.552560e+00	1.807712e+02
9.150000e-06	1.856333e-07	2.805807e-09	1.396851e+00	1.776642e+02
9.160000e-06	1.648389e-07	2.751409e-09	1.240378e+00	1.745286e+02
9.170000e-06	1.440880e-07	2.697288e-09	1.084232e+00	1.713649e+02
9.180000e-06	1.234476e-07	2.646866e-09	9.289168e-01	1.681735e+02
9.190000e-06	1.028616e-07	2.595866e-09	7.740116e-01	1.649548e+02
9.200000e-06	8.222228e-08	2.541073e-09	6.187053e-01	1.617095e+02
9.210000e-06	6.160802e-08	2.484347e-09	4.635873e-01	1.584383e+02
9.220000e-06	4.113336e-08	2.430639e-09	3.095198e-01	1.551416e+02
9.230000e-06	2.057018e-08	2.381590e-09	1.547863e-01	1.518204e+02
9.240000e-06	-1.053291e-10	2.328222e-09	-7.925792e-04	1.484751e+02
9.250000e-06	-2.065814e-08	2.270700e-09	-1.554481e-01	1.451066e+02
9.260000e-06	-4.147166e-08	2.214733e-09	-3.120654e-01	1.417154e+02
9.270000e-06	-6.238993e-08	2.162496e-09	-4.694710e-01	1.383021e+02
9.280000e-06	-8.314939e-08	2.109873e-09	-6.256815e-01	1.348672e+02
9.290000e-06	-1.038347e-07	2.051960e-09	-7.813340e-01	1.314112e+02
9.300000e-06	-1.244418e-07	1.993961e-09	-9.363983e-01	1.279346e+02
9.310000e-06	-1.450908e-07	1.940325e-09	-1.091778e+00	1.244377e+02
9.320000e-06	-1.658393e-07	1.890253e-09	-1.247905e+00	1.209208e+02
9.330000e-06	-1.864363e-07	1.836942e-09	-1.402893e+00	1.173841e+02
9.340000e-06	-2.068930e-07	1.781269e-09	-1.556826e+00	1.138280e+02
9.350000e-06	-2.274173e-07	1.724879e-09	-1.711267e+00	1.102525e+02
9.360000e-06	-2.479227e-07	1.666464e-09	-1.865566e+00	1.066579e+02
9.370000e-06	-2.682964e-07	1.608556e-09	-2.018873e+00	1.030444e+02
9.380000e-06	-2.885946e-07	1.551533e-09	-2.171613e+00	9.941227e+01
9.390000e-06	-3.090272e-07	1.495455e-09	-2.325364e+00	9.576172e+01
9.400000e-06	-3.295997e-07	1.435600e-09	-2.480168e+00	9.209309e+01
9.410000e-06	-3.502494e-07	1.373605e-09	-2.635552e+00	8.840674e+01
9.420000e-06	-3.708611e-07	1.314097e-09	-2.790651e+00	8.470311e+01
9.430000e-06	-3.913228e-07	1.254691e-09	-2.944621e+00	8.098268e+01
9.440000e-06	-4.117185e-07	1.194664e-09	-3.098095e+00	7.724600e+01
9.450000e-06	-4.320895e-07	1.134112e-09	-3.251382e+00	7.349368e+01
9.460000e-06	-4.524467e-07	1.075403e-09	-3.404565e+00	6.972634e+01
9.470000e-06	-4.728961e-07	1.017561e-09	-3.558443e+00	6.594464e+01
9.480000e-06	-4.932632e-07	9.577158e-10	-3.711701e+00	6.214923e+01
9.490000e-06	-5.135760e-07	8.972613e-10	-3.864550e+00	5.834074e+01
9.500000e-06	-5.339575e-07	8.363161e-10	-4.017917e+00	5.451975e+01
9.510000e-06	-5.543465e-07	7.757019e-10	-4.171340e+00	5.068678e+01
9.520000e-06	-5.746544e-07	7.181774e-10	-4.324152e+00	4.684225e+01
9.530000e-06	-5.949638e-07	6.628398e-10	-4.476976e+00	4.298647e+01
9.540000e-06	-6.152660e-07	6.048609e-10	-4.629746e+00	3.911962e+01
9.550000e-06	-6.355234e-07	5.435283e-10	-4.782179e+00	3.524176e+01
9.560000e-06	-6.558109e-07	4.814323e-10	-4.934838e+00	3.135276e+01
9.570000e-06	-6.759994e-07	4.173769e-10	-5.086753e+00	2.745238e+01
9.580000e-06	-6.960647e-07	3.506116e-10	-5.237739e+00	2.354022e+01
9.590000e-06	-7.161372e-07	2.832050e-10	-5.388781e+00	1.961575e+01
9.600000e-06	-7.362349e-07	2.232612e-10	-5.540011e+00	1.567834e+01
9.610000e-06	-7.562743e-07	1.681750e-10	-5.690804e+00	1.172724e+01
9.620000e-06	-7.763223e-07	1.120020e-10	-5.841661e+00	7.761671e+00
9.630000e-06	-7.965550e-07	5.555789e-11	-5.993907e+00	3.780796e+00
9.640000e-06	-8.167705e-07	-2.424697e-12	-6.146025e+00	-2.162152e-01
9.650000e-06	-8.368163e-07	-6.539159e-11	-6.296865e+00	-4.230164e+00
9.660000e-06	-8.568582e-07	-1.365589e-10	-6.447676e+00	-8.261790e+00
9.670000e-06	-8.768852e-07	-2.115678e-10	-6.598375e+00	-1.231174e+01
9.680000e-06	-8.968892e-07	-2.800166e-10	-6.748901e+00	-1.638056e+01
9.690000e-06	-9.168057e-07	-3.410561e-10	-6.898769e+00	-2.046865e+01
9.700000e-06	-9.367446e-07	-4.002432e-10	-7.048805e+00	-2.457627e+01
9.710000e-06	-9.567684e-07	-4.600971e-10	-7.199479e+00	-2.870351e+01
9.720000e-06	-9.767517e-07	-5.202437e-10	-7.349849e+00	-3.285034e+01
9.730000e-06	-9.966474e-07	-5.813926e-10	-7.499560e+00	-3.701654e+01
9.740000e-06	-1.016503e-06	-6.449781e-10	-7.648969e+00	-4.120177e+01
9.750000e-06	-1.036357e-06	-7.141233e-10	-7.798368e+00	-4.540559e+01
9.760000e-06	-1.056197e-06	-7.866131e-10	-7.947661e+00	-4.962742e+01
9.770000e-06	-1.076024e-06	-8.561435e-10	-8.096851e+00	-5.386661e+01
9.780000e-06	-1.095826e-06	-9.230616e-10	-8.245862e+00	-5.812248e+01
9.790000e-06	-1.115652e-06	-9.866295e-10	-8.395044e+00	-6.239427e+01
9.800000e-06	-1.135516e-06	-1.049411e-09	-8.544515e+00	-6.668125e+01
9.810000e-06	-1.155392e-06	-1.113535e-09	-8.694080e+00	-7.098266e+01
9.820000e-06	-1.175276e-06	-1.179050e-09	-8.843701e+00	-7.529777e+01
9.830000e-06	-1.195121e-06	-1.245280e-09	-8.993033e+00	-7.962589e+01
9.840000e-06	-1.214885e-06	-1.311135e-09	-9.141750e+00	-8.396632e+01
9.850000e-06	-1.234694e-06	-1.381108e-09	-9.290814e+00	-8.831842e+01
9.860000e-06	-1.254502e-06	-1.449875e-09	-9.439861e+00	-9.268154e+01
9.870000e-06	-1.274260e-06	-1.518498e-09	-9.588534e+00	-9.705503e+01
9.880000e-06	-1.294006e-06	-1.591043e-09	-9.737122e+00	-1.014382e+02
9.890000e-06	-1.313774e-06	-1.664393e-09	-9.885867e+00	-1.058305e+02
9.900000e-06	-1.333507e-06	-1.736123e-09	-1.003435e+01	-1.102310e+02
9.910000e-06	-1.353219e-06	-1.802680e-09	-1.018268e+01	-1.146389e+02
9.920000e-06	-1.372986e-06	-1.867937e-09	-1.033143e+01	-1.190532e+02
9.930000e-06	-1.392741e-06	-1.930940e-09	-1.048008e+01	-1.234729e+02
9.940000e-06	-1.412460e-06	-1.995908e-09	-1.062846e+01	-1.278969e+02
9.950000e-06	-1.432155e-06	-2.063127e-09	-1.077666e+01	-1.323236e+02
9.960000e-06	-1.451873e-06	-2.129682e-09	-1.092504e+01	-1.367516e+02
9.970000e-06	-1.471567e-06	-2.200713e-09	-1.107323e+01	-1.411792e+02
9.980000e-06	-1.491231e-06	-2.274674e-09	-1.122120e+01	-1.456047e+02
9.990000e-06	-1.510844e-06	-2.349391e-09	-1.136878e+01	-1.500261e+02
1.000000e-05	-1.530421e-06	-2.421148e-09	-1.151609e+01	-1.544413e+02
1.001000e-05	-1.550018e-06	-2.489839e-09	-1.166356e+01	-1.588483e+02
1.002000e-05	-1.569564e-06	-2.555807e-09	-1.181063e+01	-1.632448e+02
1.003000e-05	-1.589142e-06	-2.619737e-09	-1.195795e+01	-1.676287e+02
1.004000e-05	-1.608718e-06	-2.685288e-09	-1.210526e+01	-1.719978e+02
1.005000e-05	-1.628199e-06	-2.750342e-09	-1.225185e+01	-1.763499e+02
1.006000e-05	-1.647641e-06	-2.818447e-09	-1.239815e+01	-1.806829e+02
1.007000e-05	-1.667069e-06	-2.889539e-09	-1.254434e+01	-1.849947e+02
1.008000e-05	-1.686461e-06	-2.962271e-09	-1.269026e+01	-1.892834e+02
1.009000e-05	-1.705717e-06	-3.031274e-09	-1.283516e+01	-1.935472e+02
1.010000e-05	-1.724932e-06	-3.093200e-09	-1.297974e+01	-1.977844e+02
1.011000e-05	-1.744211e-06	-3.155530e-09	-1.312482e+01	-2.019933e+02
1.012000e-05	-1.763410e-06	-3.219929e-09	-1.326929e+01	-2.061726e+02
1.013000e-05	-1.782573e-06	-3.286611e-09	-1.341348e+01	-2.103208e+02
1.014000e-05	-1.801734e-06	-3.350471e-09	-1.355767e+01	-2.144368e+02
1.015000e-05	-1.820787e-06	-3.414792e-09	-1.370104e+01	-2.185194e+02
1.016000e-05	-1.839876e-06	-3.483204e-09	-1.384468e+01	-2.225677e+02
1.017000e-05	-1.858750e-06	-3.549555e-09	-1.398670e+01	-2.265807e+02
1.018000e-05	-1.877434e-06	-3.613961e-09	-1.412730e+01	-2.305577e+02
1.019000e-05	-1.896218e-06	-3.675251e-09	-1.426864e+01	-2.344979e+02
1.020000e-05	-1.914879e-06	-3.736019e-09	-1.440906e+01	-2.384008e+02
1.021000e-05	-1.933393e-06	-3.797407e-09	-1.454837e+01	-2.422657e+02
1.022000e-05	-1.951924e-06	-3.855480e-09	-1.468782e+01	-2.460924e+02
1.023000e-05	-1.970462e-06	-3.913451e-09	-1.482731e+01	-2.498806e+02
1.024000e-05	-1.988896e-06	-3.972872e-09	-1.496602e+01	-2.536302e+02
1.025000e-05	-2.007211e-06	-4.033373e-09	-1.510383e+01	-2.573411e+02
1.026000e-05	-2.025524e-06	-4.095273e-09	-1.524164e+01	-2.610137e+02
1.027000e-05	-2.043770e-06	-4.157196e-09	-1.537893e+01	-2.646484e+02
1.028000e-05	-2.062074e-06	-4.219124e-09	-1.551667e+01	-2.682456e+02
1.029000e-05	-2.080383e-06	-4.276798e-09	-1.565444e+01	-2.718063e+02
1.030000e-05	-2.098495e-06	-4.328029e-09	-1.579073e+01	-2.753313e+02
1.031000e-05	-2.116613e-06	-4.377279e-09	-1.592706e+01	-2.788218e+02
1.032000e-05	-2.134682e-06	-4.432012e-09	-1.606303e+01	-2.822791e+02
1.033000e-05	-2.152652e-06	-4.491720e-09	-1.619825e+01	-2.857046e+02
1.034000e-05	-2.170594e-06	-4.550438e-09	-1.633326e+01	-2.890998e+02
1.035000e-05	-2.188566e-06	-4.604785e-09	-1.646849e+01	-2.924664e+02
1.036000e-05	-2.206429e-06	-4.657128e-09	-1.660291e+01	-2.958058e+02
1.037000e-05	-2.224222e-06	-4.708261e-09	-1.673680e+01	-2.991195e+02
1.038000e-05	-2.242110e-06	-4.757016e-09	-1.687140e+01	-3.024091e+02
1.039000e-05	-2.259991e-06	-4.805931e-09	-1.700596e+01	-3.056756e+02
1.040000e-05	-2.277749e-06	-4.856764e-09	-1.713958e+01	-3.089202e+02
1.041000e-05	-2.295429e-06	-4.910557e-09	-1.727262e+01	-3.121437e+02
1.042000e-05	-2.313095e-06	-4.966017e-09	-1.740555e+01	-3.153466e+02
1.043000e-05	-2.330708e-06	-5.021064e-09	-1.753809e+01	-3.185292e+02
1.044000e-05	-2.348314e-06	-5.075187e-09	-1.767056e+01	-3.216913e+02
1.045000e-05	-2.365858e-06	-5.127953e-09	-1.780258e+01	-3.248325e+02
1.046000e-05	-2.383246e-06	-5.177387e-09	-1.793342e+01	-3.279523e+02
1.047000e-05	-2.400518e-06	-5.223774e-09	-1.806339e+01	-3.310497e+02
1.048000e-05	-2.417753e-06	-5.268744e-09	-1.819308e+01	-3.341235e+02
1.049000e-05	-2.435008e-06	-5.312586e-09	-1.832292e+01	-3.371724e+02
1.050000e-05	-2.452276e-06	-5.361016e-09	-1.845286e+01	-3.401951e+02
1.051000e-05	-2.469391e-06	-5.412161e-09	-1.858164e+01	-3.431901e+02
1.052000e-05	-2.486239e-06	-5.468702e-09	-1.870842e+01	-3.461560e+02
1.053000e-05	-2.502936e-06	-5.530347e-09	-1.883406e+01	-3.490915e+02
1.054000e-05	-2.519654e-06	-5.581589e-09	-1.895986e+01	-3.519955e+02
1.055000e-05	-2.536476e-06	-5.622933e-09	-1.908644e+01	-3.548669e+02
1.056000e-05	-2.553197e-06	-5.654813e-09	-1.921227e+01	-3.577052e+02
1.057000e-05	-2.569810e-06	-5.687052e-09	-1.933728e+01	-3.605099e+02
1.058000e-05	-2.586405e-06	-5.724980e-09	-1.946215e+01	-3.632810e+02
1.059000e-05	-2.602977e-06	-5.768273e-09	-1.958685e+01	-3.660186e+02
1.060000e-05	-2.619497e-06	-5.820218e-09	-1.971116e+01	-3.687232e+02
1.061000e-05	-2.635797e-06	-5.873576e-09	-1.983381e+01	-3.713955e+02
1.062000e-05	-2.651961e-06	-5.926099e-09	-1.995544e+01	-3.740364e+02
1.063000e-05	-2.668117e-06	-5.970681e-09	-2.007702e+01	-3.766471e+02
1.064000e-05	-2.684166e-06	-6.009787e-09	-2.019778e+01	-3.792286e+02
1.065000e-05	-2.700123e-06	-6.042173e-09	-2.031785e+01	-3.817821e+02
1.066000e-05	-2.716086e-06	-6.069166e-09	-2.043797e+01	-3.843087e+02
1.067000e-05	-2.732014e-06	-6.103612e-09	-2.055782e+01	-3.868094e+02
1.068000e-05	-2.747879e-06	-6.143202e-09	-2.067721e+01	-3.892849e+02
1.069000e-05	-2.763741e-06	-6.187658e-09	-2.079656e+01	-3.917357e+02
1.070000e-05	-2.779610e-06	-6.234425e-09	-2.091598e+01	-3.941622e+02
1.071000e-05	-2.795428e-06	-6.281077e-09	-2.103501e+01	-3.965643e+02
1.072000e-05	-2.811266e-06	-6.324602e-09	-2.115418e+01	-3.989416e+02
1.073000e-05	-2.827051e-06	-6.360147e-09	-2.127296e+01	-4.012935e+02
1.074000e-05	-2.842756e-06	-6.391294e-09	-2.139113e+01	-4.036190e+02
1.075000e-05	-2.858518e-06	-6.420021e-09	-2.150974e+01	-4.059169e+02
1.076000e-05	-2.874287e-06	-6.453840e-09	-2.162840e+01	-4.081860e+02
1.077000e-05	-2.889979e-06	-6.492137e-09	-2.174648e+01	-4.104248e+02
1.078000e-05	-2.905628e-06	-6.534296e-09	-2.186424e+01	-4.126317e+02
1.079000e-05	-2.921171e-06	-6.575581e-09	-2.198119e+01	-4.148053e+02
1.080000e-05	-2.936654e-06	-6.605608e-09	-2.209770e+01	-4.169442e+02
1.081000e-05	-2.952138e-06	-6.630877e-09	-2.221421e+01	-4.190472e+02
1.082000e-05	-2.967591e-06	-6.656069e-09	-2.233049e+01	-4.211134e+02
1.083000e-05	-2.982953e-06	-6.689821e-09	-2.244609e+01	-4.231421e+02
1.084000e-05	-2.998192e-06	-6.726698e-09	-2.256076e+01	-4.251328e+02
1.085000e-05	-3.013317e-06	-6.762935e-09	-2.267457e+01	-4.270857e+02
1.086000e-05	-3.028223e-06	-6.800471e-09	-2.278674e+01	-4.290011e+02
1.087000e-05	-3.042865e-06	-6.835826e-09	-2.289691e+01	-4.308797e+02
1.088000e-05	-3.057444e-06	-6.868299e-09	-2.300662e+01	-4.327224e+02
1.089000e-05	-3.072068e-06	-6.886553e-09	-2.311666e+01	-4.345307e+02
1.090000e-05	-3.086581e-06	-6.900680e-09	-2.322587e+01	-4.363059e+02
1.091000e-05	-3.100840e-06	-6.922170e-09	-2.333316e+01	-4.380500e+02
1.092000e-05	-3.114977e-06	-6.952672e-09	-2.343954e+01	-4.397646e+02
1.093000e-05	-3.129063e-06	-6.989348e-09	-2.354554e+01	-4.414517e+02
1.094000e-05	-3.142863e-06	-7.022636e-09	-2.364938e+01	-4.431133e+02
1.095000e-05	-3.156416e-06	-7.054587e-09	-2.375136e+01	-4.447511e+02
1.096000e-05	-3.169887e-06	-7.082043e-09	-2.385273e+01	-4.463669e+02
1.097000e-05	-3.183229e-06	-7.101068e-09	-2.395312e+01	-4.479624e+02
1.098000e-05	-3.196468e-06	-7.113254e-09	-2.405275e+01	-4.495391e+02
1.099000e-05	-3.209561e-06	-7.125529e-09	-2.415127e+01	-4.510981e+02
1.100000e-05	-3.222465e-06	-7.145054e-09	-2.424837e+01	-4.526406e+02
1.101000e-05	-3.235137e-06	-7.171521e-09	-2.434372e+01	-4.541676e+02
1.102000e-05	-3.247767e-06	-7.202121e-09	-2.443876e+01	-4.556798e+02
1.103000e-05	-3.260470e-06	-7.229531e-09	-2.453435e+01	-4.571780e+02
1.104000e-05	-3.273010e-06	-7.253807e-09	-2.462871e+01	-4.586626e+02
1.105000e-05	-3.285397e-06	-7.274420e-09	-2.472191e+01	-4.601343e+02
1.106000e-05	-3.297727e-06	-7.294381e-09	-2.481469e+01	-4.615936e+02
1.107000e-05	-3.309999e-06	-7.315660e-09	-2.490704e+01	-4.630408e+02
1.108000e-05	-3.322135e-06	-7.331897e-09	-2.499836e+01	-4.644765e+02
1.109000e-05	-3.334088e-06	-7.347962e-09	-2.508830e+01	-4.659013e+02
1.110000e-05	-3.345941e-06	-7.367461e-09	-2.517750e+01	-4.673157e+02
1.111000e-05	-3.357841e-06	-7.390566e-09	-2.526704e+01	-4.687202e+02
1.112000e-05	-3.369716e-06	-7.410346e-09	-2.535640e+01	-4.701155e+02
1.113000e-05	-3.381509e-06	-7.428437e-09	-2.544514e+01	-4.715022e+02
1.114000e-05	-3.393125e-06	-7.449961e-09	-2.553254e+01	-4.728808e+02
1.115000e-05	-3.404672e-06	-7.473111e-09	-2.561944e+01	-4.742517e+02
1.116000e-05	-3.416303e-06	-7.496864e-09	-2.570696e+01	-4.756154e+02
1.117000e-05	-3.427935e-06	-7.512837e-09	-2.579448e+01	-4.769720e+02
1.118000e-05	-3.439403e-06	-7.524736e-09	-2.588078e+01	-4.783216e+02
1.119000e-05	-3.450761e-06	-7.537674e-09	-2.596624e+01	-4.796639e+02
1.120000e-05	-3.461963e-06	-7.554286e-09	-2.605054e+01	-4.809986e+02
1.121000e-05	-3.473030e-06	-7.577503e-09	-2.613382e+01	-4.823249e+02
1.122000e-05	-3.484064e-06	-7.601120e-09	-2.621685e+01	-4.836422e+02
1.123000e-05	-3.494940e-06	-7.628770e-09	-2.629869e+01	-4.849492e+02
1.124000e-05	-3.505732e-06	-7.655631e-09	-2.637989e+01	-4.862448e+02
1.125000e-05	-3.516447e-06	-7.676894e-09	-2.646052e+01	-4.875276e+02
1.126000e-05	-3.527075e-06	-7.691705e-09	-2.654049e+01	-4.887962e+02
1.127000e-05	-3.537597e-06	-7.697641e-09	-2.661966e+01	-4.900491e+02
1.128000e-05	-3.548024e-06	-7.703713e-09	-2.669813e+01	-4.912850e+02
1.129000e-05	-3.558422e-06	-7.716445e-09	-2.677637e+01	-4.925024e+02
1.130000e-05	-3.568758e-06	-7.737763e-09	-2.685415e+01	-4.937003e+02
1.131000e-05	-3.578916e-06	-7.760673e-09	-2.693058e+01	-4.948777e+02
1.132000e-05	-3.588956e-06	-7.781731e-09	-2.700614e+01	-4.960339e+02
1.133000e-05	-3.598926e-06	-7.801294e-09	-2.708115e+01	-4.971685e+02
1.134000e-05	-3.608846e-06	-7.814354e-09	-2.715580e+01	-4.982812e+02
1.135000e-05	-3.618705e-06	-7.826874e-09	-2.722999e+01	-4.993724e+02
1.136000e-05	-3.628451e-06	-7.836157e-09	-2.730332e+01	-5.004421e+02
1.137000e-05	-3.638157e-06	-7.843851e-09	-2.737636e+01	-5.014912e+02
1.138000e-05	-3.647808e-06	-7.857143e-09	-2.744899e+01	-5.025202e+02
1.139000e-05	-3.657364e-06	-7.875743e-09	-2.752089e+01	-5.035300e+02
1.140000e-05	-3.666794e-06	-7.896922e-09	-2.759185e+01	-5.045214e+02
1.141000e-05	-3.676170e-06	-7.911992e-09	-2.766240e+01	-5.054953e+02
1.142000e-05	-3.685438e-06	-7.924245e-09	-2.773214e+01	-5.064522e+02
1.143000e-05	-3.694631e-06	-7.934341e-09	-2.780131e+01	-5.073928e+02
1.144000e-05	-3.703792e-06	-7.945906e-09	-2.787025e+01	-5.083172e+02
1.145000e-05	-3.712792e-06	-7.960196e-09	-2.793797e+01	-5.092255e+02
1.146000e-05	-3.721640e-06	-7.971104e-09	-2.800455e+01	-5.101174e+02
1.147000e-05	-3.730380e-06	-7.985104e-09	-2.807032e+01	-5.109922e+02
1.148000e-05	-3.738965e-06	-7.999680e-09	-2.813492e+01	-5.118492e+02
1.149000e-05	-3.747423e-06	-8.007993e-09	-2.819856e+01	-5.126871e+02
1.150000e-05	-3.755828e-06	-8.013417e-09	-2.826181e+01	-5.135046e+02
1.151000e-05	-3.764088e-06	-8.022933e-09	-2.832396e+01	-5.143005e+02
1.152000e-05	-3.772263e-06	-8.038251e-09	-2.838548e+01	-5.150731e+02
1.153000e-05	-3.780468e-06	-8.056635e-09	-2.844722e+01	-5.158213e+02
1.154000e-05	-3.788585e-06	-8.073071e-09	-2.850830e+01	-5.165437e+02
1.155000e-05	-3.796576e-06	-8.080151e-09	-2.856843e+01	-5.172394e+02
1.156000e-05	-3.804528e-06	-8.083886e-09	-2.862827e+01	-5.179079e+02
1.157000e-05	-3.812498e-06	-8.089541e-09	-2.868824e+01	-5.185490e+02
1.158000e-05	-3.820373e-06	-8.093357e-09	-2.874750e+01	-5.191630e+02
1.159000e-05	-3.828177e-06	-8.095554e-09	-2.880622e+01	-5.197507e+02
1.160000e-05	-3.835950e-06	-8.102743e-09	-2.886471e+01	-5.203135e+02
1.161000e-05	-3.843669e-06	-8.116192e-09	-2.892280e+01	-5.208533e+02
1.162000e-05	-3.851406e-06	-8.130178e-09	-2.898102e+01	-5.213724e+02
1.163000e-05	-3.859034e-06	-8.141135e-09	-2.903842e+01	-5.218735e+02
1.164000e-05	-3.866549e-06	-8.144013e-09	-2.909496e+01	-5.223597e+02
1.165000e-05	-3.873993e-06	-8.140612e-09	-2.915098e+01	-5.228343e+02
1.166000e-05	-3.881479e-06	-8.137175e-09	-2.920730e+01	-5.233007e+02
1.167000e-05	-3.888901e-06	-8.133151e-09	-2.926315e+01	-5.237621e+02
1.168000e-05	-3.896135e-06	-8.133664e-09	-2.931759e+01	-5.242218e+02
1.169000e-05	-3.903286e-06	-8.142231e-09	-2.937140e+01	-5.246826e+02
1.170000e-05	-3.910362e-06	-8.160012e-09	-2.942464e+01	-5.251472e+02
1.171000e-05	-3.917394e-06	-8.184072e-09	-2.947756e+01	-5.256175e+02
1.172000e-05	-3.924350e-06	-8.199439e-09	-2.952991e+01	-5.260951e+02
1.173000e-05	-3.931048e-06	-8.203132e-09	-2.958030e+01	-5.265809e+02
1.174000e-05	-3.937556e-06	-8.199363e-09	-2.962928e+01	-5.270752e+02
1.175000e-05	-3.943986e-06	-8.194022e-09	-2.967766e+01	-5.275779e+02
1.176000e-05	-3.950396e-06	-8.191453e-09	-2.972589e+01	-5.280880e+02
1.177000e-05	-3.956565e-06	-8.191994e-09	-2.977231e+01	-5.286044e+02
1.178000e-05	-3.962418e-06	-8.201250e-09	-2.981636e+01	-5.291253e+02
1.179000e-05	-3.968104e-06	-8.216535e-09	-2.985914e+01	-5.296487e+02
1.180000e-05	-3.973574e-06	-8.230336e-09	-2.990030e+01	-5.301726e+02
1.181000e-05	-3.979016e-06	-8.240779e-09	-2.994125e+01	-5.306946e+02
1.182000e-05	-3.984348e-06	-8.248652e-09	-2.998137e+01	-5.312127e+02
1.183000e-05	-3.989312e-06	-8.252308e-09	-3.001873e+01	-5.317248e+02
1.184000e-05	-3.994044e-06	-8.250747e-09	-3.005434e+01	-5.322291e+02
1.185000e-05	-3.998671e-06	-8.250951e-09	-3.008915e+01	-5.327242e+02
1.186000e-05	-4.003178e-06	-8.254462e-09	-3.012307e+01	-5.332090e+02
1.187000e-05	-4.007507e-06	-8.258983e-09	-3.015564e+01	-5.336829e+02
1.188000e-05	-4.011660e-06	-8.265366e-09	-3.018689e+01	-5.341455e+02
1.189000e-05	-4.015835e-06	-8.272823e-09	-3.021831e+01	-5.345969e+02
1.190000e-05	-4.019924e-06	-8.284146e-09	-3.024908e+01	-5.350375e+02
1.191000e-05	-4.023882e-06	-8.293989e-09	-3.027886e+01	-5.354678e+02
1.192000e-05	-4.027810e-06	-8.296865e-09	-3.030842e+01	-5.358886e+02
1.193000e-05	-4.031700e-06	-8.297977e-09	-3.033769e+01	-5.363007e+02
1.194000e-05	-4.035528e-06	-8.298704e-09	-3.036649e+01	-5.367048e+02
1.195000e-05	-4.039301e-06	-8.301576e-09	-3.039489e+01	-5.371015e+02
1.196000e-05	-4.043012e-06	-8.305443e-09	-3.042281e+01	-5.374910e+02
1.197000e-05	-4.046672e-06	-8.306555e-09	-3.045035e+01	-5.378735e+02
1.198000e-05	-4.050306e-06	-8.307646e-09	-3.047769e+01	-5.382485e+02
1.199000e-05	-4.053944e-06	-8.313521e-09	-3.050507e+01	-5.386154e+02
1.200000e-05	-4.057504e-06	-8.322701e-09	-3.053186e+01	-5.389732e+02
1.201000e-05	-4.061015e-06	-8.329832e-09	-3.055828e+01	-5.393202e+02
1.202000e-05	-4.064466e-06	-8.336184e-09	-3.058425e+01	-5.396548e+02
1.203000e-05	-4.067777e-06	-8.340238e-09	-3.060916e+01	-5.399751e+02
1.204000e-05	-4.070990e-06	-8.340604e-09	-3.063334e+01	-5.402791e+02
1.205000e-05	-4.074208e-06	-8.339421e-09	-3.065755e+01	-5.405645e+02
1.206000e-05	-4.077220e-06	-8.337687e-09	-3.068021e+01	-5.408297e+02
1.207000e-05	-4.080036e-06	-8.335134e-09	-3.070141e+01	-5.410728e+02
1.208000e-05	-4.082801e-06	-8.334352e-09	-3.072221e+01	-5.412926e+02
1.209000e-05	-4.085334e-06	-8.337195e-09	-3.074127e+01	-5.414883e+02
1.210000e-05	-4.087707e-06	-8.338262e-09	-3.075913e+01	-5.416596e+02
1.211000e-05	-4.090003e-06	-8.338371e-09	-3.077641e+01	-5.418068e+02
1.212000e-05	-4.092278e-06	-8.341140e-09	-3.079353e+01	-5.419310e+02
1.213000e-05	-4.094533e-06	-8.344661e-09	-3.081050e+01	-5.420337e+02
1.214000e-05	-4.096709e-06	-8.345851e-09	-3.082687e+01	-5.421171e+02
1.215000e-05	-4.098673e-06	-8.344905e-09	-3.084165e+01	-5.421839e+02
1.216000e-05	-4.100511e-06	-8.343524e-09	-3.085548e+01	-5.422372e+02
1.217000e-05	-4.102417e-06	-8.343121e-09	-3.086982e+01	-5.422803e+02
1.218000e-05	-4.104306e-06	-8.342719e-09	-3.088403e+01	-5.423169e+02
1.219000e-05	-4.106075e-06	-8.340619e-09	-3.089734e+01	-5.423503e+02
1.220000e-05	-4.107724e-06	-8.338449e-09	-3.090975e+01	-5.423838e+02
1.221000e-05	-4.109301e-06	-8.337044e-09	-3.092162e+01	-5.424204e+02
1.222000e-05	-4.110795e-06	-8.334146e-09	-3.093286e+01	-5.424625e+02
1.223000e-05	-4.112004e-06	-8.322162e-09	-3.094196e+01	-5.425120e+02
1.224000e-05	-4.113075e-06	-8.293537e-09	-3.095002e+01	-5.425699e+02
1.225000e-05	-4.114140e-06	-8.284184e-09	-3.095803e+01	-5.426365e+02
1.226000e-05	-4.115069e-06	-8.321575e-09	-3.096502e+01	-5.427115e+02
1.227000e-05	-4.115977e-06	-8.330783e-09	-3.097185e+01	-5.427936e+02
1.228000e-05	-4.116864e-06	-8.328022e-09	-3.097853e+01	-5.428808e+02
1.229000e-05	-4.117598e-06	-8.339828e-09	-3.098405e+01	-5.429705e+02
1.230000e-05	-4.118137e-06	-8.335480e-09	-3.098811e+01	-5.430596e+02
1.231000e-05	-4.118551e-06	-8.347482e-09	-3.099123e+01	-5.431447e+02
1.232000e-05	-4.118865e-06	-8.367248e-09	-3.099358e+01	-5.432221e+02
