# Temperatura_=_20.0
# Concentracion g/m^3_=_10000.0
# C_Vs_to_Am_M_A/Vsm_=_65563218390.804596
# pendiente_HvsI_1/m_=_3716.3
# ordenada_HvsI_A/m_=_1297.0
# frecuencia_Hz_=_212931.50250280573

Tiempo_(s)	Campo_(V.s)	Magnetizacion_(V.s)	Campo_(kA/m)	Magnetizacion_(A/m)
0.000000e+00	-3.269807e-06	-1.323087e-11	-2.355715e+01	1.122249e-01
1.000000e-08	-3.269524e-06	-1.169802e-11	-2.355511e+01	9.855052e-02
2.000000e-08	-3.268607e-06	-1.013338e-11	-2.354850e+01	9.373800e-02
3.000000e-08	-3.267111e-06	-9.483398e-12	-2.353773e+01	9.381806e-02
4.000000e-08	-3.265119e-06	-1.040984e-11	-2.352337e+01	9.229048e-02
5.000000e-08	-3.262620e-06	-1.126760e-11	-2.350537e+01	8.297073e-02
6.000000e-08	-3.259596e-06	-1.263525e-11	-2.348358e+01	6.263500e-02
7.000000e-08	-3.255990e-06	-1.755063e-11	-2.345760e+01	3.234813e-02
8.000000e-08	-3.251652e-06	-2.911581e-11	-2.342635e+01	-3.068162e-03
9.000000e-08	-3.246464e-06	-8.093316e-12	-2.338897e+01	-3.717059e-02
1.000000e-07	-3.240498e-06	2.919918e-11	-2.334599e+01	-6.469031e-02
1.100000e-07	-3.234051e-06	-3.345694e-11	-2.329955e+01	-8.376419e-02
1.200000e-07	-3.227185e-06	-5.147103e-11	-2.325008e+01	-9.661800e-02
1.300000e-07	-3.219715e-06	-2.183203e-11	-2.319626e+01	-1.083853e-01
1.400000e-07	-3.211749e-06	2.341188e-11	-2.313887e+01	-1.245562e-01
1.500000e-07	-3.203473e-06	-3.991362e-11	-2.307925e+01	-1.481613e-01
1.600000e-07	-3.194645e-06	-6.326239e-11	-2.301565e+01	-1.779388e-01
1.700000e-07	-3.185097e-06	5.164972e-12	-2.294686e+01	-2.083483e-01
1.800000e-07	-3.175086e-06	-4.079056e-11	-2.287473e+01	-2.315224e-01
1.900000e-07	-3.164671e-06	-6.028958e-11	-2.279970e+01	-2.404207e-01
2.000000e-07	-3.153543e-06	-3.888785e-11	-2.271953e+01	-2.319047e-01
2.100000e-07	-3.141704e-06	4.632146e-12	-2.263424e+01	-2.084338e-01
2.200000e-07	-3.129449e-06	-6.996507e-11	-2.254594e+01	-1.776059e-01
2.300000e-07	-3.116702e-06	-5.189202e-11	-2.245411e+01	-1.496243e-01
2.400000e-07	-3.103270e-06	7.279344e-12	-2.235734e+01	-1.336274e-01
2.500000e-07	-3.089225e-06	-6.093463e-11	-2.225616e+01	-1.343025e-01
2.600000e-07	-3.074699e-06	-6.337855e-11	-2.215150e+01	-1.501266e-01
2.700000e-07	-3.059640e-06	-2.710013e-11	-2.204301e+01	-1.739515e-01
2.800000e-07	-3.044055e-06	-1.752407e-11	-2.193073e+01	-1.957270e-01
2.900000e-07	-3.027929e-06	-4.642295e-11	-2.181455e+01	-2.063056e-01
3.000000e-07	-3.011115e-06	-4.417177e-11	-2.169341e+01	-2.008415e-01
3.100000e-07	-2.993701e-06	-2.461305e-11	-2.156795e+01	-1.804575e-01
3.200000e-07	-2.975833e-06	-3.469114e-11	-2.143923e+01	-1.515520e-01
3.300000e-07	-2.957386e-06	-2.571847e-11	-2.130633e+01	-1.230571e-01
3.400000e-07	-2.938369e-06	-4.670661e-11	-2.116932e+01	-1.027769e-01
3.500000e-07	-2.918836e-06	-3.674864e-11	-2.102860e+01	-9.428545e-02
3.600000e-07	-2.898638e-06	-1.571261e-11	-2.088308e+01	-9.561680e-02
3.700000e-07	-2.877706e-06	-5.071371e-11	-2.073228e+01	-1.002379e-01
3.800000e-07	-2.856192e-06	-3.528425e-11	-2.057728e+01	-9.985979e-02
3.900000e-07	-2.834237e-06	-2.764776e-11	-2.041910e+01	-8.790277e-02
4.000000e-07	-2.811864e-06	-4.277367e-11	-2.025792e+01	-6.218402e-02
4.100000e-07	-2.789014e-06	-3.225516e-11	-2.009330e+01	-2.573773e-02
4.200000e-07	-2.765549e-06	-1.258892e-11	-1.992425e+01	1.453346e-02
4.300000e-07	-2.741551e-06	-2.458536e-11	-1.975136e+01	5.077362e-02
4.400000e-07	-2.717139e-06	-5.060209e-11	-1.957548e+01	7.740814e-02
4.500000e-07	-2.692299e-06	-1.614708e-11	-1.939652e+01	9.332942e-02
4.600000e-07	-2.667030e-06	-1.899111e-11	-1.921447e+01	1.021175e-01
4.700000e-07	-2.641334e-06	-3.560114e-11	-1.902935e+01	1.102134e-01
4.800000e-07	-2.615137e-06	-2.020976e-11	-1.884061e+01	1.238328e-01
4.900000e-07	-2.588379e-06	-2.303131e-11	-1.864783e+01	1.459453e-01
5.000000e-07	-2.561153e-06	-1.085460e-11	-1.845169e+01	1.746317e-01
5.100000e-07	-2.533527e-06	-1.527763e-11	-1.825266e+01	2.035607e-01
5.200000e-07	-2.505488e-06	-2.669102e-11	-1.805065e+01	2.244428e-01
5.300000e-07	-2.477038e-06	-2.536877e-11	-1.784569e+01	2.304796e-01
5.400000e-07	-2.448212e-06	-1.566241e-11	-1.763801e+01	2.193859e-01
5.500000e-07	-2.418936e-06	-6.387089e-12	-1.742709e+01	1.947064e-01
5.600000e-07	-2.389069e-06	-2.340922e-11	-1.721192e+01	1.648254e-01
5.700000e-07	-2.358676e-06	-1.842414e-11	-1.699295e+01	1.399988e-01
5.800000e-07	-2.327859e-06	-1.097869e-11	-1.677093e+01	1.285515e-01
5.900000e-07	-2.296615e-06	-1.546504e-11	-1.654584e+01	1.337376e-01
6.000000e-07	-2.264866e-06	-1.638685e-11	-1.631711e+01	1.525138e-01
6.100000e-07	-2.232613e-06	-2.738413e-11	-1.608474e+01	1.767205e-01
6.200000e-07	-2.199966e-06	-1.544958e-11	-1.584954e+01	1.962110e-01
6.300000e-07	-2.166920e-06	-1.053655e-11	-1.561146e+01	2.026955e-01
6.400000e-07	-2.133533e-06	-1.532654e-11	-1.537092e+01	1.927910e-01
6.500000e-07	-2.099898e-06	-1.591965e-11	-1.512860e+01	1.690983e-01
6.600000e-07	-2.065944e-06	-2.072874e-11	-1.488398e+01	1.389230e-01
6.700000e-07	-2.031632e-06	-1.095461e-11	-1.463679e+01	1.112012e-01
6.800000e-07	-1.996947e-06	-1.100864e-11	-1.438690e+01	9.289316e-02
6.900000e-07	-1.961924e-06	-1.096984e-11	-1.413457e+01	8.629197e-02
7.000000e-07	-1.926649e-06	-1.154027e-11	-1.388044e+01	8.829645e-02
7.100000e-07	-1.890989e-06	-1.153005e-11	-1.362352e+01	9.187784e-02
7.200000e-07	-1.854833e-06	-1.936630e-12	-1.336304e+01	8.908043e-02
7.300000e-07	-1.818295e-06	-9.945407e-12	-1.309981e+01	7.429111e-02
7.400000e-07	-1.781465e-06	-1.434859e-11	-1.283447e+01	4.643895e-02
7.500000e-07	-1.744360e-06	-1.280269e-11	-1.256715e+01	9.262370e-03
7.600000e-07	-1.706960e-06	-1.027618e-11	-1.229770e+01	-3.039768e-02
7.700000e-07	-1.669260e-06	-7.005170e-12	-1.202609e+01	-6.550020e-02
7.800000e-07	-1.631306e-06	-1.524889e-11	-1.175266e+01	-9.164479e-02
7.900000e-07	-1.593115e-06	-1.301162e-11	-1.147751e+01	-1.086490e-01
8.000000e-07	-1.554676e-06	-9.358090e-12	-1.120058e+01	-1.202221e-01
8.100000e-07	-1.515965e-06	-6.693610e-12	-1.092169e+01	-1.319180e-01
8.200000e-07	-1.476921e-06	-5.194964e-12	-1.064040e+01	-1.482900e-01
8.300000e-07	-1.437495e-06	-1.014020e-11	-1.035635e+01	-1.705098e-01
8.400000e-07	-1.397790e-06	-5.312475e-12	-1.007030e+01	-1.955148e-01
8.500000e-07	-1.357900e-06	-6.041973e-12	-9.782917e+00	-2.170948e-01
8.600000e-07	-1.317830e-06	-8.926088e-12	-9.494232e+00	-2.284925e-01
8.700000e-07	-1.277590e-06	-1.296753e-11	-9.204326e+00	-2.254317e-01
8.800000e-07	-1.237134e-06	-1.639515e-11	-8.912868e+00	-2.082783e-01
8.900000e-07	-1.196445e-06	-9.313626e-12	-8.619725e+00	-1.823725e-01
9.000000e-07	-1.155545e-06	-6.958845e-12	-8.325059e+00	-1.563172e-01
9.100000e-07	-1.114468e-06	-5.865776e-12	-8.029123e+00	-1.388559e-01
9.200000e-07	-1.073231e-06	-7.854213e-12	-7.732036e+00	-1.355683e-01
9.300000e-07	-1.031822e-06	-9.072648e-12	-7.433705e+00	-1.467131e-01
9.400000e-07	-9.902529e-07	-7.597594e-12	-7.134223e+00	-1.670994e-01
9.500000e-07	-9.485353e-07	-1.320053e-11	-6.833671e+00	-1.880589e-01
9.600000e-07	-9.066474e-07	-1.350673e-11	-6.531892e+00	-2.007453e-01
9.700000e-07	-8.645328e-07	-1.048081e-11	-6.228480e+00	-1.994566e-01
9.800000e-07	-8.221894e-07	-5.600644e-12	-5.923419e+00	-1.836706e-01
9.900000e-07	-7.796349e-07	-3.016738e-12	-5.616838e+00	-1.580095e-01
1.000000e-06	-7.368493e-07	-7.451604e-12	-5.308590e+00	-1.301894e-01
1.010000e-06	-6.938896e-07	-6.493978e-12	-4.999090e+00	-1.078165e-01
1.020000e-06	-6.508353e-07	-6.796212e-12	-4.688908e+00	-9.534170e-02
1.030000e-06	-6.077002e-07	-5.913149e-12	-4.378143e+00	-9.239509e-02
1.040000e-06	-5.644996e-07	-5.860345e-12	-4.066907e+00	-9.413477e-02
1.050000e-06	-5.212292e-07	-6.432130e-12	-3.755168e+00	-9.341069e-02
1.060000e-06	-4.778950e-07	-2.146409e-12	-3.442969e+00	-8.380532e-02
1.070000e-06	-4.344796e-07	-2.089819e-12	-3.130184e+00	-6.227465e-02
1.080000e-06	-3.909660e-07	1.696488e-14	-2.816693e+00	-3.030864e-02
1.090000e-06	-3.473974e-07	-9.584807e-13	-2.502806e+00	6.829081e-03
1.100000e-06	-3.037467e-07	-2.134899e-12	-2.188327e+00	4.240866e-02
1.110000e-06	-2.600122e-07	1.275808e-12	-1.873244e+00	7.107048e-02
1.120000e-06	-2.162546e-07	3.018153e-13	-1.557995e+00	9.096542e-02
1.130000e-06	-1.724689e-07	-8.141845e-13	-1.242543e+00	1.042878e-01
1.140000e-06	-1.286612e-07	-3.922793e-12	-9.269326e-01	1.159884e-01
1.150000e-06	-8.484598e-08	-3.507680e-12	-6.112683e-01	1.312429e-01
1.160000e-06	-4.102387e-08	2.510242e-13	-2.955543e-01	1.527913e-01
1.170000e-06	2.804379e-09	1.181984e-13	2.020400e-02	1.793306e-01
1.180000e-06	4.665206e-08	1.490496e-12	3.361022e-01	2.057027e-01
1.190000e-06	9.050481e-08	1.671040e-12	6.520370e-01	2.248578e-01
1.200000e-06	1.342979e-07	4.385535e-12	9.675421e-01	2.308066e-01
1.210000e-06	1.780184e-07	5.628891e-12	1.282524e+00	2.213323e-01
1.220000e-06	2.217138e-07	2.839359e-12	1.597325e+00	1.992984e-01
1.230000e-06	2.653675e-07	1.885453e-12	1.911826e+00	1.719439e-01
1.240000e-06	3.089603e-07	3.866692e-13	2.225888e+00	1.483808e-01
1.250000e-06	3.525012e-07	1.657524e-12	2.539576e+00	1.362509e-01
1.260000e-06	3.959662e-07	1.180268e-12	2.852717e+00	1.388647e-01
1.270000e-06	4.393449e-07	1.910697e-12	3.165237e+00	1.539675e-01
1.280000e-06	4.826468e-07	5.871109e-12	3.477203e+00	1.746348e-01
1.290000e-06	5.258717e-07	1.012650e-11	3.788614e+00	1.919488e-01
1.300000e-06	5.690338e-07	1.500940e-11	4.099573e+00	1.983936e-01
1.310000e-06	6.121453e-07	1.327648e-11	4.410167e+00	1.906259e-01
1.320000e-06	6.552086e-07	9.800733e-12	4.720415e+00	1.705398e-01
1.330000e-06	6.982122e-07	6.357429e-12	5.030232e+00	1.442425e-01
1.340000e-06	7.411338e-07	2.315389e-12	5.339458e+00	1.194010e-01
1.350000e-06	7.838896e-07	1.432771e-12	5.647490e+00	1.020681e-01
1.360000e-06	8.264037e-07	2.906179e-12	5.953781e+00	9.428477e-02
1.370000e-06	8.686520e-07	7.590893e-12	6.258156e+00	9.340985e-02
1.380000e-06	9.106486e-07	1.168807e-11	6.560718e+00	9.340131e-02
1.390000e-06	9.524588e-07	1.208935e-11	6.861937e+00	8.746734e-02
1.400000e-06	9.941210e-07	1.110424e-11	7.162091e+00	7.095257e-02
1.410000e-06	1.035652e-06	8.476626e-12	7.461297e+00	4.325320e-02
1.420000e-06	1.077055e-06	7.991432e-12	7.759584e+00	7.985671e-03
1.430000e-06	1.118319e-06	6.707013e-12	8.056870e+00	-2.861779e-02
1.440000e-06	1.159384e-06	5.449224e-12	8.352718e+00	-6.036507e-02
1.450000e-06	1.200210e-06	7.549712e-12	8.646849e+00	-8.365502e-02
1.460000e-06	1.240819e-06	9.569951e-12	8.939417e+00	-9.882653e-02
1.470000e-06	1.281201e-06	1.130241e-11	9.230344e+00	-1.097355e-01
1.480000e-06	1.321367e-06	1.057039e-11	9.519715e+00	-1.217563e-01
1.490000e-06	1.361366e-06	9.605861e-12	9.807891e+00	-1.390888e-01
1.500000e-06	1.401186e-06	8.371625e-12	1.009477e+01	-1.625572e-01
1.510000e-06	1.440746e-06	6.817325e-12	1.037977e+01	-1.888901e-01
1.520000e-06	1.479943e-06	5.960519e-12	1.066217e+01	-2.118444e-01
1.530000e-06	1.518741e-06	4.959225e-12	1.094169e+01	-2.247451e-01
1.540000e-06	1.557234e-06	6.098119e-12	1.121901e+01	-2.233953e-01
1.550000e-06	1.595485e-06	6.824806e-12	1.149459e+01	-2.081215e-01
1.560000e-06	1.633475e-06	6.429194e-12	1.176828e+01	-1.840517e-01
1.570000e-06	1.671198e-06	6.048811e-12	1.204006e+01	-1.594410e-01
1.580000e-06	1.708630e-06	5.690207e-12	1.230973e+01	-1.426654e-01
1.590000e-06	1.745755e-06	7.301643e-12	1.257719e+01	-1.390690e-01
1.600000e-06	1.782628e-06	8.823024e-12	1.284284e+01	-1.489305e-01
1.610000e-06	1.819278e-06	1.139603e-11	1.310689e+01	-1.673767e-01
1.620000e-06	1.855600e-06	1.456150e-11	1.336857e+01	-1.862890e-01
1.630000e-06	1.891437e-06	1.615841e-11	1.362676e+01	-1.974453e-01
1.640000e-06	1.926809e-06	1.708415e-11	1.388159e+01	-1.956432e-01
1.650000e-06	1.961869e-06	1.569040e-11	1.413418e+01	-1.805608e-01
1.660000e-06	1.996649e-06	1.462526e-11	1.438475e+01	-1.566369e-01
1.670000e-06	2.031083e-06	1.466881e-11	1.463283e+01	-1.310596e-01
1.680000e-06	2.065162e-06	1.462396e-11	1.487835e+01	-1.107191e-01
1.690000e-06	2.098922e-06	1.551513e-11	1.512157e+01	-9.939060e-02
1.700000e-06	2.132415e-06	1.681740e-11	1.536287e+01	-9.629625e-02
1.710000e-06	2.165581e-06	1.906423e-11	1.560181e+01	-9.660419e-02
1.720000e-06	2.198301e-06	2.038735e-11	1.583754e+01	-9.361216e-02
1.730000e-06	2.230581e-06	1.964768e-11	1.607010e+01	-8.166325e-02
1.740000e-06	2.262521e-06	1.882545e-11	1.630021e+01	-5.855056e-02
1.750000e-06	2.294070e-06	1.862957e-11	1.652751e+01	-2.640129e-02
1.760000e-06	2.325179e-06	1.684481e-11	1.675163e+01	9.311406e-03
1.770000e-06	2.355897e-06	1.449327e-11	1.697293e+01	4.217684e-02
1.780000e-06	2.386243e-06	1.579325e-11	1.719156e+01	6.761609e-02
1.790000e-06	2.416123e-06	1.946136e-11	1.740682e+01	8.479789e-02
1.800000e-06	2.445417e-06	2.285906e-11	1.761788e+01	9.685359e-02
1.810000e-06	2.474238e-06	2.429564e-11	1.782551e+01	1.092773e-01
1.820000e-06	2.502677e-06	2.235032e-11	1.803040e+01	1.271902e-01
1.830000e-06	2.530666e-06	1.972162e-11	1.823204e+01	1.526590e-01
1.840000e-06	2.558197e-06	1.867113e-11	1.843039e+01	1.832702e-01
1.850000e-06	2.585372e-06	1.803465e-11	1.862618e+01	2.126533e-01
1.860000e-06	2.612142e-06	1.704066e-11	1.881903e+01	2.328311e-01
1.870000e-06	2.638322e-06	1.717643e-11	1.900765e+01	2.374842e-01
1.880000e-06	2.663935e-06	1.951209e-11	1.919217e+01	2.247914e-01
1.890000e-06	2.689096e-06	2.313146e-11	1.937345e+01	1.986296e-01
1.900000e-06	2.713839e-06	2.541904e-11	1.955171e+01	1.675513e-01
1.910000e-06	2.738159e-06	2.437311e-11	1.972692e+01	1.418525e-01
1.920000e-06	2.762093e-06	2.154372e-11	1.989935e+01	1.298326e-01
1.930000e-06	2.785540e-06	1.885357e-11	2.006827e+01	1.347052e-01
1.940000e-06	2.808366e-06	1.627759e-11	2.023272e+01	1.533916e-01
1.950000e-06	2.830641e-06	1.532121e-11	2.039320e+01	1.776973e-01
1.960000e-06	2.852433e-06	1.735243e-11	2.055020e+01	1.974307e-01
1.970000e-06	2.873728e-06	2.048931e-11	2.070362e+01	2.042498e-01
1.980000e-06	2.894482e-06	2.357991e-11	2.085314e+01	1.947330e-01
1.990000e-06	2.914582e-06	2.518956e-11	2.099795e+01	1.714798e-01
2.000000e-06	2.934020e-06	2.406847e-11	2.113799e+01	1.418390e-01
2.010000e-06	2.952921e-06	2.184076e-11	2.127416e+01	1.148077e-01
2.020000e-06	2.971348e-06	1.901032e-11	2.140692e+01	9.736989e-02
2.030000e-06	2.989307e-06	1.757573e-11	2.153630e+01	9.174957e-02
2.040000e-06	3.006807e-06	1.764047e-11	2.166238e+01	9.466147e-02
2.050000e-06	3.023769e-06	1.813186e-11	2.178458e+01	9.882019e-02
2.060000e-06	3.040124e-06	1.991286e-11	2.190241e+01	9.604571e-02
2.070000e-06	3.055932e-06	2.108916e-11	2.201630e+01	8.066490e-02
2.080000e-06	3.071216e-06	2.050555e-11	2.212641e+01	5.180902e-02
2.090000e-06	3.086003e-06	1.984970e-11	2.223294e+01	1.368374e-02
2.100000e-06	3.100335e-06	2.011155e-11	2.233620e+01	-2.625985e-02
2.110000e-06	3.114113e-06	1.940278e-11	2.243545e+01	-6.045210e-02
2.120000e-06	3.127258e-06	1.749145e-11	2.253016e+01	-8.429689e-02
2.130000e-06	3.139866e-06	1.592816e-11	2.262099e+01	-9.792362e-02
2.140000e-06	3.151984e-06	1.547463e-11	2.270830e+01	-1.058673e-01
2.150000e-06	3.163599e-06	1.741087e-11	2.279198e+01	-1.148242e-01
2.160000e-06	3.174717e-06	1.914861e-11	2.287207e+01	-1.304474e-01
2.170000e-06	3.185225e-06	1.966923e-11	2.294778e+01	-1.545622e-01
2.180000e-06	3.195071e-06	1.962005e-11	2.301871e+01	-1.840145e-01
2.190000e-06	3.204353e-06	1.922648e-11	2.308559e+01	-2.116926e-01
2.200000e-06	3.213096e-06	1.870830e-11	2.314857e+01	-2.293479e-01
2.210000e-06	3.221340e-06	1.600026e-11	2.320797e+01	-2.310751e-01
2.220000e-06	3.229092e-06	1.344688e-11	2.326382e+01	-2.160097e-01
2.230000e-06	3.236263e-06	1.385196e-11	2.331548e+01	-1.890896e-01
2.240000e-06	3.242832e-06	1.629025e-11	2.336281e+01	-1.595020e-01
2.250000e-06	3.248802e-06	1.786071e-11	2.340582e+01	-1.373765e-01
2.260000e-06	3.254168e-06	1.750150e-11	2.344447e+01	-1.300069e-01
2.270000e-06	3.258922e-06	1.723701e-11	2.347872e+01	-1.390951e-01
2.280000e-06	3.262978e-06	1.826951e-11	2.350795e+01	-1.601168e-01
2.290000e-06	3.266370e-06	1.902630e-11	2.353239e+01	-1.840691e-01
2.300000e-06	3.269207e-06	1.690910e-11	2.355282e+01	-2.009147e-01
2.310000e-06	3.271488e-06	1.411343e-11	2.356926e+01	-2.033665e-01
2.320000e-06	3.273250e-06	1.358452e-11	2.358195e+01	-1.895294e-01
2.330000e-06	3.274472e-06	1.524044e-11	2.359076e+01	-1.633866e-01
2.340000e-06	3.275033e-06	1.602046e-11	2.359480e+01	-1.329857e-01
2.350000e-06	3.274983e-06	1.619533e-11	2.359443e+01	-1.070948e-01
2.360000e-06	3.274410e-06	1.969298e-11	2.359031e+01	-9.169543e-02
2.370000e-06	3.273303e-06	2.427075e-11	2.358234e+01	-8.771142e-02
2.380000e-06	3.271709e-06	2.487170e-11	2.357085e+01	-9.084474e-02
2.390000e-06	3.269579e-06	2.193102e-11	2.355550e+01	-9.351881e-02
2.400000e-06	3.266809e-06	1.992800e-11	2.353555e+01	-8.807788e-02
2.410000e-06	3.263473e-06	1.824401e-11	2.351151e+01	-6.990452e-02
2.420000e-06	3.259644e-06	6.584251e-12	2.348393e+01	-3.918840e-02
2.430000e-06	3.255155e-06	2.172497e-11	2.345159e+01	-6.689663e-04
2.440000e-06	3.249658e-06	6.867589e-11	2.341198e+01	3.847005e-02
2.450000e-06	3.243298e-06	8.713660e-12	2.336616e+01	7.161309e-02
2.460000e-06	3.236745e-06	-6.791860e-12	2.331895e+01	9.533574e-02
2.470000e-06	3.230052e-06	2.023860e-11	2.327074e+01	1.105360e-01
2.480000e-06	3.222610e-06	6.867933e-11	2.321712e+01	1.216275e-01
2.490000e-06	3.214346e-06	2.379725e-11	2.315758e+01	1.341847e-01
2.500000e-06	3.205869e-06	5.104874e-12	2.309651e+01	1.520933e-01
2.510000e-06	3.197028e-06	6.180264e-11	2.303282e+01	1.754715e-01
2.520000e-06	3.187206e-06	4.030563e-11	2.296205e+01	2.002951e-01
2.530000e-06	3.176695e-06	-8.954203e-12	2.288633e+01	2.199345e-01
2.540000e-06	3.165960e-06	1.749711e-11	2.280899e+01	2.279813e-01
2.550000e-06	3.154654e-06	7.224188e-11	2.272753e+01	2.211770e-01
2.560000e-06	3.142464e-06	-3.141358e-11	2.263971e+01	2.011827e-01
2.570000e-06	3.129757e-06	-9.007937e-12	2.254816e+01	1.743867e-01
2.580000e-06	3.116634e-06	6.463844e-11	2.245362e+01	1.497507e-01
2.590000e-06	3.102896e-06	1.445337e-11	2.235464e+01	1.355133e-01
2.600000e-06	3.088681e-06	-3.661268e-11	2.225223e+01	1.360566e-01
2.610000e-06	3.074045e-06	2.561778e-11	2.214679e+01	1.502010e-01
2.620000e-06	3.058702e-06	4.077463e-11	2.203625e+01	1.716308e-01
2.630000e-06	3.042744e-06	-1.559500e-11	2.192128e+01	1.912984e-01
2.640000e-06	3.026325e-06	1.477374e-11	2.180300e+01	2.008626e-01
2.650000e-06	3.009314e-06	2.507076e-11	2.168044e+01	1.957987e-01
2.660000e-06	2.991827e-06	5.218876e-12	2.155445e+01	1.769606e-01
2.670000e-06	2.973949e-06	1.926077e-11	2.142565e+01	1.500011e-01
2.680000e-06	2.955449e-06	-1.463518e-12	2.129237e+01	1.229268e-01
2.690000e-06	2.936300e-06	1.084915e-11	2.115442e+01	1.028045e-01
2.700000e-06	2.916665e-06	2.332350e-11	2.101296e+01	9.296206e-02
2.710000e-06	2.896513e-06	1.665403e-12	2.086777e+01	9.179801e-02
2.720000e-06	2.875787e-06	-3.974227e-13	2.071845e+01	9.363586e-02
2.730000e-06	2.854450e-06	1.845886e-11	2.056473e+01	9.121703e-02
2.740000e-06	2.832487e-06	2.353093e-12	2.040650e+01	7.876281e-02
2.750000e-06	2.810027e-06	-1.629690e-11	2.024469e+01	5.432762e-02
2.760000e-06	2.787089e-06	3.604558e-11	2.007943e+01	2.048903e-02
2.770000e-06	2.763607e-06	1.582950e-11	1.991026e+01	-1.686494e-02
2.780000e-06	2.739723e-06	-1.661709e-11	1.973818e+01	-5.108798e-02
2.790000e-06	2.715426e-06	1.896506e-11	1.956314e+01	-7.754908e-02
2.800000e-06	2.690545e-06	1.273182e-11	1.938389e+01	-9.543378e-02
2.810000e-06	2.665139e-06	5.758716e-12	1.920085e+01	-1.078101e-01
2.820000e-06	2.639299e-06	7.582829e-12	1.901469e+01	-1.199490e-01
2.830000e-06	2.612986e-06	1.139791e-11	1.882512e+01	-1.366440e-01
2.840000e-06	2.586246e-06	2.779546e-11	1.863247e+01	-1.597122e-01
2.850000e-06	2.559128e-06	2.021883e-11	1.843710e+01	-1.867933e-01
2.860000e-06	2.531536e-06	1.044672e-11	1.823831e+01	-2.120150e-01
2.870000e-06	2.503406e-06	5.260152e-12	1.803565e+01	-2.283028e-01
2.880000e-06	2.474777e-06	2.228345e-11	1.782939e+01	-2.303940e-01
2.890000e-06	2.445735e-06	2.156804e-11	1.762016e+01	-2.172935e-01
2.900000e-06	2.416303e-06	9.237491e-12	1.740812e+01	-1.931051e-01
2.910000e-06	2.386431e-06	2.159222e-11	1.719291e+01	-1.658245e-01
2.920000e-06	2.356084e-06	2.018829e-11	1.697428e+01	-1.445139e-01
2.930000e-06	2.325205e-06	2.120608e-11	1.675181e+01	-1.359529e-01
2.940000e-06	2.293796e-06	1.396405e-11	1.652553e+01	-1.420955e-01
2.950000e-06	2.261958e-06	1.075061e-11	1.629616e+01	-1.593533e-01
2.960000e-06	2.229737e-06	1.835672e-11	1.606402e+01	-1.800026e-01
2.970000e-06	2.197129e-06	1.395640e-11	1.582910e+01	-1.951592e-01
2.980000e-06	2.164165e-06	1.628408e-11	1.559161e+01	-1.981429e-01
2.990000e-06	2.130858e-06	1.384098e-11	1.535165e+01	-1.869015e-01
3.000000e-06	2.097225e-06	1.877963e-11	1.510934e+01	-1.645562e-01
3.010000e-06	2.063213e-06	2.356271e-11	1.486431e+01	-1.378956e-01
3.020000e-06	2.028716e-06	2.127999e-11	1.461578e+01	-1.144715e-01
3.030000e-06	1.993752e-06	2.615653e-11	1.436388e+01	-9.950276e-02
3.040000e-06	1.958448e-06	1.393883e-11	1.410954e+01	-9.384378e-02
3.050000e-06	1.922859e-06	1.301299e-11	1.385313e+01	-9.381390e-02
3.060000e-06	1.886951e-06	1.482465e-11	1.359444e+01	-9.290410e-02
3.070000e-06	1.850731e-06	9.672374e-12	1.333349e+01	-8.460514e-02
3.080000e-06	1.814220e-06	1.643478e-11	1.307045e+01	-6.515504e-02
3.090000e-06	1.777452e-06	2.025345e-11	1.280556e+01	-3.506438e-02
3.100000e-06	1.740434e-06	2.966150e-11	1.253887e+01	1.187723e-03
3.110000e-06	1.703047e-06	2.615745e-11	1.226951e+01	3.711302e-02
3.120000e-06	1.665210e-06	1.677668e-11	1.199692e+01	6.695885e-02
3.130000e-06	1.627009e-06	1.704055e-11	1.172170e+01	8.804762e-02
3.140000e-06	1.588574e-06	1.297626e-11	1.144480e+01	1.017081e-01
3.150000e-06	1.549918e-06	1.345677e-11	1.116630e+01	1.124095e-01
3.160000e-06	1.511000e-06	9.005485e-12	1.088592e+01	1.254864e-01
3.170000e-06	1.471836e-06	1.185437e-11	1.060376e+01	1.444564e-01
3.180000e-06	1.432445e-06	1.916783e-11	1.031997e+01	1.691154e-01
3.190000e-06	1.392822e-06	1.753085e-11	1.003451e+01	1.952754e-01
3.200000e-06	1.353020e-06	1.806518e-11	9.747756e+00	2.163115e-01
3.210000e-06	1.313091e-06	1.229762e-11	9.460091e+00	2.259089e-01
3.220000e-06	1.272992e-06	1.240145e-11	9.171204e+00	2.208678e-01
3.230000e-06	1.232621e-06	1.306090e-11	8.880353e+00	2.027688e-01
3.240000e-06	1.191913e-06	8.627746e-12	8.587072e+00	1.777468e-01
3.250000e-06	1.150908e-06	7.621308e-12	8.291656e+00	1.543976e-01
3.260000e-06	1.109649e-06	5.252263e-12	7.994407e+00	1.406110e-01
3.270000e-06	1.068186e-06	1.200121e-11	7.695689e+00	1.405882e-01
3.280000e-06	1.026585e-06	1.597535e-11	7.395979e+00	1.532444e-01
3.290000e-06	9.848527e-07	1.458427e-11	7.095318e+00	1.726496e-01
3.300000e-06	9.429473e-07	1.538868e-11	6.793413e+00	1.903421e-01
3.310000e-06	9.008589e-07	1.440790e-11	6.490189e+00	1.985928e-01
3.320000e-06	8.585967e-07	1.647709e-11	6.185714e+00	1.933154e-01
3.330000e-06	8.161920e-07	1.206240e-11	5.880211e+00	1.754716e-01
3.340000e-06	7.736538e-07	9.645451e-12	5.573747e+00	1.504360e-01
3.350000e-06	7.309685e-07	1.243208e-11	5.266223e+00	1.256217e-01
3.360000e-06	6.881716e-07	1.388216e-11	4.957895e+00	1.073666e-01
3.370000e-06	6.452711e-07	1.579520e-11	4.648821e+00	9.837064e-02
3.380000e-06	6.022631e-07	1.071159e-11	4.338972e+00	9.671900e-02
3.390000e-06	5.591811e-07	8.779689e-12	4.028590e+00	9.685868e-02
3.400000e-06	5.160383e-07	7.858788e-12	3.717770e+00	9.207405e-02
3.410000e-06	4.728407e-07	5.863908e-12	3.406555e+00	7.739133e-02
3.420000e-06	4.295871e-07	6.659734e-12	3.094937e+00	5.167764e-02
3.430000e-06	3.862594e-07	3.689409e-12	2.782785e+00	1.805837e-02
3.440000e-06	3.428575e-07	3.688932e-12	2.470098e+00	-1.749787e-02
3.450000e-06	2.993820e-07	3.060650e-12	2.156881e+00	-4.879235e-02
3.460000e-06	2.558397e-07	1.950155e-12	1.843183e+00	-7.206018e-02
3.470000e-06	2.122651e-07	7.795568e-13	1.529252e+00	-8.751605e-02
3.480000e-06	1.686595e-07	-1.892082e-12	1.215098e+00	-9.909335e-02
3.490000e-06	1.250245e-07	-1.939601e-13	9.007323e-01	-1.124698e-01
3.500000e-06	8.138877e-08	-2.250456e-12	5.863610e-01	-1.322233e-01
3.510000e-06	3.773381e-08	-4.823779e-12	2.718512e-01	-1.593645e-01
3.520000e-06	-5.918216e-09	-6.214576e-12	-4.263747e-02	-1.903612e-01
3.530000e-06	-4.953718e-08	-7.719124e-12	-3.568879e-01	-2.181646e-01
3.540000e-06	-9.311177e-08	-6.069361e-12	-6.708187e-01	-2.348986e-01
3.550000e-06	-1.366281e-07	-6.756214e-12	-9.843294e-01	-2.351485e-01
3.560000e-06	-1.801276e-07	-4.347794e-12	-1.297719e+00	-2.184887e-01
3.570000e-06	-2.236012e-07	-5.426720e-13	-1.610923e+00	-1.901478e-01
3.580000e-06	-2.669887e-07	7.107112e-13	-1.923506e+00	-1.594440e-01
3.590000e-06	-3.103112e-07	5.131234e-13	-2.235620e+00	-1.365248e-01
3.600000e-06	-3.535968e-07	-1.961639e-12	-2.547469e+00	-1.286511e-01
3.610000e-06	-3.968415e-07	-2.092936e-12	-2.859023e+00	-1.374848e-01
3.620000e-06	-4.400265e-07	-3.380601e-12	-3.170147e+00	-1.584675e-01
3.630000e-06	-4.831607e-07	-5.327864e-12	-3.480905e+00	-1.825594e-01
3.640000e-06	-5.262668e-07	-6.063981e-12	-3.791461e+00	-1.996757e-01
3.650000e-06	-5.693222e-07	-6.081848e-12	-4.101651e+00	-2.024779e-01
3.660000e-06	-6.122934e-07	-2.967574e-12	-4.411235e+00	-1.890396e-01
3.670000e-06	-6.551561e-07	-3.818258e-12	-4.720037e+00	-1.633547e-01
3.680000e-06	-6.979347e-07	-5.964984e-12	-5.028233e+00	-1.335220e-01
3.690000e-06	-7.406002e-07	-8.251573e-12	-5.335614e+00	-1.083670e-01
3.700000e-06	-7.831106e-07	-9.723704e-12	-5.641878e+00	-9.387657e-02
3.710000e-06	-8.255032e-07	-9.043649e-12	-5.947293e+00	-9.087641e-02
3.720000e-06	-8.677717e-07	-9.700447e-12	-6.251814e+00	-9.485961e-02
3.730000e-06	-9.098943e-07	-8.102814e-12	-6.555284e+00	-9.798927e-02
3.740000e-06	-9.518588e-07	-7.963812e-12	-6.857615e+00	-9.241417e-02
3.750000e-06	-9.936444e-07	-7.806300e-12	-7.158657e+00	-7.351607e-02
3.760000e-06	-1.035274e-06	-7.479952e-12	-7.458578e+00	-4.175755e-02
3.770000e-06	-1.076763e-06	-1.082807e-11	-7.757479e+00	-2.397301e-03
3.780000e-06	-1.118112e-06	-1.272649e-11	-8.055378e+00	3.676744e-02
3.790000e-06	-1.159238e-06	-1.304561e-11	-8.351666e+00	6.865331e-02
3.800000e-06	-1.200059e-06	-1.139789e-11	-8.645759e+00	8.975597e-02
3.810000e-06	-1.240561e-06	-9.556736e-12	-8.937553e+00	1.014210e-01
3.820000e-06	-1.280763e-06	-7.947964e-12	-9.227190e+00	1.089933e-01
3.830000e-06	-1.320764e-06	-5.270004e-12	-9.515375e+00	1.192167e-01
3.840000e-06	-1.360604e-06	-5.234881e-12	-9.802396e+00	1.370018e-01
3.850000e-06	-1.400222e-06	-5.438676e-12	-1.008782e+01	1.629543e-01
3.860000e-06	-1.439587e-06	-7.621786e-12	-1.037142e+01	1.927513e-01
3.870000e-06	-1.478702e-06	-9.474063e-12	-1.065323e+01	2.186829e-01
3.880000e-06	-1.517535e-06	-9.631707e-12	-1.093300e+01	2.327661e-01
3.890000e-06	-1.556107e-06	-8.964691e-12	-1.121089e+01	2.301634e-01
3.900000e-06	-1.594502e-06	-7.225956e-12	-1.148750e+01	2.114809e-01
3.910000e-06	-1.632706e-06	-7.481671e-12	-1.176274e+01	1.829493e-01
3.920000e-06	-1.670579e-06	-6.535737e-12	-1.203560e+01	1.543455e-01
3.930000e-06	-1.708010e-06	-3.640639e-12	-1.230527e+01	1.354290e-01
3.940000e-06	-1.745020e-06	-2.760125e-12	-1.257190e+01	1.322846e-01
3.950000e-06	-1.781737e-06	-3.568924e-12	-1.283643e+01	1.450210e-01
3.960000e-06	-1.818195e-06	-5.755834e-12	-1.309908e+01	1.677456e-01
3.970000e-06	-1.854318e-06	-7.521539e-12	-1.335934e+01	1.908345e-01
3.980000e-06	-1.890085e-06	-8.600786e-12	-1.361701e+01	2.046040e-01
3.990000e-06	-1.925539e-06	-9.469831e-12	-1.387244e+01	2.029401e-01
4.000000e-06	-1.960742e-06	-8.822847e-12	-1.412606e+01	1.854664e-01
4.010000e-06	-1.995687e-06	-8.321252e-12	-1.437782e+01	1.574318e-01
4.020000e-06	-2.030222e-06	-7.111417e-12	-1.462663e+01	1.274092e-01
4.030000e-06	-2.064249e-06	-6.242401e-12	-1.487177e+01	1.037725e-01
4.040000e-06	-2.097886e-06	-6.575281e-12	-1.511411e+01	9.137822e-02
4.050000e-06	-2.131223e-06	-8.995630e-12	-1.535428e+01	8.977053e-02
4.060000e-06	-2.164229e-06	-1.153041e-11	-1.559207e+01	9.358046e-02
4.070000e-06	-2.196866e-06	-1.194212e-11	-1.582720e+01	9.489049e-02
4.080000e-06	-2.229153e-06	-1.204897e-11	-1.605981e+01	8.654620e-02
4.090000e-06	-2.261143e-06	-1.059962e-11	-1.629028e+01	6.503987e-02
4.100000e-06	-2.292778e-06	-9.203082e-12	-1.651820e+01	3.180478e-02
4.110000e-06	-2.323899e-06	-1.005098e-11	-1.674241e+01	-7.555071e-03
4.120000e-06	-2.354466e-06	-1.139334e-11	-1.696262e+01	-4.570817e-02
4.130000e-06	-2.384543e-06	-1.429226e-11	-1.717931e+01	-7.663403e-02
4.140000e-06	-2.414178e-06	-1.688889e-11	-1.739282e+01	-9.795723e-02
4.150000e-06	-2.443382e-06	-1.701405e-11	-1.760321e+01	-1.116037e-01
4.160000e-06	-2.472208e-06	-1.571534e-11	-1.781089e+01	-1.225390e-01
4.170000e-06	-2.500647e-06	-1.407987e-11	-1.801577e+01	-1.361733e-01
4.180000e-06	-2.528555e-06	-1.370537e-11	-1.821683e+01	-1.555901e-01
4.190000e-06	-2.555940e-06	-1.256887e-11	-1.841413e+01	-1.798293e-01
4.200000e-06	-2.582899e-06	-1.219234e-11	-1.860835e+01	-2.040047e-01
4.210000e-06	-2.609432e-06	-1.418372e-11	-1.879951e+01	-2.212500e-01
4.220000e-06	-2.635524e-06	-1.677925e-11	-1.898749e+01	-2.256952e-01
4.230000e-06	-2.661225e-06	-1.884959e-11	-1.917265e+01	-2.152142e-01
4.240000e-06	-2.686517e-06	-1.876187e-11	-1.935487e+01	-1.927515e-01
4.250000e-06	-2.711209e-06	-1.759696e-11	-1.953276e+01	-1.656046e-01
4.260000e-06	-2.735317e-06	-1.651960e-11	-1.970644e+01	-1.428812e-01
4.270000e-06	-2.759011e-06	-1.478626e-11	-1.987714e+01	-1.321125e-01
4.280000e-06	-2.782254e-06	-1.257445e-11	-2.004460e+01	-1.363729e-01
4.290000e-06	-2.805002e-06	-1.150027e-11	-2.020849e+01	-1.530720e-01
4.300000e-06	-2.827299e-06	-1.342562e-11	-2.036912e+01	-1.749242e-01
4.310000e-06	-2.849043e-06	-1.525578e-11	-2.052577e+01	-1.927248e-01
4.320000e-06	-2.870116e-06	-1.581913e-11	-2.067759e+01	-1.988380e-01
4.330000e-06	-2.890600e-06	-1.621078e-11	-2.082517e+01	-1.900175e-01
4.340000e-06	-2.910542e-06	-1.581397e-11	-2.096884e+01	-1.684554e-01
4.350000e-06	-2.929846e-06	-1.513359e-11	-2.110792e+01	-1.406771e-01
4.360000e-06	-2.948557e-06	-1.367199e-11	-2.124272e+01	-1.147669e-01
4.370000e-06	-2.966783e-06	-1.234327e-11	-2.137403e+01	-9.707136e-02
4.380000e-06	-2.984538e-06	-1.241513e-11	-2.150194e+01	-8.971892e-02
4.390000e-06	-3.001871e-06	-1.417107e-11	-2.162682e+01	-8.993190e-02
4.400000e-06	-3.018766e-06	-1.550366e-11	-2.174853e+01	-9.136059e-02
4.410000e-06	-3.035163e-06	-1.455753e-11	-2.186667e+01	-8.683583e-02
4.420000e-06	-3.051120e-06	-1.418160e-11	-2.198163e+01	-7.136979e-02
4.430000e-06	-3.066555e-06	-1.454748e-11	-2.209283e+01	-4.415965e-02
4.440000e-06	-3.081342e-06	-1.425415e-11	-2.219936e+01	-8.791868e-03
4.450000e-06	-3.095588e-06	-1.388493e-11	-2.230200e+01	2.838644e-02
4.460000e-06	-3.109327e-06	-1.368850e-11	-2.240098e+01	6.099204e-02
4.470000e-06	-3.122525e-06	-1.484233e-11	-2.249606e+01	8.523903e-02
4.480000e-06	-3.135227e-06	-1.644117e-11	-2.258757e+01	1.013518e-01
4.490000e-06	-3.147354e-06	-1.692076e-11	-2.267494e+01	1.131633e-01
4.500000e-06	-3.158861e-06	-1.575025e-11	-2.275784e+01	1.260910e-01
4.510000e-06	-3.169838e-06	-1.478095e-11	-2.283693e+01	1.443840e-01
4.520000e-06	-3.180277e-06	-1.553063e-11	-2.291213e+01	1.688590e-01
4.530000e-06	-3.190167e-06	-1.641653e-11	-2.298339e+01	1.961408e-01
4.540000e-06	-3.199550e-06	-1.755940e-11	-2.305098e+01	2.197922e-01
4.550000e-06	-3.208315e-06	-1.775427e-11	-2.311413e+01	2.329089e-01
4.560000e-06	-3.216452e-06	-1.643530e-11	-2.317275e+01	2.311138e-01
4.570000e-06	-3.224068e-06	-1.568908e-11	-2.322762e+01	2.146876e-01
4.580000e-06	-3.231149e-06	-1.598828e-11	-2.327864e+01	1.888969e-01
4.590000e-06	-3.237709e-06	-1.651342e-11	-2.332590e+01	1.623116e-01
4.600000e-06	-3.243682e-06	-1.631661e-11	-2.336893e+01	1.437282e-01
4.610000e-06	-3.248932e-06	-1.584901e-11	-2.340675e+01	1.388998e-01
4.620000e-06	-3.253512e-06	-1.564707e-11	-2.343975e+01	1.483774e-01
4.630000e-06	-3.257531e-06	-1.437378e-11	-2.346871e+01	1.673302e-01
4.640000e-06	-3.261000e-06	-1.197945e-11	-2.349370e+01	1.874266e-01
4.650000e-06	-3.263920e-06	-1.113167e-11	-2.351473e+01	2.000337e-01
4.660000e-06	-3.266203e-06	-1.210659e-11	-2.353118e+01	1.994630e-01
4.670000e-06	-3.267877e-06	-1.404853e-11	-2.354325e+01	1.849887e-01
4.680000e-06	-3.269037e-06	-1.528659e-11	-2.355160e+01	1.608614e-01
4.690000e-06	-3.269640e-06	-1.460000e-11	-2.355594e+01	1.343632e-01
