# Temperatura_=_20.0
# Concentracion g/m^3_=_10000.0
# C_Vs_to_Am_M_A/Vsm_=_65563218390.804596
# pendiente_HvsI_1/m_=_3716.3
# ordenada_HvsI_A/m_=_1297.0
# frecuencia_Hz_=_212934.67443982355

Tiempo_(s)	Campo_(V.s)	Magnetizacion_(V.s)	Campo_(kA/m)	Magnetizacion_(A/m)
0.000000e+00	-3.280812e-06	-7.196825e-09	-2.356023e+01	-4.693938e+02
1.000000e-08	-3.280618e-06	-7.197718e-09	-2.355884e+01	-4.695498e+02
2.000000e-08	-3.279847e-06	-7.197848e-09	-2.355330e+01	-4.697185e+02
3.000000e-08	-3.278462e-06	-7.198740e-09	-2.354335e+01	-4.698770e+02
4.000000e-08	-3.276546e-06	-7.200608e-09	-2.352959e+01	-4.699863e+02
5.000000e-08	-3.274123e-06	-7.200407e-09	-2.351220e+01	-4.700064e+02
6.000000e-08	-3.271186e-06	-7.200632e-09	-2.349111e+01	-4.699130e+02
7.000000e-08	-3.267706e-06	-7.207991e-09	-2.346611e+01	-4.697075e+02
8.000000e-08	-3.263508e-06	-7.198454e-09	-2.343596e+01	-4.694178e+02
9.000000e-08	-3.258455e-06	-7.145521e-09	-2.339968e+01	-4.690887e+02
1.000000e-07	-3.252612e-06	-7.156599e-09	-2.335772e+01	-4.687669e+02
1.100000e-07	-3.246182e-06	-7.252762e-09	-2.331155e+01	-4.684848e+02
1.200000e-07	-3.239303e-06	-7.196532e-09	-2.326214e+01	-4.682502e+02
1.300000e-07	-3.231891e-06	-7.110952e-09	-2.320892e+01	-4.680457e+02
1.400000e-07	-3.223961e-06	-7.161329e-09	-2.315197e+01	-4.678362e+02
1.500000e-07	-3.215690e-06	-7.232513e-09	-2.309257e+01	-4.675827e+02
1.600000e-07	-3.206953e-06	-7.163877e-09	-2.302983e+01	-4.672554e+02
1.700000e-07	-3.197506e-06	-7.077011e-09	-2.296199e+01	-4.668418e+02
1.800000e-07	-3.187498e-06	-7.201933e-09	-2.289012e+01	-4.663470e+02
1.900000e-07	-3.177078e-06	-7.164056e-09	-2.281529e+01	-4.657867e+02
2.000000e-07	-3.166023e-06	-7.087427e-09	-2.273591e+01	-4.651758e+02
2.100000e-07	-3.154251e-06	-7.147143e-09	-2.265137e+01	-4.645197e+02
2.200000e-07	-3.142002e-06	-7.171589e-09	-2.256341e+01	-4.638096e+02
2.300000e-07	-3.129289e-06	-7.078581e-09	-2.247211e+01	-4.630259e+02
2.400000e-07	-3.115913e-06	-7.042108e-09	-2.237605e+01	-4.621470e+02
2.500000e-07	-3.101889e-06	-7.169687e-09	-2.227534e+01	-4.611602e+02
2.600000e-07	-3.087346e-06	-7.055664e-09	-2.217091e+01	-4.600689e+02
2.700000e-07	-3.072269e-06	-6.987122e-09	-2.206263e+01	-4.588935e+02
2.800000e-07	-3.056641e-06	-7.054838e-09	-2.195041e+01	-4.576658e+02
2.900000e-07	-3.040496e-06	-7.027151e-09	-2.183447e+01	-4.564172e+02
3.000000e-07	-3.023718e-06	-6.976396e-09	-2.171398e+01	-4.551677e+02
3.100000e-07	-3.006324e-06	-6.954431e-09	-2.158907e+01	-4.539178e+02
3.200000e-07	-2.988468e-06	-6.961658e-09	-2.146084e+01	-4.526493e+02
3.300000e-07	-2.970043e-06	-6.923478e-09	-2.132853e+01	-4.513321e+02
3.400000e-07	-2.951043e-06	-6.919138e-09	-2.119209e+01	-4.499367e+02
3.500000e-07	-2.931542e-06	-6.882352e-09	-2.105205e+01	-4.484452e+02
3.600000e-07	-2.911357e-06	-6.829233e-09	-2.090709e+01	-4.468590e+02
3.700000e-07	-2.890436e-06	-6.855271e-09	-2.075686e+01	-4.451974e+02
3.800000e-07	-2.868926e-06	-6.807365e-09	-2.060239e+01	-4.434902e+02
3.900000e-07	-2.846940e-06	-6.773106e-09	-2.044450e+01	-4.417656e+02
4.000000e-07	-2.824552e-06	-6.770256e-09	-2.028373e+01	-4.400392e+02
4.100000e-07	-2.801692e-06	-6.708070e-09	-2.011957e+01	-4.383083e+02
4.200000e-07	-2.778220e-06	-6.697756e-09	-1.995101e+01	-4.365532e+02
4.300000e-07	-2.754219e-06	-6.682100e-09	-1.977865e+01	-4.347461e+02
4.400000e-07	-2.729784e-06	-6.640055e-09	-1.960318e+01	-4.328619e+02
4.500000e-07	-2.704911e-06	-6.593083e-09	-1.942456e+01	-4.308887e+02
4.600000e-07	-2.679612e-06	-6.586550e-09	-1.924288e+01	-4.288318e+02
4.700000e-07	-2.653873e-06	-6.559239e-09	-1.905805e+01	-4.267119e+02
4.800000e-07	-2.627607e-06	-6.491331e-09	-1.886942e+01	-4.245555e+02
4.900000e-07	-2.600788e-06	-6.481810e-09	-1.867683e+01	-4.223852e+02
5.000000e-07	-2.573526e-06	-6.436727e-09	-1.848105e+01	-4.202098e+02
5.100000e-07	-2.545858e-06	-6.404421e-09	-1.828236e+01	-4.180222e+02
5.200000e-07	-2.517766e-06	-6.387934e-09	-1.808063e+01	-4.158026e+02
5.300000e-07	-2.489267e-06	-6.335076e-09	-1.787597e+01	-4.135273e+02
5.400000e-07	-2.460376e-06	-6.299739e-09	-1.766850e+01	-4.111790e+02
5.500000e-07	-2.431021e-06	-6.260685e-09	-1.745769e+01	-4.087536e+02
5.600000e-07	-2.401121e-06	-6.233138e-09	-1.724298e+01	-4.062616e+02
5.700000e-07	-2.370724e-06	-6.187878e-09	-1.702469e+01	-4.037234e+02
5.800000e-07	-2.339884e-06	-6.136409e-09	-1.680322e+01	-4.011594e+02
5.900000e-07	-2.308577e-06	-6.110746e-09	-1.657840e+01	-3.985807e+02
6.000000e-07	-2.276765e-06	-6.071563e-09	-1.634995e+01	-3.959836e+02
6.100000e-07	-2.244485e-06	-6.036191e-09	-1.611814e+01	-3.933496e+02
6.200000e-07	-2.211794e-06	-5.979037e-09	-1.588337e+01	-3.906520e+02
6.300000e-07	-2.178688e-06	-5.935478e-09	-1.564564e+01	-3.878663e+02
6.400000e-07	-2.145227e-06	-5.906413e-09	-1.540535e+01	-3.849794e+02
6.500000e-07	-2.111494e-06	-5.849376e-09	-1.516310e+01	-3.819956e+02
6.600000e-07	-2.077459e-06	-5.805343e-09	-1.491869e+01	-3.789350e+02
6.700000e-07	-2.043065e-06	-5.750836e-09	-1.467169e+01	-3.758264e+02
6.800000e-07	-2.008303e-06	-5.707146e-09	-1.442206e+01	-3.726969e+02
6.900000e-07	-1.973238e-06	-5.665159e-09	-1.417025e+01	-3.695623e+02
7.000000e-07	-1.937882e-06	-5.608034e-09	-1.391636e+01	-3.664215e+02
7.100000e-07	-1.902117e-06	-5.560340e-09	-1.365952e+01	-3.632574e+02
7.200000e-07	-1.865863e-06	-5.505516e-09	-1.339917e+01	-3.600438e+02
7.300000e-07	-1.829229e-06	-5.463860e-09	-1.313610e+01	-3.567544e+02
7.400000e-07	-1.792315e-06	-5.410165e-09	-1.287101e+01	-3.533715e+02
7.500000e-07	-1.755116e-06	-5.346827e-09	-1.260387e+01	-3.498910e+02
7.600000e-07	-1.717637e-06	-5.297186e-09	-1.233473e+01	-3.463210e+02
7.700000e-07	-1.679870e-06	-5.241103e-09	-1.206351e+01	-3.426770e+02
7.800000e-07	-1.641822e-06	-5.191659e-09	-1.179028e+01	-3.389737e+02
7.900000e-07	-1.603532e-06	-5.127448e-09	-1.151531e+01	-3.352193e+02
8.000000e-07	-1.565037e-06	-5.064064e-09	-1.123887e+01	-3.314124e+02
8.100000e-07	-1.526249e-06	-5.011000e-09	-1.096033e+01	-3.275439e+02
8.200000e-07	-1.487054e-06	-4.947934e-09	-1.067886e+01	-3.236024e+02
8.300000e-07	-1.447509e-06	-4.887758e-09	-1.039488e+01	-3.195796e+02
8.400000e-07	-1.407718e-06	-4.817195e-09	-1.010913e+01	-3.154755e+02
8.500000e-07	-1.367747e-06	-4.757485e-09	-9.822093e+00	-3.112979e+02
8.600000e-07	-1.327598e-06	-4.701686e-09	-9.533771e+00	-3.070599e+02
8.700000e-07	-1.287233e-06	-4.633721e-09	-9.243901e+00	-3.027739e+02
8.800000e-07	-1.246632e-06	-4.566052e-09	-8.952334e+00	-2.984463e+02
8.900000e-07	-1.205819e-06	-4.492007e-09	-8.659252e+00	-2.940744e+02
9.000000e-07	-1.164806e-06	-4.427526e-09	-8.364725e+00	-2.896473e+02
9.100000e-07	-1.123599e-06	-4.358068e-09	-8.068810e+00	-2.851498e+02
9.200000e-07	-1.082204e-06	-4.281882e-09	-7.771543e+00	-2.805685e+02
9.300000e-07	-1.040667e-06	-4.210651e-09	-7.473258e+00	-2.758959e+02
9.400000e-07	-9.990408e-07	-4.138649e-09	-7.174330e+00	-2.711329e+02
9.500000e-07	-9.572685e-07	-4.073579e-09	-6.874355e+00	-2.662868e+02
9.600000e-07	-9.152664e-07	-3.995408e-09	-6.572729e+00	-2.613666e+02
9.700000e-07	-8.729788e-07	-3.911221e-09	-6.269052e+00	-2.563782e+02
9.800000e-07	-8.304552e-07	-3.831876e-09	-5.963681e+00	-2.513204e+02
9.900000e-07	-7.877474e-07	-3.752680e-09	-5.656987e+00	-2.461848e+02
1.000000e-06	-7.448367e-07	-3.675504e-09	-5.348835e+00	-2.409583e+02
1.010000e-06	-7.017700e-07	-3.587230e-09	-5.039564e+00	-2.356283e+02
1.020000e-06	-6.586151e-07	-3.504698e-09	-4.729659e+00	-2.301876e+02
1.030000e-06	-6.153982e-07	-3.424874e-09	-4.419309e+00	-2.246369e+02
1.040000e-06	-5.720834e-07	-3.338292e-09	-4.108256e+00	-2.189848e+02
1.050000e-06	-5.286546e-07	-3.250301e-09	-3.796384e+00	-2.132439e+02
1.060000e-06	-4.851630e-07	-3.155379e-09	-3.484062e+00	-2.074258e+02
1.070000e-06	-4.415939e-07	-3.067106e-09	-3.171183e+00	-2.015364e+02
1.080000e-06	-3.979524e-07	-2.975815e-09	-2.857784e+00	-1.955738e+02
1.090000e-06	-3.542498e-07	-2.880767e-09	-2.543945e+00	-1.895296e+02
1.100000e-06	-3.104654e-07	-2.787715e-09	-2.229520e+00	-1.833927e+02
1.110000e-06	-2.666272e-07	-2.690241e-09	-1.914708e+00	-1.771540e+02
1.120000e-06	-2.227424e-07	-2.596001e-09	-1.599562e+00	-1.708101e+02
1.130000e-06	-1.788222e-07	-2.496462e-09	-1.284162e+00	-1.643649e+02
1.140000e-06	-1.348794e-07	-2.397016e-09	-9.685988e-01	-1.578273e+02
1.150000e-06	-9.090862e-08	-2.299174e-09	-6.528347e-01	-1.512079e+02
1.160000e-06	-4.693187e-08	-2.196511e-09	-3.370280e-01	-1.445143e+02
1.170000e-06	-2.967305e-09	-2.093219e-09	-2.130887e-02	-1.377486e+02
1.180000e-06	4.096350e-08	-1.982858e-09	2.941679e-01	-1.309066e+02
1.190000e-06	8.487811e-08	-1.873714e-09	6.095283e-01	-1.239800e+02
1.200000e-06	1.287878e-07	-1.764693e-09	9.248535e-01	-1.169595e+02
1.210000e-06	1.726698e-07	-1.654294e-09	1.239980e+00	-1.098378e+02
1.220000e-06	2.165105e-07	-1.545712e-09	1.554809e+00	-1.026114e+02
1.230000e-06	2.602916e-07	-1.432122e-09	1.869211e+00	-9.527999e+01
1.240000e-06	3.040313e-07	-1.318453e-09	2.183315e+00	-8.784445e+01
1.250000e-06	3.477159e-07	-1.200199e-09	2.497024e+00	-8.030485e+01
1.260000e-06	3.913231e-07	-1.079095e-09	2.810177e+00	-7.265935e+01
1.270000e-06	4.348452e-07	-9.566551e-10	3.122719e+00	-6.490508e+01
1.280000e-06	4.782783e-07	-8.329896e-10	3.434621e+00	-5.704043e+01
1.290000e-06	5.216341e-07	-7.108967e-10	3.745969e+00	-4.906768e+01
1.300000e-06	5.649245e-07	-5.853059e-10	4.056846e+00	-4.099440e+01
1.310000e-06	6.081612e-07	-4.609353e-10	4.367339e+00	-3.283248e+01
1.320000e-06	6.513462e-07	-3.363765e-10	4.677459e+00	-2.459477e+01
1.330000e-06	6.944704e-07	-2.083517e-10	4.987144e+00	-1.629052e+01
1.340000e-06	7.375015e-07	-8.018116e-11	5.296160e+00	-7.921540e+00
1.350000e-06	7.804000e-07	5.271033e-11	5.604223e+00	5.188681e-01
1.360000e-06	8.231366e-07	1.856273e-10	5.911124e+00	9.043368e+00
1.370000e-06	8.656440e-07	3.181241e-10	6.216379e+00	1.766486e+01
1.380000e-06	9.078530e-07	4.525263e-10	6.519492e+00	2.638963e+01
1.390000e-06	9.498147e-07	5.870579e-10	6.820827e+00	3.521210e+01
1.400000e-06	9.915945e-07	7.254370e-10	7.120857e+00	4.411353e+01
1.410000e-06	1.033228e-06	8.620444e-10	7.419834e+00	5.306566e+01
1.420000e-06	1.074747e-06	1.000880e-09	7.717994e+00	6.203818e+01
1.430000e-06	1.116122e-06	1.140037e-09	8.015115e+00	7.100738e+01
1.440000e-06	1.157324e-06	1.277182e-09	8.311001e+00	7.996262e+01
1.450000e-06	1.198321e-06	1.414810e-09	8.605402e+00	8.890780e+01
1.460000e-06	1.239100e-06	1.552475e-09	8.898247e+00	9.785709e+01
1.470000e-06	1.279670e-06	1.692643e-09	9.189591e+00	1.068263e+02
1.480000e-06	1.320010e-06	1.830974e-09	9.479279e+00	1.158230e+02
1.490000e-06	1.360144e-06	1.967877e-09	9.767494e+00	1.248399e+02
1.500000e-06	1.400103e-06	2.106122e-09	1.005445e+01	1.338534e+02
1.510000e-06	1.439850e-06	2.244552e-09	1.033988e+01	1.428291e+02
1.520000e-06	1.479282e-06	2.381793e-09	1.062305e+01	1.517313e+02
1.530000e-06	1.518302e-06	2.514566e-09	1.090326e+01	1.605339e+02
1.540000e-06	1.556947e-06	2.646037e-09	1.118077e+01	1.692273e+02
1.550000e-06	1.595330e-06	2.778315e-09	1.145642e+01	1.778191e+02
1.560000e-06	1.633473e-06	2.908025e-09	1.173033e+01	1.863273e+02
1.570000e-06	1.671332e-06	3.036079e-09	1.200220e+01	1.947700e+02
1.580000e-06	1.708890e-06	3.161731e-09	1.227191e+01	2.031533e+02
1.590000e-06	1.746164e-06	3.288442e-09	1.253959e+01	2.114650e+02
1.600000e-06	1.783174e-06	3.415776e-09	1.280536e+01	2.196747e+02
1.610000e-06	1.819948e-06	3.538931e-09	1.306944e+01	2.277413e+02
1.620000e-06	1.856436e-06	3.658957e-09	1.333147e+01	2.356261e+02
1.630000e-06	1.892514e-06	3.775825e-09	1.359056e+01	2.433046e+02
1.640000e-06	1.928106e-06	3.889206e-09	1.384615e+01	2.507743e+02
1.650000e-06	1.963316e-06	3.998048e-09	1.409900e+01	2.580543e+02
1.660000e-06	1.998231e-06	4.104546e-09	1.434973e+01	2.651763e+02
1.670000e-06	2.032795e-06	4.210805e-09	1.459795e+01	2.721721e+02
1.680000e-06	2.067020e-06	4.315899e-09	1.484372e+01	2.790602e+02
1.690000e-06	2.100931e-06	4.418725e-09	1.508725e+01	2.858393e+02
1.700000e-06	2.134561e-06	4.518373e-09	1.532875e+01	2.924881e+02
1.710000e-06	2.167869e-06	4.617140e-09	1.556794e+01	2.989750e+02
1.720000e-06	2.200773e-06	4.713814e-09	1.580423e+01	3.052703e+02
1.730000e-06	2.233248e-06	4.804385e-09	1.603745e+01	3.113594e+02
1.740000e-06	2.265356e-06	4.891466e-09	1.626802e+01	3.172485e+02
1.750000e-06	2.297100e-06	4.976951e-09	1.649598e+01	3.229634e+02
1.760000e-06	2.328414e-06	5.060611e-09	1.672085e+01	3.285399e+02
1.770000e-06	2.359308e-06	5.142280e-09	1.694270e+01	3.340109e+02
1.780000e-06	2.389803e-06	5.222626e-09	1.716170e+01	3.393941e+02
1.790000e-06	2.419852e-06	5.303402e-09	1.737749e+01	3.446875e+02
1.800000e-06	2.449338e-06	5.383405e-09	1.758923e+01	3.498708e+02
1.810000e-06	2.478296e-06	5.461259e-09	1.779719e+01	3.549163e+02
1.820000e-06	2.506844e-06	5.533141e-09	1.800219e+01	3.598003e+02
1.830000e-06	2.534975e-06	5.600936e-09	1.820421e+01	3.645141e+02
1.840000e-06	2.562657e-06	5.669587e-09	1.840300e+01	3.690670e+02
1.850000e-06	2.589939e-06	5.737107e-09	1.859892e+01	3.734823e+02
1.860000e-06	2.616805e-06	5.800843e-09	1.879185e+01	3.777867e+02
1.870000e-06	2.643146e-06	5.862155e-09	1.898101e+01	3.819982e+02
1.880000e-06	2.668953e-06	5.923759e-09	1.916634e+01	3.861180e+02
1.890000e-06	2.694296e-06	5.984484e-09	1.934833e+01	3.901290e+02
1.900000e-06	2.719191e-06	6.042701e-09	1.952711e+01	3.940036e+02
1.910000e-06	2.743634e-06	6.096028e-09	1.970263e+01	3.977154e+02
1.920000e-06	2.767674e-06	6.145348e-09	1.987528e+01	4.012526e+02
1.930000e-06	2.791265e-06	6.194429e-09	2.004469e+01	4.046244e+02
1.940000e-06	2.814259e-06	6.240771e-09	2.020981e+01	4.078611e+02
1.950000e-06	2.836669e-06	6.283995e-09	2.037074e+01	4.110032e+02
1.960000e-06	2.858613e-06	6.328271e-09	2.052832e+01	4.140879e+02
1.970000e-06	2.880072e-06	6.372946e-09	2.068243e+01	4.171346e+02
1.980000e-06	2.900983e-06	6.416759e-09	2.083260e+01	4.201379e+02
1.990000e-06	2.921263e-06	6.458075e-09	2.097823e+01	4.230696e+02
2.000000e-06	2.940871e-06	6.497458e-09	2.111904e+01	4.258899e+02
2.010000e-06	2.959929e-06	6.536535e-09	2.125590e+01	4.285632e+02
2.020000e-06	2.978502e-06	6.571621e-09	2.138927e+01	4.310725e+02
2.030000e-06	2.996600e-06	6.604686e-09	2.151924e+01	4.334266e+02
2.040000e-06	3.014241e-06	6.636316e-09	2.164593e+01	4.356573e+02
2.050000e-06	3.031332e-06	6.665866e-09	2.176866e+01	4.378075e+02
2.060000e-06	3.047794e-06	6.695626e-09	2.188688e+01	4.399147e+02
2.070000e-06	3.063719e-06	6.725455e-09	2.200124e+01	4.419970e+02
2.080000e-06	3.079158e-06	6.754646e-09	2.211211e+01	4.440460e+02
2.090000e-06	3.094090e-06	6.782592e-09	2.221934e+01	4.460315e+02
2.100000e-06	3.108537e-06	6.809539e-09	2.232308e+01	4.479137e+02
2.110000e-06	3.122439e-06	6.834036e-09	2.242292e+01	4.496596e+02
2.120000e-06	3.135720e-06	6.856549e-09	2.251830e+01	4.512577e+02
2.130000e-06	3.148448e-06	6.877766e-09	2.260969e+01	4.527225e+02
2.140000e-06	3.160672e-06	6.897707e-09	2.269747e+01	4.540900e+02
2.150000e-06	3.172391e-06	6.917336e-09	2.278164e+01	4.554041e+02
2.160000e-06	3.183618e-06	6.935787e-09	2.286226e+01	4.566999e+02
2.170000e-06	3.194248e-06	6.953970e-09	2.293860e+01	4.579902e+02
2.180000e-06	3.204210e-06	6.972939e-09	2.301014e+01	4.592614e+02
2.190000e-06	3.213595e-06	6.991672e-09	2.307753e+01	4.604794e+02
2.200000e-06	3.222452e-06	7.008725e-09	2.314113e+01	4.616043e+02
2.210000e-06	3.230793e-06	7.023235e-09	2.320103e+01	4.626065e+02
2.220000e-06	3.238639e-06	7.036006e-09	2.325737e+01	4.634798e+02
2.230000e-06	3.245919e-06	7.046360e-09	2.330966e+01	4.642438e+02
2.240000e-06	3.252577e-06	7.054850e-09	2.335747e+01	4.649374e+02
2.250000e-06	3.258624e-06	7.064401e-09	2.340089e+01	4.656032e+02
2.260000e-06	3.264074e-06	7.073913e-09	2.344003e+01	4.662716e+02
2.270000e-06	3.268930e-06	7.082896e-09	2.347491e+01	4.669487e+02
2.280000e-06	3.273094e-06	7.092453e-09	2.350480e+01	4.676148e+02
2.290000e-06	3.276567e-06	7.102780e-09	2.352975e+01	4.682326e+02
2.300000e-06	3.279472e-06	7.113834e-09	2.355061e+01	4.687624e+02
2.310000e-06	3.281836e-06	7.121613e-09	2.356758e+01	4.691784e+02
2.320000e-06	3.283668e-06	7.124614e-09	2.358074e+01	4.694796e+02
2.330000e-06	3.284946e-06	7.126712e-09	2.358992e+01	4.696895e+02
2.340000e-06	3.285583e-06	7.128485e-09	2.359449e+01	4.698479e+02
2.350000e-06	3.285626e-06	7.130894e-09	2.359480e+01	4.699945e+02
2.360000e-06	3.285137e-06	7.134303e-09	2.359129e+01	4.701531e+02
2.370000e-06	3.284122e-06	7.139277e-09	2.358400e+01	4.703224e+02
2.380000e-06	3.282633e-06	7.145405e-09	2.357331e+01	4.704764e+02
2.390000e-06	3.280567e-06	7.148174e-09	2.355847e+01	4.705748e+02
2.400000e-06	3.277838e-06	7.145606e-09	2.353887e+01	4.705791e+02
2.410000e-06	3.274577e-06	7.131520e-09	2.351546e+01	4.704683e+02
2.420000e-06	3.270857e-06	7.122839e-09	2.348874e+01	4.702480e+02
2.430000e-06	3.266498e-06	7.177181e-09	2.345744e+01	4.699494e+02
2.440000e-06	3.261150e-06	7.173153e-09	2.341903e+01	4.696189e+02
2.450000e-06	3.254879e-06	7.050306e-09	2.337400e+01	4.693017e+02
2.460000e-06	3.248311e-06	7.093029e-09	2.332683e+01	4.690270e+02
2.470000e-06	3.241605e-06	7.167569e-09	2.327868e+01	4.687988e+02
2.480000e-06	3.234265e-06	7.137124e-09	2.322597e+01	4.685962e+02
2.490000e-06	3.226059e-06	7.031366e-09	2.316703e+01	4.683827e+02
2.500000e-06	3.217472e-06	7.100233e-09	2.310537e+01	4.681199e+02
2.510000e-06	3.208649e-06	7.181670e-09	2.304201e+01	4.677801e+02
2.520000e-06	3.198981e-06	7.045778e-09	2.297259e+01	4.673538e+02
2.530000e-06	3.188502e-06	7.026911e-09	2.289733e+01	4.668483e+02
2.540000e-06	3.177735e-06	7.123584e-09	2.282001e+01	4.662797e+02
2.550000e-06	3.166523e-06	7.085985e-09	2.273950e+01	4.656623e+02
2.560000e-06	3.154471e-06	6.952928e-09	2.265295e+01	4.649991e+02
2.570000e-06	3.141815e-06	7.073262e-09	2.256206e+01	4.642796e+02
2.580000e-06	3.128761e-06	7.102094e-09	2.246832e+01	4.634830e+02
2.590000e-06	3.115086e-06	6.926548e-09	2.237012e+01	4.625887e+02
2.600000e-06	3.100891e-06	6.959925e-09	2.226818e+01	4.615857e+02
2.610000e-06	3.086295e-06	7.043217e-09	2.216336e+01	4.604802e+02
2.620000e-06	3.071037e-06	6.947429e-09	2.205379e+01	4.592950e+02
2.630000e-06	3.055139e-06	6.885993e-09	2.193962e+01	4.580625e+02
2.640000e-06	3.038785e-06	6.958761e-09	2.182218e+01	4.568132e+02
2.650000e-06	3.021864e-06	6.925695e-09	2.170067e+01	4.555642e+02
2.660000e-06	3.004381e-06	6.861009e-09	2.157512e+01	4.543133e+02
2.670000e-06	2.986493e-06	6.881300e-09	2.144666e+01	4.530397e+02
2.680000e-06	2.968054e-06	6.815013e-09	2.131425e+01	4.517127e+02
2.690000e-06	2.948942e-06	6.829082e-09	2.117700e+01	4.503037e+02
2.700000e-06	2.929293e-06	6.828830e-09	2.103589e+01	4.487977e+02
2.710000e-06	2.909139e-06	6.745609e-09	2.089117e+01	4.471987e+02
2.720000e-06	2.888442e-06	6.757735e-09	2.074253e+01	4.455285e+02
2.730000e-06	2.867115e-06	6.749906e-09	2.058938e+01	4.438173e+02
2.740000e-06	2.845146e-06	6.687092e-09	2.043162e+01	4.420920e+02
2.750000e-06	2.822698e-06	6.664564e-09	2.027041e+01	4.403658e+02
2.760000e-06	2.799784e-06	6.673233e-09	2.010587e+01	4.386329e+02
2.770000e-06	2.776338e-06	6.604469e-09	1.993749e+01	4.368721e+02
2.780000e-06	2.752467e-06	6.586952e-09	1.976607e+01	4.350550e+02
2.790000e-06	2.728149e-06	6.602574e-09	1.959143e+01	4.331580e+02
2.800000e-06	2.703232e-06	6.513953e-09	1.941250e+01	4.311716e+02
2.810000e-06	2.677810e-06	6.504874e-09	1.922994e+01	4.291039e+02
2.820000e-06	2.651955e-06	6.496012e-09	1.904427e+01	4.269769e+02
2.830000e-06	2.625636e-06	6.430484e-09	1.885526e+01	4.248175e+02
2.840000e-06	2.598885e-06	6.426871e-09	1.866317e+01	4.226463e+02
2.850000e-06	2.571709e-06	6.378982e-09	1.846801e+01	4.204701e+02
2.860000e-06	2.544036e-06	6.337645e-09	1.826928e+01	4.182794e+02
2.870000e-06	2.515823e-06	6.317274e-09	1.806668e+01	4.160531e+02
2.880000e-06	2.487139e-06	6.284516e-09	1.786069e+01	4.137679e+02
2.890000e-06	2.458052e-06	6.248047e-09	1.765181e+01	4.114081e+02
2.900000e-06	2.428566e-06	6.198404e-09	1.744007e+01	4.089719e+02
2.910000e-06	2.398663e-06	6.172275e-09	1.722533e+01	4.064718e+02
2.920000e-06	2.368301e-06	6.134667e-09	1.700729e+01	4.039287e+02
2.930000e-06	2.337378e-06	6.096995e-09	1.678522e+01	4.013622e+02
2.940000e-06	2.305892e-06	6.049580e-09	1.655911e+01	3.987816e+02
2.950000e-06	2.273999e-06	6.007424e-09	1.633008e+01	3.961807e+02
2.960000e-06	2.241750e-06	5.986258e-09	1.609850e+01	3.935391e+02
2.970000e-06	2.209111e-06	5.932496e-09	1.586411e+01	3.908298e+02
2.980000e-06	2.176088e-06	5.887554e-09	1.562696e+01	3.880295e+02
2.990000e-06	2.142742e-06	5.846916e-09	1.538750e+01	3.851276e+02
3.000000e-06	2.109101e-06	5.802565e-09	1.514592e+01	3.821308e+02
3.010000e-06	2.074991e-06	5.761507e-09	1.490097e+01	3.790613e+02
3.020000e-06	2.040358e-06	5.707037e-09	1.465226e+01	3.759482e+02
3.030000e-06	2.005335e-06	5.669113e-09	1.440075e+01	3.728175e+02
3.040000e-06	1.969992e-06	5.616803e-09	1.414694e+01	3.696827e+02
3.050000e-06	1.934347e-06	5.570588e-09	1.389097e+01	3.665399e+02
3.060000e-06	1.898390e-06	5.525558e-09	1.363276e+01	3.633704e+02
3.070000e-06	1.862100e-06	5.464253e-09	1.337215e+01	3.601471e+02
3.080000e-06	1.825533e-06	5.425087e-09	1.310955e+01	3.568447e+02
3.090000e-06	1.788726e-06	5.374617e-09	1.284523e+01	3.534473e+02
3.100000e-06	1.751582e-06	5.326047e-09	1.257850e+01	3.499528e+02
3.110000e-06	1.714001e-06	5.271411e-09	1.230862e+01	3.463708e+02
3.120000e-06	1.676021e-06	5.207819e-09	1.203587e+01	3.427172e+02
3.130000e-06	1.637773e-06	5.160031e-09	1.176121e+01	3.390062e+02
3.140000e-06	1.599298e-06	5.097662e-09	1.148491e+01	3.352444e+02
3.150000e-06	1.560565e-06	5.040341e-09	1.120676e+01	3.314291e+02
3.160000e-06	1.521576e-06	4.980597e-09	1.092677e+01	3.275506e+02
3.170000e-06	1.482333e-06	4.920566e-09	1.064496e+01	3.235974e+02
3.180000e-06	1.442833e-06	4.867050e-09	1.036130e+01	3.195624e+02
3.190000e-06	1.403127e-06	4.797697e-09	1.007616e+01	3.154468e+02
3.200000e-06	1.363285e-06	4.736984e-09	9.790046e+00	3.112594e+02
3.210000e-06	1.323308e-06	4.671129e-09	9.502963e+00	3.070137e+02
3.220000e-06	1.283106e-06	4.604746e-09	9.214265e+00	3.027215e+02
3.230000e-06	1.242534e-06	4.541771e-09	8.922911e+00	2.983878e+02
3.240000e-06	1.201584e-06	4.469162e-09	8.628841e+00	2.940087e+02
3.250000e-06	1.160403e-06	4.405316e-09	8.333108e+00	2.895722e+02
3.260000e-06	1.119056e-06	4.337100e-09	8.036188e+00	2.850630e+02
3.270000e-06	1.077527e-06	4.272608e-09	7.737956e+00	2.804684e+02
3.280000e-06	1.035830e-06	4.205089e-09	7.438520e+00	2.757823e+02
3.290000e-06	9.939672e-07	4.128145e-09	7.137896e+00	2.710065e+02
3.300000e-06	9.519324e-07	4.057630e-09	6.836035e+00	2.661488e+02
3.310000e-06	9.097412e-07	3.979895e-09	6.533051e+00	2.612184e+02
3.320000e-06	8.674032e-07	3.904403e-09	6.229012e+00	2.562199e+02
3.330000e-06	8.249164e-07	3.826346e-09	5.923906e+00	2.511514e+02
3.340000e-06	7.822647e-07	3.749276e-09	5.617614e+00	2.460032e+02
3.350000e-06	7.394618e-07	3.677255e-09	5.310237e+00	2.407621e+02
3.360000e-06	6.965563e-07	3.594890e-09	5.002123e+00	2.354160e+02
3.370000e-06	6.535695e-07	3.513331e-09	4.693426e+00	2.299586e+02
3.380000e-06	6.105024e-07	3.426057e-09	4.384151e+00	2.243922e+02
3.390000e-06	5.673717e-07	3.339734e-09	4.074421e+00	2.187262e+02
3.400000e-06	5.241700e-07	3.253865e-09	3.764179e+00	2.129733e+02
3.410000e-06	4.808718e-07	3.161851e-09	3.453246e+00	2.071445e+02
3.420000e-06	4.374889e-07	3.077044e-09	3.141704e+00	2.012445e+02
3.430000e-06	3.940290e-07	2.987035e-09	2.829608e+00	1.952705e+02
3.440000e-06	3.504640e-07	2.896022e-09	2.516759e+00	1.892134e+02
3.450000e-06	3.067990e-07	2.802478e-09	2.203191e+00	1.830618e+02
3.460000e-06	2.630784e-07	2.705429e-09	1.889223e+00	1.768076e+02
3.470000e-06	2.193185e-07	2.611710e-09	1.574974e+00	1.704483e+02
3.480000e-06	1.755339e-07	2.510818e-09	1.260547e+00	1.639887e+02
3.490000e-06	1.317205e-07	2.411738e-09	9.459140e-01	1.574384e+02
3.500000e-06	8.789194e-08	2.309569e-09	6.311713e-01	1.508076e+02
3.510000e-06	4.404110e-08	2.207066e-09	3.162688e-01	1.441034e+02
3.520000e-06	1.943721e-10	2.107200e-09	1.395828e-03	1.373269e+02
3.530000e-06	-4.362518e-08	2.001641e-09	-3.132819e-01	1.304730e+02
3.540000e-06	-8.742256e-08	1.898860e-09	-6.278005e-01	1.235330e+02
3.550000e-06	-1.311785e-07	1.792389e-09	-9.420218e-01	1.164979e+02
3.560000e-06	-1.748995e-07	1.687454e-09	-1.255992e+00	1.093608e+02
3.570000e-06	-2.185515e-07	1.581964e-09	-1.569466e+00	1.021188e+02
3.580000e-06	-2.621442e-07	1.469627e-09	-1.882515e+00	9.477189e+01
3.590000e-06	-3.056785e-07	1.357678e-09	-2.195144e+00	8.732097e+01
3.600000e-06	-3.491293e-07	1.242961e-09	-2.507174e+00	7.976582e+01
3.610000e-06	-3.925097e-07	1.129821e-09	-2.818698e+00	7.210438e+01
3.620000e-06	-4.358042e-07	1.012854e-09	-3.129605e+00	6.433377e+01
3.630000e-06	-4.790111e-07	8.932136e-10	-3.439884e+00	5.645281e+01
3.640000e-06	-5.221731e-07	7.763932e-10	-3.749839e+00	4.846455e+01
3.650000e-06	-5.652946e-07	6.546482e-10	-4.059504e+00	4.037733e+01
3.660000e-06	-6.083603e-07	5.336117e-10	-4.368769e+00	3.220344e+01
3.670000e-06	-6.513513e-07	4.084117e-10	-4.677497e+00	2.395549e+01
3.680000e-06	-6.942547e-07	2.820273e-10	-4.985595e+00	1.564180e+01
3.690000e-06	-7.370540e-07	1.549644e-10	-5.292946e+00	7.262912e+00
3.700000e-06	-7.797182e-07	2.411412e-11	-5.599327e+00	-1.189039e+00
3.710000e-06	-8.222576e-07	-1.038582e-10	-5.904812e+00	-9.727169e+00
3.720000e-06	-8.646754e-07	-2.341355e-10	-6.209423e+00	-1.836382e+01
3.730000e-06	-9.069446e-07	-3.655426e-10	-6.512967e+00	-2.710375e+01
3.740000e-06	-9.490547e-07	-4.966930e-10	-6.815369e+00	-3.593937e+01
3.750000e-06	-9.909947e-07	-6.297078e-10	-7.116550e+00	-4.485018e+01
3.760000e-06	-1.032753e-06	-7.626547e-10	-7.416422e+00	-5.380705e+01
3.770000e-06	-1.074368e-06	-9.000220e-10	-7.715272e+00	-6.278013e+01
3.780000e-06	-1.115849e-06	-1.038614e-09	-8.013158e+00	-7.174737e+01
3.790000e-06	-1.157151e-06	-1.175137e-09	-8.309753e+00	-8.070034e+01
3.800000e-06	-1.198213e-06	-1.311568e-09	-8.604628e+00	-8.964490e+01
3.810000e-06	-1.238973e-06	-1.445503e-09	-8.897333e+00	-9.859608e+01
3.820000e-06	-1.279413e-06	-1.580849e-09	-9.187748e+00	-1.075690e+02
3.830000e-06	-1.319551e-06	-1.714408e-09	-9.475982e+00	-1.165695e+02
3.840000e-06	-1.359470e-06	-1.849476e-09	-9.762649e+00	-1.255875e+02
3.850000e-06	-1.399212e-06	-1.984881e-09	-1.004805e+01	-1.345975e+02
3.860000e-06	-1.438722e-06	-2.121700e-09	-1.033178e+01	-1.435642e+02
3.870000e-06	-1.477982e-06	-2.259733e-09	-1.061371e+01	-1.524526e+02
3.880000e-06	-1.516984e-06	-2.394896e-09	-1.089379e+01	-1.612388e+02
3.890000e-06	-1.555703e-06	-2.529387e-09	-1.117184e+01	-1.699160e+02
3.900000e-06	-1.594169e-06	-2.660700e-09	-1.144807e+01	-1.784937e+02
3.910000e-06	-1.632435e-06	-2.789440e-09	-1.172287e+01	-1.869910e+02
3.920000e-06	-1.670495e-06	-2.915656e-09	-1.199619e+01	-1.954245e+02
3.930000e-06	-1.708223e-06	-3.040538e-09	-1.226712e+01	-2.037982e+02
3.940000e-06	-1.745492e-06	-3.168832e-09	-1.253476e+01	-2.120968e+02
3.950000e-06	-1.782356e-06	-3.294941e-09	-1.279949e+01	-2.202875e+02
3.960000e-06	-1.818920e-06	-3.418774e-09	-1.306206e+01	-2.283289e+02
3.970000e-06	-1.855193e-06	-3.540198e-09	-1.332255e+01	-2.361836e+02
3.980000e-06	-1.891142e-06	-3.655989e-09	-1.358071e+01	-2.438302e+02
3.990000e-06	-1.926715e-06	-3.771187e-09	-1.383616e+01	-2.512697e+02
4.000000e-06	-1.961969e-06	-3.882407e-09	-1.408933e+01	-2.585236e+02
4.010000e-06	-1.997009e-06	-3.990899e-09	-1.434096e+01	-2.656247e+02
4.020000e-06	-2.031758e-06	-4.097350e-09	-1.459050e+01	-2.726033e+02
4.030000e-06	-2.066060e-06	-4.203055e-09	-1.483683e+01	-2.794756e+02
4.040000e-06	-2.099869e-06	-4.307464e-09	-1.507962e+01	-2.862367e+02
4.050000e-06	-2.133320e-06	-4.408603e-09	-1.531984e+01	-2.928632e+02
4.060000e-06	-2.166468e-06	-4.508760e-09	-1.555788e+01	-2.993227e+02
4.070000e-06	-2.199253e-06	-4.607166e-09	-1.579331e+01	-3.055874e+02
4.080000e-06	-2.231668e-06	-4.701780e-09	-1.602610e+01	-3.116453e+02
4.090000e-06	-2.263740e-06	-4.790370e-09	-1.625641e+01	-3.175061e+02
4.100000e-06	-2.295499e-06	-4.876216e-09	-1.648448e+01	-3.231977e+02
4.110000e-06	-2.326854e-06	-4.963552e-09	-1.670965e+01	-3.287564e+02
4.120000e-06	-2.357656e-06	-5.050132e-09	-1.693085e+01	-3.342133e+02
4.130000e-06	-2.387918e-06	-5.134748e-09	-1.714816e+01	-3.395836e+02
4.140000e-06	-2.417724e-06	-5.214939e-09	-1.736220e+01	-3.448618e+02
4.150000e-06	-2.447116e-06	-5.291947e-09	-1.757328e+01	-3.500262e+02
4.160000e-06	-2.476113e-06	-5.368959e-09	-1.778151e+01	-3.550485e+02
4.170000e-06	-2.504703e-06	-5.443501e-09	-1.798682e+01	-3.599069e+02
4.180000e-06	-2.532829e-06	-5.517087e-09	-1.818880e+01	-3.645953e+02
4.190000e-06	-2.560431e-06	-5.589103e-09	-1.838702e+01	-3.691257e+02
4.200000e-06	-2.587549e-06	-5.659080e-09	-1.858176e+01	-3.735225e+02
4.210000e-06	-2.614247e-06	-5.726949e-09	-1.877348e+01	-3.778120e+02
4.220000e-06	-2.640517e-06	-5.791169e-09	-1.896213e+01	-3.820100e+02
4.230000e-06	-2.666366e-06	-5.853529e-09	-1.914776e+01	-3.861148e+02
4.240000e-06	-2.691813e-06	-5.914472e-09	-1.933050e+01	-3.901070e+02
4.250000e-06	-2.716711e-06	-5.975183e-09	-1.950930e+01	-3.939584e+02
4.260000e-06	-2.740997e-06	-6.035595e-09	-1.968370e+01	-3.976442e+02
4.270000e-06	-2.764822e-06	-6.093284e-09	-1.985479e+01	-4.011552e+02
4.280000e-06	-2.788219e-06	-6.148956e-09	-2.002281e+01	-4.045043e+02
4.290000e-06	-2.811119e-06	-6.201827e-09	-2.018726e+01	-4.077239e+02
4.300000e-06	-2.833531e-06	-6.252634e-09	-2.034820e+01	-4.108552e+02
4.310000e-06	-2.855447e-06	-6.300680e-09	-2.050559e+01	-4.139333e+02
4.320000e-06	-2.876744e-06	-6.347534e-09	-2.065853e+01	-4.169743e+02
4.330000e-06	-2.897415e-06	-6.396747e-09	-2.080697e+01	-4.199689e+02
4.340000e-06	-2.917534e-06	-6.445633e-09	-2.095145e+01	-4.228864e+02
4.350000e-06	-2.937048e-06	-6.492694e-09	-2.109158e+01	-4.256864e+02
4.360000e-06	-2.955920e-06	-6.535244e-09	-2.122711e+01	-4.283354e+02
4.370000e-06	-2.974258e-06	-6.574859e-09	-2.135880e+01	-4.308200e+02
4.380000e-06	-2.992140e-06	-6.613480e-09	-2.148721e+01	-4.331529e+02
4.390000e-06	-3.009595e-06	-6.649999e-09	-2.161256e+01	-4.353686e+02
4.400000e-06	-3.026605e-06	-6.685566e-09	-2.173471e+01	-4.375101e+02
4.410000e-06	-3.043104e-06	-6.719332e-09	-2.185320e+01	-4.396129e+02
4.420000e-06	-3.059123e-06	-6.753075e-09	-2.196823e+01	-4.416911e+02
4.430000e-06	-3.074645e-06	-6.787584e-09	-2.207970e+01	-4.437328e+02
4.440000e-06	-3.089585e-06	-6.819859e-09	-2.218698e+01	-4.457052e+02
4.450000e-06	-3.103955e-06	-6.850377e-09	-2.229018e+01	-4.475684e+02
4.460000e-06	-3.117814e-06	-6.878207e-09	-2.238970e+01	-4.492921e+02
4.470000e-06	-3.131167e-06	-6.903504e-09	-2.248559e+01	-4.508684e+02
4.480000e-06	-3.144000e-06	-6.927193e-09	-2.257775e+01	-4.523158e+02
4.490000e-06	-3.156275e-06	-6.948352e-09	-2.266590e+01	-4.536723e+02
4.500000e-06	-3.167915e-06	-6.968602e-09	-2.274949e+01	-4.549818e+02
4.510000e-06	-3.178964e-06	-6.988955e-09	-2.282884e+01	-4.562764e+02
4.520000e-06	-3.189502e-06	-7.010710e-09	-2.290451e+01	-4.575651e+02
4.530000e-06	-3.199502e-06	-7.031553e-09	-2.297632e+01	-4.588306e+02
4.540000e-06	-3.208975e-06	-7.050033e-09	-2.304435e+01	-4.600369e+02
4.550000e-06	-3.217873e-06	-7.067036e-09	-2.310825e+01	-4.611446e+02
4.560000e-06	-3.226131e-06	-7.081823e-09	-2.316755e+01	-4.621271e+02
4.570000e-06	-3.233835e-06	-7.095250e-09	-2.322287e+01	-4.629819e+02
4.580000e-06	-3.241034e-06	-7.107404e-09	-2.327457e+01	-4.637325e+02
4.590000e-06	-3.247695e-06	-7.118700e-09	-2.332241e+01	-4.644191e+02
4.600000e-06	-3.253759e-06	-7.131539e-09	-2.336596e+01	-4.650837e+02
4.610000e-06	-3.259133e-06	-7.144605e-09	-2.340455e+01	-4.657535e+02
4.620000e-06	-3.263841e-06	-7.155254e-09	-2.343836e+01	-4.664306e+02
4.630000e-06	-3.267939e-06	-7.163619e-09	-2.346779e+01	-4.670919e+02
4.640000e-06	-3.271473e-06	-7.170729e-09	-2.349316e+01	-4.676987e+02
4.650000e-06	-3.274480e-06	-7.177496e-09	-2.351476e+01	-4.682123e+02
4.660000e-06	-3.276879e-06	-7.183852e-09	-2.353199e+01	-4.686104e+02
4.670000e-06	-3.278658e-06	-7.188680e-09	-2.354476e+01	-4.688956e+02
4.680000e-06	-3.279892e-06	-7.192516e-09	-2.355362e+01	-4.690949e+02
4.690000e-06	-3.280580e-06	-7.195526e-09	-2.355856e+01	-4.692491e+02
