# Temperatura_=_20.0
# Concentracion g/m^3_=_10000.0
# C_Vs_to_Am_M_A/Vsm_=_65563218390.804596
# pendiente_HvsI_1/m_=_3716.3
# ordenada_HvsI_A/m_=_1297.0
# frecuencia_Hz_=_212937.55907640024

Tiempo_(s)	Campo_(V.s)	Magnetizacion_(V.s)	Campo_(kA/m)	Magnetizacion_(A/m)
0.000000e+00	-3.289187e-06	-7.218699e-09	-2.355717e+01	-4.692769e+02
1.000000e-08	-3.288977e-06	-7.216753e-09	-2.355567e+01	-4.694139e+02
2.000000e-08	-3.288145e-06	-7.211708e-09	-2.354971e+01	-4.695466e+02
3.000000e-08	-3.286679e-06	-7.209487e-09	-2.353921e+01	-4.696723e+02
4.000000e-08	-3.284692e-06	-7.211010e-09	-2.352498e+01	-4.697705e+02
5.000000e-08	-3.282222e-06	-7.212466e-09	-2.350729e+01	-4.698096e+02
6.000000e-08	-3.279254e-06	-7.214357e-09	-2.348603e+01	-4.697598e+02
7.000000e-08	-3.275738e-06	-7.217733e-09	-2.346085e+01	-4.696053e+02
8.000000e-08	-3.271493e-06	-7.217535e-09	-2.343045e+01	-4.693529e+02
9.000000e-08	-3.266353e-06	-7.204730e-09	-2.339364e+01	-4.690322e+02
1.000000e-07	-3.260364e-06	-7.191984e-09	-2.335075e+01	-4.686879e+02
1.100000e-07	-3.253830e-06	-7.215037e-09	-2.330395e+01	-4.683664e+02
1.200000e-07	-3.246929e-06	-7.189706e-09	-2.325453e+01	-4.681008e+02
1.300000e-07	-3.239472e-06	-7.154652e-09	-2.320111e+01	-4.679001e+02
1.400000e-07	-3.231492e-06	-7.191938e-09	-2.314396e+01	-4.677456e+02
1.500000e-07	-3.223213e-06	-7.195143e-09	-2.308467e+01	-4.675957e+02
1.600000e-07	-3.214423e-06	-7.168533e-09	-2.302171e+01	-4.673977e+02
1.700000e-07	-3.204889e-06	-7.100721e-09	-2.295343e+01	-4.671009e+02
1.800000e-07	-3.194810e-06	-7.139953e-09	-2.288125e+01	-4.666690e+02
1.900000e-07	-3.184336e-06	-7.135824e-09	-2.280623e+01	-4.660861e+02
2.000000e-07	-3.173228e-06	-7.095171e-09	-2.272668e+01	-4.653565e+02
2.100000e-07	-3.161386e-06	-7.111493e-09	-2.264186e+01	-4.644990e+02
2.200000e-07	-3.149098e-06	-7.084898e-09	-2.255385e+01	-4.635386e+02
2.300000e-07	-3.136352e-06	-7.077383e-09	-2.246257e+01	-4.624995e+02
2.400000e-07	-3.122873e-06	-7.015719e-09	-2.236603e+01	-4.614008e+02
2.500000e-07	-3.108744e-06	-7.029449e-09	-2.226484e+01	-4.602560e+02
2.600000e-07	-3.094182e-06	-7.000821e-09	-2.216055e+01	-4.590757e+02
2.700000e-07	-3.079063e-06	-6.980409e-09	-2.205226e+01	-4.578694e+02
2.800000e-07	-3.063424e-06	-6.985101e-09	-2.194026e+01	-4.566463e+02
2.900000e-07	-3.047287e-06	-6.930856e-09	-2.182468e+01	-4.554142e+02
3.000000e-07	-3.030442e-06	-6.939785e-09	-2.170404e+01	-4.541752e+02
3.100000e-07	-3.013012e-06	-6.918117e-09	-2.157921e+01	-4.529231e+02
3.200000e-07	-2.995133e-06	-6.886332e-09	-2.145116e+01	-4.516424e+02
3.300000e-07	-2.976676e-06	-6.867483e-09	-2.131897e+01	-4.503111e+02
3.400000e-07	-2.957644e-06	-6.850721e-09	-2.118266e+01	-4.489071e+02
3.500000e-07	-2.938081e-06	-6.828682e-09	-2.104255e+01	-4.474154e+02
3.600000e-07	-2.917813e-06	-6.789001e-09	-2.089739e+01	-4.458340e+02
3.700000e-07	-2.896804e-06	-6.795652e-09	-2.074693e+01	-4.441755e+02
3.800000e-07	-2.875249e-06	-6.748294e-09	-2.059255e+01	-4.424637e+02
3.900000e-07	-2.853246e-06	-6.707583e-09	-2.043496e+01	-4.407252e+02
4.000000e-07	-2.830807e-06	-6.721160e-09	-2.027425e+01	-4.389806e+02
4.100000e-07	-2.807866e-06	-6.664662e-09	-2.010995e+01	-4.372368e+02
4.200000e-07	-2.784324e-06	-6.636340e-09	-1.994134e+01	-4.354845e+02
4.300000e-07	-2.760263e-06	-6.618916e-09	-1.976902e+01	-4.337022e+02
4.400000e-07	-2.735766e-06	-6.594242e-09	-1.959357e+01	-4.318638e+02
4.500000e-07	-2.710813e-06	-6.562861e-09	-1.941486e+01	-4.299490e+02
4.600000e-07	-2.685427e-06	-6.528556e-09	-1.923304e+01	-4.279504e+02
4.700000e-07	-2.659604e-06	-6.509429e-09	-1.904810e+01	-4.258756e+02
4.800000e-07	-2.633234e-06	-6.458723e-09	-1.885924e+01	-4.237439e+02
4.900000e-07	-2.606330e-06	-6.441226e-09	-1.866655e+01	-4.215776e+02
5.000000e-07	-2.579038e-06	-6.401634e-09	-1.847108e+01	-4.193927e+02
5.100000e-07	-2.551334e-06	-6.353346e-09	-1.827266e+01	-4.171926e+02
5.200000e-07	-2.523174e-06	-6.338922e-09	-1.807098e+01	-4.149663e+02
5.300000e-07	-2.494611e-06	-6.296183e-09	-1.786641e+01	-4.126937e+02
5.400000e-07	-2.465650e-06	-6.259336e-09	-1.765900e+01	-4.103538e+02
5.500000e-07	-2.436193e-06	-6.213336e-09	-1.744802e+01	-4.079342e+02
5.600000e-07	-2.406156e-06	-6.178571e-09	-1.723290e+01	-4.054360e+02
5.700000e-07	-2.375620e-06	-6.149821e-09	-1.701420e+01	-4.028740e+02
5.800000e-07	-2.344647e-06	-6.099481e-09	-1.679237e+01	-4.002706e+02
5.900000e-07	-2.313207e-06	-6.067375e-09	-1.656720e+01	-3.976460e+02
6.000000e-07	-2.281260e-06	-6.024664e-09	-1.633839e+01	-3.950098e+02
6.100000e-07	-2.248854e-06	-5.988948e-09	-1.610631e+01	-3.923557e+02
6.200000e-07	-2.216093e-06	-5.944515e-09	-1.587167e+01	-3.896635e+02
6.300000e-07	-2.182951e-06	-5.890984e-09	-1.563431e+01	-3.869061e+02
6.400000e-07	-2.149451e-06	-5.856317e-09	-1.539438e+01	-3.840602e+02
6.500000e-07	-2.115689e-06	-5.805579e-09	-1.515258e+01	-3.811151e+02
6.600000e-07	-2.081597e-06	-5.766702e-09	-1.490841e+01	-3.780775e+02
6.700000e-07	-2.047138e-06	-5.719201e-09	-1.466161e+01	-3.749691e+02
6.800000e-07	-2.012323e-06	-5.666932e-09	-1.441226e+01	-3.718183e+02
6.900000e-07	-1.977151e-06	-5.624835e-09	-1.416037e+01	-3.686497e+02
7.000000e-07	-1.941660e-06	-5.570715e-09	-1.390618e+01	-3.654746e+02
7.100000e-07	-1.905718e-06	-5.525139e-09	-1.364876e+01	-3.622868e+02
7.200000e-07	-1.869292e-06	-5.468630e-09	-1.338788e+01	-3.590654e+02
7.300000e-07	-1.832572e-06	-5.418208e-09	-1.312489e+01	-3.557826e+02
7.400000e-07	-1.795601e-06	-5.370841e-09	-1.286011e+01	-3.524138e+02
7.500000e-07	-1.758308e-06	-5.310781e-09	-1.259301e+01	-3.489467e+02
7.600000e-07	-1.720714e-06	-5.261372e-09	-1.232376e+01	-3.453840e+02
7.700000e-07	-1.682841e-06	-5.202746e-09	-1.205252e+01	-3.417413e+02
7.800000e-07	-1.644708e-06	-5.150046e-09	-1.177940e+01	-3.380386e+02
7.900000e-07	-1.606334e-06	-5.094625e-09	-1.150457e+01	-3.342918e+02
8.000000e-07	-1.567706e-06	-5.031590e-09	-1.122792e+01	-3.305054e+02
8.100000e-07	-1.528758e-06	-4.976883e-09	-1.094897e+01	-3.266709e+02
8.200000e-07	-1.489429e-06	-4.911952e-09	-1.066729e+01	-3.227707e+02
8.300000e-07	-1.449764e-06	-4.852849e-09	-1.038322e+01	-3.187864e+02
8.400000e-07	-1.409873e-06	-4.788172e-09	-1.009751e+01	-3.147069e+02
8.500000e-07	-1.369812e-06	-4.724049e-09	-9.810602e+00	-3.105336e+02
8.600000e-07	-1.329554e-06	-4.667476e-09	-9.522269e+00	-3.062804e+02
8.700000e-07	-1.289073e-06	-4.600985e-09	-9.232350e+00	-3.019684e+02
8.800000e-07	-1.248369e-06	-4.537109e-09	-8.940826e+00	-2.976167e+02
8.900000e-07	-1.207453e-06	-4.466072e-09	-8.647781e+00	-2.932345e+02
9.000000e-07	-1.166327e-06	-4.396204e-09	-8.353242e+00	-2.888171e+02
9.100000e-07	-1.125040e-06	-4.327324e-09	-8.057542e+00	-2.843472e+02
9.200000e-07	-1.083615e-06	-4.252661e-09	-7.760859e+00	-2.798014e+02
9.300000e-07	-1.042039e-06	-4.185412e-09	-7.463087e+00	-2.751593e+02
9.400000e-07	-1.000292e-06	-4.113986e-09	-7.164099e+00	-2.704113e+02
9.500000e-07	-9.583335e-07	-4.045164e-09	-6.863589e+00	-2.655612e+02
9.600000e-07	-9.161442e-07	-3.972835e-09	-6.561429e+00	-2.606238e+02
9.700000e-07	-8.736794e-07	-3.892736e-09	-6.257296e+00	-2.556175e+02
9.800000e-07	-8.309739e-07	-3.813987e-09	-5.951439e+00	-2.505552e+02
9.900000e-07	-7.881095e-07	-3.729148e-09	-5.644445e+00	-2.454378e+02
1.000000e-06	-7.450869e-07	-3.650600e-09	-5.336316e+00	-2.402523e+02
1.010000e-06	-7.019632e-07	-3.569522e-09	-5.027464e+00	-2.349765e+02
1.020000e-06	-6.587755e-07	-3.487667e-09	-4.718153e+00	-2.295870e+02
1.030000e-06	-6.154972e-07	-3.407665e-09	-4.408194e+00	-2.240690e+02
1.040000e-06	-5.721317e-07	-3.319456e-09	-4.097610e+00	-2.184220e+02
1.050000e-06	-5.286511e-07	-3.233694e-09	-3.786202e+00	-2.126609e+02
1.060000e-06	-4.850464e-07	-3.142458e-09	-3.473905e+00	-2.068099e+02
1.070000e-06	-4.413424e-07	-3.051764e-09	-3.160896e+00	-2.008937e+02
1.080000e-06	-3.975762e-07	-2.961810e-09	-2.847443e+00	-1.949277e+02
1.090000e-06	-3.537282e-07	-2.868866e-09	-2.533403e+00	-1.889126e+02
1.100000e-06	-3.097929e-07	-2.780482e-09	-2.218739e+00	-1.828339e+02
1.110000e-06	-2.658168e-07	-2.686088e-09	-1.903781e+00	-1.766689e+02
1.120000e-06	-2.218117e-07	-2.590000e-09	-1.588616e+00	-1.703954e+02
1.130000e-06	-1.777973e-07	-2.491288e-09	-1.273385e+00	-1.640009e+02
1.140000e-06	-1.337710e-07	-2.390238e-09	-9.580683e-01	-1.574876e+02
1.150000e-06	-8.971539e-08	-2.290822e-09	-6.425420e-01	-1.508711e+02
1.160000e-06	-4.563245e-08	-2.185852e-09	-3.268198e-01	-1.441735e+02
1.170000e-06	-1.535103e-09	-2.082689e-09	-1.099442e-02	-1.374142e+02
1.180000e-06	4.254182e-08	-1.980169e-09	3.046848e-01	-1.306015e+02
1.190000e-06	8.658584e-08	-1.877976e-09	6.201282e-01	-1.237285e+02
1.200000e-06	1.305995e-07	-1.772538e-09	9.353544e-01	-1.167760e+02
1.210000e-06	1.745717e-07	-1.660785e-09	1.250283e+00	-1.097196e+02
1.220000e-06	2.185055e-07	-1.549337e-09	1.564938e+00	-1.025392e+02
1.230000e-06	2.624017e-07	-1.433834e-09	1.879322e+00	-9.522727e+01
1.240000e-06	3.062533e-07	-1.317620e-09	2.193388e+00	-8.779096e+01
1.250000e-06	3.500510e-07	-1.200041e-09	2.507067e+00	-8.024932e+01
1.260000e-06	3.937762e-07	-1.082887e-09	2.820227e+00	-7.262524e+01
1.270000e-06	4.374285e-07	-9.690372e-10	3.132865e+00	-6.493621e+01
1.280000e-06	4.810164e-07	-8.506010e-10	3.445042e+00	-5.718744e+01
1.290000e-06	5.245016e-07	-7.272188e-10	3.756483e+00	-4.937011e+01
1.300000e-06	5.678587e-07	-5.986749e-10	4.067007e+00	-4.146547e+01
1.310000e-06	6.111286e-07	-4.727079e-10	4.376906e+00	-3.345292e+01
1.320000e-06	6.543290e-07	-3.509635e-10	4.686307e+00	-2.531872e+01
1.330000e-06	6.974649e-07	-2.248035e-10	4.995247e+00	-1.706183e+01
1.340000e-06	7.405481e-07	-9.808933e-11	5.303809e+00	-8.694484e+00
1.350000e-06	7.835586e-07	3.119744e-11	5.611851e+00	-2.374813e-01
1.360000e-06	8.264686e-07	1.637353e-10	5.919172e+00	8.287700e+00
1.370000e-06	8.692251e-07	2.974469e-10	6.225394e+00	1.686649e+01
1.380000e-06	9.117428e-07	4.346994e-10	6.529906e+00	2.549528e+01
1.390000e-06	9.539927e-07	5.692680e-10	6.832500e+00	3.418018e+01
1.400000e-06	9.959537e-07	7.028116e-10	7.133025e+00	4.293108e+01
1.410000e-06	1.037673e-06	8.356668e-10	7.431819e+00	5.175362e+01
1.420000e-06	1.079245e-06	9.700400e-10	7.729560e+00	6.064263e+01
1.430000e-06	1.120693e-06	1.107460e-09	8.026411e+00	6.957999e+01
1.440000e-06	1.162000e-06	1.244033e-09	8.322253e+00	7.853817e+01
1.450000e-06	1.203100e-06	1.383189e-09	8.616609e+00	8.748811e+01
1.460000e-06	1.243966e-06	1.523389e-09	8.909291e+00	9.640827e+01
1.470000e-06	1.284621e-06	1.664453e-09	9.200462e+00	1.052912e+02
1.480000e-06	1.325040e-06	1.801869e-09	9.489944e+00	1.141445e+02
1.490000e-06	1.365225e-06	1.935727e-09	9.777746e+00	1.229859e+02
1.500000e-06	1.405226e-06	2.071098e-09	1.006423e+01	1.318340e+02
1.510000e-06	1.445067e-06	2.205134e-09	1.034958e+01	1.406978e+02
1.520000e-06	1.484673e-06	2.339716e-09	1.063324e+01	1.495696e+02
1.530000e-06	1.523876e-06	2.475385e-09	1.091401e+01	1.584248e+02
1.540000e-06	1.562620e-06	2.611423e-09	1.119149e+01	1.672262e+02
1.550000e-06	1.601046e-06	2.747885e-09	1.146670e+01	1.759351e+02
1.560000e-06	1.639269e-06	2.878811e-09	1.174045e+01	1.845208e+02
1.570000e-06	1.677225e-06	3.006812e-09	1.201229e+01	1.929679e+02
1.580000e-06	1.714866e-06	3.132935e-09	1.228188e+01	2.012775e+02
1.590000e-06	1.752226e-06	3.256420e-09	1.254945e+01	2.094618e+02
1.600000e-06	1.789294e-06	3.378443e-09	1.281493e+01	2.175352e+02
1.610000e-06	1.826108e-06	3.498407e-09	1.307860e+01	2.255046e+02
1.620000e-06	1.862701e-06	3.619356e-09	1.334067e+01	2.333643e+02
1.630000e-06	1.898932e-06	3.739662e-09	1.360016e+01	2.410959e+02
1.640000e-06	1.934615e-06	3.855033e-09	1.385572e+01	2.486739e+02
1.650000e-06	1.969863e-06	3.965580e-09	1.410817e+01	2.560753e+02
1.660000e-06	2.004874e-06	4.074558e-09	1.435892e+01	2.632879e+02
1.670000e-06	2.039587e-06	4.180495e-09	1.460753e+01	2.703142e+02
1.680000e-06	2.073939e-06	4.281438e-09	1.485356e+01	2.771703e+02
1.690000e-06	2.107914e-06	4.380229e-09	1.509689e+01	2.838791e+02
1.700000e-06	2.141574e-06	4.478662e-09	1.533796e+01	2.904605e+02
1.710000e-06	2.174987e-06	4.575599e-09	1.557727e+01	2.969237e+02
1.720000e-06	2.208003e-06	4.671026e-09	1.581373e+01	3.032633e+02
1.730000e-06	2.240530e-06	4.764288e-09	1.604669e+01	3.094616e+02
1.740000e-06	2.272682e-06	4.857733e-09	1.627696e+01	3.154962e+02
1.750000e-06	2.304467e-06	4.948908e-09	1.650461e+01	3.213492e+02
1.760000e-06	2.335808e-06	5.033191e-09	1.672907e+01	3.270152e+02
1.770000e-06	2.366724e-06	5.112787e-09	1.695049e+01	3.325043e+02
1.780000e-06	2.397277e-06	5.191973e-09	1.716931e+01	3.378394e+02
1.790000e-06	2.427423e-06	5.271015e-09	1.738521e+01	3.430485e+02
1.800000e-06	2.457022e-06	5.347479e-09	1.759720e+01	3.481558e+02
1.810000e-06	2.486070e-06	5.423074e-09	1.780525e+01	3.531737e+02
1.820000e-06	2.514690e-06	5.497944e-09	1.801022e+01	3.581000e+02
1.830000e-06	2.542903e-06	5.572395e-09	1.821229e+01	3.629203e+02
1.840000e-06	2.570639e-06	5.643763e-09	1.841093e+01	3.676140e+02
1.850000e-06	2.597955e-06	5.709736e-09	1.860657e+01	3.721627e+02
1.860000e-06	2.624906e-06	5.773236e-09	1.879959e+01	3.765563e+02
1.870000e-06	2.651323e-06	5.835541e-09	1.898879e+01	3.807957e+02
1.880000e-06	2.677169e-06	5.896331e-09	1.917390e+01	3.848907e+02
1.890000e-06	2.702570e-06	5.954854e-09	1.935582e+01	3.888551e+02
1.900000e-06	2.727524e-06	6.011283e-09	1.953454e+01	3.927010e+02
1.910000e-06	2.751985e-06	6.067519e-09	1.970973e+01	3.964347e+02
1.920000e-06	2.776050e-06	6.122556e-09	1.988209e+01	4.000561e+02
1.930000e-06	2.799737e-06	6.173957e-09	2.005173e+01	4.035608e+02
1.940000e-06	2.822791e-06	6.221745e-09	2.021684e+01	4.069447e+02
1.950000e-06	2.845229e-06	6.266453e-09	2.037754e+01	4.102077e+02
1.960000e-06	2.867212e-06	6.313395e-09	2.053499e+01	4.133550e+02
1.970000e-06	2.888697e-06	6.359330e-09	2.068886e+01	4.163962e+02
1.980000e-06	2.909653e-06	6.400868e-09	2.083895e+01	4.193414e+02
1.990000e-06	2.929986e-06	6.442145e-09	2.098457e+01	4.221973e+02
2.000000e-06	2.949638e-06	6.482032e-09	2.112532e+01	4.249643e+02
2.010000e-06	2.968723e-06	6.519402e-09	2.126201e+01	4.276370e+02
2.020000e-06	2.987324e-06	6.552532e-09	2.139523e+01	4.302072e+02
2.030000e-06	3.005431e-06	6.586281e-09	2.152491e+01	4.326679e+02
2.040000e-06	3.023047e-06	6.621093e-09	2.165108e+01	4.350179e+02
2.050000e-06	3.040162e-06	6.654516e-09	2.177366e+01	4.372630e+02
2.060000e-06	3.056695e-06	6.686930e-09	2.189206e+01	4.394146e+02
2.070000e-06	3.072657e-06	6.716656e-09	2.200638e+01	4.414856e+02
2.080000e-06	3.088107e-06	6.743531e-09	2.211704e+01	4.434852e+02
2.090000e-06	3.103019e-06	6.767736e-09	2.222384e+01	4.454158e+02
2.100000e-06	3.117459e-06	6.792450e-09	2.232726e+01	4.472720e+02
2.110000e-06	3.131389e-06	6.817545e-09	2.242702e+01	4.490438e+02
2.120000e-06	3.144671e-06	6.842353e-09	2.252215e+01	4.507217e+02
2.130000e-06	3.157397e-06	6.867413e-09	2.261330e+01	4.523013e+02
2.140000e-06	3.169636e-06	6.890106e-09	2.270095e+01	4.537864e+02
2.150000e-06	3.181349e-06	6.909664e-09	2.278484e+01	4.551883e+02
2.160000e-06	3.192583e-06	6.927635e-09	2.286530e+01	4.565211e+02
2.170000e-06	3.203253e-06	6.944460e-09	2.294171e+01	4.577965e+02
2.180000e-06	3.213229e-06	6.960401e-09	2.301316e+01	4.590185e+02
2.190000e-06	3.222615e-06	6.976671e-09	2.308038e+01	4.601821e+02
2.200000e-06	3.231484e-06	6.994390e-09	2.314390e+01	4.612755e+02
2.210000e-06	3.239826e-06	7.009337e-09	2.320365e+01	4.622863e+02
2.220000e-06	3.247665e-06	7.021135e-09	2.325979e+01	4.632077e+02
2.230000e-06	3.254936e-06	7.031752e-09	2.331187e+01	4.640435e+02
2.240000e-06	3.261591e-06	7.042835e-09	2.335953e+01	4.648083e+02
2.250000e-06	3.267646e-06	7.055395e-09	2.340290e+01	4.655232e+02
2.260000e-06	3.273100e-06	7.066263e-09	2.344196e+01	4.662080e+02
2.270000e-06	3.277962e-06	7.075126e-09	2.347678e+01	4.668734e+02
2.280000e-06	3.282131e-06	7.083950e-09	2.350664e+01	4.675160e+02
2.290000e-06	3.285597e-06	7.093443e-09	2.353146e+01	4.681189e+02
2.300000e-06	3.288491e-06	7.102209e-09	2.355219e+01	4.686579e+02
2.310000e-06	3.290814e-06	7.107026e-09	2.356883e+01	4.691107e+02
2.320000e-06	3.292608e-06	7.110614e-09	2.358168e+01	4.694663e+02
2.330000e-06	3.293855e-06	7.116342e-09	2.359061e+01	4.697304e+02
2.340000e-06	3.294441e-06	7.120551e-09	2.359480e+01	4.699238e+02
2.350000e-06	3.294434e-06	7.122402e-09	2.359476e+01	4.700753e+02
2.360000e-06	3.293904e-06	7.124833e-09	2.359096e+01	4.702109e+02
2.370000e-06	3.292849e-06	7.128625e-09	2.358340e+01	4.703433e+02
2.380000e-06	3.291317e-06	7.130535e-09	2.357243e+01	4.704659e+02
2.390000e-06	3.289216e-06	7.129741e-09	2.355738e+01	4.705552e+02
2.400000e-06	3.286474e-06	7.127781e-09	2.353775e+01	4.705789e+02
2.410000e-06	3.283202e-06	7.125155e-09	2.351431e+01	4.705090e+02
2.420000e-06	3.279439e-06	7.118546e-09	2.348736e+01	4.703338e+02
2.430000e-06	3.275029e-06	7.126729e-09	2.345577e+01	4.700650e+02
2.440000e-06	3.269619e-06	7.128095e-09	2.341703e+01	4.697360e+02
2.450000e-06	3.263280e-06	7.080517e-09	2.337163e+01	4.693930e+02
2.460000e-06	3.256701e-06	7.093874e-09	2.332451e+01	4.690810e+02
2.470000e-06	3.250054e-06	7.120996e-09	2.327690e+01	4.688288e+02
2.480000e-06	3.242708e-06	7.085325e-09	2.322429e+01	4.686399e+02
2.490000e-06	3.234435e-06	7.047396e-09	2.316504e+01	4.684904e+02
2.500000e-06	3.225868e-06	7.098124e-09	2.310368e+01	4.683356e+02
2.510000e-06	3.217092e-06	7.150684e-09	2.304083e+01	4.681218e+02
2.520000e-06	3.207376e-06	7.069568e-09	2.297124e+01	4.678005e+02
2.530000e-06	3.196826e-06	7.055490e-09	2.289569e+01	4.673392e+02
2.540000e-06	3.186069e-06	7.113394e-09	2.281864e+01	4.667264e+02
2.550000e-06	3.174846e-06	7.115168e-09	2.273826e+01	4.659696e+02
2.560000e-06	3.162688e-06	7.033979e-09	2.265119e+01	4.650897e+02
2.570000e-06	3.149943e-06	7.038832e-09	2.255991e+01	4.641120e+02
2.580000e-06	3.136850e-06	7.082825e-09	2.246613e+01	4.630599e+02
2.590000e-06	3.123112e-06	7.016797e-09	2.236775e+01	4.619512e+02
2.600000e-06	3.108851e-06	6.997635e-09	2.226561e+01	4.607989e+02
2.610000e-06	3.094231e-06	6.993340e-09	2.216090e+01	4.596128e+02
2.620000e-06	3.078904e-06	6.970662e-09	2.205113e+01	4.584026e+02
2.630000e-06	3.062926e-06	6.946477e-09	2.193669e+01	4.571776e+02
2.640000e-06	3.046506e-06	6.938355e-09	2.181909e+01	4.559444e+02
2.650000e-06	3.029479e-06	6.921544e-09	2.169714e+01	4.547038e+02
2.660000e-06	3.011927e-06	6.889973e-09	2.157143e+01	4.534477e+02
2.670000e-06	2.994009e-06	6.896780e-09	2.144311e+01	4.521590e+02
2.680000e-06	2.975483e-06	6.843712e-09	2.131042e+01	4.508151e+02
2.690000e-06	2.956228e-06	6.837086e-09	2.117252e+01	4.493947e+02
2.700000e-06	2.936480e-06	6.830886e-09	2.103109e+01	4.478849e+02
2.710000e-06	2.916219e-06	6.756943e-09	2.088597e+01	4.462869e+02
2.720000e-06	2.895380e-06	6.766485e-09	2.073673e+01	4.446159e+02
2.730000e-06	2.873942e-06	6.746817e-09	2.058319e+01	4.428969e+02
2.740000e-06	2.851867e-06	6.694244e-09	2.042508e+01	4.411562e+02
2.750000e-06	2.829329e-06	6.671979e-09	2.026367e+01	4.394120e+02
2.760000e-06	2.806352e-06	6.666419e-09	2.009911e+01	4.376679e+02
2.770000e-06	2.782825e-06	6.632303e-09	1.993061e+01	4.359119e+02
2.780000e-06	2.758873e-06	6.586638e-09	1.975906e+01	4.341206e+02
2.790000e-06	2.734482e-06	6.586021e-09	1.958438e+01	4.322685e+02
2.800000e-06	2.709469e-06	6.540351e-09	1.940523e+01	4.303373e+02
2.810000e-06	2.683937e-06	6.512045e-09	1.922237e+01	4.283226e+02
2.820000e-06	2.657985e-06	6.487618e-09	1.903650e+01	4.262349e+02
2.830000e-06	2.631553e-06	6.426987e-09	1.884719e+01	4.240949e+02
2.840000e-06	2.604689e-06	6.425905e-09	1.865479e+01	4.219241e+02
2.850000e-06	2.577420e-06	6.393646e-09	1.845949e+01	4.197367e+02
2.860000e-06	2.549633e-06	6.352038e-09	1.826048e+01	4.175328e+02
2.870000e-06	2.521294e-06	6.321767e-09	1.805752e+01	4.152993e+02
2.880000e-06	2.492523e-06	6.281860e-09	1.785147e+01	4.130150e+02
2.890000e-06	2.463353e-06	6.259498e-09	1.764255e+01	4.106601e+02
2.900000e-06	2.433781e-06	6.205416e-09	1.743075e+01	4.082244e+02
2.910000e-06	2.403776e-06	6.165046e-09	1.721585e+01	4.057121e+02
2.920000e-06	2.373286e-06	6.127696e-09	1.699748e+01	4.031402e+02
2.930000e-06	2.342258e-06	6.089304e-09	1.677527e+01	4.005314e+02
2.940000e-06	2.310682e-06	6.056674e-09	1.654912e+01	3.979045e+02
2.950000e-06	2.278696e-06	6.005018e-09	1.632004e+01	3.952660e+02
2.960000e-06	2.246344e-06	5.972633e-09	1.608833e+01	3.926065e+02
2.970000e-06	2.213601e-06	5.928761e-09	1.585382e+01	3.899037e+02
2.980000e-06	2.180482e-06	5.886625e-09	1.561662e+01	3.871304e+02
2.990000e-06	2.147023e-06	5.846600e-09	1.537699e+01	3.842652e+02
3.000000e-06	2.113260e-06	5.788813e-09	1.513518e+01	3.813008e+02
3.010000e-06	2.079042e-06	5.746571e-09	1.489011e+01	3.782472e+02
3.020000e-06	2.044297e-06	5.696986e-09	1.464127e+01	3.751283e+02
3.030000e-06	2.009181e-06	5.652852e-09	1.438976e+01	3.719725e+02
3.040000e-06	1.973747e-06	5.602341e-09	1.413598e+01	3.688025e+02
3.050000e-06	1.938006e-06	5.552370e-09	1.388001e+01	3.656261e+02
3.060000e-06	1.901970e-06	5.515400e-09	1.362192e+01	3.624339e+02
3.070000e-06	1.865590e-06	5.456995e-09	1.336136e+01	3.592028e+02
3.080000e-06	1.828886e-06	5.405853e-09	1.309849e+01	3.559047e+02
3.090000e-06	1.791933e-06	5.349574e-09	1.283383e+01	3.525170e+02
3.100000e-06	1.754658e-06	5.296518e-09	1.256687e+01	3.490303e+02
3.110000e-06	1.716965e-06	5.248708e-09	1.229691e+01	3.454503e+02
3.120000e-06	1.678896e-06	5.184450e-09	1.202426e+01	3.417943e+02
3.130000e-06	1.640559e-06	5.132212e-09	1.174969e+01	3.380821e+02
3.140000e-06	1.601972e-06	5.075230e-09	1.147333e+01	3.343277e+02
3.150000e-06	1.563113e-06	5.020514e-09	1.119503e+01	3.305329e+02
3.160000e-06	1.524007e-06	4.963864e-09	1.091495e+01	3.266871e+02
3.170000e-06	1.484662e-06	4.897158e-09	1.063316e+01	3.227717e+02
3.180000e-06	1.445068e-06	4.841269e-09	1.034959e+01	3.187692e+02
3.190000e-06	1.405257e-06	4.774916e-09	1.006446e+01	3.146705e+02
3.200000e-06	1.365283e-06	4.711880e-09	9.778165e+00	3.104800e+02
3.210000e-06	1.325145e-06	4.644830e-09	9.490695e+00	3.062136e+02
3.220000e-06	1.284754e-06	4.574027e-09	9.201417e+00	3.018926e+02
3.230000e-06	1.244021e-06	4.515618e-09	8.909683e+00	2.975347e+02
3.240000e-06	1.202989e-06	4.448729e-09	8.615812e+00	2.931466e+02
3.250000e-06	1.161705e-06	4.385811e-09	8.320137e+00	2.887206e+02
3.260000e-06	1.120209e-06	4.314773e-09	8.022943e+00	2.842377e+02
3.270000e-06	1.078547e-06	4.242938e-09	7.724561e+00	2.796743e+02
3.280000e-06	1.036727e-06	4.177490e-09	7.425042e+00	2.750116e+02
3.290000e-06	9.947572e-07	4.100700e-09	7.124456e+00	2.702427e+02
3.300000e-06	9.526206e-07	4.027557e-09	6.822674e+00	2.653740e+02
3.310000e-06	9.103205e-07	3.949815e-09	6.519720e+00	2.604216e+02
3.320000e-06	8.678625e-07	3.875097e-09	6.215636e+00	2.554036e+02
3.330000e-06	8.252385e-07	3.802623e-09	5.910362e+00	2.503309e+02
3.340000e-06	7.824694e-07	3.724251e-09	5.604050e+00	2.452016e+02
3.350000e-06	7.395583e-07	3.650781e-09	5.296721e+00	2.400003e+02
3.360000e-06	6.965306e-07	3.571363e-09	4.988555e+00	2.347037e+02
3.370000e-06	6.534242e-07	3.491794e-09	4.679828e+00	2.292895e+02
3.380000e-06	6.102513e-07	3.407633e-09	4.370623e+00	2.237455e+02
3.390000e-06	5.670138e-07	3.317007e-09	4.060956e+00	2.180743e+02
3.400000e-06	5.236940e-07	3.229342e-09	3.750699e+00	2.122934e+02
3.410000e-06	4.802841e-07	3.139113e-09	3.439797e+00	2.064278e+02
3.420000e-06	4.367866e-07	3.053009e-09	3.128268e+00	2.005011e+02
3.430000e-06	3.931701e-07	2.960847e-09	2.815886e+00	1.945260e+02
3.440000e-06	3.494496e-07	2.867968e-09	2.502760e+00	1.884999e+02
3.450000e-06	3.056733e-07	2.779071e-09	2.189234e+00	1.824062e+02
3.460000e-06	2.618205e-07	2.685220e-09	1.875159e+00	1.762214e+02
3.470000e-06	2.179037e-07	2.592348e-09	1.560627e+00	1.699244e+02
3.480000e-06	1.739802e-07	2.491875e-09	1.246047e+00	1.635058e+02
3.490000e-06	1.300632e-07	2.393029e-09	9.315134e-01	1.569705e+02
3.500000e-06	8.611119e-08	2.295406e-09	6.167288e-01	1.503362e+02
3.510000e-06	4.212617e-08	2.191478e-09	3.017078e-01	1.436252e+02
3.520000e-06	-1.856463e-09	2.088537e-09	-1.329600e-02	1.368553e+02
3.530000e-06	-4.581692e-08	1.981984e-09	-3.281410e-01	1.300318e+02
3.540000e-06	-8.973308e-08	1.880563e-09	-6.426688e-01	1.231450e+02
3.550000e-06	-1.336094e-07	1.779046e-09	-9.569113e-01	1.161739e+02
3.560000e-06	-1.774748e-07	1.673011e-09	-1.271075e+00	1.090942e+02
3.570000e-06	-2.212948e-07	1.566277e-09	-1.584915e+00	1.018879e+02
3.580000e-06	-2.650450e-07	1.454080e-09	-1.898254e+00	9.455033e+01
3.590000e-06	-3.087060e-07	1.344304e-09	-2.210954e+00	8.709142e+01
3.600000e-06	-3.522736e-07	1.231290e-09	-2.522985e+00	7.953176e+01
3.610000e-06	-3.957508e-07	1.116447e-09	-2.834369e+00	7.189386e+01
3.620000e-06	-4.391317e-07	1.002813e-09	-3.145063e+00	6.419318e+01
3.630000e-06	-4.824364e-07	8.867412e-10	-3.455212e+00	5.643206e+01
3.640000e-06	-5.256626e-07	7.709616e-10	-3.764798e+00	4.859921e+01
3.650000e-06	-5.688255e-07	6.489697e-10	-4.073931e+00	4.067478e+01
3.660000e-06	-6.119466e-07	5.275116e-10	-4.382765e+00	3.263890e+01
3.670000e-06	-6.550255e-07	4.059900e-10	-4.691296e+00	2.448004e+01
3.680000e-06	-6.980214e-07	2.799941e-10	-4.999233e+00	1.619996e+01
3.690000e-06	-7.409230e-07	1.516772e-10	-5.306494e+00	7.813127e+00
3.700000e-06	-7.837288e-07	1.936001e-11	-5.613070e+00	-6.588541e-01
3.710000e-06	-8.263906e-07	-1.099417e-10	-5.918613e+00	-9.195350e+00
3.720000e-06	-8.688897e-07	-2.378062e-10	-6.222992e+00	-1.778382e+01
3.730000e-06	-9.112635e-07	-3.665294e-10	-6.526474e+00	-2.642286e+01
3.740000e-06	-9.534993e-07	-4.963775e-10	-6.828967e+00	-3.511994e+01
3.750000e-06	-9.955780e-07	-6.292306e-10	-7.130335e+00	-4.388474e+01
3.760000e-06	-1.037495e-06	-7.612566e-10	-7.430543e+00	-5.272115e+01
3.770000e-06	-1.079222e-06	-8.987113e-10	-7.729395e+00	-6.162141e+01
3.780000e-06	-1.120794e-06	-1.038281e-09	-8.027135e+00	-7.056507e+01
3.790000e-06	-1.162222e-06	-1.174727e-09	-8.323839e+00	-7.952357e+01
3.800000e-06	-1.203448e-06	-1.309671e-09	-8.619104e+00	-8.846864e+01
3.810000e-06	-1.244363e-06	-1.442041e-09	-8.912137e+00	-9.738119e+01
3.820000e-06	-1.284864e-06	-1.575610e-09	-9.202204e+00	-1.062569e+02
3.830000e-06	-1.325021e-06	-1.706775e-09	-9.489806e+00	-1.151060e+02
3.840000e-06	-1.364990e-06	-1.838063e-09	-9.776063e+00	-1.239472e+02
3.850000e-06	-1.404819e-06	-1.972619e-09	-1.006132e+01	-1.327979e+02
3.860000e-06	-1.444449e-06	-2.109275e-09	-1.034515e+01	-1.416642e+02
3.870000e-06	-1.483819e-06	-2.246703e-09	-1.062712e+01	-1.505350e+02
3.880000e-06	-1.522931e-06	-2.382137e-09	-1.090724e+01	-1.593823e+02
3.890000e-06	-1.561764e-06	-2.516865e-09	-1.118536e+01	-1.681680e+02
3.900000e-06	-1.600307e-06	-2.649523e-09	-1.146141e+01	-1.768540e+02
3.910000e-06	-1.638660e-06	-2.779217e-09	-1.173609e+01	-1.854124e+02
3.920000e-06	-1.676839e-06	-2.906436e-09	-1.200953e+01	-1.938312e+02
3.930000e-06	-1.714700e-06	-3.030537e-09	-1.228069e+01	-2.021143e+02
3.940000e-06	-1.752068e-06	-3.155099e-09	-1.254832e+01	-2.102751e+02
3.950000e-06	-1.788991e-06	-3.276730e-09	-1.281276e+01	-2.183273e+02
3.960000e-06	-1.825652e-06	-3.396235e-09	-1.307533e+01	-2.262754e+02
3.970000e-06	-1.862032e-06	-3.516247e-09	-1.333588e+01	-2.341111e+02
3.980000e-06	-1.898082e-06	-3.633369e-09	-1.359407e+01	-2.418137e+02
3.990000e-06	-1.933758e-06	-3.751295e-09	-1.384959e+01	-2.493578e+02
4.000000e-06	-1.969070e-06	-3.864885e-09	-1.410249e+01	-2.567218e+02
4.010000e-06	-2.004171e-06	-3.974008e-09	-1.435388e+01	-2.638961e+02
4.020000e-06	-2.039028e-06	-4.080721e-09	-1.460353e+01	-2.708865e+02
4.030000e-06	-2.073414e-06	-4.185139e-09	-1.484980e+01	-2.777110e+02
4.040000e-06	-2.107264e-06	-4.287566e-09	-1.509224e+01	-2.843927e+02
4.050000e-06	-2.140780e-06	-4.386169e-09	-1.533228e+01	-2.909500e+02
4.060000e-06	-2.174018e-06	-4.485224e-09	-1.557033e+01	-2.973891e+02
4.070000e-06	-2.206877e-06	-4.584391e-09	-1.580566e+01	-3.037019e+02
4.080000e-06	-2.239331e-06	-4.679943e-09	-1.603810e+01	-3.098690e+02
4.090000e-06	-2.271447e-06	-4.770493e-09	-1.626812e+01	-3.158681e+02
4.100000e-06	-2.303300e-06	-4.856751e-09	-1.649624e+01	-3.216834e+02
4.110000e-06	-2.334736e-06	-4.943711e-09	-1.672139e+01	-3.273125e+02
4.120000e-06	-2.365596e-06	-5.031082e-09	-1.694241e+01	-3.327684e+02
4.130000e-06	-2.395910e-06	-5.115432e-09	-1.715952e+01	-3.380758e+02
4.140000e-06	-2.425766e-06	-5.196282e-09	-1.737335e+01	-3.432626e+02
4.150000e-06	-2.455191e-06	-5.273947e-09	-1.758409e+01	-3.483512e+02
4.160000e-06	-2.484191e-06	-5.351034e-09	-1.779179e+01	-3.533512e+02
4.170000e-06	-2.512834e-06	-5.425159e-09	-1.799693e+01	-3.582576e+02
4.180000e-06	-2.541033e-06	-5.498145e-09	-1.819889e+01	-3.630540e+02
4.190000e-06	-2.568644e-06	-5.570987e-09	-1.839664e+01	-3.677197e+02
4.200000e-06	-2.595794e-06	-5.642515e-09	-1.859109e+01	-3.722376e+02
4.210000e-06	-2.622536e-06	-5.712524e-09	-1.878261e+01	-3.765997e+02
4.220000e-06	-2.648800e-06	-5.779540e-09	-1.897072e+01	-3.808090e+02
4.230000e-06	-2.674625e-06	-5.845990e-09	-1.915568e+01	-3.848765e+02
4.240000e-06	-2.700095e-06	-5.908194e-09	-1.933810e+01	-3.888161e+02
4.250000e-06	-2.725061e-06	-5.966144e-09	-1.951690e+01	-3.926390e+02
4.260000e-06	-2.749398e-06	-6.024557e-09	-1.969120e+01	-3.963502e+02
4.270000e-06	-2.773285e-06	-6.081262e-09	-1.986228e+01	-3.999484e+02
4.280000e-06	-2.796730e-06	-6.136690e-09	-2.003020e+01	-4.034290e+02
4.290000e-06	-2.819639e-06	-6.192580e-09	-2.019427e+01	-4.067883e+02
4.300000e-06	-2.842091e-06	-6.248191e-09	-2.035507e+01	-4.100273e+02
4.310000e-06	-2.864041e-06	-6.300480e-09	-2.051228e+01	-4.131523e+02
4.320000e-06	-2.885326e-06	-6.348597e-09	-2.066472e+01	-4.161733e+02
4.330000e-06	-2.905994e-06	-6.396168e-09	-2.081274e+01	-4.191000e+02
4.340000e-06	-2.926110e-06	-6.442930e-09	-2.095681e+01	-4.219380e+02
4.350000e-06	-2.945640e-06	-6.488396e-09	-2.109669e+01	-4.246865e+02
4.360000e-06	-2.964546e-06	-6.531184e-09	-2.123210e+01	-4.273392e+02
4.370000e-06	-2.982908e-06	-6.571216e-09	-2.136360e+01	-4.298876e+02
4.380000e-06	-3.000813e-06	-6.611958e-09	-2.149184e+01	-4.323258e+02
4.390000e-06	-3.018268e-06	-6.652020e-09	-2.161685e+01	-4.346539e+02
4.400000e-06	-3.035281e-06	-6.689382e-09	-2.173870e+01	-4.368790e+02
4.410000e-06	-3.051780e-06	-6.724973e-09	-2.185686e+01	-4.390133e+02
4.420000e-06	-3.067816e-06	-6.760127e-09	-2.197171e+01	-4.410692e+02
4.430000e-06	-3.083347e-06	-6.795722e-09	-2.208295e+01	-4.430548e+02
4.440000e-06	-3.098228e-06	-6.828619e-09	-2.218952e+01	-4.449709e+02
4.450000e-06	-3.112565e-06	-6.857485e-09	-2.229220e+01	-4.468108e+02
4.460000e-06	-3.126417e-06	-6.883395e-09	-2.239141e+01	-4.485643e+02
4.470000e-06	-3.139728e-06	-6.909790e-09	-2.248675e+01	-4.502224e+02
4.480000e-06	-3.152535e-06	-6.937356e-09	-2.257847e+01	-4.517822e+02
4.490000e-06	-3.164803e-06	-6.962833e-09	-2.266634e+01	-4.532494e+02
4.500000e-06	-3.176440e-06	-6.985383e-09	-2.274968e+01	-4.546361e+02
4.510000e-06	-3.187506e-06	-7.006902e-09	-2.282893e+01	-4.559564e+02
4.520000e-06	-3.198063e-06	-7.030577e-09	-2.290455e+01	-4.572209e+02
4.530000e-06	-3.208077e-06	-7.051262e-09	-2.297626e+01	-4.584316e+02
4.540000e-06	-3.217581e-06	-7.066862e-09	-2.304433e+01	-4.595819e+02
4.550000e-06	-3.226495e-06	-7.080767e-09	-2.310818e+01	-4.606595e+02
4.560000e-06	-3.234762e-06	-7.096281e-09	-2.316738e+01	-4.616524e+02
4.570000e-06	-3.242503e-06	-7.112914e-09	-2.322282e+01	-4.625558e+02
4.580000e-06	-3.249723e-06	-7.126321e-09	-2.327453e+01	-4.633757e+02
4.590000e-06	-3.256367e-06	-7.138368e-09	-2.332212e+01	-4.641285e+02
4.600000e-06	-3.262407e-06	-7.152645e-09	-2.336538e+01	-4.648357e+02
4.610000e-06	-3.267758e-06	-7.166527e-09	-2.340370e+01	-4.655160e+02
4.620000e-06	-3.272419e-06	-7.176901e-09	-2.343708e+01	-4.661772e+02
4.630000e-06	-3.276494e-06	-7.182312e-09	-2.346627e+01	-4.668133e+02
4.640000e-06	-3.280035e-06	-7.185217e-09	-2.349162e+01	-4.674052e+02
4.650000e-06	-3.283063e-06	-7.191119e-09	-2.351332e+01	-4.679283e+02
4.660000e-06	-3.285428e-06	-7.198618e-09	-2.353025e+01	-4.683618e+02
4.670000e-06	-3.287128e-06	-7.205367e-09	-2.354243e+01	-4.686979e+02
4.680000e-06	-3.288309e-06	-7.211556e-09	-2.355088e+01	-4.689455e+02
4.690000e-06	-3.288963e-06	-7.216379e-09	-2.355557e+01	-4.691279e+02
