# Temperatura_=_20.0
# Concentracion g/m^3_=_10000.0
# C_Vs_to_Am_M_A/Vsm_=_65563218390.804596
# pendiente_HvsI_1/m_=_3716.3
# ordenada_HvsI_A/m_=_1297.0
# frecuencia_Hz_=_81161.23033363199
# Promedio de 43 ciclos

Tiempo_(s)	Campo_(V.s)	Magnetizacion_(V.s)	Campo_(kA/m)	Magnetizacion_(A/m)
0.000000e+00	-3.110141e-09	-7.040534e-09	-2.355989e+01	-4.564141e+02
1.000000e-08	-3.110123e-09	-7.096839e-09	-2.355976e+01	-4.564087e+02
2.000000e-08	-3.110228e-09	-7.008085e-09	-2.356055e+01	-4.563898e+02
3.000000e-08	-3.110257e-09	-7.030590e-09	-2.356077e+01	-4.563592e+02
4.000000e-08	-3.110110e-09	-7.065400e-09	-2.355966e+01	-4.563187e+02
5.000000e-08	-3.109813e-09	-7.007128e-09	-2.355741e+01	-4.562700e+02
6.000000e-08	-3.109422e-09	-7.042855e-09	-2.355444e+01	-4.562147e+02
7.000000e-08	-3.108925e-09	-7.016698e-09	-2.355068e+01	-4.561538e+02
8.000000e-08	-3.108300e-09	-6.995934e-09	-2.354594e+01	-4.560885e+02
9.000000e-08	-3.107593e-09	-6.999390e-09	-2.354059e+01	-4.560194e+02
1.000000e-07	-3.106836e-09	-7.018012e-09	-2.353485e+01	-4.559470e+02
1.100000e-07	-3.106106e-09	-7.051343e-09	-2.352933e+01	-4.558713e+02
1.200000e-07	-3.105274e-09	-7.001778e-09	-2.352303e+01	-4.557923e+02
1.300000e-07	-3.104346e-09	-6.995811e-09	-2.351599e+01	-4.557096e+02
1.400000e-07	-3.103337e-09	-6.999179e-09	-2.350835e+01	-4.556229e+02
1.500000e-07	-3.102241e-09	-7.020562e-09	-2.350005e+01	-4.555316e+02
1.600000e-07	-3.101053e-09	-6.998813e-09	-2.349105e+01	-4.554351e+02
1.700000e-07	-3.099738e-09	-6.962861e-09	-2.348109e+01	-4.553328e+02
1.800000e-07	-3.098400e-09	-7.007120e-09	-2.347096e+01	-4.552244e+02
1.900000e-07	-3.096973e-09	-6.995832e-09	-2.346014e+01	-4.551096e+02
2.000000e-07	-3.095407e-09	-6.991405e-09	-2.344828e+01	-4.549884e+02
2.100000e-07	-3.093692e-09	-6.958082e-09	-2.343529e+01	-4.548608e+02
2.200000e-07	-3.091909e-09	-6.962704e-09	-2.342178e+01	-4.547272e+02
2.300000e-07	-3.090103e-09	-6.990824e-09	-2.340810e+01	-4.545884e+02
2.400000e-07	-3.088193e-09	-6.984074e-09	-2.339363e+01	-4.544451e+02
2.500000e-07	-3.086212e-09	-6.979540e-09	-2.337862e+01	-4.542984e+02
2.600000e-07	-3.084156e-09	-6.942290e-09	-2.336305e+01	-4.541495e+02
2.700000e-07	-3.082029e-09	-6.964258e-09	-2.334694e+01	-4.539996e+02
2.800000e-07	-3.079819e-09	-6.963678e-09	-2.333020e+01	-4.538501e+02
2.900000e-07	-3.077522e-09	-6.951197e-09	-2.331280e+01	-4.537022e+02
3.000000e-07	-3.075167e-09	-6.940704e-09	-2.329496e+01	-4.535570e+02
3.100000e-07	-3.072735e-09	-6.933773e-09	-2.327654e+01	-4.534156e+02
3.200000e-07	-3.070250e-09	-6.960754e-09	-2.325771e+01	-4.532786e+02
3.300000e-07	-3.067699e-09	-6.941257e-09	-2.323839e+01	-4.531466e+02
3.400000e-07	-3.065082e-09	-6.930874e-09	-2.321856e+01	-4.530197e+02
3.500000e-07	-3.062346e-09	-6.914804e-09	-2.319783e+01	-4.528977e+02
3.600000e-07	-3.059472e-09	-6.921877e-09	-2.317607e+01	-4.527800e+02
3.700000e-07	-3.056536e-09	-6.935042e-09	-2.315383e+01	-4.526659e+02
3.800000e-07	-3.053531e-09	-6.919344e-09	-2.313106e+01	-4.525543e+02
3.900000e-07	-3.050455e-09	-6.918355e-09	-2.310776e+01	-4.524437e+02
4.000000e-07	-3.047288e-09	-6.906425e-09	-2.308377e+01	-4.523325e+02
4.100000e-07	-3.044067e-09	-6.925107e-09	-2.305937e+01	-4.522190e+02
4.200000e-07	-3.040798e-09	-6.917525e-09	-2.303461e+01	-4.521014e+02
4.300000e-07	-3.037456e-09	-6.895019e-09	-2.300929e+01	-4.519780e+02
4.400000e-07	-3.034044e-09	-6.889628e-09	-2.298344e+01	-4.518468e+02
4.500000e-07	-3.030532e-09	-6.888400e-09	-2.295684e+01	-4.517063e+02
4.600000e-07	-3.026918e-09	-6.904438e-09	-2.292946e+01	-4.515551e+02
4.700000e-07	-3.023204e-09	-6.885295e-09	-2.290133e+01	-4.513918e+02
4.800000e-07	-3.019422e-09	-6.879364e-09	-2.287268e+01	-4.512154e+02
4.900000e-07	-3.015579e-09	-6.878432e-09	-2.284357e+01	-4.510252e+02
5.000000e-07	-3.011656e-09	-6.879030e-09	-2.281385e+01	-4.508206e+02
5.100000e-07	-3.007651e-09	-6.870165e-09	-2.278351e+01	-4.506014e+02
5.200000e-07	-3.003560e-09	-6.840561e-09	-2.275252e+01	-4.503675e+02
5.300000e-07	-2.999425e-09	-6.842750e-09	-2.272120e+01	-4.501191e+02
5.400000e-07	-2.995216e-09	-6.844497e-09	-2.268931e+01	-4.498564e+02
5.500000e-07	-2.990894e-09	-6.853327e-09	-2.265657e+01	-4.495798e+02
5.600000e-07	-2.986461e-09	-6.845285e-09	-2.262299e+01	-4.492897e+02
5.700000e-07	-2.981949e-09	-6.836562e-09	-2.258881e+01	-4.489865e+02
5.800000e-07	-2.977390e-09	-6.840914e-09	-2.255428e+01	-4.486707e+02
5.900000e-07	-2.972747e-09	-6.827529e-09	-2.251911e+01	-4.483425e+02
6.000000e-07	-2.968022e-09	-6.815307e-09	-2.248331e+01	-4.480021e+02
6.100000e-07	-2.963216e-09	-6.792927e-09	-2.244691e+01	-4.476497e+02
6.200000e-07	-2.958343e-09	-6.793605e-09	-2.241000e+01	-4.472853e+02
6.300000e-07	-2.953405e-09	-6.796693e-09	-2.237259e+01	-4.469086e+02
6.400000e-07	-2.948363e-09	-6.791096e-09	-2.233440e+01	-4.465196e+02
6.500000e-07	-2.943212e-09	-6.785306e-09	-2.229538e+01	-4.461179e+02
6.600000e-07	-2.937950e-09	-6.770108e-09	-2.225551e+01	-4.457033e+02
6.700000e-07	-2.932607e-09	-6.770304e-09	-2.221504e+01	-4.452754e+02
6.800000e-07	-2.927180e-09	-6.757651e-09	-2.217393e+01	-4.448342e+02
6.900000e-07	-2.921670e-09	-6.745063e-09	-2.213219e+01	-4.443794e+02
7.000000e-07	-2.916094e-09	-6.731885e-09	-2.208995e+01	-4.439110e+02
7.100000e-07	-2.910448e-09	-6.725644e-09	-2.204718e+01	-4.434294e+02
7.200000e-07	-2.904749e-09	-6.729199e-09	-2.200401e+01	-4.429348e+02
7.300000e-07	-2.898984e-09	-6.714990e-09	-2.196034e+01	-4.424278e+02
7.400000e-07	-2.893142e-09	-6.703979e-09	-2.191609e+01	-4.419092e+02
7.500000e-07	-2.887191e-09	-6.688301e-09	-2.187101e+01	-4.413801e+02
7.600000e-07	-2.881135e-09	-6.683971e-09	-2.182513e+01	-4.408416e+02
7.700000e-07	-2.875016e-09	-6.675173e-09	-2.177878e+01	-4.402949e+02
7.800000e-07	-2.868827e-09	-6.659278e-09	-2.173189e+01	-4.397416e+02
7.900000e-07	-2.862577e-09	-6.651741e-09	-2.168455e+01	-4.391831e+02
8.000000e-07	-2.856262e-09	-6.639835e-09	-2.163671e+01	-4.386209e+02
8.100000e-07	-2.849882e-09	-6.634215e-09	-2.158838e+01	-4.380564e+02
8.200000e-07	-2.843428e-09	-6.614595e-09	-2.153949e+01	-4.374911e+02
8.300000e-07	-2.836908e-09	-6.598628e-09	-2.149010e+01	-4.369261e+02
8.400000e-07	-2.830331e-09	-6.592236e-09	-2.144028e+01	-4.363625e+02
8.500000e-07	-2.823662e-09	-6.587097e-09	-2.138976e+01	-4.358012e+02
8.600000e-07	-2.816897e-09	-6.582935e-09	-2.133852e+01	-4.352429e+02
8.700000e-07	-2.810045e-09	-6.567729e-09	-2.128661e+01	-4.346878e+02
8.800000e-07	-2.803133e-09	-6.559931e-09	-2.123425e+01	-4.341362e+02
8.900000e-07	-2.796165e-09	-6.550060e-09	-2.118147e+01	-4.335881e+02
9.000000e-07	-2.789127e-09	-6.539094e-09	-2.112815e+01	-4.330431e+02
9.100000e-07	-2.782020e-09	-6.524692e-09	-2.107431e+01	-4.325009e+02
9.200000e-07	-2.774833e-09	-6.511362e-09	-2.101987e+01	-4.319610e+02
9.300000e-07	-2.767588e-09	-6.508727e-09	-2.096499e+01	-4.314226e+02
9.400000e-07	-2.760284e-09	-6.500639e-09	-2.090966e+01	-4.308851e+02
9.500000e-07	-2.752918e-09	-6.492696e-09	-2.085386e+01	-4.303477e+02
9.600000e-07	-2.745458e-09	-6.479284e-09	-2.079735e+01	-4.298099e+02
9.700000e-07	-2.737894e-09	-6.471852e-09	-2.074005e+01	-4.292708e+02
9.800000e-07	-2.730252e-09	-6.466591e-09	-2.068217e+01	-4.287300e+02
9.900000e-07	-2.722530e-09	-6.454199e-09	-2.062367e+01	-4.281870e+02
1.000000e-06	-2.714739e-09	-6.442113e-09	-2.056465e+01	-4.276413e+02
1.010000e-06	-2.706871e-09	-6.427551e-09	-2.050505e+01	-4.270927e+02
1.020000e-06	-2.698937e-09	-6.421675e-09	-2.044495e+01	-4.265410e+02
1.030000e-06	-2.690920e-09	-6.412030e-09	-2.038421e+01	-4.259858e+02
1.040000e-06	-2.682797e-09	-6.399965e-09	-2.032268e+01	-4.254272e+02
1.050000e-06	-2.674591e-09	-6.390213e-09	-2.026052e+01	-4.248648e+02
1.060000e-06	-2.666319e-09	-6.380032e-09	-2.019786e+01	-4.242986e+02
1.070000e-06	-2.657994e-09	-6.373054e-09	-2.013480e+01	-4.237283e+02
1.080000e-06	-2.649597e-09	-6.361392e-09	-2.007119e+01	-4.231535e+02
1.090000e-06	-2.641135e-09	-6.352018e-09	-2.000708e+01	-4.225739e+02
1.100000e-06	-2.632627e-09	-6.341513e-09	-1.994263e+01	-4.219887e+02
1.110000e-06	-2.624074e-09	-6.331167e-09	-1.987785e+01	-4.213974e+02
1.120000e-06	-2.615467e-09	-6.319570e-09	-1.981265e+01	-4.207991e+02
1.130000e-06	-2.606789e-09	-6.304500e-09	-1.974691e+01	-4.201929e+02
1.140000e-06	-2.598053e-09	-6.293019e-09	-1.968073e+01	-4.195777e+02
1.150000e-06	-2.589252e-09	-6.281787e-09	-1.961406e+01	-4.189525e+02
1.160000e-06	-2.580385e-09	-6.274366e-09	-1.954690e+01	-4.183160e+02
1.170000e-06	-2.571465e-09	-6.264538e-09	-1.947932e+01	-4.176672e+02
1.180000e-06	-2.562489e-09	-6.255483e-09	-1.941133e+01	-4.170049e+02
1.190000e-06	-2.553445e-09	-6.246392e-09	-1.934282e+01	-4.163281e+02
1.200000e-06	-2.544300e-09	-6.231189e-09	-1.927354e+01	-4.156359e+02
1.210000e-06	-2.535064e-09	-6.214037e-09	-1.920358e+01	-4.149276e+02
1.220000e-06	-2.525764e-09	-6.194315e-09	-1.913313e+01	-4.142025e+02
1.230000e-06	-2.516417e-09	-6.180590e-09	-1.906233e+01	-4.134602e+02
1.240000e-06	-2.507021e-09	-6.169618e-09	-1.899115e+01	-4.127006e+02
1.250000e-06	-2.497560e-09	-6.159768e-09	-1.891948e+01	-4.119236e+02
1.260000e-06	-2.488035e-09	-6.149027e-09	-1.884732e+01	-4.111296e+02
1.270000e-06	-2.478445e-09	-6.133707e-09	-1.877468e+01	-4.103187e+02
1.280000e-06	-2.468800e-09	-6.116354e-09	-1.870162e+01	-4.094917e+02
1.290000e-06	-2.459101e-09	-6.096306e-09	-1.862815e+01	-4.086491e+02
1.300000e-06	-2.449345e-09	-6.079550e-09	-1.855424e+01	-4.077917e+02
1.310000e-06	-2.439520e-09	-6.062813e-09	-1.847982e+01	-4.069204e+02
1.320000e-06	-2.429604e-09	-6.048460e-09	-1.840470e+01	-4.060359e+02
1.330000e-06	-2.419597e-09	-6.037140e-09	-1.832890e+01	-4.051391e+02
1.340000e-06	-2.409520e-09	-6.024041e-09	-1.825256e+01	-4.042308e+02
1.350000e-06	-2.399398e-09	-6.011503e-09	-1.817589e+01	-4.033118e+02
1.360000e-06	-2.389233e-09	-5.995728e-09	-1.809888e+01	-4.023826e+02
1.370000e-06	-2.379012e-09	-5.978796e-09	-1.802146e+01	-4.014439e+02
1.380000e-06	-2.368728e-09	-5.960305e-09	-1.794355e+01	-4.004961e+02
1.390000e-06	-2.358380e-09	-5.941709e-09	-1.786517e+01	-3.995396e+02
1.400000e-06	-2.347974e-09	-5.924301e-09	-1.778634e+01	-3.985749e+02
1.410000e-06	-2.337511e-09	-5.906107e-09	-1.770708e+01	-3.976021e+02
1.420000e-06	-2.327001e-09	-5.889910e-09	-1.762747e+01	-3.966216e+02
1.430000e-06	-2.316446e-09	-5.874009e-09	-1.754751e+01	-3.956337e+02
1.440000e-06	-2.305828e-09	-5.862243e-09	-1.746707e+01	-3.946385e+02
1.450000e-06	-2.295124e-09	-5.852173e-09	-1.738599e+01	-3.936366e+02
1.460000e-06	-2.284327e-09	-5.839171e-09	-1.730420e+01	-3.926282e+02
1.470000e-06	-2.273459e-09	-5.823665e-09	-1.722187e+01	-3.916138e+02
1.480000e-06	-2.262546e-09	-5.807269e-09	-1.713920e+01	-3.905940e+02
1.490000e-06	-2.251593e-09	-5.791005e-09	-1.705623e+01	-3.895695e+02
1.500000e-06	-2.240590e-09	-5.770588e-09	-1.697288e+01	-3.885408e+02
1.510000e-06	-2.229531e-09	-5.750502e-09	-1.688911e+01	-3.875088e+02
1.520000e-06	-2.218421e-09	-5.731931e-09	-1.680495e+01	-3.864742e+02
1.530000e-06	-2.207258e-09	-5.714820e-09	-1.672039e+01	-3.854378e+02
1.540000e-06	-2.196041e-09	-5.701114e-09	-1.663541e+01	-3.844004e+02
1.550000e-06	-2.184772e-09	-5.686986e-09	-1.655005e+01	-3.833625e+02
1.560000e-06	-2.173460e-09	-5.672775e-09	-1.646436e+01	-3.823247e+02
1.570000e-06	-2.162101e-09	-5.656049e-09	-1.637832e+01	-3.812875e+02
1.580000e-06	-2.150672e-09	-5.638436e-09	-1.629174e+01	-3.802512e+02
1.590000e-06	-2.139156e-09	-5.620193e-09	-1.620450e+01	-3.792158e+02
1.600000e-06	-2.127550e-09	-5.602640e-09	-1.611658e+01	-3.781812e+02
1.610000e-06	-2.115877e-09	-5.588474e-09	-1.602816e+01	-3.771470e+02
1.620000e-06	-2.104153e-09	-5.572285e-09	-1.593935e+01	-3.761129e+02
1.630000e-06	-2.092382e-09	-5.555963e-09	-1.585018e+01	-3.750781e+02
1.640000e-06	-2.080558e-09	-5.540947e-09	-1.576061e+01	-3.740417e+02
1.650000e-06	-2.068678e-09	-5.527115e-09	-1.567062e+01	-3.730028e+02
1.660000e-06	-2.056751e-09	-5.511929e-09	-1.558027e+01	-3.719603e+02
1.670000e-06	-2.044772e-09	-5.494294e-09	-1.548953e+01	-3.709131e+02
1.680000e-06	-2.032742e-09	-5.476657e-09	-1.539840e+01	-3.698599e+02
1.690000e-06	-2.020665e-09	-5.458197e-09	-1.530691e+01	-3.687997e+02
1.700000e-06	-2.008551e-09	-5.439062e-09	-1.521514e+01	-3.677314e+02
1.710000e-06	-1.996397e-09	-5.417708e-09	-1.512308e+01	-3.666539e+02
1.720000e-06	-1.984188e-09	-5.399328e-09	-1.503059e+01	-3.655664e+02
1.730000e-06	-1.971907e-09	-5.386917e-09	-1.493756e+01	-3.644682e+02
1.740000e-06	-1.959546e-09	-5.374078e-09	-1.484392e+01	-3.633586e+02
1.750000e-06	-1.947116e-09	-5.356780e-09	-1.474976e+01	-3.622372e+02
1.760000e-06	-1.934636e-09	-5.334264e-09	-1.465522e+01	-3.611037e+02
1.770000e-06	-1.922118e-09	-5.313050e-09	-1.456040e+01	-3.599578e+02
1.780000e-06	-1.909566e-09	-5.294020e-09	-1.446532e+01	-3.587995e+02
1.790000e-06	-1.896973e-09	-5.275123e-09	-1.436992e+01	-3.576287e+02
1.800000e-06	-1.884331e-09	-5.256232e-09	-1.427415e+01	-3.564454e+02
1.810000e-06	-1.871640e-09	-5.236801e-09	-1.417802e+01	-3.552497e+02
1.820000e-06	-1.858906e-09	-5.221025e-09	-1.408156e+01	-3.540415e+02
1.830000e-06	-1.846126e-09	-5.204339e-09	-1.398475e+01	-3.528208e+02
1.840000e-06	-1.833299e-09	-5.183236e-09	-1.388758e+01	-3.515875e+02
1.850000e-06	-1.820428e-09	-5.162308e-09	-1.379008e+01	-3.503414e+02
1.860000e-06	-1.807520e-09	-5.143700e-09	-1.369230e+01	-3.490821e+02
1.870000e-06	-1.794573e-09	-5.125746e-09	-1.359422e+01	-3.478094e+02
1.880000e-06	-1.781580e-09	-5.103101e-09	-1.349580e+01	-3.465228e+02
1.890000e-06	-1.768535e-09	-5.078496e-09	-1.339698e+01	-3.452218e+02
1.900000e-06	-1.755427e-09	-5.053409e-09	-1.329768e+01	-3.439058e+02
1.910000e-06	-1.742255e-09	-5.029862e-09	-1.319791e+01	-3.425743e+02
1.920000e-06	-1.729026e-09	-5.008440e-09	-1.309769e+01	-3.412268e+02
1.930000e-06	-1.715751e-09	-4.988205e-09	-1.299713e+01	-3.398629e+02
1.940000e-06	-1.702445e-09	-4.968871e-09	-1.289634e+01	-3.384822e+02
1.950000e-06	-1.689110e-09	-4.947184e-09	-1.279532e+01	-3.370845e+02
1.960000e-06	-1.675742e-09	-4.925159e-09	-1.269406e+01	-3.356698e+02
1.970000e-06	-1.662334e-09	-4.901267e-09	-1.259249e+01	-3.342382e+02
1.980000e-06	-1.648881e-09	-4.874000e-09	-1.249058e+01	-3.327902e+02
1.990000e-06	-1.635381e-09	-4.846788e-09	-1.238832e+01	-3.313263e+02
2.000000e-06	-1.621836e-09	-4.823097e-09	-1.228571e+01	-3.298472e+02
2.010000e-06	-1.608251e-09	-4.800417e-09	-1.218280e+01	-3.283539e+02
2.020000e-06	-1.594625e-09	-4.777441e-09	-1.207958e+01	-3.268475e+02
2.030000e-06	-1.580960e-09	-4.755348e-09	-1.197606e+01	-3.253291e+02
2.040000e-06	-1.567263e-09	-4.733996e-09	-1.187230e+01	-3.238002e+02
2.050000e-06	-1.553537e-09	-4.713682e-09	-1.176833e+01	-3.222621e+02
2.060000e-06	-1.539780e-09	-4.691715e-09	-1.166412e+01	-3.207161e+02
2.070000e-06	-1.525981e-09	-4.667110e-09	-1.155959e+01	-3.191635e+02
2.080000e-06	-1.512129e-09	-4.641824e-09	-1.145466e+01	-3.176056e+02
2.090000e-06	-1.498220e-09	-4.617533e-09	-1.134929e+01	-3.160434e+02
2.100000e-06	-1.484253e-09	-4.595432e-09	-1.124349e+01	-3.144780e+02
2.110000e-06	-1.470231e-09	-4.570517e-09	-1.113727e+01	-3.129101e+02
2.120000e-06	-1.456166e-09	-4.544584e-09	-1.103073e+01	-3.113403e+02
2.130000e-06	-1.442066e-09	-4.521960e-09	-1.092392e+01	-3.097692e+02
2.140000e-06	-1.427932e-09	-4.501141e-09	-1.081685e+01	-3.081969e+02
2.150000e-06	-1.413764e-09	-4.480268e-09	-1.070953e+01	-3.066236e+02
2.160000e-06	-1.399563e-09	-4.456413e-09	-1.060195e+01	-3.050494e+02
2.170000e-06	-1.385324e-09	-4.431514e-09	-1.049409e+01	-3.034740e+02
2.180000e-06	-1.371047e-09	-4.406948e-09	-1.038594e+01	-3.018974e+02
2.190000e-06	-1.356735e-09	-4.383935e-09	-1.027752e+01	-3.003194e+02
2.200000e-06	-1.342388e-09	-4.361540e-09	-1.016884e+01	-2.987399e+02
2.210000e-06	-1.327999e-09	-4.337835e-09	-1.005984e+01	-2.971586e+02
2.220000e-06	-1.313564e-09	-4.314981e-09	-9.950495e+00	-2.955756e+02
2.230000e-06	-1.299081e-09	-4.293053e-09	-9.840779e+00	-2.939909e+02
2.240000e-06	-1.284553e-09	-4.272053e-09	-9.730726e+00	-2.924045e+02
2.250000e-06	-1.269988e-09	-4.251603e-09	-9.620393e+00	-2.908168e+02
2.260000e-06	-1.255390e-09	-4.230536e-09	-9.509812e+00	-2.892281e+02
2.270000e-06	-1.240761e-09	-4.207893e-09	-9.398998e+00	-2.876386e+02
2.280000e-06	-1.226107e-09	-4.185043e-09	-9.287987e+00	-2.860488e+02
2.290000e-06	-1.211428e-09	-4.162707e-09	-9.176791e+00	-2.844592e+02
2.300000e-06	-1.196722e-09	-4.138416e-09	-9.065394e+00	-2.828701e+02
2.310000e-06	-1.181989e-09	-4.114218e-09	-8.953787e+00	-2.812819e+02
2.320000e-06	-1.167226e-09	-4.089689e-09	-8.841953e+00	-2.796946e+02
2.330000e-06	-1.152432e-09	-4.065520e-09	-8.729887e+00	-2.781085e+02
2.340000e-06	-1.137610e-09	-4.044235e-09	-8.617603e+00	-2.765233e+02
2.350000e-06	-1.122759e-09	-4.022681e-09	-8.505111e+00	-2.749387e+02
2.360000e-06	-1.107883e-09	-4.001377e-09	-8.392420e+00	-2.733542e+02
2.370000e-06	-1.092985e-09	-3.980789e-09	-8.279566e+00	-2.717688e+02
2.380000e-06	-1.078070e-09	-3.959960e-09	-8.166583e+00	-2.701815e+02
2.390000e-06	-1.063137e-09	-3.937364e-09	-8.053463e+00	-2.685910e+02
2.400000e-06	-1.048186e-09	-3.911834e-09	-7.940205e+00	-2.669957e+02
2.410000e-06	-1.033212e-09	-3.885052e-09	-7.826775e+00	-2.653941e+02
2.420000e-06	-1.018213e-09	-3.859656e-09	-7.713156e+00	-2.637841e+02
2.430000e-06	-1.003189e-09	-3.837051e-09	-7.599346e+00	-2.621641e+02
2.440000e-06	-9.881371e-10	-3.815320e-09	-7.485322e+00	-2.605319e+02
2.450000e-06	-9.730591e-10	-3.792623e-09	-7.371103e+00	-2.588858e+02
2.460000e-06	-9.579577e-10	-3.767981e-09	-7.256707e+00	-2.572238e+02
2.470000e-06	-9.428335e-10	-3.742487e-09	-7.142139e+00	-2.555443e+02
2.480000e-06	-9.276870e-10	-3.716541e-09	-7.027401e+00	-2.538456e+02
2.490000e-06	-9.125196e-10	-3.689902e-09	-6.912505e+00	-2.521266e+02
2.500000e-06	-8.973286e-10	-3.664524e-09	-6.797430e+00	-2.503862e+02
2.510000e-06	-8.821124e-10	-3.640837e-09	-6.682165e+00	-2.486235e+02
2.520000e-06	-8.668736e-10	-3.617411e-09	-6.566728e+00	-2.468381e+02
2.530000e-06	-8.516121e-10	-3.591922e-09	-6.451119e+00	-2.450297e+02
2.540000e-06	-8.363288e-10	-3.565040e-09	-6.335346e+00	-2.431984e+02
2.550000e-06	-8.210246e-10	-3.540187e-09	-6.219414e+00	-2.413446e+02
2.560000e-06	-8.056999e-10	-3.514511e-09	-6.103326e+00	-2.394687e+02
2.570000e-06	-7.903562e-10	-3.485984e-09	-5.987095e+00	-2.375716e+02
2.580000e-06	-7.749938e-10	-3.456728e-09	-5.870722e+00	-2.356540e+02
2.590000e-06	-7.596110e-10	-3.427096e-09	-5.754195e+00	-2.337171e+02
2.600000e-06	-7.442049e-10	-3.396839e-09	-5.637490e+00	-2.317620e+02
2.610000e-06	-7.287739e-10	-3.364861e-09	-5.520597e+00	-2.297898e+02
2.620000e-06	-7.133164e-10	-3.331860e-09	-5.403504e+00	-2.278018e+02
2.630000e-06	-6.978292e-10	-3.300495e-09	-5.286186e+00	-2.257990e+02
2.640000e-06	-6.823121e-10	-3.272327e-09	-5.168641e+00	-2.237825e+02
2.650000e-06	-6.667689e-10	-3.244739e-09	-5.050898e+00	-2.217534e+02
2.660000e-06	-6.511992e-10	-3.215580e-09	-4.932955e+00	-2.197127e+02
2.670000e-06	-6.356033e-10	-3.186950e-09	-4.814814e+00	-2.176612e+02
2.680000e-06	-6.199833e-10	-3.158707e-09	-4.696489e+00	-2.155997e+02
2.690000e-06	-6.043431e-10	-3.128534e-09	-4.578011e+00	-2.135287e+02
2.700000e-06	-5.886883e-10	-3.095959e-09	-4.459424e+00	-2.114490e+02
2.710000e-06	-5.730193e-10	-3.062761e-09	-4.340728e+00	-2.093611e+02
2.720000e-06	-5.573356e-10	-3.030912e-09	-4.221921e+00	-2.072653e+02
2.730000e-06	-5.416411e-10	-3.000540e-09	-4.103032e+00	-2.051620e+02
2.740000e-06	-5.259390e-10	-2.969914e-09	-3.984086e+00	-2.030517e+02
2.750000e-06	-5.102281e-10	-2.938719e-09	-3.865073e+00	-2.009345e+02
2.760000e-06	-4.945080e-10	-2.909808e-09	-3.745990e+00	-1.988108e+02
2.770000e-06	-4.787791e-10	-2.882245e-09	-3.626841e+00	-1.966809e+02
2.780000e-06	-4.630429e-10	-2.852398e-09	-3.507636e+00	-1.945449e+02
2.790000e-06	-4.472989e-10	-2.821407e-09	-3.388373e+00	-1.924031e+02
2.800000e-06	-4.315465e-10	-2.790845e-09	-3.269045e+00	-1.902557e+02
2.810000e-06	-4.157858e-10	-2.760679e-09	-3.149655e+00	-1.881028e+02
2.820000e-06	-4.000168e-10	-2.729647e-09	-3.030202e+00	-1.859447e+02
2.830000e-06	-3.842383e-10	-2.696656e-09	-2.910677e+00	-1.837814e+02
2.840000e-06	-3.684526e-10	-2.664321e-09	-2.791097e+00	-1.816130e+02
2.850000e-06	-3.526599e-10	-2.635746e-09	-2.671464e+00	-1.794395e+02
2.860000e-06	-3.368595e-10	-2.609331e-09	-2.551774e+00	-1.772610e+02
2.870000e-06	-3.210520e-10	-2.582338e-09	-2.432029e+00	-1.750774e+02
2.880000e-06	-3.052376e-10	-2.552533e-09	-2.312232e+00	-1.728886e+02
2.890000e-06	-2.894186e-10	-2.520390e-09	-2.192400e+00	-1.706946e+02
2.900000e-06	-2.735938e-10	-2.487520e-09	-2.072524e+00	-1.684952e+02
2.910000e-06	-2.577605e-10	-2.452716e-09	-1.952584e+00	-1.662901e+02
2.920000e-06	-2.419181e-10	-2.416748e-09	-1.832575e+00	-1.640793e+02
2.930000e-06	-2.260696e-10	-2.382973e-09	-1.712519e+00	-1.618625e+02
2.940000e-06	-2.102153e-10	-2.353379e-09	-1.592421e+00	-1.596394e+02
2.950000e-06	-1.943543e-10	-2.325262e-09	-1.472271e+00	-1.574100e+02
2.960000e-06	-1.784902e-10	-2.296739e-09	-1.352097e+00	-1.551739e+02
2.970000e-06	-1.626223e-10	-2.268854e-09	-1.231894e+00	-1.529309e+02
2.980000e-06	-1.467492e-10	-2.238247e-09	-1.111653e+00	-1.506807e+02
2.990000e-06	-1.308744e-10	-2.204748e-09	-9.913982e-01	-1.484232e+02
3.000000e-06	-1.149996e-10	-2.169785e-09	-8.711437e-01	-1.461579e+02
3.010000e-06	-9.912338e-11	-2.134721e-09	-7.508785e-01	-1.438846e+02
3.020000e-06	-8.324424e-11	-2.101948e-09	-6.305910e-01	-1.416028e+02
3.030000e-06	-6.736404e-11	-2.071155e-09	-5.102956e-01	-1.393121e+02
3.040000e-06	-5.148358e-11	-2.040168e-09	-3.899982e-01	-1.370120e+02
3.050000e-06	-3.560091e-11	-2.009064e-09	-2.696840e-01	-1.347019e+02
3.060000e-06	-1.971864e-11	-1.979726e-09	-1.493729e-01	-1.323809e+02
3.070000e-06	-3.837600e-12	-1.950185e-09	-2.907102e-02	-1.300482e+02
3.080000e-06	1.204510e-11	-1.917887e-09	9.124337e-02	-1.277030e+02
3.090000e-06	2.793096e-11	-1.880956e-09	2.115817e-01	-1.253442e+02
3.100000e-06	4.381772e-11	-1.843355e-09	3.319268e-01	-1.229707e+02
3.110000e-06	5.970091e-11	-1.810252e-09	4.522450e-01	-1.205813e+02
3.120000e-06	7.558096e-11	-1.778525e-09	5.725393e-01	-1.181748e+02
3.130000e-06	9.145937e-11	-1.744986e-09	6.928212e-01	-1.157499e+02
3.140000e-06	1.073343e-10	-1.711428e-09	8.130769e-01	-1.133054e+02
3.150000e-06	1.232042e-10	-1.678671e-09	9.332945e-01	-1.108402e+02
3.160000e-06	1.390718e-10	-1.644798e-09	1.053494e+00	-1.083532e+02
3.170000e-06	1.549374e-10	-1.608828e-09	1.173679e+00	-1.058434e+02
3.180000e-06	1.707971e-10	-1.571131e-09	1.293819e+00	-1.033100e+02
3.190000e-06	1.866513e-10	-1.534357e-09	1.413918e+00	-1.007526e+02
3.200000e-06	2.025024e-10	-1.498595e-09	1.533993e+00	-9.817060e+01
3.210000e-06	2.183476e-10	-1.459763e-09	1.654023e+00	-9.556392e+01
3.220000e-06	2.341882e-10	-1.419977e-09	1.774019e+00	-9.293265e+01
3.230000e-06	2.500264e-10	-1.382246e-09	1.893996e+00	-9.027710e+01
3.240000e-06	2.658572e-10	-1.344687e-09	2.013917e+00	-8.759783e+01
3.250000e-06	2.816781e-10	-1.305858e-09	2.133763e+00	-8.489561e+01
3.260000e-06	2.974918e-10	-1.265008e-09	2.253555e+00	-8.217140e+01
3.270000e-06	3.132983e-10	-1.223424e-09	2.373292e+00	-7.942632e+01
3.280000e-06	3.290964e-10	-1.184194e-09	2.492965e+00	-7.666161e+01
3.290000e-06	3.448873e-10	-1.145891e-09	2.612585e+00	-7.387861e+01
3.300000e-06	3.606694e-10	-1.105186e-09	2.732137e+00	-7.107868e+01
3.310000e-06	3.764405e-10	-1.064142e-09	2.851606e+00	-6.826320e+01
3.320000e-06	3.922030e-10	-1.025866e-09	2.971010e+00	-6.543350e+01
3.330000e-06	4.079601e-10	-9.861633e-10	3.090373e+00	-6.259084e+01
3.340000e-06	4.237113e-10	-9.430853e-10	3.209691e+00	-5.973639e+01
3.350000e-06	4.394551e-10	-8.989861e-10	3.328953e+00	-5.687119e+01
3.360000e-06	4.551911e-10	-8.564186e-10	3.448157e+00	-5.399615e+01
3.370000e-06	4.709184e-10	-8.153257e-10	3.567294e+00	-5.111202e+01
3.380000e-06	4.866383e-10	-7.741183e-10	3.686375e+00	-4.821945e+01
3.390000e-06	5.023510e-10	-7.333243e-10	3.805402e+00	-4.531892e+01
3.400000e-06	5.180560e-10	-6.899113e-10	3.924370e+00	-4.241084e+01
3.410000e-06	5.337522e-10	-6.453317e-10	4.043271e+00	-3.949549e+01
3.420000e-06	5.494361e-10	-6.025350e-10	4.162080e+00	-3.657313e+01
3.430000e-06	5.651055e-10	-5.611430e-10	4.280778e+00	-3.364397e+01
3.440000e-06	5.807601e-10	-5.208168e-10	4.399365e+00	-3.070821e+01
3.450000e-06	5.963981e-10	-4.794407e-10	4.517826e+00	-2.776607e+01
3.460000e-06	6.120163e-10	-4.384665e-10	4.636137e+00	-2.481784e+01
3.470000e-06	6.276115e-10	-3.975672e-10	4.754273e+00	-2.186383e+01
3.480000e-06	6.431826e-10	-3.568736e-10	4.872227e+00	-1.890446e+01
3.490000e-06	6.587276e-10	-3.168916e-10	4.989983e+00	-1.594019e+01
3.500000e-06	6.742420e-10	-2.741480e-10	5.107507e+00	-1.297157e+01
3.510000e-06	6.897281e-10	-2.285136e-10	5.224818e+00	-9.999204e+00
3.520000e-06	7.051838e-10	-1.822053e-10	5.341898e+00	-7.023729e+00
3.530000e-06	7.206099e-10	-1.370658e-10	5.458753e+00	-4.045796e+00
3.540000e-06	7.360112e-10	-9.187938e-11	5.575421e+00	-1.066041e+00
3.550000e-06	7.513882e-10	-4.640382e-11	5.691904e+00	1.914947e+00
3.560000e-06	7.667412e-10	-2.522563e-12	5.808206e+00	4.896661e+00
3.570000e-06	7.820722e-10	3.947936e-11	5.924341e+00	7.878705e+00
3.580000e-06	7.973858e-10	8.093592e-11	6.040344e+00	1.086082e+01
3.590000e-06	8.126827e-10	1.241204e-10	6.156221e+00	1.384292e+01
3.600000e-06	8.279599e-10	1.665067e-10	6.271949e+00	1.682507e+01
3.610000e-06	8.432157e-10	2.085684e-10	6.387515e+00	1.980756e+01
3.620000e-06	8.584496e-10	2.528719e-10	6.502914e+00	2.279085e+01
3.630000e-06	8.736603e-10	2.986491e-10	6.618138e+00	2.577557e+01
3.640000e-06	8.888495e-10	3.437134e-10	6.733199e+00	2.876254e+01
3.650000e-06	9.040165e-10	3.858773e-10	6.848092e+00	3.175270e+01
3.660000e-06	9.191619e-10	4.261619e-10	6.962821e+00	3.474710e+01
3.670000e-06	9.342850e-10	4.661720e-10	7.077381e+00	3.774689e+01
3.680000e-06	9.493823e-10	5.086028e-10	7.191746e+00	4.075322e+01
3.690000e-06	9.644555e-10	5.552722e-10	7.305928e+00	4.376727e+01
3.700000e-06	9.795029e-10	6.037987e-10	7.419915e+00	4.679014e+01
3.710000e-06	9.945242e-10	6.516037e-10	7.533704e+00	4.982287e+01
3.720000e-06	1.009521e-09	6.968136e-10	7.647305e+00	5.286638e+01
3.730000e-06	1.024492e-09	7.398681e-10	7.760717e+00	5.592144e+01
3.740000e-06	1.039441e-09	7.808205e-10	7.873960e+00	5.898866e+01
3.750000e-06	1.054373e-09	8.208184e-10	7.987069e+00	6.206846e+01
3.760000e-06	1.069288e-09	8.660961e-10	8.100054e+00	6.516107e+01
3.770000e-06	1.084186e-09	9.135177e-10	8.212912e+00	6.826656e+01
3.780000e-06	1.099067e-09	9.599191e-10	8.325634e+00	7.138479e+01
3.790000e-06	1.113923e-09	1.007103e-09	8.438173e+00	7.451549e+01
3.800000e-06	1.128749e-09	1.052473e-09	8.550485e+00	7.765821e+01
3.810000e-06	1.143541e-09	1.100201e-09	8.662535e+00	8.081241e+01
3.820000e-06	1.158296e-09	1.151716e-09	8.774309e+00	8.397744e+01
3.830000e-06	1.173016e-09	1.204497e-09	8.885816e+00	8.715258e+01
3.840000e-06	1.187701e-09	1.254790e-09	8.997054e+00	9.033708e+01
3.850000e-06	1.202357e-09	1.299190e-09	9.108078e+00	9.353014e+01
3.860000e-06	1.216988e-09	1.341935e-09	9.218912e+00	9.673096e+01
3.870000e-06	1.231594e-09	1.383886e-09	9.329555e+00	9.993876e+01
3.880000e-06	1.246175e-09	1.428394e-09	9.440006e+00	1.031528e+02
3.890000e-06	1.260722e-09	1.478102e-09	9.550203e+00	1.063722e+02
3.900000e-06	1.275233e-09	1.532958e-09	9.660127e+00	1.095963e+02
3.910000e-06	1.289703e-09	1.588736e-09	9.769742e+00	1.128243e+02
3.920000e-06	1.304132e-09	1.639984e-09	9.879042e+00	1.160556e+02
3.930000e-06	1.318522e-09	1.686383e-09	9.988048e+00	1.192892e+02
3.940000e-06	1.332872e-09	1.728298e-09	1.009675e+01	1.225244e+02
3.950000e-06	1.347188e-09	1.771989e-09	1.020519e+01	1.257605e+02
3.960000e-06	1.361469e-09	1.817511e-09	1.031338e+01	1.289963e+02
3.970000e-06	1.375712e-09	1.863237e-09	1.042127e+01	1.322311e+02
3.980000e-06	1.389916e-09	1.910769e-09	1.052887e+01	1.354638e+02
3.990000e-06	1.404087e-09	1.961669e-09	1.063622e+01	1.386932e+02
4.000000e-06	1.418226e-09	2.014767e-09	1.074332e+01	1.419181e+02
4.010000e-06	1.432335e-09	2.064964e-09	1.085020e+01	1.451374e+02
4.020000e-06	1.446412e-09	2.112929e-09	1.095684e+01	1.483498e+02
4.030000e-06	1.460450e-09	2.159800e-09	1.106318e+01	1.515538e+02
4.040000e-06	1.474440e-09	2.205626e-09	1.116915e+01	1.547482e+02
4.050000e-06	1.488370e-09	2.249607e-09	1.127467e+01	1.579317e+02
4.060000e-06	1.502237e-09	2.290728e-09	1.137972e+01	1.611030e+02
4.070000e-06	1.516047e-09	2.331937e-09	1.148433e+01	1.642607e+02
4.080000e-06	1.529808e-09	2.378196e-09	1.158858e+01	1.674038e+02
4.090000e-06	1.543536e-09	2.429107e-09	1.169257e+01	1.705312e+02
4.100000e-06	1.557237e-09	2.478532e-09	1.179636e+01	1.736418e+02
4.110000e-06	1.570907e-09	2.526246e-09	1.189991e+01	1.767348e+02
4.120000e-06	1.584542e-09	2.572314e-09	1.200320e+01	1.798094e+02
4.130000e-06	1.598138e-09	2.614411e-09	1.210619e+01	1.828649e+02
4.140000e-06	1.611691e-09	2.657098e-09	1.220886e+01	1.859009e+02
4.150000e-06	1.625203e-09	2.701794e-09	1.231121e+01	1.889168e+02
4.160000e-06	1.638673e-09	2.747884e-09	1.241325e+01	1.919122e+02
4.170000e-06	1.652098e-09	2.793876e-09	1.251494e+01	1.948869e+02
4.180000e-06	1.665479e-09	2.838303e-09	1.261631e+01	1.978407e+02
4.190000e-06	1.678826e-09	2.881635e-09	1.271742e+01	2.007732e+02
4.200000e-06	1.692143e-09	2.922719e-09	1.281829e+01	2.036844e+02
4.210000e-06	1.705430e-09	2.961862e-09	1.291895e+01	2.065740e+02
4.220000e-06	1.718680e-09	2.999736e-09	1.301932e+01	2.094420e+02
4.230000e-06	1.731879e-09	3.038697e-09	1.311931e+01	2.122883e+02
4.240000e-06	1.745014e-09	3.080348e-09	1.321880e+01	2.151127e+02
4.250000e-06	1.758077e-09	3.124361e-09	1.331776e+01	2.179151e+02
4.260000e-06	1.771076e-09	3.169141e-09	1.341623e+01	2.206956e+02
4.270000e-06	1.784027e-09	3.210140e-09	1.351434e+01	2.234542e+02
4.280000e-06	1.796944e-09	3.248302e-09	1.361218e+01	2.261909e+02
4.290000e-06	1.809830e-09	3.284535e-09	1.370980e+01	2.289059e+02
4.300000e-06	1.822679e-09	3.320274e-09	1.380713e+01	2.315996e+02
4.310000e-06	1.835483e-09	3.355657e-09	1.390412e+01	2.342722e+02
4.320000e-06	1.848240e-09	3.393173e-09	1.400076e+01	2.369244e+02
4.330000e-06	1.860954e-09	3.436850e-09	1.409707e+01	2.395567e+02
4.340000e-06	1.873625e-09	3.481943e-09	1.419306e+01	2.421699e+02
4.350000e-06	1.886251e-09	3.524148e-09	1.428870e+01	2.447648e+02
4.360000e-06	1.898830e-09	3.560714e-09	1.438399e+01	2.473426e+02
4.370000e-06	1.911368e-09	3.594232e-09	1.447897e+01	2.499041e+02
4.380000e-06	1.923872e-09	3.626427e-09	1.457369e+01	2.524505e+02
4.390000e-06	1.936340e-09	3.655684e-09	1.466813e+01	2.549829e+02
4.400000e-06	1.948754e-09	3.687007e-09	1.476217e+01	2.575024e+02
4.410000e-06	1.961099e-09	3.725367e-09	1.485568e+01	2.600100e+02
4.420000e-06	1.973361e-09	3.770780e-09	1.494857e+01	2.625065e+02
4.430000e-06	1.985551e-09	3.817016e-09	1.504091e+01	2.649928e+02
4.440000e-06	1.997690e-09	3.857096e-09	1.513287e+01	2.674694e+02
4.450000e-06	2.009794e-09	3.891984e-09	1.522456e+01	2.699368e+02
4.460000e-06	2.021860e-09	3.925432e-09	1.531596e+01	2.723950e+02
4.470000e-06	2.033878e-09	3.957844e-09	1.540700e+01	2.748442e+02
4.480000e-06	2.045844e-09	3.987990e-09	1.549765e+01	2.772838e+02
4.490000e-06	2.057760e-09	4.022453e-09	1.558791e+01	2.797136e+02
4.500000e-06	2.069626e-09	4.063575e-09	1.567780e+01	2.821326e+02
4.510000e-06	2.081437e-09	4.105661e-09	1.576727e+01	2.845401e+02
4.520000e-06	2.093194e-09	4.146090e-09	1.585633e+01	2.869351e+02
4.530000e-06	2.104898e-09	4.183929e-09	1.594499e+01	2.893162e+02
4.540000e-06	2.116544e-09	4.220257e-09	1.603321e+01	2.916825e+02
4.550000e-06	2.128115e-09	4.253169e-09	1.612086e+01	2.940326e+02
4.560000e-06	2.139598e-09	4.282669e-09	1.620785e+01	2.963654e+02
4.570000e-06	2.150999e-09	4.311911e-09	1.629422e+01	2.986797e+02
4.580000e-06	2.162342e-09	4.344482e-09	1.638014e+01	3.009747e+02
4.590000e-06	2.173646e-09	4.382046e-09	1.646577e+01	3.032494e+02
4.600000e-06	2.184913e-09	4.421118e-09	1.655112e+01	3.055032e+02
4.610000e-06	2.196129e-09	4.459714e-09	1.663608e+01	3.077355e+02
4.620000e-06	2.207286e-09	4.496225e-09	1.672060e+01	3.099459e+02
4.630000e-06	2.218392e-09	4.529593e-09	1.680473e+01	3.121344e+02
4.640000e-06	2.229445e-09	4.560703e-09	1.688846e+01	3.143008e+02
4.650000e-06	2.240440e-09	4.591811e-09	1.697174e+01	3.164452e+02
4.660000e-06	2.251386e-09	4.621026e-09	1.705467e+01	3.185678e+02
4.670000e-06	2.262296e-09	4.648457e-09	1.713731e+01	3.206688e+02
4.680000e-06	2.273164e-09	4.679448e-09	1.721963e+01	3.227483e+02
4.690000e-06	2.283971e-09	4.712445e-09	1.730150e+01	3.248066e+02
4.700000e-06	2.294694e-09	4.743240e-09	1.738273e+01	3.268438e+02
4.710000e-06	2.305323e-09	4.771435e-09	1.746325e+01	3.288599e+02
4.720000e-06	2.315878e-09	4.800003e-09	1.754320e+01	3.308547e+02
4.730000e-06	2.326385e-09	4.832964e-09	1.762280e+01	3.328281e+02
4.740000e-06	2.336849e-09	4.865042e-09	1.770206e+01	3.347797e+02
4.750000e-06	2.347258e-09	4.895004e-09	1.778091e+01	3.367090e+02
4.760000e-06	2.357606e-09	4.924379e-09	1.785930e+01	3.386154e+02
4.770000e-06	2.367893e-09	4.951959e-09	1.793723e+01	3.404981e+02
4.780000e-06	2.378116e-09	4.979152e-09	1.801467e+01	3.423565e+02
4.790000e-06	2.388280e-09	5.004595e-09	1.809166e+01	3.441897e+02
4.800000e-06	2.398395e-09	5.030566e-09	1.816829e+01	3.459970e+02
4.810000e-06	2.408467e-09	5.057251e-09	1.824458e+01	3.477777e+02
4.820000e-06	2.418476e-09	5.084015e-09	1.832040e+01	3.495313e+02
4.830000e-06	2.428395e-09	5.110336e-09	1.839554e+01	3.512572e+02
4.840000e-06	2.438218e-09	5.137016e-09	1.846995e+01	3.529553e+02
4.850000e-06	2.447969e-09	5.163897e-09	1.854382e+01	3.546256e+02
4.860000e-06	2.457671e-09	5.186966e-09	1.861731e+01	3.562681e+02
4.870000e-06	2.467320e-09	5.207854e-09	1.869040e+01	3.578834e+02
4.880000e-06	2.476903e-09	5.229665e-09	1.876300e+01	3.594721e+02
4.890000e-06	2.486428e-09	5.253493e-09	1.883515e+01	3.610351e+02
4.900000e-06	2.495902e-09	5.276893e-09	1.890691e+01	3.625734e+02
4.910000e-06	2.505316e-09	5.298129e-09	1.897823e+01	3.640882e+02
4.920000e-06	2.514670e-09	5.321983e-09	1.904909e+01	3.655810e+02
4.930000e-06	2.523979e-09	5.349379e-09	1.911961e+01	3.670530e+02
4.940000e-06	2.533239e-09	5.375690e-09	1.918976e+01	3.685058e+02
4.950000e-06	2.542421e-09	5.397439e-09	1.925931e+01	3.699408e+02
4.960000e-06	2.551497e-09	5.417340e-09	1.932806e+01	3.713593e+02
4.970000e-06	2.560478e-09	5.436932e-09	1.939609e+01	3.727627e+02
4.980000e-06	2.569401e-09	5.455760e-09	1.946369e+01	3.741520e+02
4.990000e-06	2.578282e-09	5.475790e-09	1.953096e+01	3.755283e+02
5.000000e-06	2.587105e-09	5.495043e-09	1.959780e+01	3.768925e+02
5.010000e-06	2.595861e-09	5.516379e-09	1.966412e+01	3.782451e+02
5.020000e-06	2.604554e-09	5.541753e-09	1.972997e+01	3.795868e+02
5.030000e-06	2.613185e-09	5.566099e-09	1.979536e+01	3.809177e+02
5.040000e-06	2.621753e-09	5.586771e-09	1.986026e+01	3.822381e+02
5.050000e-06	2.630272e-09	5.605980e-09	1.992480e+01	3.835482e+02
5.060000e-06	2.638747e-09	5.626982e-09	1.998900e+01	3.848479e+02
5.070000e-06	2.647153e-09	5.647378e-09	2.005267e+01	3.861372e+02
5.080000e-06	2.655471e-09	5.666026e-09	2.011568e+01	3.874160e+02
5.090000e-06	2.663714e-09	5.683170e-09	2.017813e+01	3.886843e+02
5.100000e-06	2.671903e-09	5.702402e-09	2.024016e+01	3.899422e+02
5.110000e-06	2.680034e-09	5.725250e-09	2.030175e+01	3.911895e+02
5.120000e-06	2.688083e-09	5.746479e-09	2.036273e+01	3.924266e+02
5.130000e-06	2.696050e-09	5.765801e-09	2.042307e+01	3.936535e+02
5.140000e-06	2.703949e-09	5.785736e-09	2.048292e+01	3.948704e+02
5.150000e-06	2.711786e-09	5.807898e-09	2.054228e+01	3.960779e+02
5.160000e-06	2.719554e-09	5.829087e-09	2.060112e+01	3.972760e+02
5.170000e-06	2.727257e-09	5.847361e-09	2.065947e+01	3.984654e+02
5.180000e-06	2.734888e-09	5.865762e-09	2.071728e+01	3.996462e+02
5.190000e-06	2.742417e-09	5.884523e-09	2.077431e+01	4.008189e+02
5.200000e-06	2.749833e-09	5.904574e-09	2.083049e+01	4.019837e+02
5.210000e-06	2.757171e-09	5.926766e-09	2.088608e+01	4.031407e+02
5.220000e-06	2.764459e-09	5.948518e-09	2.094129e+01	4.042902e+02
5.230000e-06	2.771688e-09	5.970104e-09	2.099605e+01	4.054319e+02
5.240000e-06	2.778846e-09	5.991808e-09	2.105027e+01	4.065657e+02
5.250000e-06	2.785933e-09	6.012313e-09	2.110395e+01	4.076914e+02
5.260000e-06	2.792948e-09	6.031794e-09	2.115709e+01	4.088083e+02
5.270000e-06	2.799898e-09	6.049088e-09	2.120974e+01	4.099159e+02
5.280000e-06	2.806799e-09	6.064562e-09	2.126202e+01	4.110135e+02
5.290000e-06	2.813641e-09	6.082419e-09	2.131385e+01	4.121003e+02
5.300000e-06	2.820390e-09	6.102452e-09	2.136497e+01	4.131754e+02
5.310000e-06	2.827028e-09	6.122055e-09	2.141526e+01	4.142380e+02
5.320000e-06	2.833581e-09	6.141076e-09	2.146490e+01	4.152872e+02
5.330000e-06	2.840083e-09	6.161431e-09	2.151415e+01	4.163221e+02
5.340000e-06	2.846530e-09	6.181323e-09	2.156299e+01	4.173419e+02
5.350000e-06	2.852908e-09	6.196889e-09	2.161131e+01	4.183460e+02
5.360000e-06	2.859219e-09	6.211021e-09	2.165911e+01	4.193336e+02
5.370000e-06	2.865463e-09	6.227283e-09	2.170641e+01	4.203044e+02
5.380000e-06	2.871640e-09	6.245639e-09	2.175320e+01	4.212579e+02
5.390000e-06	2.877762e-09	6.263562e-09	2.179958e+01	4.221938e+02
5.400000e-06	2.883834e-09	6.278944e-09	2.184558e+01	4.231119e+02
5.410000e-06	2.889822e-09	6.294149e-09	2.189094e+01	4.240122e+02
5.420000e-06	2.895690e-09	6.312353e-09	2.193539e+01	4.248946e+02
5.430000e-06	2.901456e-09	6.330660e-09	2.197907e+01	4.257592e+02
5.440000e-06	2.907164e-09	6.344442e-09	2.202230e+01	4.266060e+02
5.450000e-06	2.912817e-09	6.356241e-09	2.206513e+01	4.274351e+02
5.460000e-06	2.918397e-09	6.368297e-09	2.210740e+01	4.282465e+02
5.470000e-06	2.923903e-09	6.380561e-09	2.214911e+01	4.290404e+02
5.480000e-06	2.929337e-09	6.391867e-09	2.219027e+01	4.298166e+02
5.490000e-06	2.934693e-09	6.401936e-09	2.223084e+01	4.305753e+02
5.500000e-06	2.939969e-09	6.413986e-09	2.227081e+01	4.313163e+02
5.510000e-06	2.945148e-09	6.426509e-09	2.231004e+01	4.320397e+02
5.520000e-06	2.950208e-09	6.438563e-09	2.234837e+01	4.327452e+02
5.530000e-06	2.955168e-09	6.451046e-09	2.238595e+01	4.334329e+02
5.540000e-06	2.960064e-09	6.464233e-09	2.242303e+01	4.341027e+02
5.550000e-06	2.964895e-09	6.479452e-09	2.245963e+01	4.347548e+02
5.560000e-06	2.969655e-09	6.493614e-09	2.249568e+01	4.353891e+02
5.570000e-06	2.974343e-09	6.504419e-09	2.253119e+01	4.360059e+02
5.580000e-06	2.978952e-09	6.512352e-09	2.256611e+01	4.366056e+02
5.590000e-06	2.983493e-09	6.520534e-09	2.260051e+01	4.371886e+02
5.600000e-06	2.987989e-09	6.529695e-09	2.263457e+01	4.377556e+02
5.610000e-06	2.992428e-09	6.539260e-09	2.266820e+01	4.383073e+02
5.620000e-06	2.996764e-09	6.550818e-09	2.270104e+01	4.388446e+02
5.630000e-06	3.000981e-09	6.563815e-09	2.273299e+01	4.393684e+02
5.640000e-06	3.005115e-09	6.576081e-09	2.276430e+01	4.398800e+02
5.650000e-06	3.009192e-09	6.585506e-09	2.279519e+01	4.403803e+02
5.660000e-06	3.013202e-09	6.592646e-09	2.282556e+01	4.408707e+02
5.670000e-06	3.017138e-09	6.598692e-09	2.285538e+01	4.413522e+02
5.680000e-06	3.020997e-09	6.606219e-09	2.288461e+01	4.418260e+02
5.690000e-06	3.024779e-09	6.614843e-09	2.291326e+01	4.422930e+02
5.700000e-06	3.028502e-09	6.623411e-09	2.294146e+01	4.427544e+02
5.710000e-06	3.032175e-09	6.632370e-09	2.296928e+01	4.432107e+02
5.720000e-06	3.035763e-09	6.644479e-09	2.299647e+01	4.436628e+02
5.730000e-06	3.039237e-09	6.658524e-09	2.302278e+01	4.441109e+02
5.740000e-06	3.042608e-09	6.669853e-09	2.304832e+01	4.445555e+02
5.750000e-06	3.045913e-09	6.679618e-09	2.307335e+01	4.449966e+02
5.760000e-06	3.049158e-09	6.684605e-09	2.309794e+01	4.454343e+02
5.770000e-06	3.052330e-09	6.686013e-09	2.312196e+01	4.458683e+02
5.780000e-06	3.055429e-09	6.689015e-09	2.314544e+01	4.462985e+02
5.790000e-06	3.058448e-09	6.693682e-09	2.316831e+01	4.467245e+02
5.800000e-06	3.061395e-09	6.702993e-09	2.319063e+01	4.471461e+02
5.810000e-06	3.064295e-09	6.715179e-09	2.321260e+01	4.475628e+02
5.820000e-06	3.067136e-09	6.728251e-09	2.323412e+01	4.479744e+02
5.830000e-06	3.069867e-09	6.738697e-09	2.325481e+01	4.483806e+02
5.840000e-06	3.072478e-09	6.746042e-09	2.327459e+01	4.487813e+02
5.850000e-06	3.075004e-09	6.752842e-09	2.329372e+01	4.491764e+02
5.860000e-06	3.077462e-09	6.757782e-09	2.331234e+01	4.495660e+02
5.870000e-06	3.079842e-09	6.764366e-09	2.333037e+01	4.499501e+02
5.880000e-06	3.082149e-09	6.772825e-09	2.334784e+01	4.503290e+02
5.890000e-06	3.084380e-09	6.781234e-09	2.336475e+01	4.507028e+02
5.900000e-06	3.086537e-09	6.789490e-09	2.338108e+01	4.510719e+02
5.910000e-06	3.088641e-09	6.797788e-09	2.339703e+01	4.514364e+02
5.920000e-06	3.090690e-09	6.805120e-09	2.341255e+01	4.517964e+02
5.930000e-06	3.092652e-09	6.810787e-09	2.342741e+01	4.521520e+02
5.940000e-06	3.094521e-09	6.817686e-09	2.344157e+01	4.525031e+02
5.950000e-06	3.096315e-09	6.825019e-09	2.345516e+01	4.528493e+02
5.960000e-06	3.098036e-09	6.831808e-09	2.346820e+01	4.531901e+02
5.970000e-06	3.099662e-09	6.838384e-09	2.348051e+01	4.535248e+02
5.980000e-06	3.101197e-09	6.845639e-09	2.349214e+01	4.538525e+02
5.990000e-06	3.102653e-09	6.854148e-09	2.350317e+01	4.541720e+02
6.000000e-06	3.104027e-09	6.860992e-09	2.351358e+01	4.544818e+02
6.010000e-06	3.105328e-09	6.867064e-09	2.352343e+01	4.547805e+02
6.020000e-06	3.106544e-09	6.874404e-09	2.353265e+01	4.550665e+02
6.030000e-06	3.107643e-09	6.881952e-09	2.354097e+01	4.553381e+02
6.040000e-06	3.108626e-09	6.888062e-09	2.354842e+01	4.555936e+02
6.050000e-06	3.109539e-09	6.893627e-09	2.355534e+01	4.558314e+02
6.060000e-06	3.110396e-09	6.898176e-09	2.356182e+01	4.560501e+02
6.070000e-06	3.111176e-09	6.900823e-09	2.356774e+01	4.562484e+02
6.080000e-06	3.111878e-09	6.903944e-09	2.357305e+01	4.564253e+02
6.090000e-06	3.112498e-09	6.905873e-09	2.357774e+01	4.565802e+02
6.100000e-06	3.113045e-09	6.907229e-09	2.358189e+01	4.567127e+02
6.110000e-06	3.113541e-09	6.907969e-09	2.358565e+01	4.568228e+02
6.120000e-06	3.113969e-09	6.904915e-09	2.358889e+01	4.569109e+02
6.130000e-06	3.114291e-09	6.910350e-09	2.359133e+01	4.569778e+02
6.140000e-06	3.114505e-09	6.941825e-09	2.359295e+01	4.570246e+02
6.150000e-06	3.114648e-09	6.961773e-09	2.359404e+01	4.570526e+02
6.160000e-06	3.114729e-09	6.923779e-09	2.359465e+01	4.570633e+02
6.170000e-06	3.114747e-09	6.873752e-09	2.359479e+01	4.570586e+02
6.180000e-06	3.114663e-09	6.937307e-09	2.359414e+01	4.570402e+02
6.190000e-06	3.114397e-09	6.925055e-09	2.359213e+01	4.570100e+02
6.200000e-06	3.114048e-09	6.898899e-09	2.358949e+01	4.569699e+02
6.210000e-06	3.113707e-09	6.942580e-09	2.358691e+01	4.569215e+02
6.220000e-06	3.113280e-09	6.902735e-09	2.358367e+01	4.568663e+02
6.230000e-06	3.112832e-09	6.928711e-09	2.358028e+01	4.568056e+02
6.240000e-06	3.112329e-09	6.917282e-09	2.357647e+01	4.567404e+02
6.250000e-06	3.111688e-09	6.919144e-09	2.357161e+01	4.566714e+02
6.260000e-06	3.110946e-09	6.920000e-09	2.356599e+01	4.565990e+02
6.270000e-06	3.110103e-09	6.895846e-09	2.355960e+01	4.565235e+02
6.280000e-06	3.109253e-09	6.923307e-09	2.355317e+01	4.564446e+02
6.290000e-06	3.108326e-09	6.911304e-09	2.354614e+01	4.563622e+02
6.300000e-06	3.107283e-09	6.934323e-09	2.353824e+01	4.562757e+02
6.310000e-06	3.106104e-09	6.914226e-09	2.352931e+01	4.561846e+02
6.320000e-06	3.104853e-09	6.929090e-09	2.351983e+01	4.560884e+02
6.330000e-06	3.103581e-09	6.937207e-09	2.351020e+01	4.559865e+02
6.340000e-06	3.102161e-09	6.906952e-09	2.349944e+01	4.558785e+02
6.350000e-06	3.100638e-09	6.932789e-09	2.348790e+01	4.557641e+02
6.360000e-06	3.099048e-09	6.924395e-09	2.347587e+01	4.556433e+02
6.370000e-06	3.097440e-09	6.943960e-09	2.346368e+01	4.555161e+02
6.380000e-06	3.095745e-09	6.923684e-09	2.345084e+01	4.553829e+02
6.390000e-06	3.093912e-09	6.911675e-09	2.343696e+01	4.552445e+02
6.400000e-06	3.092019e-09	6.917765e-09	2.342261e+01	4.551015e+02
6.410000e-06	3.090072e-09	6.912041e-09	2.340787e+01	4.549550e+02
6.420000e-06	3.088064e-09	6.930492e-09	2.339265e+01	4.548063e+02
6.430000e-06	3.085918e-09	6.904255e-09	2.337640e+01	4.546566e+02
6.440000e-06	3.083673e-09	6.914674e-09	2.335939e+01	4.545071e+02
6.450000e-06	3.081381e-09	6.914943e-09	2.334203e+01	4.543592e+02
6.460000e-06	3.079022e-09	6.916177e-09	2.332416e+01	4.542140e+02
6.470000e-06	3.076578e-09	6.919299e-09	2.330564e+01	4.540725e+02
6.480000e-06	3.074021e-09	6.901769e-09	2.328627e+01	4.539354e+02
6.490000e-06	3.071419e-09	6.922132e-09	2.326657e+01	4.538032e+02
6.500000e-06	3.068763e-09	6.917170e-09	2.324645e+01	4.536762e+02
6.510000e-06	3.066023e-09	6.926855e-09	2.322569e+01	4.535540e+02
6.520000e-06	3.063161e-09	6.915505e-09	2.320401e+01	4.534364e+02
6.530000e-06	3.060189e-09	6.910158e-09	2.318150e+01	4.533223e+02
6.540000e-06	3.057169e-09	6.924519e-09	2.315862e+01	4.532107e+02
6.550000e-06	3.054069e-09	6.918565e-09	2.313514e+01	4.531002e+02
6.560000e-06	3.050899e-09	6.926355e-09	2.311112e+01	4.529893e+02
6.570000e-06	3.047645e-09	6.907805e-09	2.308647e+01	4.528762e+02
6.580000e-06	3.044328e-09	6.917568e-09	2.306135e+01	4.527591e+02
6.590000e-06	3.040947e-09	6.922577e-09	2.303574e+01	4.526362e+02
6.600000e-06	3.037481e-09	6.918080e-09	2.300948e+01	4.525057e+02
6.610000e-06	3.033953e-09	6.918618e-09	2.298275e+01	4.523660e+02
6.620000e-06	3.030345e-09	6.912451e-09	2.295542e+01	4.522155e+02
6.630000e-06	3.026649e-09	6.934334e-09	2.292743e+01	4.520531e+02
6.640000e-06	3.022840e-09	6.926365e-09	2.289857e+01	4.518776e+02
6.650000e-06	3.018942e-09	6.921383e-09	2.286905e+01	4.516883e+02
6.660000e-06	3.014975e-09	6.915149e-09	2.283899e+01	4.514846e+02
6.670000e-06	3.010927e-09	6.913658e-09	2.280833e+01	4.512663e+02
6.680000e-06	3.006813e-09	6.919104e-09	2.277716e+01	4.510334e+02
6.690000e-06	3.002610e-09	6.902073e-09	2.274533e+01	4.507858e+02
6.700000e-06	2.998352e-09	6.905347e-09	2.271307e+01	4.505239e+02
6.710000e-06	2.994046e-09	6.901787e-09	2.268045e+01	4.502481e+02
6.720000e-06	2.989681e-09	6.907523e-09	2.264738e+01	4.499588e+02
6.730000e-06	2.985218e-09	6.902591e-09	2.261358e+01	4.496564e+02
6.740000e-06	2.980656e-09	6.889928e-09	2.257902e+01	4.493412e+02
6.750000e-06	2.976043e-09	6.890048e-09	2.254407e+01	4.490136e+02
6.760000e-06	2.971349e-09	6.881441e-09	2.250852e+01	4.486739e+02
6.770000e-06	2.966567e-09	6.885433e-09	2.247229e+01	4.483221e+02
6.780000e-06	2.961693e-09	6.872352e-09	2.243537e+01	4.479583e+02
6.790000e-06	2.956740e-09	6.867964e-09	2.239785e+01	4.475822e+02
6.800000e-06	2.951720e-09	6.869705e-09	2.235983e+01	4.471938e+02
6.810000e-06	2.946613e-09	6.870077e-09	2.232114e+01	4.467927e+02
6.820000e-06	2.941412e-09	6.870201e-09	2.228174e+01	4.463787e+02
6.830000e-06	2.936083e-09	6.851673e-09	2.224137e+01	4.459515e+02
6.840000e-06	2.930664e-09	6.849747e-09	2.220032e+01	4.455109e+02
6.850000e-06	2.925189e-09	6.843112e-09	2.215885e+01	4.450567e+02
6.860000e-06	2.919652e-09	6.837539e-09	2.211690e+01	4.445890e+02
6.870000e-06	2.914038e-09	6.826749e-09	2.207438e+01	4.441080e+02
6.880000e-06	2.908347e-09	6.815833e-09	2.203127e+01	4.436140e+02
6.890000e-06	2.902595e-09	6.822039e-09	2.198770e+01	4.431075e+02
6.900000e-06	2.896768e-09	6.817910e-09	2.194355e+01	4.425895e+02
6.910000e-06	2.890879e-09	6.815798e-09	2.189894e+01	4.420608e+02
6.920000e-06	2.884923e-09	6.802755e-09	2.185382e+01	4.415227e+02
6.930000e-06	2.878883e-09	6.794566e-09	2.180807e+01	4.409763e+02
6.940000e-06	2.872742e-09	6.788770e-09	2.176155e+01	4.404233e+02
6.950000e-06	2.866497e-09	6.776465e-09	2.171425e+01	4.398649e+02
6.960000e-06	2.860192e-09	6.770648e-09	2.166648e+01	4.393028e+02
6.970000e-06	2.853821e-09	6.760771e-09	2.161822e+01	4.387384e+02
6.980000e-06	2.847385e-09	6.761861e-09	2.156947e+01	4.381730e+02
6.990000e-06	2.840878e-09	6.755142e-09	2.152018e+01	4.376080e+02
7.000000e-06	2.834302e-09	6.745622e-09	2.147036e+01	4.370443e+02
7.010000e-06	2.827671e-09	6.736192e-09	2.142013e+01	4.364829e+02
7.020000e-06	2.820980e-09	6.725613e-09	2.136944e+01	4.359244e+02
7.030000e-06	2.814214e-09	6.724184e-09	2.131819e+01	4.353691e+02
7.040000e-06	2.807337e-09	6.712530e-09	2.126610e+01	4.348174e+02
7.050000e-06	2.800357e-09	6.706319e-09	2.121322e+01	4.342692e+02
7.060000e-06	2.793301e-09	6.703175e-09	2.115977e+01	4.337242e+02
7.070000e-06	2.786187e-09	6.704598e-09	2.110588e+01	4.331820e+02
7.080000e-06	2.779006e-09	6.702992e-09	2.105149e+01	4.326421e+02
7.090000e-06	2.771753e-09	6.690909e-09	2.099654e+01	4.321038e+02
7.100000e-06	2.764437e-09	6.683207e-09	2.094112e+01	4.315664e+02
7.110000e-06	2.757043e-09	6.672593e-09	2.088511e+01	4.310292e+02
7.120000e-06	2.749577e-09	6.666731e-09	2.082855e+01	4.304916e+02
7.130000e-06	2.742039e-09	6.658124e-09	2.077146e+01	4.299529e+02
7.140000e-06	2.734411e-09	6.652921e-09	2.071367e+01	4.294124e+02
7.150000e-06	2.726676e-09	6.651647e-09	2.065507e+01	4.288697e+02
7.160000e-06	2.718843e-09	6.645357e-09	2.059574e+01	4.283245e+02
7.170000e-06	2.710952e-09	6.639884e-09	2.053596e+01	4.277763e+02
7.180000e-06	2.703003e-09	6.628894e-09	2.047575e+01	4.272249e+02
7.190000e-06	2.694992e-09	6.622661e-09	2.041506e+01	4.266702e+02
7.200000e-06	2.686910e-09	6.616997e-09	2.035384e+01	4.261119e+02
7.210000e-06	2.678756e-09	6.611061e-09	2.029207e+01	4.255500e+02
7.220000e-06	2.670539e-09	6.604948e-09	2.022983e+01	4.249842e+02
7.230000e-06	2.662271e-09	6.597496e-09	2.016720e+01	4.244143e+02
7.240000e-06	2.653960e-09	6.596377e-09	2.010424e+01	4.238400e+02
7.250000e-06	2.645576e-09	6.591316e-09	2.004073e+01	4.232608e+02
7.260000e-06	2.637093e-09	6.585515e-09	1.997647e+01	4.226761e+02
7.270000e-06	2.628511e-09	6.578966e-09	1.991145e+01	4.220853e+02
7.280000e-06	2.619857e-09	6.573005e-09	1.984590e+01	4.214876e+02
7.290000e-06	2.611153e-09	6.565413e-09	1.977996e+01	4.208820e+02
7.300000e-06	2.602391e-09	6.552941e-09	1.971359e+01	4.202674e+02
7.310000e-06	2.593569e-09	6.543296e-09	1.964676e+01	4.196428e+02
7.320000e-06	2.584680e-09	6.535274e-09	1.957943e+01	4.190071e+02
7.330000e-06	2.575725e-09	6.530422e-09	1.951159e+01	4.183590e+02
7.340000e-06	2.566706e-09	6.522269e-09	1.944327e+01	4.176976e+02
7.350000e-06	2.557636e-09	6.513719e-09	1.937456e+01	4.170216e+02
7.360000e-06	2.548524e-09	6.508039e-09	1.930554e+01	4.163303e+02
7.370000e-06	2.539347e-09	6.501851e-09	1.923602e+01	4.156229e+02
7.380000e-06	2.530078e-09	6.495298e-09	1.916581e+01	4.148987e+02
7.390000e-06	2.520709e-09	6.481942e-09	1.909484e+01	4.141574e+02
7.400000e-06	2.511269e-09	6.471487e-09	1.902333e+01	4.133987e+02
7.410000e-06	2.501780e-09	6.460924e-09	1.895144e+01	4.126227e+02
7.420000e-06	2.492237e-09	6.446604e-09	1.887915e+01	4.118295e+02
7.430000e-06	2.482634e-09	6.433681e-09	1.880641e+01	4.110195e+02
7.440000e-06	2.472968e-09	6.421264e-09	1.873319e+01	4.101933e+02
7.450000e-06	2.463241e-09	6.414993e-09	1.865951e+01	4.093515e+02
7.460000e-06	2.453448e-09	6.408025e-09	1.858532e+01	4.084949e+02
7.470000e-06	2.443600e-09	6.398300e-09	1.851072e+01	4.076242e+02
7.480000e-06	2.433715e-09	6.386256e-09	1.843584e+01	4.067404e+02
7.490000e-06	2.423784e-09	6.373368e-09	1.836061e+01	4.058442e+02
7.500000e-06	2.413774e-09	6.359201e-09	1.828479e+01	4.049365e+02
7.510000e-06	2.403664e-09	6.342996e-09	1.820820e+01	4.040179e+02
7.520000e-06	2.393473e-09	6.330465e-09	1.813100e+01	4.030892e+02
7.530000e-06	2.383220e-09	6.319715e-09	1.805333e+01	4.021509e+02
7.540000e-06	2.372918e-09	6.311828e-09	1.797529e+01	4.012036e+02
7.550000e-06	2.362558e-09	6.302333e-09	1.789681e+01	4.002475e+02
7.560000e-06	2.352139e-09	6.288736e-09	1.781789e+01	3.992832e+02
7.570000e-06	2.341667e-09	6.274178e-09	1.773856e+01	3.983108e+02
7.580000e-06	2.331139e-09	6.256935e-09	1.765881e+01	3.973307e+02
7.590000e-06	2.320558e-09	6.241897e-09	1.757866e+01	3.963431e+02
7.600000e-06	2.309920e-09	6.228129e-09	1.749807e+01	3.953483e+02
7.610000e-06	2.299240e-09	6.212928e-09	1.741717e+01	3.943466e+02
7.620000e-06	2.288519e-09	6.197842e-09	1.733595e+01	3.933386e+02
7.630000e-06	2.277741e-09	6.183501e-09	1.725431e+01	3.923245e+02
7.640000e-06	2.266888e-09	6.170167e-09	1.717210e+01	3.913050e+02
7.650000e-06	2.255966e-09	6.154804e-09	1.708936e+01	3.902806e+02
7.660000e-06	2.244994e-09	6.140783e-09	1.700625e+01	3.892522e+02
7.670000e-06	2.233968e-09	6.126273e-09	1.692272e+01	3.882204e+02
7.680000e-06	2.222881e-09	6.110881e-09	1.683873e+01	3.871859e+02
7.690000e-06	2.211723e-09	6.096352e-09	1.675421e+01	3.861497e+02
7.700000e-06	2.200497e-09	6.082696e-09	1.666917e+01	3.851123e+02
7.710000e-06	2.189216e-09	6.068835e-09	1.658372e+01	3.840745e+02
7.720000e-06	2.177881e-09	6.052721e-09	1.649785e+01	3.830368e+02
7.730000e-06	2.166489e-09	6.036925e-09	1.641155e+01	3.819997e+02
7.740000e-06	2.155038e-09	6.019260e-09	1.632481e+01	3.809634e+02
7.750000e-06	2.143527e-09	6.002140e-09	1.623761e+01	3.799281e+02
7.760000e-06	2.131949e-09	5.989894e-09	1.614991e+01	3.788935e+02
7.770000e-06	2.120291e-09	5.977382e-09	1.606159e+01	3.778596e+02
7.780000e-06	2.108547e-09	5.962782e-09	1.597264e+01	3.768256e+02
7.790000e-06	2.096736e-09	5.946904e-09	1.588316e+01	3.757910e+02
7.800000e-06	2.084880e-09	5.932594e-09	1.579335e+01	3.747549e+02
7.810000e-06	2.072987e-09	5.916332e-09	1.570326e+01	3.737164e+02
7.820000e-06	2.061049e-09	5.896028e-09	1.561283e+01	3.726743e+02
7.830000e-06	2.049062e-09	5.878139e-09	1.552202e+01	3.716275e+02
7.840000e-06	2.037021e-09	5.862263e-09	1.543081e+01	3.705749e+02
7.850000e-06	2.024925e-09	5.850735e-09	1.533918e+01	3.695153e+02
7.860000e-06	2.012774e-09	5.838194e-09	1.524714e+01	3.684476e+02
7.870000e-06	2.000575e-09	5.825766e-09	1.515473e+01	3.673709e+02
7.880000e-06	1.988335e-09	5.815129e-09	1.506201e+01	3.662841e+02
7.890000e-06	1.976060e-09	5.800024e-09	1.496902e+01	3.651867e+02
7.900000e-06	1.963747e-09	5.781320e-09	1.487574e+01	3.640779e+02
7.910000e-06	1.951381e-09	5.759183e-09	1.478207e+01	3.629573e+02
7.920000e-06	1.938950e-09	5.737663e-09	1.468790e+01	3.618245e+02
7.930000e-06	1.926444e-09	5.718342e-09	1.459317e+01	3.606795e+02
7.940000e-06	1.913863e-09	5.703676e-09	1.449787e+01	3.595219e+02
7.950000e-06	1.901226e-09	5.691356e-09	1.440214e+01	3.583519e+02
7.960000e-06	1.888552e-09	5.679233e-09	1.430613e+01	3.571694e+02
7.970000e-06	1.875847e-09	5.666362e-09	1.420989e+01	3.559744e+02
7.980000e-06	1.863101e-09	5.649600e-09	1.411333e+01	3.547670e+02
7.990000e-06	1.850307e-09	5.630025e-09	1.401642e+01	3.535471e+02
8.000000e-06	1.837465e-09	5.607104e-09	1.391913e+01	3.523145e+02
8.010000e-06	1.824575e-09	5.585086e-09	1.382149e+01	3.510692e+02
8.020000e-06	1.811642e-09	5.563829e-09	1.372352e+01	3.498108e+02
8.030000e-06	1.798661e-09	5.544779e-09	1.362519e+01	3.485389e+02
8.040000e-06	1.785640e-09	5.528817e-09	1.352655e+01	3.472531e+02
8.050000e-06	1.772587e-09	5.510577e-09	1.342767e+01	3.459529e+02
8.060000e-06	1.759505e-09	5.493049e-09	1.332858e+01	3.446378e+02
8.070000e-06	1.746388e-09	5.476041e-09	1.322922e+01	3.433072e+02
8.080000e-06	1.733228e-09	5.455615e-09	1.312952e+01	3.419606e+02
8.090000e-06	1.720009e-09	5.431338e-09	1.302938e+01	3.405975e+02
8.100000e-06	1.706718e-09	5.406316e-09	1.292871e+01	3.392177e+02
8.110000e-06	1.693362e-09	5.382720e-09	1.282753e+01	3.378209e+02
8.120000e-06	1.679951e-09	5.358003e-09	1.272594e+01	3.364071e+02
8.130000e-06	1.666499e-09	5.335593e-09	1.262404e+01	3.349765e+02
8.140000e-06	1.653015e-09	5.315819e-09	1.252190e+01	3.335293e+02
8.150000e-06	1.639504e-09	5.297050e-09	1.241955e+01	3.320661e+02
8.160000e-06	1.625957e-09	5.277217e-09	1.231693e+01	3.305877e+02
8.170000e-06	1.612369e-09	5.254193e-09	1.221399e+01	3.290951e+02
8.180000e-06	1.598743e-09	5.229931e-09	1.211078e+01	3.275892e+02
8.190000e-06	1.585080e-09	5.203813e-09	1.200728e+01	3.260714e+02
8.200000e-06	1.571377e-09	5.177575e-09	1.190347e+01	3.245429e+02
8.210000e-06	1.557633e-09	5.149941e-09	1.179936e+01	3.230052e+02
8.220000e-06	1.543851e-09	5.121736e-09	1.169496e+01	3.214594e+02
8.230000e-06	1.530031e-09	5.097368e-09	1.159027e+01	3.199071e+02
8.240000e-06	1.516172e-09	5.074724e-09	1.148528e+01	3.183493e+02
8.250000e-06	1.502273e-09	5.050688e-09	1.137999e+01	3.167873e+02
8.260000e-06	1.488330e-09	5.023619e-09	1.127437e+01	3.152219e+02
8.270000e-06	1.474339e-09	4.997405e-09	1.116839e+01	3.136541e+02
8.280000e-06	1.460292e-09	4.973440e-09	1.106198e+01	3.120844e+02
8.290000e-06	1.446182e-09	4.949927e-09	1.095510e+01	3.105133e+02
8.300000e-06	1.432015e-09	4.926413e-09	1.084778e+01	3.089411e+02
8.310000e-06	1.417803e-09	4.900551e-09	1.074012e+01	3.073679e+02
8.320000e-06	1.403556e-09	4.876189e-09	1.063220e+01	3.057937e+02
8.330000e-06	1.389282e-09	4.854121e-09	1.052407e+01	3.042185e+02
8.340000e-06	1.374985e-09	4.831105e-09	1.041577e+01	3.026420e+02
8.350000e-06	1.360666e-09	4.804760e-09	1.030730e+01	3.010642e+02
8.360000e-06	1.346318e-09	4.777582e-09	1.019861e+01	2.994848e+02
8.370000e-06	1.331937e-09	4.753460e-09	1.008967e+01	2.979038e+02
8.380000e-06	1.317519e-09	4.729427e-09	9.980453e+00	2.963210e+02
8.390000e-06	1.303068e-09	4.703732e-09	9.870984e+00	2.947365e+02
8.400000e-06	1.288586e-09	4.676923e-09	9.761280e+00	2.931504e+02
8.410000e-06	1.274073e-09	4.651027e-09	9.651339e+00	2.915629e+02
8.420000e-06	1.259529e-09	4.625091e-09	9.541164e+00	2.899743e+02
8.430000e-06	1.244955e-09	4.595633e-09	9.430768e+00	2.883850e+02
8.440000e-06	1.230355e-09	4.566820e-09	9.320164e+00	2.867954e+02
8.450000e-06	1.215728e-09	4.541994e-09	9.209365e+00	2.852059e+02
8.460000e-06	1.201077e-09	4.520965e-09	9.098383e+00	2.836169e+02
8.470000e-06	1.186406e-09	4.502223e-09	8.987244e+00	2.820287e+02
8.480000e-06	1.171717e-09	4.480124e-09	8.875976e+00	2.804416e+02
8.490000e-06	1.157008e-09	4.453783e-09	8.764553e+00	2.788555e+02
8.500000e-06	1.142272e-09	4.424120e-09	8.652919e+00	2.772704e+02
8.510000e-06	1.127501e-09	4.393291e-09	8.541031e+00	2.756860e+02
8.520000e-06	1.112689e-09	4.362061e-09	8.428828e+00	2.741016e+02
8.530000e-06	1.097834e-09	4.334296e-09	8.316293e+00	2.725164e+02
8.540000e-06	1.082932e-09	4.311280e-09	8.203411e+00	2.709293e+02
8.550000e-06	1.067983e-09	4.289497e-09	8.090172e+00	2.693392e+02
8.560000e-06	1.052997e-09	4.267346e-09	7.976644e+00	2.677444e+02
8.570000e-06	1.037979e-09	4.242544e-09	7.862882e+00	2.661433e+02
8.580000e-06	1.022937e-09	4.216108e-09	7.748937e+00	2.645340e+02
8.590000e-06	1.007876e-09	4.188645e-09	7.634845e+00	2.629147e+02
8.600000e-06	9.927962e-10	4.161201e-09	7.520615e+00	2.612834e+02
8.610000e-06	9.777006e-10	4.133904e-09	7.406263e+00	2.596382e+02
8.620000e-06	9.625884e-10	4.106863e-09	7.291785e+00	2.579773e+02
8.630000e-06	9.474569e-10	4.081280e-09	7.177161e+00	2.562989e+02
8.640000e-06	9.323022e-10	4.058058e-09	7.062362e+00	2.546015e+02
8.650000e-06	9.171259e-10	4.035043e-09	6.947398e+00	2.528837e+02
8.660000e-06	9.019281e-10	4.009345e-09	6.832272e+00	2.511446e+02
8.670000e-06	8.867040e-10	3.981282e-09	6.716947e+00	2.493833e+02
8.680000e-06	8.714554e-10	3.949833e-09	6.601436e+00	2.475992e+02
8.690000e-06	8.561852e-10	3.916600e-09	6.485761e+00	2.457922e+02
8.700000e-06	8.408935e-10	3.883769e-09	6.369924e+00	2.439623e+02
8.710000e-06	8.255813e-10	3.851168e-09	6.253931e+00	2.421097e+02
8.720000e-06	8.102492e-10	3.821972e-09	6.137788e+00	2.402351e+02
8.730000e-06	7.948978e-10	3.795727e-09	6.021499e+00	2.383391e+02
8.740000e-06	7.795279e-10	3.768939e-09	5.905069e+00	2.364227e+02
8.750000e-06	7.641389e-10	3.739106e-09	5.788494e+00	2.344868e+02
8.760000e-06	7.487310e-10	3.707856e-09	5.671776e+00	2.325327e+02
8.770000e-06	7.333070e-10	3.679118e-09	5.554937e+00	2.305614e+02
8.780000e-06	7.178674e-10	3.651415e-09	5.437979e+00	2.285741e+02
8.790000e-06	7.024129e-10	3.620395e-09	5.320908e+00	2.265721e+02
8.800000e-06	6.869460e-10	3.585161e-09	5.203743e+00	2.245563e+02
8.810000e-06	6.714657e-10	3.551265e-09	5.086477e+00	2.225278e+02
8.820000e-06	6.559717e-10	3.519599e-09	4.969107e+00	2.204877e+02
8.830000e-06	6.404644e-10	3.487365e-09	4.851636e+00	2.184367e+02
8.840000e-06	6.249425e-10	3.453325e-09	4.734055e+00	2.163756e+02
8.850000e-06	6.094057e-10	3.420501e-09	4.616361e+00	2.143051e+02
8.860000e-06	5.938499e-10	3.391621e-09	4.498523e+00	2.122258e+02
8.870000e-06	5.782763e-10	3.361301e-09	4.380550e+00	2.101382e+02
8.880000e-06	5.626879e-10	3.327072e-09	4.262466e+00	2.080427e+02
8.890000e-06	5.470808e-10	3.291564e-09	4.144239e+00	2.059398e+02
8.900000e-06	5.314534e-10	3.258997e-09	4.025858e+00	2.038298e+02
8.910000e-06	5.158065e-10	3.228058e-09	3.907331e+00	2.017129e+02
8.920000e-06	5.001407e-10	3.192957e-09	3.788659e+00	1.995895e+02
8.930000e-06	4.844536e-10	3.156417e-09	3.669826e+00	1.974599e+02
8.940000e-06	4.687441e-10	3.122218e-09	3.550824e+00	1.953242e+02
8.950000e-06	4.530152e-10	3.090193e-09	3.431675e+00	1.931827e+02
8.960000e-06	4.372684e-10	3.058712e-09	3.312390e+00	1.910356e+02
8.970000e-06	4.215060e-10	3.025456e-09	3.192987e+00	1.888831e+02
8.980000e-06	4.057314e-10	2.990361e-09	3.073491e+00	1.867253e+02
8.990000e-06	3.899437e-10	2.953797e-09	2.953897e+00	1.845623e+02
9.000000e-06	3.741455e-10	2.917498e-09	2.834222e+00	1.823943e+02
9.010000e-06	3.583403e-10	2.880979e-09	2.714495e+00	1.802212e+02
9.020000e-06	3.425257e-10	2.844972e-09	2.594696e+00	1.780431e+02
9.030000e-06	3.266988e-10	2.810664e-09	2.474805e+00	1.758599e+02
9.040000e-06	3.108655e-10	2.777391e-09	2.354865e+00	1.736716e+02
9.050000e-06	2.950265e-10	2.746393e-09	2.234881e+00	1.714780e+02
9.060000e-06	2.791800e-10	2.715661e-09	2.114841e+00	1.692790e+02
9.070000e-06	2.633264e-10	2.682818e-09	1.994747e+00	1.670745e+02
9.080000e-06	2.474662e-10	2.648065e-09	1.874603e+00	1.648642e+02
9.090000e-06	2.316011e-10	2.611084e-09	1.754422e+00	1.626479e+02
9.100000e-06	2.157323e-10	2.573160e-09	1.634213e+00	1.604254e+02
9.110000e-06	1.998600e-10	2.537243e-09	1.513977e+00	1.581966e+02
9.120000e-06	1.839843e-10	2.503442e-09	1.393716e+00	1.559610e+02
9.130000e-06	1.681051e-10	2.468830e-09	1.273428e+00	1.537187e+02
9.140000e-06	1.522226e-10	2.435902e-09	1.153115e+00	1.514691e+02
9.150000e-06	1.363384e-10	2.404508e-09	1.032790e+00	1.492122e+02
9.160000e-06	1.204539e-10	2.369743e-09	9.124613e-01	1.469476e+02
9.170000e-06	1.045673e-10	2.330564e-09	7.921175e-01	1.446750e+02
9.180000e-06	8.867780e-11	2.288614e-09	6.717515e-01	1.423939e+02
9.190000e-06	7.278702e-11	2.248369e-09	5.513759e-01	1.401040e+02
9.200000e-06	5.689625e-11	2.210386e-09	4.310004e-01	1.378046e+02
9.210000e-06	4.100396e-11	2.173893e-09	3.106133e-01	1.354952e+02
9.220000e-06	2.511025e-11	2.137686e-09	1.902155e-01	1.331750e+02
9.230000e-06	9.215176e-12	2.101282e-09	6.980736e-02	1.308432e+02
9.240000e-06	-6.681176e-12	2.065371e-09	-5.061046e-02	1.284989e+02
9.250000e-06	-2.257625e-11	2.027734e-09	-1.710186e-01	1.261411e+02
9.260000e-06	-3.846919e-11	1.987730e-09	-2.914106e-01	1.237686e+02
9.270000e-06	-5.436116e-11	1.946727e-09	-4.117952e-01	1.213802e+02
9.280000e-06	-7.025181e-11	1.906751e-09	-5.321698e-01	1.189748e+02
9.290000e-06	-8.613958e-11	1.867992e-09	-6.525227e-01	1.165511e+02
9.300000e-06	-1.020255e-10	1.827463e-09	-7.728618e-01	1.141078e+02
9.310000e-06	-1.179079e-10	1.785542e-09	-8.931739e-01	1.116439e+02
9.320000e-06	-1.337867e-10	1.744728e-09	-1.013459e+00	1.091582e+02
9.330000e-06	-1.496626e-10	1.705399e-09	-1.133721e+00	1.066498e+02
9.340000e-06	-1.655354e-10	1.665114e-09	-1.253961e+00	1.041178e+02
9.350000e-06	-1.814061e-10	1.622267e-09	-1.374184e+00	1.015618e+02
9.360000e-06	-1.972746e-10	1.580455e-09	-1.494391e+00	9.898118e+01
9.370000e-06	-2.131392e-10	1.540245e-09	-1.614568e+00	9.637590e+01
9.380000e-06	-2.289980e-10	1.499164e-09	-1.734702e+00	9.374600e+01
9.390000e-06	-2.448507e-10	1.455383e-09	-1.854789e+00	9.109178e+01
9.400000e-06	-2.606983e-10	1.410379e-09	-1.974837e+00	8.841379e+01
9.410000e-06	-2.765405e-10	1.367015e-09	-2.094845e+00	8.571278e+01
9.420000e-06	-2.923750e-10	1.322243e-09	-2.214794e+00	8.298972e+01
9.430000e-06	-3.082003e-10	1.276302e-09	-2.334674e+00	8.024571e+01
9.440000e-06	-3.240145e-10	1.233381e-09	-2.454470e+00	7.748199e+01
9.450000e-06	-3.398181e-10	1.193617e-09	-2.574185e+00	7.469989e+01
9.460000e-06	-3.556102e-10	1.153272e-09	-2.693812e+00	7.190077e+01
9.470000e-06	-3.713904e-10	1.107430e-09	-2.813351e+00	6.908602e+01
9.480000e-06	-3.871589e-10	1.057410e-09	-2.932800e+00	6.625697e+01
9.490000e-06	-4.029148e-10	1.008385e-09	-3.052153e+00	6.341490e+01
9.500000e-06	-4.186580e-10	9.621532e-10	-3.171411e+00	6.056096e+01
9.510000e-06	-4.343852e-10	9.170386e-10	-3.290547e+00	5.769622e+01
9.520000e-06	-4.500928e-10	8.720479e-10	-3.409536e+00	5.482159e+01
9.530000e-06	-4.657823e-10	8.277050e-10	-3.528387e+00	5.193785e+01
9.540000e-06	-4.814504e-10	7.839680e-10	-3.647075e+00	4.904562e+01
9.550000e-06	-4.970923e-10	7.390435e-10	-3.765566e+00	4.614543e+01
9.560000e-06	-5.127145e-10	6.902730e-10	-3.883906e+00	4.323767e+01
9.570000e-06	-5.283185e-10	6.397109e-10	-4.002109e+00	4.032264e+01
9.580000e-06	-5.438990e-10	5.903609e-10	-4.120135e+00	3.740060e+01
9.590000e-06	-5.594592e-10	5.435825e-10	-4.238006e+00	3.447176e+01
9.600000e-06	-5.750036e-10	4.983285e-10	-4.355758e+00	3.153632e+01
9.610000e-06	-5.905333e-10	4.535137e-10	-4.473398e+00	2.859452e+01
9.620000e-06	-6.060491e-10	4.089097e-10	-4.590933e+00	2.564662e+01
9.630000e-06	-6.215509e-10	3.618389e-10	-4.708362e+00	2.269294e+01
9.640000e-06	-6.370380e-10	3.126380e-10	-4.825680e+00	1.973389e+01
9.650000e-06	-6.525129e-10	2.634607e-10	-4.942905e+00	1.676994e+01
9.660000e-06	-6.679770e-10	2.139225e-10	-5.060049e+00	1.380163e+01
9.670000e-06	-6.834290e-10	1.655806e-10	-5.177100e+00	1.082956e+01
9.680000e-06	-6.988672e-10	1.197502e-10	-5.294047e+00	7.854359e+00
9.690000e-06	-7.142889e-10	7.336727e-11	-5.410870e+00	4.876685e+00
9.700000e-06	-7.296945e-10	2.579692e-11	-5.527570e+00	1.897171e+00
9.710000e-06	-7.450825e-10	-2.135896e-11	-5.644137e+00	-1.083591e+00
9.720000e-06	-7.604494e-10	-6.743843e-11	-5.760544e+00	-4.065092e+00
9.730000e-06	-7.757968e-10	-1.130830e-10	-5.876804e+00	-7.046929e+00
9.740000e-06	-7.911221e-10	-1.601662e-10	-5.992895e+00	-1.002884e+01
9.750000e-06	-8.064256e-10	-2.089954e-10	-6.108822e+00	-1.301072e+01
9.760000e-06	-8.217094e-10	-2.577842e-10	-6.224600e+00	-1.599265e+01
9.770000e-06	-8.369713e-10	-3.060463e-10	-6.340212e+00	-1.897489e+01
9.780000e-06	-8.522113e-10	-3.548883e-10	-6.455657e+00	-2.195790e+01
9.790000e-06	-8.674270e-10	-4.033093e-10	-6.570919e+00	-2.494231e+01
9.800000e-06	-8.826194e-10	-4.487147e-10	-6.686004e+00	-2.792892e+01
9.810000e-06	-8.977905e-10	-4.913651e-10	-6.800928e+00	-3.091867e+01
9.820000e-06	-9.129381e-10	-5.356594e-10	-6.915674e+00	-3.391262e+01
9.830000e-06	-9.280631e-10	-5.827481e-10	-7.030249e+00	-3.691189e+01
9.840000e-06	-9.431696e-10	-6.320462e-10	-7.144684e+00	-3.991766e+01
9.850000e-06	-9.582588e-10	-6.816066e-10	-7.258987e+00	-4.293109e+01
9.860000e-06	-9.733310e-10	-7.307651e-10	-7.373162e+00	-4.595329e+01
9.870000e-06	-9.883875e-10	-7.797745e-10	-7.487217e+00	-4.898532e+01
9.880000e-06	-1.003427e-09	-8.275185e-10	-7.601145e+00	-5.202809e+01
9.890000e-06	-1.018445e-09	-8.742059e-10	-7.714905e+00	-5.508238e+01
9.900000e-06	-1.033433e-09	-9.199312e-10	-7.828445e+00	-5.814881e+01
9.910000e-06	-1.048386e-09	-9.693862e-10	-7.941719e+00	-6.122782e+01
9.920000e-06	-1.063298e-09	-1.022945e-09	-8.054680e+00	-6.431965e+01
9.930000e-06	-1.078166e-09	-1.076738e-09	-8.167303e+00	-6.742437e+01
9.940000e-06	-1.092988e-09	-1.128805e-09	-8.279586e+00	-7.054185e+01
9.950000e-06	-1.107769e-09	-1.177026e-09	-8.391556e+00	-7.367182e+01
9.960000e-06	-1.122514e-09	-1.223830e-09	-8.503252e+00	-7.681386e+01
9.970000e-06	-1.137231e-09	-1.271619e-09	-8.614733e+00	-7.996742e+01
9.980000e-06	-1.151923e-09	-1.319049e-09	-8.726031e+00	-8.313186e+01
9.990000e-06	-1.166595e-09	-1.365246e-09	-8.837169e+00	-8.630646e+01
1.000000e-05	-1.181247e-09	-1.412539e-09	-8.948163e+00	-8.949048e+01
1.001000e-05	-1.195878e-09	-1.461786e-09	-9.058997e+00	-9.268311e+01
1.002000e-05	-1.210483e-09	-1.513081e-09	-9.169629e+00	-9.588356e+01
1.003000e-05	-1.225056e-09	-1.565730e-09	-9.280028e+00	-9.909104e+01
1.004000e-05	-1.239600e-09	-1.619169e-09	-9.390202e+00	-1.023048e+02
1.005000e-05	-1.254114e-09	-1.674978e-09	-9.500145e+00	-1.055240e+02
1.006000e-05	-1.268598e-09	-1.729649e-09	-9.609863e+00	-1.087480e+02
1.007000e-05	-1.283054e-09	-1.780066e-09	-9.719367e+00	-1.119759e+02
1.008000e-05	-1.297477e-09	-1.829159e-09	-9.828631e+00	-1.152071e+02
1.009000e-05	-1.311867e-09	-1.879187e-09	-9.937633e+00	-1.184408e+02
1.010000e-05	-1.326225e-09	-1.929981e-09	-1.004640e+01	-1.216761e+02
1.011000e-05	-1.340552e-09	-1.982212e-09	-1.015493e+01	-1.249123e+02
1.012000e-05	-1.354851e-09	-2.035121e-09	-1.026325e+01	-1.281484e+02
1.013000e-05	-1.369127e-09	-2.088238e-09	-1.037139e+01	-1.313835e+02
1.014000e-05	-1.383376e-09	-2.141753e-09	-1.047933e+01	-1.346165e+02
1.015000e-05	-1.397591e-09	-2.194346e-09	-1.058701e+01	-1.378463e+02
1.016000e-05	-1.411761e-09	-2.242983e-09	-1.069435e+01	-1.410718e+02
1.017000e-05	-1.425874e-09	-2.288347e-09	-1.080126e+01	-1.442916e+02
1.018000e-05	-1.439930e-09	-2.335537e-09	-1.090773e+01	-1.475046e+02
1.019000e-05	-1.453932e-09	-2.387252e-09	-1.101380e+01	-1.507094e+02
1.020000e-05	-1.467882e-09	-2.439340e-09	-1.111948e+01	-1.539046e+02
1.021000e-05	-1.481791e-09	-2.489085e-09	-1.122484e+01	-1.570889e+02
1.022000e-05	-1.495663e-09	-2.540509e-09	-1.132992e+01	-1.602610e+02
1.023000e-05	-1.509498e-09	-2.595523e-09	-1.143472e+01	-1.634197e+02
1.024000e-05	-1.523289e-09	-2.649705e-09	-1.153920e+01	-1.665638e+02
1.025000e-05	-1.537039e-09	-2.698605e-09	-1.164336e+01	-1.696922e+02
1.026000e-05	-1.550752e-09	-2.744529e-09	-1.174723e+01	-1.728039e+02
1.027000e-05	-1.564425e-09	-2.792249e-09	-1.185081e+01	-1.758979e+02
1.028000e-05	-1.578060e-09	-2.841361e-09	-1.195410e+01	-1.789736e+02
1.029000e-05	-1.591657e-09	-2.887531e-09	-1.205709e+01	-1.820303e+02
1.030000e-05	-1.605213e-09	-2.931344e-09	-1.215978e+01	-1.850674e+02
1.031000e-05	-1.618731e-09	-2.980755e-09	-1.226218e+01	-1.880844e+02
1.032000e-05	-1.632218e-09	-3.034343e-09	-1.236435e+01	-1.910810e+02
1.033000e-05	-1.645680e-09	-3.084933e-09	-1.246633e+01	-1.940569e+02
1.034000e-05	-1.659111e-09	-3.133321e-09	-1.256807e+01	-1.970117e+02
1.035000e-05	-1.672499e-09	-3.180097e-09	-1.266949e+01	-1.999454e+02
1.036000e-05	-1.685829e-09	-3.226661e-09	-1.277046e+01	-2.028577e+02
1.037000e-05	-1.699090e-09	-3.270165e-09	-1.287092e+01	-2.057485e+02
1.038000e-05	-1.712285e-09	-3.309833e-09	-1.297088e+01	-2.086177e+02
1.039000e-05	-1.725424e-09	-3.349859e-09	-1.307040e+01	-2.114651e+02
1.040000e-05	-1.738521e-09	-3.393730e-09	-1.316962e+01	-2.142906e+02
1.041000e-05	-1.751587e-09	-3.442829e-09	-1.326860e+01	-2.170943e+02
1.042000e-05	-1.764621e-09	-3.492576e-09	-1.336733e+01	-2.198759e+02
1.043000e-05	-1.777617e-09	-3.543030e-09	-1.346577e+01	-2.226356e+02
1.044000e-05	-1.790569e-09	-3.590433e-09	-1.356389e+01	-2.253735e+02
1.045000e-05	-1.803478e-09	-3.632182e-09	-1.366168e+01	-2.280897e+02
1.046000e-05	-1.816344e-09	-3.669384e-09	-1.375914e+01	-2.307844e+02
1.047000e-05	-1.829165e-09	-3.702315e-09	-1.385626e+01	-2.334582e+02
1.048000e-05	-1.841937e-09	-3.736831e-09	-1.395302e+01	-2.361114e+02
1.049000e-05	-1.854664e-09	-3.775699e-09	-1.404943e+01	-2.387447e+02
1.050000e-05	-1.867357e-09	-3.818632e-09	-1.414557e+01	-2.413589e+02
1.051000e-05	-1.880021e-09	-3.864450e-09	-1.424151e+01	-2.439549e+02
1.052000e-05	-1.892654e-09	-3.911217e-09	-1.433720e+01	-2.465335e+02
1.053000e-05	-1.905238e-09	-3.955468e-09	-1.443253e+01	-2.490958e+02
1.054000e-05	-1.917751e-09	-3.995353e-09	-1.452732e+01	-2.516430e+02
1.055000e-05	-1.930183e-09	-4.032211e-09	-1.462149e+01	-2.541762e+02
1.056000e-05	-1.942541e-09	-4.068123e-09	-1.471511e+01	-2.566963e+02
1.057000e-05	-1.954845e-09	-4.104937e-09	-1.480831e+01	-2.592045e+02
1.058000e-05	-1.967110e-09	-4.141935e-09	-1.490122e+01	-2.617016e+02
1.059000e-05	-1.979337e-09	-4.180135e-09	-1.499384e+01	-2.641885e+02
1.060000e-05	-1.991518e-09	-4.219455e-09	-1.508611e+01	-2.666657e+02
1.061000e-05	-2.003647e-09	-4.259946e-09	-1.517799e+01	-2.691336e+02
1.062000e-05	-2.015725e-09	-4.302366e-09	-1.526949e+01	-2.715925e+02
1.063000e-05	-2.027750e-09	-4.342856e-09	-1.536058e+01	-2.740422e+02
1.064000e-05	-2.039719e-09	-4.381829e-09	-1.545125e+01	-2.764826e+02
1.065000e-05	-2.051639e-09	-4.419823e-09	-1.554154e+01	-2.789130e+02
1.066000e-05	-2.063521e-09	-4.455643e-09	-1.563155e+01	-2.813328e+02
1.067000e-05	-2.075366e-09	-4.488703e-09	-1.572128e+01	-2.837412e+02
1.068000e-05	-2.087163e-09	-4.520772e-09	-1.581065e+01	-2.861370e+02
1.069000e-05	-2.098888e-09	-4.555312e-09	-1.589946e+01	-2.885192e+02
1.070000e-05	-2.110527e-09	-4.593250e-09	-1.598763e+01	-2.908865e+02
1.071000e-05	-2.122087e-09	-4.633845e-09	-1.607520e+01	-2.932378e+02
1.072000e-05	-2.133584e-09	-4.674140e-09	-1.616229e+01	-2.955718e+02
1.073000e-05	-2.145031e-09	-4.713463e-09	-1.624901e+01	-2.978875e+02
1.074000e-05	-2.156427e-09	-4.751651e-09	-1.633533e+01	-3.001838e+02
1.075000e-05	-2.167765e-09	-4.787245e-09	-1.642122e+01	-3.024599e+02
1.076000e-05	-2.179046e-09	-4.821240e-09	-1.650667e+01	-3.047151e+02
1.077000e-05	-2.190266e-09	-4.853163e-09	-1.659167e+01	-3.069488e+02
1.078000e-05	-2.201410e-09	-4.884520e-09	-1.667609e+01	-3.091608e+02
1.079000e-05	-2.212470e-09	-4.918076e-09	-1.675987e+01	-3.113507e+02
1.080000e-05	-2.223460e-09	-4.953157e-09	-1.684312e+01	-3.135186e+02
1.081000e-05	-2.234404e-09	-4.989697e-09	-1.692602e+01	-3.156644e+02
1.082000e-05	-2.245304e-09	-5.026536e-09	-1.700860e+01	-3.177885e+02
1.083000e-05	-2.256151e-09	-5.061603e-09	-1.709076e+01	-3.198908e+02
1.084000e-05	-2.266933e-09	-5.092966e-09	-1.717243e+01	-3.219718e+02
1.085000e-05	-2.277652e-09	-5.123736e-09	-1.725364e+01	-3.240315e+02
1.086000e-05	-2.288329e-09	-5.154165e-09	-1.733451e+01	-3.260700e+02
1.087000e-05	-2.298969e-09	-5.182379e-09	-1.741511e+01	-3.280874e+02
1.088000e-05	-2.309560e-09	-5.211085e-09	-1.749535e+01	-3.300836e+02
1.089000e-05	-2.320093e-09	-5.241644e-09	-1.757514e+01	-3.320584e+02
1.090000e-05	-2.330565e-09	-5.274694e-09	-1.765446e+01	-3.340114e+02
1.091000e-05	-2.340978e-09	-5.307110e-09	-1.773334e+01	-3.359421e+02
1.092000e-05	-2.351332e-09	-5.337556e-09	-1.781177e+01	-3.378499e+02
1.093000e-05	-2.361631e-09	-5.366355e-09	-1.788979e+01	-3.397341e+02
1.094000e-05	-2.371884e-09	-5.394250e-09	-1.796746e+01	-3.415940e+02
1.095000e-05	-2.382084e-09	-5.422406e-09	-1.804473e+01	-3.434287e+02
1.096000e-05	-2.392205e-09	-5.448004e-09	-1.812140e+01	-3.452376e+02
1.097000e-05	-2.402229e-09	-5.472531e-09	-1.819733e+01	-3.470199e+02
1.098000e-05	-2.412168e-09	-5.497631e-09	-1.827262e+01	-3.487750e+02
1.099000e-05	-2.422053e-09	-5.523324e-09	-1.834750e+01	-3.505025e+02
1.100000e-05	-2.431898e-09	-5.549852e-09	-1.842208e+01	-3.522022e+02
1.101000e-05	-2.441692e-09	-5.577219e-09	-1.849627e+01	-3.538740e+02
1.102000e-05	-2.451423e-09	-5.605516e-09	-1.856998e+01	-3.555181e+02
1.103000e-05	-2.461094e-09	-5.634675e-09	-1.864324e+01	-3.571348e+02
1.104000e-05	-2.470704e-09	-5.663064e-09	-1.871604e+01	-3.587250e+02
1.105000e-05	-2.480254e-09	-5.688801e-09	-1.878838e+01	-3.602893e+02
1.106000e-05	-2.489754e-09	-5.709627e-09	-1.886034e+01	-3.618289e+02
1.107000e-05	-2.499215e-09	-5.723407e-09	-1.893202e+01	-3.633449e+02
1.108000e-05	-2.508634e-09	-5.737268e-09	-1.900336e+01	-3.648388e+02
1.109000e-05	-2.517976e-09	-5.755059e-09	-1.907413e+01	-3.663118e+02
1.110000e-05	-2.527209e-09	-5.778216e-09	-1.914407e+01	-3.677656e+02
1.111000e-05	-2.536346e-09	-5.806277e-09	-1.921329e+01	-3.692014e+02
1.112000e-05	-2.545423e-09	-5.834665e-09	-1.928205e+01	-3.706208e+02
1.113000e-05	-2.554453e-09	-5.863197e-09	-1.935045e+01	-3.720249e+02
1.114000e-05	-2.563424e-09	-5.887736e-09	-1.941841e+01	-3.734150e+02
1.115000e-05	-2.572327e-09	-5.906484e-09	-1.948586e+01	-3.747920e+02
1.116000e-05	-2.581161e-09	-5.920499e-09	-1.955277e+01	-3.761568e+02
1.117000e-05	-2.589928e-09	-5.933456e-09	-1.961918e+01	-3.775100e+02
1.118000e-05	-2.598639e-09	-5.949618e-09	-1.968517e+01	-3.788523e+02
1.119000e-05	-2.607305e-09	-5.967777e-09	-1.975082e+01	-3.801838e+02
1.120000e-05	-2.615925e-09	-5.990179e-09	-1.981611e+01	-3.815048e+02
1.121000e-05	-2.624469e-09	-6.014208e-09	-1.988083e+01	-3.828155e+02
1.122000e-05	-2.632908e-09	-6.036302e-09	-1.994476e+01	-3.841158e+02
1.123000e-05	-2.641252e-09	-6.055658e-09	-2.000797e+01	-3.854058e+02
1.124000e-05	-2.649536e-09	-6.072777e-09	-2.007073e+01	-3.866853e+02
1.125000e-05	-2.657776e-09	-6.089469e-09	-2.013314e+01	-3.879542e+02
1.126000e-05	-2.665957e-09	-6.103713e-09	-2.019512e+01	-3.892127e+02
1.127000e-05	-2.674069e-09	-6.117493e-09	-2.025657e+01	-3.904608e+02
1.128000e-05	-2.682117e-09	-6.132837e-09	-2.031753e+01	-3.916985e+02
1.129000e-05	-2.690097e-09	-6.151693e-09	-2.037799e+01	-3.929260e+02
1.130000e-05	-2.698014e-09	-6.172485e-09	-2.043796e+01	-3.941437e+02
1.131000e-05	-2.705884e-09	-6.192756e-09	-2.049757e+01	-3.953517e+02
1.132000e-05	-2.713705e-09	-6.212895e-09	-2.055682e+01	-3.965505e+02
1.133000e-05	-2.721438e-09	-6.232187e-09	-2.061540e+01	-3.977404e+02
1.134000e-05	-2.729055e-09	-6.250891e-09	-2.067310e+01	-3.989219e+02
1.135000e-05	-2.736572e-09	-6.264592e-09	-2.073004e+01	-4.000951e+02
1.136000e-05	-2.744015e-09	-6.275219e-09	-2.078642e+01	-4.012605e+02
1.137000e-05	-2.751388e-09	-6.289341e-09	-2.084228e+01	-4.024182e+02
1.138000e-05	-2.758692e-09	-6.305284e-09	-2.089760e+01	-4.035682e+02
1.139000e-05	-2.765930e-09	-6.320616e-09	-2.095243e+01	-4.047105e+02
1.140000e-05	-2.773095e-09	-6.335534e-09	-2.100671e+01	-4.058450e+02
1.141000e-05	-2.780195e-09	-6.352970e-09	-2.106049e+01	-4.069713e+02
1.142000e-05	-2.787247e-09	-6.371457e-09	-2.111391e+01	-4.080890e+02
1.143000e-05	-2.794235e-09	-6.387456e-09	-2.116685e+01	-4.091974e+02
1.144000e-05	-2.801129e-09	-6.401066e-09	-2.121907e+01	-4.102958e+02
1.145000e-05	-2.807919e-09	-6.415344e-09	-2.127050e+01	-4.113834e+02
1.146000e-05	-2.814628e-09	-6.432231e-09	-2.132133e+01	-4.124595e+02
1.147000e-05	-2.821281e-09	-6.447312e-09	-2.137172e+01	-4.135231e+02
1.148000e-05	-2.827872e-09	-6.460078e-09	-2.142165e+01	-4.145733e+02
1.149000e-05	-2.834394e-09	-6.472080e-09	-2.147106e+01	-4.156092e+02
1.150000e-05	-2.840852e-09	-6.484792e-09	-2.151998e+01	-4.166302e+02
1.151000e-05	-2.847240e-09	-6.499042e-09	-2.156837e+01	-4.176353e+02
1.152000e-05	-2.853558e-09	-6.512195e-09	-2.161623e+01	-4.186241e+02
1.153000e-05	-2.859820e-09	-6.524029e-09	-2.166366e+01	-4.195960e+02
1.154000e-05	-2.866017e-09	-6.538067e-09	-2.171061e+01	-4.205507e+02
1.155000e-05	-2.872126e-09	-6.552221e-09	-2.175688e+01	-4.214877e+02
1.156000e-05	-2.878141e-09	-6.562906e-09	-2.180245e+01	-4.224069e+02
1.157000e-05	-2.884072e-09	-6.570941e-09	-2.184738e+01	-4.233083e+02
1.158000e-05	-2.889938e-09	-6.576174e-09	-2.189182e+01	-4.241918e+02
1.159000e-05	-2.895743e-09	-6.584517e-09	-2.193579e+01	-4.250575e+02
1.160000e-05	-2.901475e-09	-6.597789e-09	-2.197921e+01	-4.259053e+02
1.161000e-05	-2.907136e-09	-6.613279e-09	-2.202209e+01	-4.267354e+02
1.162000e-05	-2.912722e-09	-6.630622e-09	-2.206441e+01	-4.275478e+02
1.163000e-05	-2.918237e-09	-6.646559e-09	-2.210619e+01	-4.283426e+02
1.164000e-05	-2.923697e-09	-6.660672e-09	-2.214755e+01	-4.291198e+02
1.165000e-05	-2.929088e-09	-6.669642e-09	-2.218838e+01	-4.298794e+02
1.166000e-05	-2.934374e-09	-6.673066e-09	-2.222843e+01	-4.306214e+02
1.167000e-05	-2.939550e-09	-6.673311e-09	-2.226763e+01	-4.313456e+02
1.168000e-05	-2.944640e-09	-6.676059e-09	-2.230619e+01	-4.320521e+02
1.169000e-05	-2.949656e-09	-6.685005e-09	-2.234419e+01	-4.327407e+02
1.170000e-05	-2.954592e-09	-6.695122e-09	-2.238158e+01	-4.334114e+02
1.171000e-05	-2.959450e-09	-6.706550e-09	-2.241838e+01	-4.340644e+02
1.172000e-05	-2.964218e-09	-6.717306e-09	-2.245450e+01	-4.346996e+02
1.173000e-05	-2.968874e-09	-6.726637e-09	-2.248977e+01	-4.353173e+02
1.174000e-05	-2.973435e-09	-6.733862e-09	-2.252432e+01	-4.359179e+02
1.175000e-05	-2.977935e-09	-6.738669e-09	-2.255841e+01	-4.365017e+02
1.176000e-05	-2.982375e-09	-6.744129e-09	-2.259204e+01	-4.370695e+02
1.177000e-05	-2.986743e-09	-6.749785e-09	-2.262513e+01	-4.376220e+02
1.178000e-05	-2.991045e-09	-6.757054e-09	-2.265772e+01	-4.381599e+02
1.179000e-05	-2.995297e-09	-6.765116e-09	-2.268993e+01	-4.386845e+02
1.180000e-05	-2.999486e-09	-6.773079e-09	-2.272166e+01	-4.391966e+02
1.181000e-05	-3.003600e-09	-6.779897e-09	-2.275283e+01	-4.396975e+02
1.182000e-05	-3.007645e-09	-6.784549e-09	-2.278347e+01	-4.401883e+02
1.183000e-05	-3.011614e-09	-6.788865e-09	-2.281353e+01	-4.406702e+02
1.184000e-05	-3.015513e-09	-6.792466e-09	-2.284307e+01	-4.411443e+02
1.185000e-05	-3.019359e-09	-6.796572e-09	-2.287220e+01	-4.416117e+02
1.186000e-05	-3.023127e-09	-6.800120e-09	-2.290074e+01	-4.420733e+02
1.187000e-05	-3.026786e-09	-6.804142e-09	-2.292846e+01	-4.425299e+02
1.188000e-05	-3.030342e-09	-6.808578e-09	-2.295540e+01	-4.429821e+02
1.189000e-05	-3.033827e-09	-6.811856e-09	-2.298180e+01	-4.434304e+02
1.190000e-05	-3.037253e-09	-6.815707e-09	-2.300775e+01	-4.438752e+02
1.191000e-05	-3.040607e-09	-6.821193e-09	-2.303316e+01	-4.443165e+02
1.192000e-05	-3.043888e-09	-6.828985e-09	-2.305801e+01	-4.447544e+02
1.193000e-05	-3.047093e-09	-6.836705e-09	-2.308229e+01	-4.451887e+02
1.194000e-05	-3.050224e-09	-6.843150e-09	-2.310601e+01	-4.456192e+02
1.195000e-05	-3.053292e-09	-6.847857e-09	-2.312925e+01	-4.460456e+02
1.196000e-05	-3.056293e-09	-6.853234e-09	-2.315199e+01	-4.464675e+02
1.197000e-05	-3.059192e-09	-6.859851e-09	-2.317394e+01	-4.468846e+02
1.198000e-05	-3.061978e-09	-6.863868e-09	-2.319505e+01	-4.472966e+02
1.199000e-05	-3.064680e-09	-6.865021e-09	-2.321552e+01	-4.477033e+02
1.200000e-05	-3.067322e-09	-6.866033e-09	-2.323553e+01	-4.481045e+02
1.201000e-05	-3.069894e-09	-6.869397e-09	-2.325501e+01	-4.485001e+02
1.202000e-05	-3.072387e-09	-6.873712e-09	-2.327390e+01	-4.488902e+02
1.203000e-05	-3.074799e-09	-6.877131e-09	-2.329217e+01	-4.492748e+02
1.204000e-05	-3.077133e-09	-6.882240e-09	-2.330985e+01	-4.496542e+02
1.205000e-05	-3.079410e-09	-6.888372e-09	-2.332710e+01	-4.500285e+02
1.206000e-05	-3.081630e-09	-6.892267e-09	-2.334392e+01	-4.503981e+02
1.207000e-05	-3.083757e-09	-6.893964e-09	-2.336003e+01	-4.507630e+02
1.208000e-05	-3.085768e-09	-6.895566e-09	-2.337526e+01	-4.511235e+02
1.209000e-05	-3.087685e-09	-6.898015e-09	-2.338978e+01	-4.514796e+02
1.210000e-05	-3.089541e-09	-6.901124e-09	-2.340385e+01	-4.518312e+02
1.211000e-05	-3.091335e-09	-6.905538e-09	-2.341743e+01	-4.521779e+02
1.212000e-05	-3.093053e-09	-6.909126e-09	-2.343045e+01	-4.525192e+02
1.213000e-05	-3.094702e-09	-6.911146e-09	-2.344294e+01	-4.528545e+02
1.214000e-05	-3.096272e-09	-6.912467e-09	-2.345483e+01	-4.531828e+02
1.215000e-05	-3.097772e-09	-6.915407e-09	-2.346619e+01	-4.535029e+02
1.216000e-05	-3.099214e-09	-6.920276e-09	-2.347712e+01	-4.538135e+02
1.217000e-05	-3.100567e-09	-6.925129e-09	-2.348737e+01	-4.541130e+02
1.218000e-05	-3.101792e-09	-6.930649e-09	-2.349665e+01	-4.543999e+02
1.219000e-05	-3.102911e-09	-6.934300e-09	-2.350512e+01	-4.546724e+02
1.220000e-05	-3.103954e-09	-6.934613e-09	-2.351303e+01	-4.549289e+02
1.221000e-05	-3.104917e-09	-6.933722e-09	-2.352032e+01	-4.551678e+02
1.222000e-05	-3.105803e-09	-6.933482e-09	-2.352703e+01	-4.553876e+02
1.223000e-05	-3.106614e-09	-6.935000e-09	-2.353317e+01	-4.555871e+02
1.224000e-05	-3.107344e-09	-6.938432e-09	-2.353871e+01	-4.557652e+02
1.225000e-05	-3.108015e-09	-6.943586e-09	-2.354379e+01	-4.559213e+02
1.226000e-05	-3.108626e-09	-6.949606e-09	-2.354842e+01	-4.560550e+02
1.227000e-05	-3.109141e-09	-6.953702e-09	-2.355232e+01	-4.561663e+02
1.228000e-05	-3.109540e-09	-6.957894e-09	-2.355534e+01	-4.562555e+02
1.229000e-05	-3.109849e-09	-6.961450e-09	-2.355768e+01	-4.563235e+02
1.230000e-05	-3.110092e-09	-6.938799e-09	-2.355952e+01	-4.563712e+02
1.231000e-05	-3.110235e-09	-6.898952e-09	-2.356061e+01	-4.564000e+02
1.232000e-05	-3.110231e-09	-6.929014e-09	-2.356057e+01	-4.564115e+02
