# Temperatura_=_20.0
# Concentracion g/m^3_=_10000.0
# C_Vs_to_Am_M_A/Vsm_=_65563218390.804596
# pendiente_HvsI_1/m_=_3716.3
# ordenada_HvsI_A/m_=_1297.0
# frecuencia_Hz_=_81138.14347523339

Tiempo_(s)	Campo_(V.s)	Magnetizacion_(V.s)	Campo_(kA/m)	Magnetizacion_(A/m)
0.000000e+00	-2.074040e-06	1.174340e-10	-1.577791e+01	-7.698619e-01
1.000000e-08	-2.073989e-06	7.494969e-11	-1.577753e+01	-7.492112e-01
2.000000e-08	-2.073941e-06	6.785948e-12	-1.577716e+01	-7.286494e-01
3.000000e-08	-2.073872e-06	-1.566460e-10	-1.577664e+01	-7.081529e-01
4.000000e-08	-2.073717e-06	-2.047086e-10	-1.577546e+01	-6.876958e-01
5.000000e-08	-2.073485e-06	4.368573e-11	-1.577369e+01	-6.672456e-01
6.000000e-08	-2.073194e-06	1.608775e-10	-1.577148e+01	-6.467575e-01
7.000000e-08	-2.072837e-06	6.356262e-11	-1.576877e+01	-6.261708e-01
8.000000e-08	-2.072431e-06	-5.659913e-11	-1.576568e+01	-6.054046e-01
9.000000e-08	-2.071977e-06	3.580403e-11	-1.576222e+01	-5.843559e-01
1.000000e-07	-2.071503e-06	2.348199e-11	-1.575862e+01	-5.628991e-01
1.100000e-07	-2.070996e-06	-1.268508e-10	-1.575476e+01	-5.408878e-01
1.200000e-07	-2.070403e-06	-1.320795e-10	-1.575024e+01	-5.181581e-01
1.300000e-07	-2.069729e-06	-4.964175e-11	-1.574512e+01	-4.945349e-01
1.400000e-07	-2.069011e-06	1.252294e-10	-1.573966e+01	-4.698392e-01
1.500000e-07	-2.068269e-06	9.505090e-11	-1.573401e+01	-4.438973e-01
1.600000e-07	-2.067455e-06	-1.228960e-11	-1.572782e+01	-4.165505e-01
1.700000e-07	-2.066579e-06	-1.046754e-10	-1.572116e+01	-3.876658e-01
1.800000e-07	-2.065672e-06	-1.229252e-10	-1.571425e+01	-3.571451e-01
1.900000e-07	-2.064695e-06	9.985624e-14	-1.570683e+01	-3.249342e-01
2.000000e-07	-2.063665e-06	-1.018214e-11	-1.569899e+01	-2.910299e-01
2.100000e-07	-2.062567e-06	1.249394e-11	-1.569063e+01	-2.554842e-01
2.200000e-07	-2.061414e-06	-2.650394e-11	-1.568186e+01	-2.184065e-01
2.300000e-07	-2.060199e-06	-1.878665e-11	-1.567262e+01	-1.799620e-01
2.400000e-07	-2.058895e-06	-1.565539e-11	-1.566270e+01	-1.403672e-01
2.500000e-07	-2.057546e-06	-7.716090e-11	-1.565244e+01	-9.988252e-02
2.600000e-07	-2.056153e-06	-4.686988e-11	-1.564184e+01	-5.880154e-02
2.700000e-07	-2.054708e-06	-4.601242e-11	-1.563085e+01	-1.743811e-02
2.800000e-07	-2.053183e-06	4.048454e-11	-1.561925e+01	2.388821e-02
2.900000e-07	-2.051604e-06	4.368108e-11	-1.560724e+01	6.486782e-02
3.000000e-07	-2.049967e-06	1.325327e-12	-1.559478e+01	1.052167e-01
3.100000e-07	-2.048257e-06	-4.607064e-11	-1.558178e+01	1.446916e-01
3.200000e-07	-2.046506e-06	-9.081092e-11	-1.556845e+01	1.831030e-01
3.300000e-07	-2.044687e-06	-2.675468e-11	-1.555462e+01	2.203257e-01
3.400000e-07	-2.042818e-06	-2.652008e-11	-1.554040e+01	2.563069e-01
3.500000e-07	-2.040907e-06	-2.269002e-12	-1.552586e+01	2.910692e-01
3.600000e-07	-2.038949e-06	-1.795322e-11	-1.551097e+01	3.247107e-01
3.700000e-07	-2.036933e-06	-1.878029e-11	-1.549563e+01	3.574002e-01
3.800000e-07	-2.034859e-06	-1.477978e-12	-1.547985e+01	3.893681e-01
3.900000e-07	-2.032745e-06	-3.528062e-11	-1.546377e+01	4.208944e-01
4.000000e-07	-2.030582e-06	-1.975781e-11	-1.544732e+01	4.522924e-01
4.100000e-07	-2.028388e-06	-4.331766e-11	-1.543063e+01	4.838909e-01
4.200000e-07	-2.026151e-06	-1.238644e-11	-1.541361e+01	5.160143e-01
4.300000e-07	-2.023853e-06	-4.920974e-12	-1.539612e+01	5.489625e-01
4.400000e-07	-2.021506e-06	-9.653602e-12	-1.537827e+01	5.829910e-01
4.500000e-07	-2.019111e-06	-2.752538e-12	-1.536005e+01	6.182936e-01
4.600000e-07	-2.016665e-06	-1.840062e-11	-1.534144e+01	6.549862e-01
4.700000e-07	-2.014155e-06	2.678530e-11	-1.532235e+01	6.930958e-01
4.800000e-07	-2.011594e-06	1.763134e-11	-1.530287e+01	7.325522e-01
4.900000e-07	-2.008983e-06	1.061805e-11	-1.528300e+01	7.731855e-01
5.000000e-07	-2.006314e-06	-1.694374e-11	-1.526270e+01	8.147277e-01
5.100000e-07	-2.003586e-06	-1.894623e-11	-1.524195e+01	8.568195e-01
5.200000e-07	-2.000800e-06	1.868251e-11	-1.522075e+01	8.990216e-01
5.300000e-07	-1.997969e-06	9.749003e-12	-1.519921e+01	9.408299e-01
5.400000e-07	-1.995080e-06	2.097554e-11	-1.517724e+01	9.816945e-01
5.500000e-07	-1.992133e-06	9.665718e-12	-1.515482e+01	1.021040e+00
5.600000e-07	-1.989145e-06	3.593411e-11	-1.513209e+01	1.058289e+00
5.700000e-07	-1.986127e-06	4.007439e-11	-1.510913e+01	1.092882e+00
5.800000e-07	-1.983063e-06	1.576532e-11	-1.508582e+01	1.124302e+00
5.900000e-07	-1.979927e-06	1.714448e-11	-1.506197e+01	1.152094e+00
6.000000e-07	-1.976734e-06	2.035200e-11	-1.503768e+01	1.175880e+00
6.100000e-07	-1.973508e-06	5.703604e-11	-1.501313e+01	1.195374e+00
6.200000e-07	-1.970252e-06	4.065260e-11	-1.498836e+01	1.210388e+00
6.300000e-07	-1.966927e-06	2.461858e-11	-1.496307e+01	1.220843e+00
6.400000e-07	-1.963524e-06	1.881899e-11	-1.493719e+01	1.226761e+00
6.500000e-07	-1.960090e-06	2.378239e-11	-1.491106e+01	1.228267e+00
6.600000e-07	-1.956623e-06	3.631394e-11	-1.488469e+01	1.225577e+00
6.700000e-07	-1.953097e-06	1.333944e-11	-1.485786e+01	1.218985e+00
6.800000e-07	-1.949504e-06	2.564133e-11	-1.483052e+01	1.208852e+00
6.900000e-07	-1.945860e-06	3.420471e-11	-1.480281e+01	1.195585e+00
7.000000e-07	-1.942149e-06	4.305145e-11	-1.477458e+01	1.179620e+00
7.100000e-07	-1.938385e-06	2.510571e-11	-1.474594e+01	1.161407e+00
7.200000e-07	-1.934586e-06	2.066771e-12	-1.471704e+01	1.141390e+00
7.300000e-07	-1.930745e-06	1.812308e-11	-1.468782e+01	1.119991e+00
7.400000e-07	-1.926864e-06	2.406507e-11	-1.465830e+01	1.097600e+00
7.500000e-07	-1.922928e-06	3.129756e-11	-1.462835e+01	1.074563e+00
7.600000e-07	-1.918943e-06	9.937793e-12	-1.459804e+01	1.051175e+00
7.700000e-07	-1.914913e-06	9.814642e-12	-1.456739e+01	1.027676e+00
7.800000e-07	-1.910836e-06	2.297610e-11	-1.453637e+01	1.004253e+00
7.900000e-07	-1.906713e-06	2.084897e-11	-1.450500e+01	9.810380e-01
8.000000e-07	-1.902535e-06	1.579763e-11	-1.447322e+01	9.581162e-01
8.100000e-07	-1.898309e-06	-6.128857e-12	-1.444107e+01	9.355315e-01
8.200000e-07	-1.894040e-06	6.446699e-12	-1.440860e+01	9.132946e-01
8.300000e-07	-1.889707e-06	1.104829e-11	-1.437563e+01	8.913911e-01
8.400000e-07	-1.885310e-06	4.145486e-12	-1.434218e+01	8.697902e-01
8.500000e-07	-1.880868e-06	-4.857720e-12	-1.430839e+01	8.484522e-01
8.600000e-07	-1.876371e-06	-3.790498e-12	-1.427418e+01	8.273348e-01
8.700000e-07	-1.871815e-06	1.728554e-11	-1.423952e+01	8.063977e-01
8.800000e-07	-1.867221e-06	1.079481e-11	-1.420457e+01	7.856052e-01
8.900000e-07	-1.862581e-06	1.839394e-12	-1.416928e+01	7.649274e-01
9.000000e-07	-1.857891e-06	-8.474265e-12	-1.413359e+01	7.443390e-01
9.100000e-07	-1.853158e-06	2.913537e-12	-1.409759e+01	7.238163e-01
9.200000e-07	-1.848386e-06	1.087911e-11	-1.406129e+01	7.033336e-01
9.300000e-07	-1.843563e-06	-6.291889e-12	-1.402460e+01	6.828584e-01
9.400000e-07	-1.838695e-06	-1.200382e-11	-1.398756e+01	6.623462e-01
9.500000e-07	-1.833790e-06	-1.436613e-11	-1.395025e+01	6.417367e-01
9.600000e-07	-1.828823e-06	-3.787834e-12	-1.391247e+01	6.209493e-01
9.700000e-07	-1.823791e-06	-8.745169e-12	-1.387419e+01	5.998815e-01
9.800000e-07	-1.818702e-06	-1.459320e-11	-1.383547e+01	5.784081e-01
9.900000e-07	-1.813567e-06	-6.716007e-12	-1.379641e+01	5.563828e-01
1.000000e-06	-1.808366e-06	3.946049e-13	-1.375684e+01	5.336423e-01
1.010000e-06	-1.803081e-06	4.336815e-12	-1.371664e+01	5.100114e-01
1.020000e-06	-1.797740e-06	-1.325300e-11	-1.367601e+01	4.853111e-01
1.030000e-06	-1.792360e-06	-1.898962e-11	-1.363508e+01	4.593677e-01
1.040000e-06	-1.786935e-06	-1.384365e-11	-1.359381e+01	4.320221e-01
1.050000e-06	-1.781452e-06	-6.785165e-12	-1.355210e+01	4.031406e-01
1.060000e-06	-1.775931e-06	-5.761996e-12	-1.351010e+01	3.726245e-01
1.070000e-06	-1.770378e-06	-6.646077e-12	-1.346786e+01	3.404188e-01
1.080000e-06	-1.764787e-06	6.677149e-12	-1.342532e+01	3.065192e-01
1.090000e-06	-1.759165e-06	7.915395e-12	-1.338255e+01	2.709768e-01
1.100000e-06	-1.753486e-06	2.091350e-12	-1.333936e+01	2.338999e-01
1.110000e-06	-1.747763e-06	-8.797682e-12	-1.329582e+01	1.954528e-01
1.120000e-06	-1.742015e-06	-8.402847e-12	-1.325209e+01	1.558512e-01
1.130000e-06	-1.736219e-06	1.315036e-12	-1.320799e+01	1.153547e-01
1.140000e-06	-1.730360e-06	-1.325810e-12	-1.316343e+01	7.425647e-02
1.150000e-06	-1.724451e-06	-2.613555e-12	-1.311847e+01	3.287006e-02
1.160000e-06	-1.718489e-06	-3.377069e-12	-1.307312e+01	-8.484909e-03
1.170000e-06	-1.712479e-06	4.242799e-12	-1.302740e+01	-4.949851e-02
1.180000e-06	-1.706416e-06	5.318273e-12	-1.298127e+01	-8.988620e-02
1.190000e-06	-1.700298e-06	-1.392679e-12	-1.293473e+01	-1.294038e-01
1.200000e-06	-1.694144e-06	-3.108178e-12	-1.288792e+01	-1.678606e-01
1.210000e-06	-1.687947e-06	-2.509537e-12	-1.284077e+01	-2.051305e-01
1.220000e-06	-1.681706e-06	1.893685e-13	-1.279330e+01	-2.411590e-01
1.230000e-06	-1.675442e-06	-8.469159e-12	-1.274565e+01	-2.759677e-01
1.240000e-06	-1.669140e-06	-1.062024e-11	-1.269771e+01	-3.096532e-01
1.250000e-06	-1.662795e-06	-4.152692e-12	-1.264943e+01	-3.423830e-01
1.260000e-06	-1.656410e-06	3.783367e-12	-1.260086e+01	-3.743867e-01
1.270000e-06	-1.649984e-06	6.132767e-12	-1.255198e+01	-4.059434e-01
1.280000e-06	-1.643522e-06	-1.777525e-12	-1.250282e+01	-4.373660e-01
1.290000e-06	-1.637018e-06	-4.702368e-12	-1.245335e+01	-4.689833e-01
1.300000e-06	-1.630478e-06	-8.973325e-12	-1.240359e+01	-5.011198e-01
1.310000e-06	-1.623884e-06	-1.100786e-11	-1.235343e+01	-5.340761e-01
1.320000e-06	-1.617236e-06	-1.441200e-11	-1.230285e+01	-5.681087e-01
1.330000e-06	-1.610548e-06	-1.562582e-11	-1.225198e+01	-6.034124e-01
1.340000e-06	-1.603827e-06	-9.571359e-12	-1.220085e+01	-6.401049e-01
1.350000e-06	-1.597057e-06	-6.994889e-12	-1.214935e+01	-6.782147e-01
1.360000e-06	-1.590227e-06	-9.249807e-12	-1.209739e+01	-7.176735e-01
1.370000e-06	-1.583348e-06	-1.644619e-11	-1.204505e+01	-7.583131e-01
1.380000e-06	-1.576436e-06	-1.631867e-11	-1.199248e+01	-7.998672e-01
1.390000e-06	-1.569511e-06	-1.435537e-11	-1.193979e+01	-8.419780e-01
1.400000e-06	-1.562544e-06	-1.697389e-11	-1.188679e+01	-8.842075e-01
1.410000e-06	-1.555530e-06	-2.136105e-11	-1.183344e+01	-9.260529e-01
1.420000e-06	-1.548495e-06	-2.744332e-11	-1.177992e+01	-9.669645e-01
1.430000e-06	-1.541410e-06	-2.954491e-11	-1.172602e+01	-1.006368e+00
1.440000e-06	-1.534277e-06	-3.350771e-11	-1.167176e+01	-1.043684e+00
1.450000e-06	-1.527122e-06	-3.661102e-11	-1.161733e+01	-1.078354e+00
1.460000e-06	-1.519927e-06	-3.537289e-11	-1.156259e+01	-1.109861e+00
1.470000e-06	-1.512685e-06	-3.106010e-11	-1.150750e+01	-1.137746e+00
1.480000e-06	-1.505403e-06	-2.427687e-11	-1.145211e+01	-1.161632e+00
1.490000e-06	-1.498084e-06	-2.718875e-11	-1.139643e+01	-1.181229e+00
1.500000e-06	-1.490737e-06	-3.794140e-11	-1.134053e+01	-1.196350e+00
1.510000e-06	-1.483354e-06	-4.455236e-11	-1.128437e+01	-1.206911e+00
1.520000e-06	-1.475929e-06	-4.488891e-11	-1.122789e+01	-1.212935e+00
1.530000e-06	-1.468452e-06	-4.583405e-11	-1.117101e+01	-1.214544e+00
1.540000e-06	-1.460914e-06	-4.967494e-11	-1.111366e+01	-1.211951e+00
1.550000e-06	-1.453337e-06	-4.889658e-11	-1.105602e+01	-1.205451e+00
1.560000e-06	-1.445724e-06	-4.356092e-11	-1.099810e+01	-1.195403e+00
1.570000e-06	-1.438052e-06	-3.917092e-11	-1.093974e+01	-1.182213e+00
1.580000e-06	-1.430335e-06	-3.657116e-11	-1.088104e+01	-1.166318e+00
1.590000e-06	-1.422593e-06	-3.925451e-11	-1.082214e+01	-1.148166e+00
1.600000e-06	-1.414815e-06	-4.611253e-11	-1.076297e+01	-1.128203e+00
1.610000e-06	-1.406997e-06	-5.256309e-11	-1.070349e+01	-1.106850e+00
1.620000e-06	-1.399143e-06	-5.564024e-11	-1.064375e+01	-1.084499e+00
1.630000e-06	-1.391258e-06	-6.002240e-11	-1.058377e+01	-1.061496e+00
1.640000e-06	-1.383332e-06	-6.051798e-11	-1.052347e+01	-1.038137e+00
1.650000e-06	-1.375358e-06	-5.183844e-11	-1.046281e+01	-1.014664e+00
1.660000e-06	-1.367335e-06	-4.287312e-11	-1.040177e+01	-9.912632e-01
1.670000e-06	-1.359251e-06	-3.743701e-11	-1.034027e+01	-9.680687e-01
1.680000e-06	-1.351130e-06	-3.829264e-11	-1.027850e+01	-9.451664e-01
1.690000e-06	-1.342981e-06	-3.976227e-11	-1.021651e+01	-9.226007e-01
1.700000e-06	-1.334799e-06	-4.044658e-11	-1.015426e+01	-9.003829e-01
1.710000e-06	-1.326582e-06	-4.009894e-11	-1.009175e+01	-8.784988e-01
1.720000e-06	-1.318331e-06	-3.686490e-11	-1.002898e+01	-8.569181e-01
1.730000e-06	-1.310053e-06	-3.660730e-11	-9.966012e+00	-8.356010e-01
1.740000e-06	-1.301740e-06	-3.646349e-11	-9.902774e+00	-8.145053e-01
1.750000e-06	-1.293400e-06	-3.656240e-11	-9.839326e+00	-7.935904e-01
1.760000e-06	-1.285029e-06	-3.739164e-11	-9.775645e+00	-7.728209e-01
1.770000e-06	-1.276623e-06	-3.645747e-11	-9.711697e+00	-7.521665e-01
1.780000e-06	-1.268193e-06	-3.582519e-11	-9.647565e+00	-7.316020e-01
1.790000e-06	-1.259734e-06	-3.120407e-11	-9.583215e+00	-7.111035e-01
1.800000e-06	-1.251245e-06	-2.363946e-11	-9.518638e+00	-6.906456e-01
1.810000e-06	-1.242742e-06	-1.911614e-11	-9.453951e+00	-6.701957e-01
1.820000e-06	-1.234216e-06	-1.688452e-11	-9.389089e+00	-6.497099e-01
1.830000e-06	-1.225657e-06	-1.672698e-11	-9.323978e+00	-6.291280e-01
1.840000e-06	-1.217075e-06	-1.636881e-11	-9.258693e+00	-6.083699e-01
1.850000e-06	-1.208459e-06	-1.581745e-11	-9.193151e+00	-5.873333e-01
1.860000e-06	-1.199806e-06	-1.605194e-11	-9.127324e+00	-5.658935e-01
1.870000e-06	-1.191130e-06	-1.530101e-11	-9.061320e+00	-5.439047e-01
1.880000e-06	-1.182431e-06	-1.113304e-11	-8.995148e+00	-5.212037e-01
1.890000e-06	-1.173700e-06	-8.480990e-12	-8.928729e+00	-4.976155e-01
1.900000e-06	-1.164937e-06	-1.089270e-11	-8.862065e+00	-4.729611e-01
1.910000e-06	-1.156138e-06	-1.104256e-11	-8.795129e+00	-4.470665e-01
1.920000e-06	-1.147309e-06	-7.100600e-12	-8.727960e+00	-4.197725e-01
1.930000e-06	-1.138453e-06	-7.224635e-12	-8.660595e+00	-3.909446e-01
1.940000e-06	-1.129573e-06	-1.769901e-11	-8.593039e+00	-3.604835e-01
1.950000e-06	-1.120674e-06	-2.407361e-11	-8.525339e+00	-3.283334e-01
1.960000e-06	-1.111755e-06	-2.047037e-11	-8.457491e+00	-2.944890e-01
1.970000e-06	-1.102818e-06	-1.408423e-11	-8.389503e+00	-2.590004e-01
1.980000e-06	-1.093859e-06	-8.905643e-12	-8.321347e+00	-2.219749e-01
1.990000e-06	-1.084863e-06	-6.182090e-12	-8.252911e+00	-1.835757e-01
2.000000e-06	-1.075829e-06	-3.112198e-12	-8.184193e+00	-1.440177e-01
2.010000e-06	-1.066759e-06	-2.434750e-12	-8.115193e+00	-1.035600e-01
2.020000e-06	-1.057651e-06	-6.459882e-12	-8.045903e+00	-6.249494e-02
2.030000e-06	-1.048507e-06	-1.410185e-11	-7.976345e+00	-2.113609e-02
2.040000e-06	-1.039324e-06	-1.862526e-11	-7.906486e+00	2.019700e-02
2.050000e-06	-1.030100e-06	-1.645267e-11	-7.836318e+00	6.119407e-02
2.060000e-06	-1.020843e-06	-1.359137e-11	-7.765896e+00	1.015700e-01
2.070000e-06	-1.011567e-06	-1.198240e-11	-7.695324e+00	1.410797e-01
2.080000e-06	-1.002271e-06	-1.020894e-11	-7.624610e+00	1.795316e-01
2.090000e-06	-9.929585e-07	-7.997296e-12	-7.553766e+00	2.167982e-01
2.100000e-06	-9.836202e-07	-6.500252e-12	-7.482727e+00	2.528237e-01
2.110000e-06	-9.742634e-07	-6.716431e-12	-7.411547e+00	2.876283e-01
2.120000e-06	-9.648991e-07	-8.840129e-12	-7.340309e+00	3.213074e-01
2.130000e-06	-9.555125e-07	-1.226922e-11	-7.268903e+00	3.540272e-01
2.140000e-06	-9.460968e-07	-1.309750e-11	-7.197274e+00	3.860163e-01
2.150000e-06	-9.366506e-07	-1.308333e-11	-7.125413e+00	4.175531e-01
2.160000e-06	-9.271813e-07	-1.430251e-11	-7.053377e+00	4.489501e-01
2.170000e-06	-9.176910e-07	-1.300476e-11	-6.981182e+00	4.805358e-01
2.180000e-06	-9.081733e-07	-9.858676e-12	-6.908777e+00	5.126351e-01
2.190000e-06	-8.986332e-07	-1.033653e-11	-6.836203e+00	5.455490e-01
2.200000e-06	-8.890751e-07	-1.347433e-11	-6.763491e+00	5.795353e-01
2.210000e-06	-8.795006e-07	-1.362760e-11	-6.690655e+00	6.147898e-01
2.220000e-06	-8.699071e-07	-1.050854e-11	-6.617673e+00	6.514318e-01
2.230000e-06	-8.602808e-07	-5.903007e-12	-6.544443e+00	6.894914e-01
2.240000e-06	-8.506297e-07	-7.337071e-12	-6.471024e+00	7.289021e-01
2.250000e-06	-8.409628e-07	-1.249098e-11	-6.397485e+00	7.694974e-01
2.260000e-06	-8.312829e-07	-1.271623e-11	-6.323847e+00	8.110128e-01
2.270000e-06	-8.215820e-07	-9.460964e-12	-6.250048e+00	8.530921e-01
2.280000e-06	-8.118659e-07	-6.208346e-12	-6.176135e+00	8.952985e-01
2.290000e-06	-8.021427e-07	-4.200287e-12	-6.102167e+00	9.371302e-01
2.300000e-06	-7.924148e-07	-7.653138e-13	-6.028164e+00	9.780383e-01
2.310000e-06	-7.826765e-07	2.561749e-12	-5.954081e+00	1.017448e+00
2.320000e-06	-7.729120e-07	3.735278e-12	-5.879799e+00	1.054781e+00
2.330000e-06	-7.631130e-07	3.080349e-13	-5.805255e+00	1.089478e+00
2.340000e-06	-7.532875e-07	-5.186979e-12	-5.730509e+00	1.121020e+00
2.350000e-06	-7.434357e-07	-4.907136e-12	-5.655563e+00	1.148949e+00
2.360000e-06	-7.335477e-07	9.562890e-13	-5.580342e+00	1.172884e+00
2.370000e-06	-7.236278e-07	9.781856e-12	-5.504878e+00	1.192535e+00
2.380000e-06	-7.136637e-07	1.671206e-11	-5.429078e+00	1.207711e+00
2.390000e-06	-7.036903e-07	2.272734e-11	-5.353207e+00	1.218329e+00
2.400000e-06	-6.937049e-07	2.878021e-11	-5.277245e+00	1.224407e+00
2.410000e-06	-6.836823e-07	3.109461e-11	-5.201000e+00	1.226068e+00
2.420000e-06	-6.736302e-07	3.124569e-11	-5.124530e+00	1.223523e+00
2.430000e-06	-6.635645e-07	2.902046e-11	-5.047957e+00	1.217065e+00
2.440000e-06	-6.534887e-07	2.803983e-11	-4.971307e+00	1.207051e+00
2.450000e-06	-6.434001e-07	2.980789e-11	-4.894560e+00	1.193888e+00
2.460000e-06	-6.333029e-07	3.260039e-11	-4.817747e+00	1.178012e+00
2.470000e-06	-6.231941e-07	3.786752e-11	-4.740845e+00	1.159872e+00
2.480000e-06	-6.130757e-07	4.314759e-11	-4.663871e+00	1.139911e+00
2.490000e-06	-6.029454e-07	4.804516e-11	-4.586807e+00	1.118555e+00
2.500000e-06	-5.928123e-07	5.045969e-11	-4.509721e+00	1.096193e+00
2.510000e-06	-5.826657e-07	5.005841e-11	-4.432532e+00	1.073174e+00
2.520000e-06	-5.725014e-07	4.497312e-11	-4.355209e+00	1.049794e+00
2.530000e-06	-5.623225e-07	3.876422e-11	-4.277775e+00	1.026296e+00
2.540000e-06	-5.521315e-07	3.805420e-11	-4.200248e+00	1.002867e+00
2.550000e-06	-5.419334e-07	3.815343e-11	-4.122669e+00	9.796430e-01
2.560000e-06	-5.317154e-07	3.856423e-11	-4.044936e+00	9.567097e-01
2.570000e-06	-5.214787e-07	4.180240e-11	-3.967062e+00	9.341127e-01
2.580000e-06	-5.112259e-07	4.790521e-11	-3.889066e+00	9.118634e-01
2.590000e-06	-5.009471e-07	5.357824e-11	-3.810872e+00	8.899484e-01
2.600000e-06	-4.906592e-07	5.491533e-11	-3.732609e+00	8.683374e-01
2.610000e-06	-4.803806e-07	5.309303e-11	-3.654416e+00	8.469908e-01
2.620000e-06	-4.700901e-07	4.907314e-11	-3.576132e+00	8.258662e-01
2.630000e-06	-4.597703e-07	4.431470e-11	-3.497626e+00	8.049233e-01
2.640000e-06	-4.494329e-07	3.890783e-11	-3.418986e+00	7.841262e-01
2.650000e-06	-4.390907e-07	3.486726e-11	-3.340309e+00	7.634448e-01
2.660000e-06	-4.287474e-07	3.453019e-11	-3.261625e+00	7.428536e-01
2.670000e-06	-4.183949e-07	3.665994e-11	-3.182870e+00	7.223290e-01
2.680000e-06	-4.080188e-07	3.790537e-11	-3.103935e+00	7.018454e-01
2.690000e-06	-3.976069e-07	3.558409e-11	-3.024728e+00	6.813705e-01
2.700000e-06	-3.871910e-07	3.002102e-11	-2.945491e+00	6.608606e-01
2.710000e-06	-3.767851e-07	2.536325e-11	-2.866330e+00	6.402558e-01
2.720000e-06	-3.663703e-07	2.402359e-11	-2.787101e+00	6.194764e-01
2.730000e-06	-3.559419e-07	1.813347e-11	-2.707769e+00	5.984207e-01
2.740000e-06	-3.455044e-07	1.105056e-11	-2.628367e+00	5.769641e-01
2.750000e-06	-3.350639e-07	9.404615e-12	-2.548943e+00	5.549613e-01
2.760000e-06	-3.246226e-07	1.138422e-11	-2.469513e+00	5.322492e-01
2.770000e-06	-3.141738e-07	1.349271e-11	-2.390025e+00	5.086532e-01
2.780000e-06	-3.037115e-07	1.421108e-11	-2.310434e+00	4.839942e-01
2.790000e-06	-2.932442e-07	1.465201e-11	-2.230806e+00	4.580980e-01
2.800000e-06	-2.827642e-07	1.457944e-11	-2.151082e+00	4.308050e-01
2.810000e-06	-2.722803e-07	1.075029e-11	-2.071327e+00	4.019803e-01
2.820000e-06	-2.618006e-07	2.670705e-12	-1.991604e+00	3.715238e-01
2.830000e-06	-2.513167e-07	-4.527520e-12	-1.911850e+00	3.393788e-01
2.840000e-06	-2.408226e-07	-8.019898e-12	-1.832018e+00	3.055392e-01
2.850000e-06	-2.303175e-07	-9.774961e-12	-1.752102e+00	2.700540e-01
2.860000e-06	-2.198153e-07	-1.175554e-11	-1.672209e+00	2.330294e-01
2.870000e-06	-2.093121e-07	-1.155046e-11	-1.592307e+00	1.946278e-01
2.880000e-06	-1.988121e-07	-8.510797e-12	-1.512430e+00	1.550632e-01
2.890000e-06	-1.883126e-07	-4.368691e-12	-1.432557e+00	1.145938e-01
2.900000e-06	-1.778016e-07	-3.798848e-12	-1.352596e+00	7.351167e-02
2.910000e-06	-1.672892e-07	-6.907325e-12	-1.272625e+00	3.213004e-02
2.920000e-06	-1.567761e-07	-7.473351e-12	-1.192648e+00	-9.231496e-03
2.930000e-06	-1.462623e-07	-6.990618e-12	-1.112666e+00	-5.026238e-02
2.940000e-06	-1.357398e-07	-1.005327e-11	-1.032618e+00	-9.067691e-02
2.950000e-06	-1.252150e-07	-1.759248e-11	-9.525520e-01	-1.302292e-01
2.960000e-06	-1.146982e-07	-2.150289e-11	-8.725471e-01	-1.687265e-01
2.970000e-06	-1.041856e-07	-1.740282e-11	-7.925747e-01	-2.060401e-01
2.980000e-06	-9.367174e-08	-1.217785e-11	-7.125922e-01	-2.421131e-01
2.990000e-06	-8.314832e-08	-9.880746e-12	-6.325370e-01	-2.769641e-01
3.000000e-06	-7.262457e-08	-8.415916e-12	-5.524793e-01	-3.106873e-01
3.010000e-06	-6.209660e-08	-7.572954e-12	-4.723895e-01	-3.434476e-01
3.020000e-06	-5.157002e-08	-9.449429e-12	-3.923103e-01	-3.754726e-01
3.030000e-06	-4.105058e-08	-1.295808e-11	-3.122855e-01	-4.070400e-01
3.040000e-06	-3.052519e-08	-1.613476e-11	-2.322153e-01	-4.384619e-01
3.050000e-06	-2.000565e-08	-1.422996e-11	-1.521897e-01	-4.700665e-01
3.060000e-06	-9.489210e-09	-8.474764e-12	-7.218759e-02	-5.021791e-01
3.070000e-06	1.035121e-09	-4.275255e-12	7.874514e-03	-5.351013e-01
3.080000e-06	1.156518e-08	-3.038439e-12	8.798022e-02	-5.690917e-01
3.090000e-06	2.208912e-08	-2.404716e-13	1.680393e-01	-6.043476e-01
3.100000e-06	3.261024e-08	3.500400e-12	2.480770e-01	-6.409894e-01
3.110000e-06	4.313076e-08	3.559168e-12	3.281101e-01	-6.790492e-01
3.120000e-06	5.365240e-08	-1.676396e-13	4.081517e-01	-7.184621e-01
3.130000e-06	6.417852e-08	-5.706076e-12	4.882274e-01	-7.590635e-01
3.140000e-06	7.470062e-08	-1.058754e-11	5.682726e-01	-8.005906e-01
3.150000e-06	8.521816e-08	-1.354371e-11	6.482829e-01	-8.426886e-01
3.160000e-06	9.574280e-08	-1.328456e-11	7.283474e-01	-8.849223e-01
3.170000e-06	1.062700e-07	-1.316533e-11	8.084315e-01	-9.267906e-01
3.180000e-06	1.167943e-07	-9.790073e-12	8.884935e-01	-9.677454e-01
3.190000e-06	1.273150e-07	-9.253183e-13	9.685275e-01	-1.007212e+00
3.200000e-06	1.378298e-07	6.383273e-12	1.048517e+00	-1.044613e+00
3.210000e-06	1.483443e-07	6.810747e-12	1.128505e+00	-1.079387e+00
3.220000e-06	1.588587e-07	2.941179e-12	1.208491e+00	-1.111015e+00
3.230000e-06	1.693709e-07	1.901951e-16	1.288461e+00	-1.139037e+00
3.240000e-06	1.798781e-07	-1.571487e-12	1.368393e+00	-1.163071e+00
3.250000e-06	1.903826e-07	-3.994137e-12	1.448304e+00	-1.182825e+00
3.260000e-06	2.008793e-07	-7.266750e-12	1.528156e+00	-1.198108e+00
3.270000e-06	2.113618e-07	-5.192548e-12	1.607900e+00	-1.208832e+00
3.280000e-06	2.218437e-07	2.867596e-12	1.687639e+00	-1.215016e+00
3.290000e-06	2.323340e-07	8.089136e-12	1.767442e+00	-1.216779e+00
3.300000e-06	2.428184e-07	7.613450e-12	1.847201e+00	-1.214332e+00
3.310000e-06	2.532888e-07	4.420449e-12	1.926852e+00	-1.207966e+00
3.320000e-06	2.637600e-07	2.003243e-12	2.006510e+00	-1.198038e+00
3.330000e-06	2.742361e-07	1.957830e-12	2.086205e+00	-1.184953e+00
3.340000e-06	2.847098e-07	-9.194060e-14	2.165882e+00	-1.169147e+00
3.350000e-06	2.951806e-07	-6.474703e-12	2.245537e+00	-1.151068e+00
3.360000e-06	3.056450e-07	-1.169783e-11	2.325143e+00	-1.131161e+00
3.370000e-06	3.160946e-07	-9.874423e-12	2.404637e+00	-1.109851e+00
3.380000e-06	3.265241e-07	-4.777461e-12	2.483978e+00	-1.087530e+00
3.390000e-06	3.369470e-07	-2.184413e-12	2.563268e+00	-1.064544e+00
3.400000e-06	3.473685e-07	-1.752398e-12	2.642548e+00	-1.041194e+00
3.410000e-06	3.577808e-07	1.610835e-12	2.721758e+00	-1.017721e+00
3.420000e-06	3.681871e-07	2.783228e-12	2.800922e+00	-9.943155e-01
3.430000e-06	3.786040e-07	-2.225167e-12	2.880167e+00	-9.711119e-01
3.440000e-06	3.890174e-07	-8.902209e-12	2.959386e+00	-9.481982e-01
3.450000e-06	3.993959e-07	-1.257954e-11	3.038338e+00	-9.256201e-01
3.460000e-06	4.097548e-07	-1.080203e-11	3.117142e+00	-9.033899e-01
3.470000e-06	4.201217e-07	-9.349586e-12	3.196006e+00	-8.814944e-01
3.480000e-06	4.304795e-07	-8.721093e-12	3.274801e+00	-8.599035e-01
3.490000e-06	4.408198e-07	-7.440559e-12	3.353464e+00	-8.385778e-01
3.500000e-06	4.511392e-07	-5.612744e-12	3.431967e+00	-8.174748e-01
3.510000e-06	4.614335e-07	-4.552663e-12	3.510279e+00	-7.965542e-01
3.520000e-06	4.717247e-07	-7.656847e-12	3.588567e+00	-7.757799e-01
3.530000e-06	4.820192e-07	-9.842479e-12	3.666881e+00	-7.551220e-01
3.540000e-06	4.923002e-07	-9.198548e-12	3.745092e+00	-7.345546e-01
3.550000e-06	5.025579e-07	-8.891148e-12	3.823126e+00	-7.140542e-01
3.560000e-06	5.128039e-07	-1.009037e-11	3.901070e+00	-6.935953e-01
3.570000e-06	5.230234e-07	-9.513810e-12	3.978814e+00	-6.731458e-01
3.580000e-06	5.332203e-07	-5.516762e-12	4.056385e+00	-6.526623e-01
3.590000e-06	5.434084e-07	-1.610237e-14	4.133889e+00	-6.320850e-01
3.600000e-06	5.535819e-07	4.945036e-12	4.211282e+00	-6.113348e-01
3.610000e-06	5.637423e-07	4.519797e-12	4.288576e+00	-5.903102e-01
3.620000e-06	5.738877e-07	3.939773e-12	4.365756e+00	-5.688872e-01
3.630000e-06	5.840127e-07	4.760324e-12	4.442779e+00	-5.469208e-01
3.640000e-06	5.941282e-07	2.265215e-12	4.519732e+00	-5.242481e-01
3.650000e-06	6.042450e-07	2.882562e-13	4.596693e+00	-5.006947e-01
3.660000e-06	6.143563e-07	3.053775e-12	4.673614e+00	-4.760814e-01
3.670000e-06	6.244598e-07	9.953408e-12	4.750474e+00	-4.502340e-01
3.680000e-06	6.345479e-07	1.698651e-11	4.827218e+00	-4.229924e-01
3.690000e-06	6.446235e-07	2.091340e-11	4.903866e+00	-3.942213e-01
3.700000e-06	6.546885e-07	2.318473e-11	4.980434e+00	-3.638197e-01
3.710000e-06	6.647285e-07	2.706108e-11	5.056811e+00	-3.317304e-01
3.720000e-06	6.747443e-07	3.115218e-11	5.133005e+00	-2.979459e-01
3.730000e-06	6.847406e-07	3.063871e-11	5.209051e+00	-2.625146e-01
3.740000e-06	6.947227e-07	2.860321e-11	5.284987e+00	-2.255414e-01
3.750000e-06	7.046932e-07	2.751306e-11	5.360837e+00	-1.871879e-01
3.760000e-06	7.146218e-07	2.734287e-11	5.436366e+00	-1.476671e-01
3.770000e-06	7.245121e-07	2.819719e-11	5.511605e+00	-1.072366e-01
3.780000e-06	7.343666e-07	3.225672e-11	5.586572e+00	-6.618797e-02
3.790000e-06	7.441882e-07	4.349422e-11	5.661288e+00	-2.483409e-02
3.800000e-06	7.539849e-07	5.441552e-11	5.735815e+00	1.650535e-02
3.810000e-06	7.637733e-07	5.713793e-11	5.810278e+00	5.751953e-02
3.820000e-06	7.735527e-07	5.472789e-11	5.884673e+00	9.792215e-02
3.830000e-06	7.832960e-07	5.078491e-11	5.958794e+00	1.374665e-01
3.840000e-06	7.930183e-07	4.508538e-11	6.032755e+00	1.759587e-01
3.850000e-06	8.027290e-07	3.906533e-11	6.106628e+00	2.132690e-01
3.860000e-06	8.124210e-07	3.476710e-11	6.180358e+00	2.493390e-01
3.870000e-06	8.220929e-07	3.516067e-11	6.253935e+00	2.841860e-01
3.880000e-06	8.317495e-07	4.073577e-11	6.327396e+00	3.179028e-01
3.890000e-06	8.413828e-07	4.617502e-11	6.400680e+00	3.506533e-01
3.900000e-06	8.510030e-07	4.832087e-11	6.473864e+00	3.826640e-01
3.910000e-06	8.606085e-07	4.818280e-11	6.546936e+00	4.142117e-01
3.920000e-06	8.701813e-07	4.794056e-11	6.619759e+00	4.456080e-01
3.930000e-06	8.797363e-07	4.676161e-11	6.692448e+00	4.771813e-01
3.940000e-06	8.892797e-07	4.620443e-11	6.765047e+00	5.092568e-01
3.950000e-06	8.988004e-07	4.753671e-11	6.837475e+00	5.421370e-01
3.960000e-06	9.083011e-07	5.048673e-11	6.909749e+00	5.760811e-01
3.970000e-06	9.177755e-07	5.445218e-11	6.981825e+00	6.112879e-01
3.980000e-06	9.272202e-07	5.623990e-11	7.053673e+00	6.478792e-01
3.990000e-06	9.366484e-07	5.915678e-11	7.125397e+00	6.858887e-01
4.000000e-06	9.460553e-07	6.298452e-11	7.196959e+00	7.252534e-01
4.010000e-06	9.554165e-07	6.356690e-11	7.268172e+00	7.658104e-01
4.020000e-06	9.647466e-07	5.917489e-11	7.339150e+00	8.072985e-01
4.030000e-06	9.740730e-07	5.137597e-11	7.410098e+00	8.493648e-01
4.040000e-06	9.833913e-07	4.773028e-11	7.480986e+00	8.915750e-01
4.050000e-06	9.926951e-07	4.592875e-11	7.551763e+00	9.334293e-01
4.060000e-06	1.001990e-06	4.468814e-11	7.622476e+00	9.743802e-01
4.070000e-06	1.011267e-06	4.542262e-11	7.693044e+00	1.013854e+00
4.080000e-06	1.020514e-06	4.769806e-11	7.763391e+00	1.051271e+00
4.090000e-06	1.029727e-06	5.220624e-11	7.833476e+00	1.086071e+00
4.100000e-06	1.038893e-06	5.668046e-11	7.903206e+00	1.117734e+00
4.110000e-06	1.048020e-06	5.943683e-11	7.972640e+00	1.145799e+00
4.120000e-06	1.057107e-06	5.734648e-11	8.041767e+00	1.169882e+00
4.130000e-06	1.066176e-06	5.356505e-11	8.110757e+00	1.189689e+00
4.140000e-06	1.075209e-06	4.813396e-11	8.179472e+00	1.205028e+00
4.150000e-06	1.084192e-06	4.500035e-11	8.247812e+00	1.215809e+00
4.160000e-06	1.093147e-06	4.416556e-11	8.315938e+00	1.222048e+00
4.170000e-06	1.102070e-06	4.221876e-11	8.383816e+00	1.223863e+00
4.180000e-06	1.110973e-06	4.367916e-11	8.451541e+00	1.221464e+00
4.190000e-06	1.119861e-06	5.092613e-11	8.519158e+00	1.215139e+00
4.200000e-06	1.128719e-06	5.602908e-11	8.586541e+00	1.205246e+00
4.210000e-06	1.137543e-06	5.196922e-11	8.653666e+00	1.192188e+00
4.220000e-06	1.146346e-06	4.367659e-11	8.720634e+00	1.176402e+00
4.230000e-06	1.155130e-06	3.507764e-11	8.787456e+00	1.158334e+00
4.240000e-06	1.163890e-06	2.958418e-11	8.854097e+00	1.138431e+00
4.250000e-06	1.172617e-06	2.749850e-11	8.920490e+00	1.117118e+00
4.260000e-06	1.181303e-06	2.977753e-11	8.986566e+00	1.094786e+00
4.270000e-06	1.189951e-06	3.783938e-11	9.052357e+00	1.071784e+00
4.280000e-06	1.198581e-06	4.819524e-11	9.118002e+00	1.048413e+00
4.290000e-06	1.207188e-06	5.529669e-11	9.183480e+00	1.024915e+00
4.300000e-06	1.215772e-06	5.185925e-11	9.248782e+00	1.001482e+00
4.310000e-06	1.224329e-06	4.540278e-11	9.313876e+00	9.782483e-01
4.320000e-06	1.232846e-06	4.347685e-11	9.378671e+00	9.553037e-01
4.330000e-06	1.241336e-06	4.222153e-11	9.443256e+00	9.326942e-01
4.340000e-06	1.249804e-06	4.037373e-11	9.507674e+00	9.104327e-01
4.350000e-06	1.258241e-06	4.043317e-11	9.571855e+00	8.885062e-01
4.360000e-06	1.266652e-06	4.277768e-11	9.635845e+00	8.668850e-01
4.370000e-06	1.275038e-06	4.641258e-11	9.699640e+00	8.455296e-01
4.380000e-06	1.283391e-06	4.677798e-11	9.763182e+00	8.243979e-01
4.390000e-06	1.291712e-06	4.416750e-11	9.826483e+00	8.034491e-01
4.400000e-06	1.300001e-06	4.615628e-11	9.889539e+00	7.826473e-01
4.410000e-06	1.308260e-06	5.297384e-11	9.952369e+00	7.619623e-01
4.420000e-06	1.316481e-06	6.104838e-11	1.001491e+01	7.413683e-01
4.430000e-06	1.324658e-06	6.148624e-11	1.007712e+01	7.208417e-01
4.440000e-06	1.332802e-06	5.180054e-11	1.013907e+01	7.003571e-01
4.450000e-06	1.340919e-06	4.103818e-11	1.020082e+01	6.798826e-01
4.460000e-06	1.349004e-06	3.674431e-11	1.026232e+01	6.593749e-01
4.470000e-06	1.357050e-06	3.991444e-11	1.032353e+01	6.387747e-01
4.480000e-06	1.365057e-06	4.306136e-11	1.038445e+01	6.180032e-01
4.490000e-06	1.373018e-06	4.801411e-11	1.044501e+01	5.969593e-01
4.500000e-06	1.380936e-06	5.901458e-11	1.050524e+01	5.755194e-01
4.510000e-06	1.388826e-06	6.573291e-11	1.056526e+01	5.535388e-01
4.520000e-06	1.396688e-06	6.346163e-11	1.062507e+01	5.308551e-01
4.530000e-06	1.404518e-06	5.544423e-11	1.068464e+01	5.072937e-01
4.540000e-06	1.412314e-06	4.903894e-11	1.074394e+01	4.826757e-01
4.550000e-06	1.420068e-06	4.874276e-11	1.080293e+01	4.568266e-01
4.560000e-06	1.427780e-06	4.736448e-11	1.086160e+01	4.295860e-01
4.570000e-06	1.435442e-06	4.477972e-11	1.091989e+01	4.008179e-01
4.580000e-06	1.443056e-06	4.720729e-11	1.097781e+01	3.704209e-01
4.590000e-06	1.450636e-06	5.127139e-11	1.103547e+01	3.383367e-01
4.600000e-06	1.458165e-06	5.244569e-11	1.109275e+01	3.045571e-01
4.610000e-06	1.465641e-06	4.911136e-11	1.114962e+01	2.691291e-01
4.620000e-06	1.473066e-06	4.291158e-11	1.120610e+01	2.321571e-01
4.630000e-06	1.480437e-06	4.002653e-11	1.126218e+01	1.938012e-01
4.640000e-06	1.487783e-06	3.819316e-11	1.131806e+01	1.542739e-01
4.650000e-06	1.495086e-06	3.390144e-11	1.137362e+01	1.138320e-01
4.660000e-06	1.502349e-06	3.082693e-11	1.142887e+01	7.276648e-02
4.670000e-06	1.509591e-06	2.958889e-11	1.148396e+01	3.139004e-02
4.680000e-06	1.516812e-06	3.205634e-11	1.153889e+01	-9.977659e-03
4.690000e-06	1.523987e-06	3.363747e-11	1.159348e+01	-5.102547e-02
4.700000e-06	1.531108e-06	3.277894e-11	1.164765e+01	-9.146652e-02
4.710000e-06	1.538196e-06	3.475067e-11	1.170157e+01	-1.310533e-01
4.720000e-06	1.545246e-06	3.811084e-11	1.175520e+01	-1.695909e-01
4.730000e-06	1.552267e-06	4.024376e-11	1.180862e+01	-2.069482e-01
4.740000e-06	1.559257e-06	4.088852e-11	1.186178e+01	-2.430656e-01
4.750000e-06	1.566206e-06	4.065481e-11	1.191465e+01	-2.779591e-01
4.760000e-06	1.573118e-06	3.520029e-11	1.196723e+01	-3.117201e-01
4.770000e-06	1.579984e-06	2.636557e-11	1.201947e+01	-3.445112e-01
4.780000e-06	1.586824e-06	1.945913e-11	1.207150e+01	-3.765580e-01
4.790000e-06	1.593633e-06	1.589423e-11	1.212330e+01	-4.081365e-01
4.800000e-06	1.600399e-06	1.869413e-11	1.217477e+01	-4.395579e-01
4.810000e-06	1.607116e-06	2.352331e-11	1.222586e+01	-4.711504e-01
4.820000e-06	1.613772e-06	2.615076e-11	1.227650e+01	-5.032394e-01
4.830000e-06	1.620373e-06	2.533573e-11	1.232672e+01	-5.361280e-01
4.840000e-06	1.626933e-06	2.216234e-11	1.237662e+01	-5.700764e-01
4.850000e-06	1.633445e-06	1.924803e-11	1.242616e+01	-6.052845e-01
4.860000e-06	1.639910e-06	1.523649e-11	1.247534e+01	-6.418758e-01
4.870000e-06	1.646345e-06	1.376736e-11	1.252429e+01	-6.798854e-01
4.880000e-06	1.652753e-06	1.516101e-11	1.257305e+01	-7.192522e-01
4.890000e-06	1.659139e-06	1.690003e-11	1.262162e+01	-7.598152e-01
4.900000e-06	1.665472e-06	1.899975e-11	1.266980e+01	-8.013147e-01
4.910000e-06	1.671759e-06	2.169184e-11	1.271763e+01	-8.433994e-01
4.920000e-06	1.678021e-06	2.387597e-11	1.276527e+01	-8.856365e-01
4.930000e-06	1.684246e-06	2.601429e-11	1.281262e+01	-9.275271e-01
4.940000e-06	1.690436e-06	2.566201e-11	1.285971e+01	-9.685243e-01
4.950000e-06	1.696597e-06	1.906672e-11	1.290658e+01	-1.008054e+00
4.960000e-06	1.702705e-06	1.347141e-11	1.295305e+01	-1.045538e+00
4.970000e-06	1.708743e-06	1.381871e-11	1.299898e+01	-1.080416e+00
4.980000e-06	1.714738e-06	1.800835e-11	1.304458e+01	-1.112164e+00
4.990000e-06	1.720695e-06	2.380807e-11	1.308990e+01	-1.140322e+00
5.000000e-06	1.726600e-06	3.001264e-11	1.313482e+01	-1.164504e+00
5.010000e-06	1.732452e-06	3.722882e-11	1.317934e+01	-1.184415e+00
5.020000e-06	1.738246e-06	4.517381e-11	1.322342e+01	-1.199860e+00
5.030000e-06	1.743988e-06	4.978130e-11	1.326710e+01	-1.210747e+00
5.040000e-06	1.749676e-06	4.957107e-11	1.331037e+01	-1.217092e+00
5.050000e-06	1.755320e-06	4.522092e-11	1.335330e+01	-1.219010e+00
5.060000e-06	1.760936e-06	4.084810e-11	1.339603e+01	-1.216709e+00
5.070000e-06	1.766526e-06	3.830805e-11	1.343855e+01	-1.210477e+00
5.080000e-06	1.772083e-06	3.833230e-11	1.348083e+01	-1.200669e+00
5.090000e-06	1.777583e-06	4.294890e-11	1.352266e+01	-1.187689e+00
5.100000e-06	1.783024e-06	5.098787e-11	1.356406e+01	-1.171972e+00
5.110000e-06	1.788427e-06	6.030918e-11	1.360516e+01	-1.153967e+00
5.120000e-06	1.793785e-06	6.366645e-11	1.364592e+01	-1.134118e+00
5.130000e-06	1.799101e-06	6.214229e-11	1.368636e+01	-1.112852e+00
5.140000e-06	1.804366e-06	5.476784e-11	1.372642e+01	-1.090560e+00
5.150000e-06	1.809558e-06	4.770353e-11	1.376591e+01	-1.067593e+00
5.160000e-06	1.814685e-06	4.567871e-11	1.380491e+01	-1.044251e+00
5.170000e-06	1.819755e-06	4.829654e-11	1.384349e+01	-1.020779e+00
5.180000e-06	1.824768e-06	5.878087e-11	1.388162e+01	-9.973680e-01
5.190000e-06	1.829714e-06	6.737712e-11	1.391925e+01	-9.741555e-01
5.200000e-06	1.834599e-06	7.306528e-11	1.395641e+01	-9.512304e-01
5.210000e-06	1.839449e-06	7.480256e-11	1.399330e+01	-9.286399e-01
5.220000e-06	1.844261e-06	7.060349e-11	1.402991e+01	-9.063974e-01
5.230000e-06	1.849032e-06	6.332784e-11	1.406621e+01	-8.844904e-01
5.240000e-06	1.853758e-06	5.568097e-11	1.410216e+01	-8.628893e-01
5.250000e-06	1.858438e-06	5.132115e-11	1.413775e+01	-8.415548e-01
5.260000e-06	1.863072e-06	5.342632e-11	1.417301e+01	-8.204446e-01
5.270000e-06	1.867664e-06	5.928777e-11	1.420794e+01	-7.995181e-01
5.280000e-06	1.872217e-06	6.475979e-11	1.424258e+01	-7.787392e-01
5.290000e-06	1.876735e-06	6.721607e-11	1.427695e+01	-7.580775e-01
5.300000e-06	1.881209e-06	6.310089e-11	1.431098e+01	-7.375073e-01
5.310000e-06	1.885626e-06	5.732543e-11	1.434459e+01	-7.170049e-01
5.320000e-06	1.889988e-06	5.200789e-11	1.437777e+01	-6.965451e-01
5.330000e-06	1.894310e-06	4.914731e-11	1.441065e+01	-6.760959e-01
5.340000e-06	1.898575e-06	4.870959e-11	1.444309e+01	-6.556145e-01
5.350000e-06	1.902762e-06	4.912634e-11	1.447495e+01	-6.350418e-01
5.360000e-06	1.906898e-06	5.116563e-11	1.450641e+01	-6.142994e-01
5.370000e-06	1.910982e-06	5.502921e-11	1.453748e+01	-5.932866e-01
5.380000e-06	1.915032e-06	6.040867e-11	1.456828e+01	-5.718802e-01
5.390000e-06	1.919049e-06	5.976493e-11	1.459885e+01	-5.499359e-01
5.400000e-06	1.923010e-06	5.535329e-11	1.462898e+01	-5.272914e-01
5.410000e-06	1.926925e-06	5.139291e-11	1.465876e+01	-5.037725e-01
5.420000e-06	1.930794e-06	4.880232e-11	1.468820e+01	-4.792002e-01
5.430000e-06	1.934614e-06	4.902798e-11	1.471726e+01	-4.533997e-01
5.440000e-06	1.938394e-06	4.846617e-11	1.474601e+01	-4.262104e-01
5.450000e-06	1.942127e-06	5.109242e-11	1.477441e+01	-3.974958e-01
5.460000e-06	1.945815e-06	5.672296e-11	1.480247e+01	-3.671538e-01
5.470000e-06	1.949461e-06	5.997434e-11	1.483020e+01	-3.351252e-01
5.480000e-06	1.953065e-06	5.675749e-11	1.485762e+01	-3.014008e-01
5.490000e-06	1.956625e-06	5.023995e-11	1.488470e+01	-2.660268e-01
5.500000e-06	1.960131e-06	4.930929e-11	1.491137e+01	-2.291062e-01
5.510000e-06	1.963567e-06	5.144687e-11	1.493751e+01	-1.907986e-01
5.520000e-06	1.966931e-06	5.282777e-11	1.496310e+01	-1.513153e-01
5.530000e-06	1.970237e-06	5.664017e-11	1.498825e+01	-1.109125e-01
5.540000e-06	1.973495e-06	6.182690e-11	1.501303e+01	-6.988060e-02
5.550000e-06	1.976710e-06	6.245725e-11	1.503749e+01	-2.853212e-02
5.560000e-06	1.979887e-06	5.791408e-11	1.506166e+01	1.281329e-02
5.570000e-06	1.983009e-06	5.418670e-11	1.508542e+01	5.384421e-02
5.580000e-06	1.986079e-06	5.157118e-11	1.510877e+01	9.427319e-02
5.590000e-06	1.989114e-06	5.407515e-11	1.513186e+01	1.338519e-01
5.600000e-06	1.992098e-06	6.042110e-11	1.515456e+01	1.723843e-01
5.610000e-06	1.995039e-06	6.293458e-11	1.517693e+01	2.097383e-01
5.620000e-06	1.997943e-06	6.653412e-11	1.519902e+01	2.458527e-01
5.630000e-06	2.000792e-06	6.874191e-11	1.522069e+01	2.807423e-01
5.640000e-06	2.003589e-06	6.751265e-11	1.524197e+01	3.144970e-01
5.650000e-06	2.006330e-06	6.349460e-11	1.526282e+01	3.472784e-01
5.660000e-06	2.009007e-06	6.208558e-11	1.528319e+01	3.793110e-01
5.670000e-06	2.011621e-06	6.474667e-11	1.530307e+01	4.108700e-01
5.680000e-06	2.014170e-06	6.750821e-11	1.532246e+01	4.422662e-01
5.690000e-06	2.016653e-06	7.163801e-11	1.534135e+01	4.738274e-01
5.700000e-06	2.019094e-06	7.432680e-11	1.535992e+01	5.058797e-01
5.710000e-06	2.021503e-06	7.624554e-11	1.537825e+01	5.387263e-01
5.720000e-06	2.023863e-06	7.763649e-11	1.539620e+01	5.726286e-01
5.730000e-06	2.026165e-06	7.418803e-11	1.541371e+01	6.077876e-01
5.740000e-06	2.028414e-06	6.989682e-11	1.543082e+01	6.443284e-01
5.750000e-06	2.030631e-06	7.128666e-11	1.544769e+01	6.822878e-01
5.760000e-06	2.032804e-06	7.483371e-11	1.546422e+01	7.216063e-01
5.770000e-06	2.034926e-06	7.702946e-11	1.548036e+01	7.621246e-01
5.780000e-06	2.037006e-06	8.182101e-11	1.549619e+01	8.035851e-01
5.790000e-06	2.039039e-06	9.089183e-11	1.551165e+01	8.456377e-01
5.800000e-06	2.041027e-06	9.664852e-11	1.552677e+01	8.878510e-01
5.810000e-06	2.042972e-06	9.675137e-11	1.554157e+01	9.297272e-01
5.820000e-06	2.044872e-06	9.349610e-11	1.555603e+01	9.707202e-01
5.830000e-06	2.046709e-06	9.256458e-11	1.557000e+01	1.010256e+00
5.840000e-06	2.048485e-06	9.483776e-11	1.558351e+01	1.047757e+00
5.850000e-06	2.050208e-06	9.510831e-11	1.559661e+01	1.082660e+00
5.860000e-06	2.051873e-06	9.822537e-11	1.560928e+01	1.114443e+00
5.870000e-06	2.053471e-06	1.020667e-10	1.562144e+01	1.142644e+00
5.880000e-06	2.055009e-06	1.047373e-10	1.563314e+01	1.166875e+00
5.890000e-06	2.056496e-06	1.040268e-10	1.564445e+01	1.186839e+00
5.900000e-06	2.057932e-06	9.929672e-11	1.565538e+01	1.202339e+00
5.910000e-06	2.059320e-06	9.508304e-11	1.566593e+01	1.213283e+00
5.920000e-06	2.060659e-06	9.513991e-11	1.567612e+01	1.219683e+00
5.930000e-06	2.061933e-06	1.020757e-10	1.568581e+01	1.221653e+00
5.940000e-06	2.063135e-06	1.076163e-10	1.569495e+01	1.219399e+00
5.950000e-06	2.064274e-06	1.150042e-10	1.570362e+01	1.213210e+00
5.960000e-06	2.065356e-06	1.203319e-10	1.571186e+01	1.203437e+00
5.970000e-06	2.066379e-06	1.173581e-10	1.571963e+01	1.190485e+00
5.980000e-06	2.067324e-06	1.131268e-10	1.572682e+01	1.174788e+00
5.990000e-06	2.068208e-06	1.090522e-10	1.573355e+01	1.156794e+00
6.000000e-06	2.069059e-06	1.080241e-10	1.574002e+01	1.136949e+00
6.010000e-06	2.069871e-06	1.093754e-10	1.574620e+01	1.115679e+00
6.020000e-06	2.070634e-06	1.221222e-10	1.575200e+01	1.093377e+00
6.030000e-06	2.071333e-06	1.433182e-10	1.575732e+01	1.070394e+00
6.040000e-06	2.071983e-06	9.622176e-11	1.576226e+01	1.047031e+00
6.050000e-06	2.072606e-06	3.903886e-12	1.576701e+01	1.023535e+00
6.060000e-06	2.073189e-06	-1.054605e-12	1.577144e+01	1.000096e+00
6.070000e-06	2.073703e-06	2.101045e-10	1.577535e+01	9.768541e-01
6.080000e-06	2.074140e-06	2.822349e-10	1.577867e+01	9.538981e-01
6.090000e-06	2.074526e-06	1.320457e-10	1.578161e+01	9.312763e-01
6.100000e-06	2.074886e-06	8.042004e-12	1.578435e+01	9.090024e-01
6.110000e-06	2.075177e-06	8.455073e-11	1.578657e+01	8.870644e-01
6.120000e-06	2.075366e-06	1.721603e-10	1.578800e+01	8.654329e-01
6.130000e-06	2.075509e-06	8.843814e-13	1.578909e+01	8.440688e-01
6.140000e-06	2.075639e-06	2.949005e-11	1.579008e+01	8.229297e-01
6.150000e-06	2.075702e-06	1.270435e-10	1.579056e+01	8.019750e-01
6.160000e-06	2.075704e-06	2.094857e-10	1.579057e+01	7.811686e-01
6.170000e-06	2.075700e-06	2.205672e-10	1.579054e+01	7.604798e-01
6.180000e-06	2.075656e-06	9.400402e-11	1.579021e+01	7.398830e-01
6.190000e-06	2.075532e-06	1.242346e-10	1.578926e+01	7.193544e-01
6.200000e-06	2.075345e-06	2.466424e-11	1.578784e+01	6.988688e-01
6.210000e-06	2.075136e-06	-5.651320e-12	1.578625e+01	6.783946e-01
6.220000e-06	2.074866e-06	1.037045e-10	1.578419e+01	6.578890e-01
6.230000e-06	2.074492e-06	1.805013e-10	1.578135e+01	6.372934e-01
6.240000e-06	2.074076e-06	2.356761e-10	1.577818e+01	6.165296e-01
6.250000e-06	2.073658e-06	1.370126e-10	1.577501e+01	5.954974e-01
6.260000e-06	2.073181e-06	1.212200e-10	1.577138e+01	5.740741e-01
6.270000e-06	2.072578e-06	8.416668e-11	1.576679e+01	5.521155e-01
6.280000e-06	2.071904e-06	2.005450e-11	1.576167e+01	5.294598e-01
6.290000e-06	2.071208e-06	5.303866e-11	1.575637e+01	5.059329e-01
6.300000e-06	2.070483e-06	1.820569e-10	1.575086e+01	4.813557e-01
6.310000e-06	2.069700e-06	2.551928e-10	1.574490e+01	4.555534e-01
6.320000e-06	2.068872e-06	1.270885e-10	1.573860e+01	4.283650e-01
6.330000e-06	2.068013e-06	6.727365e-11	1.573206e+01	3.996534e-01
6.340000e-06	2.067092e-06	1.234649e-10	1.572506e+01	3.693159e-01
6.350000e-06	2.066106e-06	1.596435e-10	1.571756e+01	3.372924e-01
6.360000e-06	2.065064e-06	1.047055e-10	1.570963e+01	3.035729e-01
6.370000e-06	2.063997e-06	6.278003e-11	1.570151e+01	2.682023e-01
6.380000e-06	2.062867e-06	1.336779e-10	1.569292e+01	2.312830e-01
6.390000e-06	2.061620e-06	2.154563e-10	1.568343e+01	1.929732e-01
6.400000e-06	2.060313e-06	2.019122e-10	1.567349e+01	1.534836e-01
6.410000e-06	2.058989e-06	1.066790e-10	1.566342e+01	1.130694e-01
6.420000e-06	2.057599e-06	6.494981e-11	1.565284e+01	7.202090e-02
6.430000e-06	2.056106e-06	1.051012e-10	1.564149e+01	3.065005e-02
6.440000e-06	2.054546e-06	1.600947e-10	1.562962e+01	-1.072341e-02
6.450000e-06	2.052963e-06	1.765340e-10	1.561758e+01	-5.178777e-02
6.460000e-06	2.051356e-06	1.546264e-10	1.560535e+01	-9.225503e-02
6.470000e-06	2.049690e-06	1.476476e-10	1.559267e+01	-1.318760e-01
6.480000e-06	2.047952e-06	1.412887e-10	1.557946e+01	-1.704537e-01
6.490000e-06	2.046177e-06	1.383155e-10	1.556595e+01	-2.078547e-01
6.500000e-06	2.044379e-06	1.280502e-10	1.555227e+01	-2.440166e-01
6.510000e-06	2.042517e-06	1.194921e-10	1.553811e+01	-2.789526e-01
6.520000e-06	2.040582e-06	1.335076e-10	1.552339e+01	-3.127516e-01
6.530000e-06	2.038596e-06	1.442968e-10	1.550828e+01	-3.455739e-01
6.540000e-06	2.036560e-06	1.409162e-10	1.549279e+01	-3.776428e-01
6.550000e-06	2.034471e-06	1.109741e-10	1.547690e+01	-4.092328e-01
6.560000e-06	2.032323e-06	1.059998e-10	1.546056e+01	-4.406542e-01
6.570000e-06	2.030109e-06	1.238915e-10	1.544372e+01	-4.722349e-01
6.580000e-06	2.027837e-06	1.315542e-10	1.542643e+01	-5.043008e-01
6.590000e-06	2.025526e-06	1.191089e-10	1.540885e+01	-5.371560e-01
6.600000e-06	2.023159e-06	9.854111e-11	1.539084e+01	-5.710627e-01
6.610000e-06	2.020737e-06	1.032118e-10	1.537242e+01	-6.062232e-01
6.620000e-06	2.018266e-06	1.087329e-10	1.535362e+01	-6.427639e-01
6.630000e-06	2.015743e-06	1.110853e-10	1.533443e+01	-6.807234e-01
6.640000e-06	2.013181e-06	1.106650e-10	1.531494e+01	-7.200439e-01
6.650000e-06	2.010565e-06	1.156249e-10	1.529504e+01	-7.605680e-01
6.660000e-06	2.007906e-06	1.154697e-10	1.527481e+01	-8.020397e-01
6.670000e-06	2.005204e-06	9.092006e-11	1.525425e+01	-8.441105e-01
6.680000e-06	2.002434e-06	7.016895e-11	1.523319e+01	-8.863504e-01
6.690000e-06	1.999610e-06	6.754046e-11	1.521170e+01	-9.282625e-01
6.700000e-06	1.996743e-06	8.245429e-11	1.518989e+01	-9.693014e-01
6.710000e-06	1.993824e-06	8.897067e-11	1.516768e+01	-1.008894e+00
6.720000e-06	1.990834e-06	8.794028e-11	1.514494e+01	-1.046461e+00
6.730000e-06	1.987769e-06	8.611354e-11	1.512162e+01	-1.081440e+00
6.740000e-06	1.984646e-06	7.605852e-11	1.509786e+01	-1.113309e+00
6.750000e-06	1.981483e-06	6.739767e-11	1.507380e+01	-1.141602e+00
6.760000e-06	1.978295e-06	6.687219e-11	1.504955e+01	-1.165932e+00
6.770000e-06	1.975060e-06	7.371510e-11	1.502494e+01	-1.186000e+00
6.780000e-06	1.971754e-06	7.154900e-11	1.499979e+01	-1.201606e+00
6.790000e-06	1.968402e-06	6.772913e-11	1.497429e+01	-1.212656e+00
6.800000e-06	1.965027e-06	6.977806e-11	1.494862e+01	-1.219162e+00
6.810000e-06	1.961608e-06	6.262392e-11	1.492261e+01	-1.221235e+00
6.820000e-06	1.958133e-06	4.596512e-11	1.489617e+01	-1.219080e+00
6.830000e-06	1.954605e-06	4.144212e-11	1.486933e+01	-1.212983e+00
6.840000e-06	1.951019e-06	5.881696e-11	1.484205e+01	-1.203296e+00
6.850000e-06	1.947383e-06	7.022550e-11	1.481439e+01	-1.190422e+00
6.860000e-06	1.943692e-06	6.556206e-11	1.478631e+01	-1.174795e+00
6.870000e-06	1.939938e-06	5.959450e-11	1.475775e+01	-1.156864e+00
6.880000e-06	1.936111e-06	6.480925e-11	1.472864e+01	-1.137074e+00
6.890000e-06	1.932224e-06	6.901560e-11	1.469908e+01	-1.115850e+00
6.900000e-06	1.928303e-06	6.091283e-11	1.466924e+01	-1.093589e+00
6.910000e-06	1.924345e-06	5.896247e-11	1.463914e+01	-1.070641e+00
6.920000e-06	1.920353e-06	6.680414e-11	1.460877e+01	-1.047307e+00
6.930000e-06	1.916317e-06	7.485360e-11	1.457806e+01	-1.023837e+00
6.940000e-06	1.912222e-06	7.132531e-11	1.454691e+01	-1.000421e+00
6.950000e-06	1.908078e-06	6.590498e-11	1.451538e+01	-9.771994e-01
6.960000e-06	1.903901e-06	7.115870e-11	1.448361e+01	-9.542630e-01
6.970000e-06	1.899679e-06	7.360225e-11	1.445150e+01	-9.316602e-01
6.980000e-06	1.895412e-06	7.029801e-11	1.441903e+01	-9.094053e-01
6.990000e-06	1.891094e-06	6.819840e-11	1.438618e+01	-8.874868e-01
7.000000e-06	1.886718e-06	7.181796e-11	1.435289e+01	-8.658753e-01
7.010000e-06	1.882308e-06	7.627241e-11	1.431934e+01	-8.445321e-01
7.020000e-06	1.877865e-06	7.999211e-11	1.428555e+01	-8.234146e-01
7.030000e-06	1.873377e-06	8.063315e-11	1.425141e+01	-8.024822e-01
7.040000e-06	1.868829e-06	7.691608e-11	1.421681e+01	-7.816986e-01
7.050000e-06	1.864227e-06	7.617458e-11	1.418180e+01	-7.610332e-01
7.060000e-06	1.859571e-06	7.546396e-11	1.414638e+01	-7.404601e-01
7.070000e-06	1.854861e-06	7.499844e-11	1.411055e+01	-7.199557e-01
7.080000e-06	1.850124e-06	7.278852e-11	1.407451e+01	-6.994948e-01
7.090000e-06	1.845342e-06	7.334868e-11	1.403813e+01	-6.790460e-01
7.100000e-06	1.840485e-06	7.859695e-11	1.400119e+01	-6.585666e-01
7.110000e-06	1.835565e-06	7.999181e-11	1.396376e+01	-6.379984e-01
7.120000e-06	1.830604e-06	7.727280e-11	1.392602e+01	-6.172637e-01
7.130000e-06	1.825596e-06	7.394302e-11	1.388792e+01	-5.962625e-01
7.140000e-06	1.820547e-06	7.553753e-11	1.384951e+01	-5.748726e-01
7.150000e-06	1.815449e-06	7.301803e-11	1.381073e+01	-5.529501e-01
7.160000e-06	1.810276e-06	6.502785e-11	1.377137e+01	-5.303336e-01
7.170000e-06	1.805054e-06	5.947188e-11	1.373165e+01	-5.068490e-01
7.180000e-06	1.799777e-06	6.129784e-11	1.369150e+01	-4.823174e-01
7.190000e-06	1.794439e-06	6.681224e-11	1.365090e+01	-4.565636e-01
7.200000e-06	1.789045e-06	6.612156e-11	1.360986e+01	-4.294264e-01
7.210000e-06	1.783582e-06	6.486846e-11	1.356830e+01	-4.007684e-01
7.220000e-06	1.778067e-06	6.662167e-11	1.352635e+01	-3.704858e-01
7.230000e-06	1.772511e-06	6.745250e-11	1.348408e+01	-3.385178e-01
7.240000e-06	1.766923e-06	6.516897e-11	1.344157e+01	-3.048535e-01
7.250000e-06	1.761302e-06	6.007428e-11	1.339881e+01	-2.695370e-01
7.260000e-06	1.755639e-06	5.883751e-11	1.335573e+01	-2.326693e-01
7.270000e-06	1.749935e-06	6.343425e-11	1.331234e+01	-1.944079e-01
7.280000e-06	1.744183e-06	6.582716e-11	1.326858e+01	-1.549624e-01
7.290000e-06	1.738389e-06	6.222483e-11	1.322451e+01	-1.145875e-01
7.300000e-06	1.732561e-06	5.835264e-11	1.318017e+01	-7.357283e-02
7.310000e-06	1.726698e-06	5.790181e-11	1.313557e+01	-3.223016e-02
7.320000e-06	1.720781e-06	5.988112e-11	1.309055e+01	9.120827e-03
7.330000e-06	1.714819e-06	6.344542e-11	1.304520e+01	5.016811e-02
7.340000e-06	1.708820e-06	6.298127e-11	1.299956e+01	9.062314e-02
7.350000e-06	1.702767e-06	6.457814e-11	1.295351e+01	1.302359e-01
7.360000e-06	1.696661e-06	6.761537e-11	1.290706e+01	1.688084e-01
7.370000e-06	1.690493e-06	6.234903e-11	1.286014e+01	2.062059e-01
7.380000e-06	1.684266e-06	5.687561e-11	1.281278e+01	2.423649e-01
7.390000e-06	1.677992e-06	5.144111e-11	1.276504e+01	2.772970e-01
7.400000e-06	1.671685e-06	4.962304e-11	1.271707e+01	3.110899e-01
7.410000e-06	1.665350e-06	5.403854e-11	1.266887e+01	3.439026e-01
7.420000e-06	1.658972e-06	5.970821e-11	1.262035e+01	3.759574e-01
7.430000e-06	1.652556e-06	6.379878e-11	1.257155e+01	4.075282e-01
7.440000e-06	1.646098e-06	6.472704e-11	1.252242e+01	4.389245e-01
7.450000e-06	1.639597e-06	6.312784e-11	1.247296e+01	4.704742e-01
7.460000e-06	1.633062e-06	5.851054e-11	1.242325e+01	5.025035e-01
7.470000e-06	1.626486e-06	5.637245e-11	1.237322e+01	5.353170e-01
7.480000e-06	1.619860e-06	5.676210e-11	1.232282e+01	5.691777e-01
7.490000e-06	1.613197e-06	5.959870e-11	1.227213e+01	6.042892e-01
7.500000e-06	1.606507e-06	6.411213e-11	1.222123e+01	6.407794e-01
7.510000e-06	1.599780e-06	6.780992e-11	1.217006e+01	6.786886e-01
7.520000e-06	1.593018e-06	6.892391e-11	1.211862e+01	7.179607e-01
7.530000e-06	1.586203e-06	6.530650e-11	1.206678e+01	7.584400e-01
7.540000e-06	1.579326e-06	6.252944e-11	1.201446e+01	7.998723e-01
7.550000e-06	1.572398e-06	6.250612e-11	1.196176e+01	8.419108e-01
7.560000e-06	1.565420e-06	6.758800e-11	1.190867e+01	8.841266e-01
7.570000e-06	1.558391e-06	7.387475e-11	1.185520e+01	9.260241e-01
7.580000e-06	1.551312e-06	7.739969e-11	1.180134e+01	9.670583e-01
7.590000e-06	1.544200e-06	8.308953e-11	1.174725e+01	1.006656e+00
7.600000e-06	1.537065e-06	8.211817e-11	1.169296e+01	1.044239e+00
7.610000e-06	1.529909e-06	7.967050e-11	1.163852e+01	1.079245e+00
7.620000e-06	1.522731e-06	7.917681e-11	1.158392e+01	1.111148e+00
7.630000e-06	1.515500e-06	8.207322e-11	1.152892e+01	1.139484e+00
7.640000e-06	1.508213e-06	8.662819e-11	1.147348e+01	1.163862e+00
7.650000e-06	1.500895e-06	8.395931e-11	1.141781e+01	1.183982e+00
7.660000e-06	1.493543e-06	9.073029e-11	1.136188e+01	1.199644e+00
7.670000e-06	1.486157e-06	1.005304e-10	1.130569e+01	1.210751e+00
7.680000e-06	1.478738e-06	1.106782e-10	1.124926e+01	1.217312e+00
7.690000e-06	1.471272e-06	1.103672e-10	1.119246e+01	1.219437e+00
7.700000e-06	1.463763e-06	1.019734e-10	1.113534e+01	1.217330e+00
7.710000e-06	1.456215e-06	9.786706e-11	1.107791e+01	1.211275e+00
7.720000e-06	1.448617e-06	8.828109e-11	1.102011e+01	1.201624e+00
7.730000e-06	1.440973e-06	8.675816e-11	1.096197e+01	1.188778e+00
7.740000e-06	1.433290e-06	8.580915e-11	1.090352e+01	1.173171e+00
7.750000e-06	1.425565e-06	9.253115e-11	1.084475e+01	1.155252e+00
7.760000e-06	1.417782e-06	1.006005e-10	1.078554e+01	1.135466e+00
7.770000e-06	1.409947e-06	1.017487e-10	1.072594e+01	1.114239e+00
7.780000e-06	1.402077e-06	1.027674e-10	1.066607e+01	1.091968e+00
7.790000e-06	1.394175e-06	9.544773e-11	1.060595e+01	1.069004e+00
7.800000e-06	1.386245e-06	9.362305e-11	1.054563e+01	1.045650e+00
7.810000e-06	1.378282e-06	9.099369e-11	1.048505e+01	1.022155e+00
7.820000e-06	1.370294e-06	8.900803e-11	1.042429e+01	9.987112e-01
7.830000e-06	1.362282e-06	9.046732e-11	1.036333e+01	9.754602e-01
7.840000e-06	1.354237e-06	9.162464e-11	1.030213e+01	9.524929e-01
7.850000e-06	1.346147e-06	9.841758e-11	1.024059e+01	9.298587e-01
7.860000e-06	1.338027e-06	9.883540e-11	1.017882e+01	9.075725e-01
7.870000e-06	1.329877e-06	9.885153e-11	1.011682e+01	8.856229e-01
7.880000e-06	1.321688e-06	9.501206e-11	1.005452e+01	8.639811e-01
7.890000e-06	1.313468e-06	9.144608e-11	9.991992e+00	8.426082e-01
7.900000e-06	1.305219e-06	9.006801e-11	9.929238e+00	8.214618e-01
7.910000e-06	1.296948e-06	8.339673e-11	9.866314e+00	8.005012e-01
7.920000e-06	1.288650e-06	8.315032e-11	9.803189e+00	7.796900e-01
7.930000e-06	1.280328e-06	8.428015e-11	9.739880e+00	7.589975e-01
7.940000e-06	1.271977e-06	8.823484e-11	9.676357e+00	7.383978e-01
7.950000e-06	1.263590e-06	8.842637e-11	9.612553e+00	7.178672e-01
7.960000e-06	1.255150e-06	8.890432e-11	9.548341e+00	6.973806e-01
7.970000e-06	1.246668e-06	9.052656e-11	9.483816e+00	6.769066e-01
7.980000e-06	1.238143e-06	8.643251e-11	9.418964e+00	6.564031e-01
7.990000e-06	1.229570e-06	8.079496e-11	9.353748e+00	6.358119e-01
8.000000e-06	1.220964e-06	7.329286e-11	9.288283e+00	6.150557e-01
8.010000e-06	1.212328e-06	6.954179e-11	9.222580e+00	5.940350e-01
8.020000e-06	1.203659e-06	6.424672e-11	9.156639e+00	5.726280e-01
8.030000e-06	1.194966e-06	6.205964e-11	9.090508e+00	5.506913e-01
8.040000e-06	1.186245e-06	6.475083e-11	9.024164e+00	5.280634e-01
8.050000e-06	1.177497e-06	6.750569e-11	8.957612e+00	5.045707e-01
8.060000e-06	1.168724e-06	7.030469e-11	8.890876e+00	4.800341e-01
8.070000e-06	1.159920e-06	6.722898e-11	8.823901e+00	4.542784e-01
8.080000e-06	1.151095e-06	6.260607e-11	8.756764e+00	4.271420e-01
8.090000e-06	1.142247e-06	5.572187e-11	8.689455e+00	3.984869e-01
8.100000e-06	1.133365e-06	5.004072e-11	8.621885e+00	3.682088e-01
8.110000e-06	1.124454e-06	4.529165e-11	8.554095e+00	3.362459e-01
8.120000e-06	1.115516e-06	3.966890e-11	8.486101e+00	3.025865e-01
8.130000e-06	1.106548e-06	4.067838e-11	8.417881e+00	2.672736e-01
8.140000e-06	1.097562e-06	4.423887e-11	8.349520e+00	2.304071e-01
8.150000e-06	1.088547e-06	4.947990e-11	8.280943e+00	1.921437e-01
8.160000e-06	1.079505e-06	4.699459e-11	8.212158e+00	1.526920e-01
8.170000e-06	1.070452e-06	4.112631e-11	8.143285e+00	1.123061e-01
8.180000e-06	1.061374e-06	3.531763e-11	8.074223e+00	7.127491e-02
8.190000e-06	1.052270e-06	2.702201e-11	8.004967e+00	2.991007e-02
8.200000e-06	1.043148e-06	2.347561e-11	7.935575e+00	-1.146877e-02
8.210000e-06	1.033999e-06	2.325079e-11	7.865975e+00	-5.254931e-02
8.220000e-06	1.024822e-06	2.709703e-11	7.796162e+00	-9.304246e-02
8.230000e-06	1.015608e-06	2.920162e-11	7.726072e+00	-1.326974e-01
8.240000e-06	1.006357e-06	3.093165e-11	7.655697e+00	-1.713151e-01
8.250000e-06	9.970725e-07	3.056506e-11	7.585063e+00	-2.087596e-01
8.260000e-06	9.877350e-07	2.591890e-11	7.514030e+00	-2.449660e-01
8.270000e-06	9.783539e-07	2.508050e-11	7.442664e+00	-2.799447e-01
8.280000e-06	9.689536e-07	2.589853e-11	7.371153e+00	-3.137820e-01
8.290000e-06	9.595273e-07	2.816722e-11	7.299445e+00	-3.466356e-01
8.300000e-06	9.500725e-07	2.870409e-11	7.227519e+00	-3.787269e-01
8.310000e-06	9.405986e-07	2.969660e-11	7.155448e+00	-4.103289e-01
8.320000e-06	9.311094e-07	2.997408e-11	7.083260e+00	-4.417507e-01
8.330000e-06	9.216032e-07	2.303290e-11	7.010943e+00	-4.733200e-01
8.340000e-06	9.120727e-07	1.580946e-11	6.938441e+00	-5.053632e-01
8.350000e-06	9.025281e-07	1.116567e-11	6.865832e+00	-5.381854e-01
8.360000e-06	8.929747e-07	1.341579e-11	6.793157e+00	-5.720506e-01
8.370000e-06	8.833930e-07	1.736815e-11	6.720265e+00	-6.071637e-01
8.380000e-06	8.737898e-07	2.009616e-11	6.647211e+00	-6.436539e-01
8.390000e-06	8.641704e-07	2.187475e-11	6.574033e+00	-6.815631e-01
8.400000e-06	8.545317e-07	1.821505e-11	6.500708e+00	-7.208371e-01
8.410000e-06	8.448756e-07	1.275578e-11	6.427250e+00	-7.613221e-01
8.420000e-06	8.352000e-07	7.566057e-12	6.353645e+00	-8.027653e-01
8.430000e-06	8.255008e-07	6.182148e-12	6.279860e+00	-8.448217e-01
8.440000e-06	8.157826e-07	6.512183e-12	6.205930e+00	-8.870638e-01
8.450000e-06	8.060444e-07	6.648819e-12	6.131849e+00	-9.289968e-01
8.460000e-06	7.962823e-07	7.808101e-12	6.057585e+00	-9.700767e-01
8.470000e-06	7.864997e-07	6.577127e-12	5.983165e+00	-1.009731e+00
8.480000e-06	7.766986e-07	4.841490e-12	5.908606e+00	-1.047380e+00
8.490000e-06	7.668862e-07	3.061139e-13	5.833959e+00	-1.082461e+00
8.500000e-06	7.570539e-07	-5.097192e-12	5.759162e+00	-1.114449e+00
8.510000e-06	7.472028e-07	-6.479604e-12	5.684221e+00	-1.142878e+00
8.520000e-06	7.373325e-07	-6.203019e-12	5.609135e+00	-1.167355e+00
8.530000e-06	7.274477e-07	-4.624073e-12	5.533937e+00	-1.187578e+00
8.540000e-06	7.175584e-07	5.058038e-14	5.458707e+00	-1.203346e+00
8.550000e-06	7.076587e-07	4.203188e-12	5.383396e+00	-1.214560e+00
8.560000e-06	6.977558e-07	4.777671e-12	5.308061e+00	-1.221227e+00
8.570000e-06	6.878438e-07	4.465629e-12	5.232657e+00	-1.223455e+00
8.580000e-06	6.778982e-07	3.059839e-13	5.156998e+00	-1.221446e+00
8.590000e-06	6.679316e-07	-2.555648e-12	5.081178e+00	-1.215484e+00
8.600000e-06	6.579594e-07	-7.376195e-12	5.005317e+00	-1.205919e+00
8.610000e-06	6.479791e-07	-1.175931e-11	4.929393e+00	-1.193151e+00
8.620000e-06	6.379620e-07	-9.753189e-12	4.853190e+00	-1.177615e+00
8.630000e-06	6.279074e-07	-9.720591e-12	4.776701e+00	-1.159759e+00
8.640000e-06	6.178437e-07	-1.182815e-11	4.700143e+00	-1.140027e+00
8.650000e-06	6.077539e-07	-1.563362e-11	4.623387e+00	-1.118848e+00
8.660000e-06	5.976160e-07	-1.819143e-11	4.546264e+00	-1.096617e+00
8.670000e-06	5.874472e-07	-2.142054e-11	4.468907e+00	-1.073688e+00
8.680000e-06	5.772705e-07	-2.449032e-11	4.391490e+00	-1.050364e+00
8.690000e-06	5.670799e-07	-2.450214e-11	4.313966e+00	-1.026894e+00
8.700000e-06	5.568718e-07	-2.684544e-11	4.236310e+00	-1.003474e+00
8.710000e-06	5.466567e-07	-2.916376e-11	4.158600e+00	-9.802437e-01
8.720000e-06	5.364271e-07	-2.978528e-11	4.080780e+00	-9.572960e-01
8.730000e-06	5.261725e-07	-3.042963e-11	4.002770e+00	-9.346809e-01
8.740000e-06	5.158955e-07	-3.185926e-11	3.924589e+00	-9.124137e-01
8.750000e-06	5.056137e-07	-3.042117e-11	3.846372e+00	-8.904835e-01
8.760000e-06	4.953271e-07	-2.595565e-11	3.768118e+00	-8.688618e-01
8.770000e-06	4.850266e-07	-2.304246e-11	3.689759e+00	-8.475096e-01
8.780000e-06	4.747209e-07	-2.080002e-11	3.611361e+00	-8.263848e-01
8.790000e-06	4.644143e-07	-2.162492e-11	3.532955e+00	-8.054464e-01
8.800000e-06	4.541026e-07	-2.721471e-11	3.454510e+00	-7.846581e-01
8.810000e-06	4.437834e-07	-3.450557e-11	3.376009e+00	-7.639889e-01
8.820000e-06	4.334421e-07	-3.974775e-11	3.297338e+00	-7.434130e-01
8.830000e-06	4.230823e-07	-3.821091e-11	3.218528e+00	-7.229066e-01
8.840000e-06	4.127128e-07	-2.942381e-11	3.139644e+00	-7.024446e-01
8.850000e-06	4.023206e-07	-1.981510e-11	3.060587e+00	-6.819960e-01
8.860000e-06	3.919170e-07	-1.732786e-11	2.981443e+00	-6.615186e-01
8.870000e-06	3.815048e-07	-1.737047e-11	2.902235e+00	-6.409548e-01
8.880000e-06	3.710843e-07	-1.624838e-11	2.822962e+00	-6.202276e-01
8.890000e-06	3.606531e-07	-1.467590e-11	2.743608e+00	-5.992379e-01
8.900000e-06	3.502147e-07	-1.417754e-11	2.664200e+00	-5.778642e-01
8.910000e-06	3.397713e-07	-1.836005e-11	2.584754e+00	-5.559635e-01
8.920000e-06	3.293178e-07	-2.138806e-11	2.505230e+00	-5.333747e-01
8.930000e-06	3.188722e-07	-1.867120e-11	2.425767e+00	-5.099242e-01
8.940000e-06	3.084172e-07	-1.471949e-11	2.346232e+00	-4.854330e-01
8.950000e-06	2.979345e-07	-1.334856e-11	2.266487e+00	-4.597258e-01
8.960000e-06	2.874494e-07	-1.250745e-11	2.186723e+00	-4.326405e-01
8.970000e-06	2.769700e-07	-9.081162e-12	2.107004e+00	-4.040388e-01
8.980000e-06	2.664884e-07	-5.259253e-12	2.027266e+00	-3.738155e-01
8.990000e-06	2.560003e-07	-6.190047e-12	1.947479e+00	-3.419083e-01
9.000000e-06	2.455057e-07	-1.271904e-11	1.867644e+00	-3.083042e-01
9.010000e-06	2.350047e-07	-1.566765e-11	1.787759e+00	-2.730452e-01
9.020000e-06	2.244956e-07	-1.349657e-11	1.707813e+00	-2.362305e-01
9.030000e-06	2.139860e-07	-9.910957e-12	1.627863e+00	-1.980156e-01
9.040000e-06	2.034799e-07	-7.705057e-12	1.547939e+00	-1.586082e-01
9.050000e-06	1.929535e-07	-5.728107e-12	1.467862e+00	-1.182618e-01
9.060000e-06	1.824165e-07	1.016533e-12	1.387703e+00	-7.726465e-02
9.070000e-06	1.718776e-07	4.901594e-12	1.307530e+00	-3.592818e-02
9.080000e-06	1.613382e-07	1.025664e-12	1.227353e+00	5.427972e-03
9.090000e-06	1.508000e-07	-6.374315e-12	1.147186e+00	4.649126e-02
9.100000e-06	1.402581e-07	-9.648761e-12	1.066990e+00	8.697201e-02
9.110000e-06	1.297182e-07	-8.727817e-12	9.868098e-01	1.266186e-01
9.120000e-06	1.191705e-07	-1.006904e-11	9.065701e-01	1.652310e-01
9.130000e-06	1.086286e-07	-1.292194e-11	8.263739e-01	2.026720e-01
9.140000e-06	9.808283e-08	-1.236633e-11	7.461488e-01	2.388754e-01
9.150000e-06	8.753282e-08	-5.359416e-12	6.658914e-01	2.738503e-01
9.160000e-06	7.698511e-08	-1.039474e-12	5.856515e-01	3.076816e-01
9.170000e-06	6.642923e-08	-7.381224e-12	5.053493e-01	3.405258e-01
9.180000e-06	5.588223e-08	-1.509988e-11	4.251148e-01	3.726032e-01
9.190000e-06	4.534323e-08	-1.916083e-11	3.449411e-01	4.041861e-01
9.200000e-06	3.478945e-08	-2.088355e-11	2.646549e-01	4.355831e-01
9.210000e-06	2.422517e-08	-2.418170e-11	1.842890e-01	4.671216e-01
9.220000e-06	1.366652e-08	-2.802149e-11	1.039658e-01	4.991284e-01
9.230000e-06	3.105085e-09	-2.860375e-11	2.362142e-02	5.319090e-01
9.240000e-06	-7.452899e-09	-2.683337e-11	-5.669669e-02	5.657284e-01
9.250000e-06	-1.801650e-08	-2.857930e-11	-1.370575e-01	6.007926e-01
9.260000e-06	-2.858209e-08	-3.657064e-11	-2.174335e-01	6.372323e-01
9.270000e-06	-3.915238e-08	-4.323523e-11	-2.978452e-01	6.750911e-01
9.280000e-06	-4.972159e-08	-4.441975e-11	-3.782487e-01	7.143166e-01
9.290000e-06	-6.026668e-08	-4.476459e-11	-4.584688e-01	7.547567e-01
9.300000e-06	-7.080884e-08	-4.846308e-11	-5.386665e-01	7.961604e-01
9.310000e-06	-8.134857e-08	-5.374722e-11	-6.188458e-01	8.381841e-01
9.320000e-06	-9.188801e-08	-5.695611e-11	-6.990228e-01	8.804018e-01
9.330000e-06	-1.024274e-07	-5.848265e-11	-7.791995e-01	9.223198e-01
9.340000e-06	-1.129589e-07	-5.939128e-11	-8.593158e-01	9.633946e-01
9.350000e-06	-1.234901e-07	-5.857619e-11	-9.394300e-01	1.003054e+00
9.360000e-06	-1.340233e-07	-5.612657e-11	-1.019560e+00	1.040719e+00
9.370000e-06	-1.445459e-07	-5.438518e-11	-1.099609e+00	1.075825e+00
9.380000e-06	-1.550687e-07	-5.498021e-11	-1.179659e+00	1.107848e+00
9.390000e-06	-1.656007e-07	-5.690856e-11	-1.259780e+00	1.136318e+00
9.400000e-06	-1.761200e-07	-5.977680e-11	-1.339803e+00	1.160843e+00
9.410000e-06	-1.866323e-07	-6.269624e-11	-1.419774e+00	1.181120e+00
9.420000e-06	-1.971496e-07	-6.497613e-11	-1.499783e+00	1.196943e+00
9.430000e-06	-2.076582e-07	-6.743430e-11	-1.579725e+00	1.208214e+00
9.440000e-06	-2.181609e-07	-6.904457e-11	-1.659623e+00	1.214936e+00
9.450000e-06	-2.286572e-07	-6.596657e-11	-1.739472e+00	1.217216e+00
9.460000e-06	-2.391392e-07	-6.043879e-11	-1.819212e+00	1.215256e+00
9.470000e-06	-2.496258e-07	-5.704371e-11	-1.898987e+00	1.209336e+00
9.480000e-06	-2.601114e-07	-5.522549e-11	-1.978754e+00	1.199807e+00
9.490000e-06	-2.705873e-07	-5.614292e-11	-2.058448e+00	1.187067e+00
9.500000e-06	-2.810599e-07	-6.150087e-11	-2.138116e+00	1.171552e+00
9.510000e-06	-2.915327e-07	-6.420341e-11	-2.217786e+00	1.153707e+00
9.520000e-06	-3.020018e-07	-6.190786e-11	-2.297429e+00	1.133980e+00
9.530000e-06	-3.124634e-07	-6.042970e-11	-2.377013e+00	1.112798e+00
9.540000e-06	-3.228999e-07	-5.721835e-11	-2.456407e+00	1.090558e+00
9.550000e-06	-3.333164e-07	-5.602920e-11	-2.535649e+00	1.067613e+00
9.560000e-06	-3.437303e-07	-5.342856e-11	-2.614871e+00	1.044268e+00
9.570000e-06	-3.541382e-07	-4.860199e-11	-2.694047e+00	1.020774e+00
9.580000e-06	-3.645485e-07	-5.002979e-11	-2.773242e+00	9.973264e-01
9.590000e-06	-3.749599e-07	-5.229023e-11	-2.852445e+00	9.740666e-01
9.600000e-06	-3.853520e-07	-5.529583e-11	-2.931501e+00	9.510881e-01
9.610000e-06	-3.957208e-07	-5.527681e-11	-3.010380e+00	9.284416e-01
9.620000e-06	-4.060675e-07	-5.160014e-11	-3.089091e+00	9.061430e-01
9.630000e-06	-4.163982e-07	-5.032209e-11	-3.167680e+00	8.841819e-01
9.640000e-06	-4.267411e-07	-4.747681e-11	-3.246362e+00	8.625297e-01
9.650000e-06	-4.370742e-07	-4.372911e-11	-3.324969e+00	8.411479e-01
9.660000e-06	-4.473859e-07	-3.994914e-11	-3.403414e+00	8.199942e-01
9.670000e-06	-4.576894e-07	-3.729419e-11	-3.481796e+00	7.990276e-01
9.680000e-06	-4.679852e-07	-3.559329e-11	-3.560119e+00	7.782116e-01
9.690000e-06	-4.782775e-07	-3.454264e-11	-3.638417e+00	7.575154e-01
9.700000e-06	-4.885655e-07	-3.632666e-11	-3.716681e+00	7.369127e-01
9.710000e-06	-4.988513e-07	-3.729607e-11	-3.794928e+00	7.163801e-01
9.720000e-06	-5.091211e-07	-4.182267e-11	-3.873054e+00	6.958924e-01
9.730000e-06	-5.193550e-07	-4.495908e-11	-3.950907e+00	6.754186e-01
9.740000e-06	-5.295750e-07	-4.346551e-11	-4.028654e+00	6.549170e-01
9.750000e-06	-5.397878e-07	-4.267734e-11	-4.106346e+00	6.343301e-01
9.760000e-06	-5.499849e-07	-4.055566e-11	-4.183919e+00	6.135814e-01
9.770000e-06	-5.601674e-07	-3.797160e-11	-4.261381e+00	5.925722e-01
9.780000e-06	-5.703274e-07	-3.582775e-11	-4.338671e+00	5.711813e-01
9.790000e-06	-5.804684e-07	-3.693156e-11	-4.415817e+00	5.492662e-01
9.800000e-06	-5.905914e-07	-4.237575e-11	-4.492826e+00	5.266659e-01
9.810000e-06	-6.006801e-07	-5.100319e-11	-4.569574e+00	5.032071e-01
9.820000e-06	-6.107373e-07	-5.778810e-11	-4.646082e+00	4.787109e-01
9.830000e-06	-6.207919e-07	-5.718033e-11	-4.722571e+00	4.530017e-01
9.840000e-06	-6.308239e-07	-5.437538e-11	-4.798888e+00	4.259171e-01
9.850000e-06	-6.408285e-07	-4.970366e-11	-4.874996e+00	3.973183e-01
9.860000e-06	-6.508174e-07	-4.354727e-11	-4.950985e+00	3.670995e-01
9.870000e-06	-6.607722e-07	-4.024097e-11	-5.026714e+00	3.351973e-01
9.880000e-06	-6.706982e-07	-4.261383e-11	-5.102225e+00	3.015981e-01
9.890000e-06	-6.806157e-07	-5.242861e-11	-5.177670e+00	2.663428e-01
9.900000e-06	-6.905210e-07	-6.399910e-11	-5.253023e+00	2.295295e-01
9.910000e-06	-7.004114e-07	-7.092499e-11	-5.328263e+00	1.913126e-01
9.920000e-06	-7.102918e-07	-7.122745e-11	-5.403427e+00	1.518992e-01
9.930000e-06	-7.201577e-07	-7.039381e-11	-5.478480e+00	1.115419e-01
9.940000e-06	-7.300061e-07	-6.954946e-11	-5.553400e+00	7.052848e-02
9.950000e-06	-7.398338e-07	-6.469469e-11	-5.628162e+00	2.917006e-02
9.960000e-06	-7.496520e-07	-5.848537e-11	-5.702853e+00	-1.221374e-02
9.970000e-06	-7.594590e-07	-5.539234e-11	-5.777458e+00	-5.331010e-02
9.980000e-06	-7.692385e-07	-6.054247e-11	-5.851854e+00	-9.382882e-02
9.990000e-06	-7.789957e-07	-7.057387e-11	-5.926080e+00	-1.335174e-01
1.000000e-05	-7.887369e-07	-8.072428e-11	-6.000185e+00	-1.721749e-01
1.001000e-05	-7.984677e-07	-8.647447e-11	-6.074211e+00	-2.096629e-01
1.002000e-05	-8.081840e-07	-9.031890e-11	-6.148125e+00	-2.459138e-01
1.003000e-05	-8.178714e-07	-9.493248e-11	-6.221821e+00	-2.809353e-01
1.004000e-05	-8.275336e-07	-9.363568e-11	-6.295324e+00	-3.148110e-01
1.005000e-05	-8.371822e-07	-8.749213e-11	-6.368725e+00	-3.476963e-01
1.006000e-05	-8.468175e-07	-8.178284e-11	-6.442023e+00	-3.798104e-01
1.007000e-05	-8.564361e-07	-8.127568e-11	-6.515195e+00	-4.114247e-01
1.008000e-05	-8.660380e-07	-8.534964e-11	-6.588240e+00	-4.428474e-01
1.009000e-05	-8.756234e-07	-8.977055e-11	-6.661159e+00	-4.744057e-01
1.010000e-05	-8.851823e-07	-9.157725e-11	-6.733877e+00	-5.064265e-01
1.011000e-05	-8.947084e-07	-9.270153e-11	-6.806346e+00	-5.392161e-01
1.012000e-05	-9.042177e-07	-9.432259e-11	-6.878686e+00	-5.730402e-01
1.013000e-05	-9.137142e-07	-9.167597e-11	-6.950929e+00	-6.081059e-01
1.014000e-05	-9.231834e-07	-8.757084e-11	-7.022964e+00	-6.445456e-01
1.015000e-05	-9.326368e-07	-8.765310e-11	-7.094880e+00	-6.824045e-01
1.016000e-05	-9.420821e-07	-8.861537e-11	-7.166733e+00	-7.216319e-01
1.017000e-05	-9.515020e-07	-8.797989e-11	-7.238393e+00	-7.620773e-01
1.018000e-05	-9.608879e-07	-8.579264e-11	-7.309795e+00	-8.034918e-01
1.019000e-05	-9.702375e-07	-8.494667e-11	-7.380921e+00	-8.455332e-01
1.020000e-05	-9.795563e-07	-8.799236e-11	-7.451812e+00	-8.877768e-01
1.021000e-05	-9.888419e-07	-9.130470e-11	-7.522450e+00	-9.297300e-01
1.022000e-05	-9.980912e-07	-9.147930e-11	-7.592813e+00	-9.708501e-01
1.023000e-05	-1.007306e-06	-8.704028e-11	-7.662913e+00	-1.010565e+00
1.024000e-05	-1.016483e-06	-8.453603e-11	-7.732722e+00	-1.048296e+00
1.025000e-05	-1.025614e-06	-8.560952e-11	-7.802188e+00	-1.083478e+00
1.026000e-05	-1.034720e-06	-8.333920e-11	-7.871458e+00	-1.115585e+00
1.027000e-05	-1.043818e-06	-7.702829e-11	-7.940674e+00	-1.144148e+00
1.028000e-05	-1.052894e-06	-7.319546e-11	-8.009718e+00	-1.168772e+00
1.029000e-05	-1.061944e-06	-7.611818e-11	-8.078564e+00	-1.189151e+00
1.030000e-05	-1.070974e-06	-7.824045e-11	-8.147255e+00	-1.205081e+00
1.031000e-05	-1.079985e-06	-8.033615e-11	-8.215805e+00	-1.216457e+00
1.032000e-05	-1.088977e-06	-8.339757e-11	-8.284211e+00	-1.223285e+00
1.033000e-05	-1.097941e-06	-8.731496e-11	-8.352404e+00	-1.225669e+00
1.034000e-05	-1.106864e-06	-8.688512e-11	-8.420284e+00	-1.223807e+00
1.035000e-05	-1.115753e-06	-8.307913e-11	-8.487903e+00	-1.217981e+00
1.036000e-05	-1.124611e-06	-7.950959e-11	-8.555293e+00	-1.208537e+00
1.037000e-05	-1.133446e-06	-7.880626e-11	-8.622505e+00	-1.195877e+00
1.038000e-05	-1.142271e-06	-8.094718e-11	-8.689634e+00	-1.180432e+00
1.039000e-05	-1.151066e-06	-7.900396e-11	-8.756540e+00	-1.162651e+00
1.040000e-05	-1.159816e-06	-7.836818e-11	-8.823104e+00	-1.142979e+00
1.041000e-05	-1.168537e-06	-8.127967e-11	-8.889451e+00	-1.121844e+00
1.042000e-05	-1.177243e-06	-8.722281e-11	-8.955678e+00	-1.099645e+00
1.043000e-05	-1.185932e-06	-9.103774e-11	-9.021783e+00	-1.076735e+00
1.044000e-05	-1.194597e-06	-8.651864e-11	-9.087696e+00	-1.053420e+00
1.045000e-05	-1.203233e-06	-8.036314e-11	-9.153394e+00	-1.029952e+00
1.046000e-05	-1.211838e-06	-7.937365e-11	-9.218858e+00	-1.006527e+00
1.047000e-05	-1.220411e-06	-8.272300e-11	-9.284076e+00	-9.832884e-01
1.048000e-05	-1.228953e-06	-8.734898e-11	-9.349059e+00	-9.603295e-01
1.049000e-05	-1.237447e-06	-8.970198e-11	-9.413676e+00	-9.377021e-01
1.050000e-05	-1.245890e-06	-9.084435e-11	-9.477898e+00	-9.154225e-01
1.051000e-05	-1.254290e-06	-9.325629e-11	-9.541806e+00	-8.934807e-01
1.052000e-05	-1.262654e-06	-9.407529e-11	-9.605429e+00	-8.718485e-01
1.053000e-05	-1.270976e-06	-9.149728e-11	-9.668735e+00	-8.504875e-01
1.054000e-05	-1.279268e-06	-8.982199e-11	-9.731815e+00	-8.293553e-01
1.055000e-05	-1.287538e-06	-9.047917e-11	-9.794730e+00	-8.084109e-01
1.056000e-05	-1.295791e-06	-9.235416e-11	-9.857511e+00	-7.876178e-01
1.057000e-05	-1.304011e-06	-9.503006e-11	-9.920043e+00	-7.669448e-01
1.058000e-05	-1.312196e-06	-9.497598e-11	-9.982314e+00	-7.463660e-01
1.059000e-05	-1.320357e-06	-9.470908e-11	-1.004440e+01	-7.258575e-01
1.060000e-05	-1.328480e-06	-9.730794e-11	-1.010619e+01	-7.053944e-01
1.061000e-05	-1.336567e-06	-1.021330e-10	-1.016771e+01	-6.849460e-01
1.062000e-05	-1.344625e-06	-1.072551e-10	-1.022901e+01	-6.644705e-01
1.063000e-05	-1.352664e-06	-1.088288e-10	-1.029017e+01	-6.439110e-01
1.064000e-05	-1.360671e-06	-1.084205e-10	-1.035108e+01	-6.231912e-01
1.065000e-05	-1.368640e-06	-1.051310e-10	-1.041170e+01	-6.022128e-01
1.066000e-05	-1.376577e-06	-1.034176e-10	-1.047208e+01	-5.808552e-01
1.067000e-05	-1.384480e-06	-1.059376e-10	-1.053220e+01	-5.589760e-01
1.068000e-05	-1.392361e-06	-1.059544e-10	-1.059216e+01	-5.364147e-01
1.069000e-05	-1.400204e-06	-1.085106e-10	-1.065182e+01	-5.129980e-01
1.070000e-05	-1.407994e-06	-1.119047e-10	-1.071108e+01	-4.885471e-01
1.071000e-05	-1.415749e-06	-1.148857e-10	-1.077007e+01	-4.628862e-01
1.072000e-05	-1.423472e-06	-1.184952e-10	-1.082883e+01	-4.358527e-01
1.073000e-05	-1.431144e-06	-1.161956e-10	-1.088719e+01	-4.073072e-01
1.074000e-05	-1.438753e-06	-1.130765e-10	-1.094508e+01	-3.771432e-01
1.075000e-05	-1.446318e-06	-1.165278e-10	-1.100262e+01	-3.452966e-01
1.076000e-05	-1.453828e-06	-1.219894e-10	-1.105975e+01	-3.117527e-01
1.077000e-05	-1.461295e-06	-1.178819e-10	-1.111656e+01	-2.765515e-01
1.078000e-05	-1.468738e-06	-1.115230e-10	-1.117318e+01	-2.397900e-01
1.079000e-05	-1.476135e-06	-1.116895e-10	-1.122945e+01	-2.016218e-01
1.080000e-05	-1.483494e-06	-1.155447e-10	-1.128543e+01	-1.622529e-01
1.081000e-05	-1.490816e-06	-1.179717e-10	-1.134113e+01	-1.219352e-01
1.082000e-05	-1.498095e-06	-1.175827e-10	-1.139651e+01	-8.095602e-02
1.083000e-05	-1.505331e-06	-1.202977e-10	-1.145156e+01	-3.962618e-02
1.084000e-05	-1.512538e-06	-1.241307e-10	-1.150638e+01	1.734740e-03
1.085000e-05	-1.519730e-06	-1.213436e-10	-1.156110e+01	4.281365e-02
1.086000e-05	-1.526892e-06	-1.114314e-10	-1.161558e+01	8.331982e-02
1.087000e-05	-1.534007e-06	-1.028453e-10	-1.166970e+01	1.230000e-01
1.088000e-05	-1.541085e-06	-9.959157e-11	-1.172355e+01	1.616521e-01
1.089000e-05	-1.548130e-06	-9.786362e-11	-1.177714e+01	1.991365e-01
1.090000e-05	-1.555147e-06	-9.625468e-11	-1.183053e+01	2.353844e-01
1.091000e-05	-1.562131e-06	-9.732526e-11	-1.188365e+01	2.704022e-01
1.092000e-05	-1.569055e-06	-1.024412e-10	-1.193632e+01	3.042720e-01
1.093000e-05	-1.575915e-06	-1.055585e-10	-1.198851e+01	3.371480e-01
1.094000e-05	-1.582724e-06	-1.024374e-10	-1.204031e+01	3.692484e-01
1.095000e-05	-1.589492e-06	-9.828486e-11	-1.209180e+01	4.008438e-01
1.096000e-05	-1.596211e-06	-9.753996e-11	-1.214291e+01	4.322419e-01
1.097000e-05	-1.602885e-06	-9.890118e-11	-1.219368e+01	4.637696e-01
1.098000e-05	-1.609531e-06	-9.763403e-11	-1.224424e+01	4.957542e-01
1.099000e-05	-1.616143e-06	-9.410158e-11	-1.229454e+01	5.285023e-01
1.100000e-05	-1.622725e-06	-9.664260e-11	-1.234461e+01	5.622807e-01
1.101000e-05	-1.629269e-06	-1.018912e-10	-1.239440e+01	5.972976e-01
1.102000e-05	-1.635771e-06	-1.008929e-10	-1.244385e+01	6.336870e-01
1.103000e-05	-1.642239e-06	-9.318547e-11	-1.249306e+01	6.714954e-01
1.104000e-05	-1.648662e-06	-8.600237e-11	-1.254192e+01	7.106741e-01
1.105000e-05	-1.655040e-06	-8.516722e-11	-1.259044e+01	7.510746e-01
1.106000e-05	-1.661385e-06	-8.665654e-11	-1.263871e+01	7.924493e-01
1.107000e-05	-1.667689e-06	-8.449062e-11	-1.268667e+01	8.344577e-01
1.108000e-05	-1.673948e-06	-8.015615e-11	-1.273428e+01	8.766767e-01
1.109000e-05	-1.680169e-06	-8.477855e-11	-1.278161e+01	9.186144e-01
1.110000e-05	-1.686335e-06	-9.346585e-11	-1.282851e+01	9.597292e-01
1.111000e-05	-1.692453e-06	-9.389454e-11	-1.287505e+01	9.994491e-01
1.112000e-05	-1.698534e-06	-8.503789e-11	-1.292132e+01	1.037195e+00
1.113000e-05	-1.704577e-06	-7.739890e-11	-1.296729e+01	1.072402e+00
1.114000e-05	-1.710571e-06	-8.074696e-11	-1.301288e+01	1.104543e+00
1.115000e-05	-1.716500e-06	-8.800506e-11	-1.305799e+01	1.133148e+00
1.116000e-05	-1.722379e-06	-9.142488e-11	-1.310271e+01	1.157820e+00
1.117000e-05	-1.728215e-06	-9.133877e-11	-1.314711e+01	1.178252e+00
1.118000e-05	-1.734020e-06	-9.060741e-11	-1.319127e+01	1.194237e+00
1.119000e-05	-1.739795e-06	-9.119025e-11	-1.323520e+01	1.205670e+00
1.120000e-05	-1.745525e-06	-9.051924e-11	-1.327879e+01	1.212553e+00
1.121000e-05	-1.751210e-06	-8.518011e-11	-1.332204e+01	1.214990e+00
1.122000e-05	-1.756846e-06	-8.395790e-11	-1.336491e+01	1.213176e+00
1.123000e-05	-1.762430e-06	-9.456142e-11	-1.340739e+01	1.207392e+00
1.124000e-05	-1.767972e-06	-1.077195e-10	-1.344955e+01	1.197985e+00
1.125000e-05	-1.773473e-06	-1.145184e-10	-1.349140e+01	1.185353e+00
1.126000e-05	-1.778932e-06	-1.151344e-10	-1.353293e+01	1.169929e+00
1.127000e-05	-1.784346e-06	-1.148438e-10	-1.357412e+01	1.152160e+00
1.128000e-05	-1.789718e-06	-1.146552e-10	-1.361499e+01	1.132493e+00
1.129000e-05	-1.795042e-06	-1.118452e-10	-1.365549e+01	1.111356e+00
1.130000e-05	-1.800304e-06	-1.082680e-10	-1.369552e+01	1.089147e+00
1.131000e-05	-1.805496e-06	-1.098495e-10	-1.373501e+01	1.066221e+00
1.132000e-05	-1.810626e-06	-1.170202e-10	-1.377404e+01	1.042886e+00
1.133000e-05	-1.815708e-06	-1.251914e-10	-1.381270e+01	1.019394e+00
1.134000e-05	-1.820747e-06	-1.292763e-10	-1.385103e+01	9.959418e-01
1.135000e-05	-1.825738e-06	-1.253152e-10	-1.388900e+01	9.726735e-01
1.136000e-05	-1.830671e-06	-1.189230e-10	-1.392653e+01	9.496838e-01
1.137000e-05	-1.835550e-06	-1.153980e-10	-1.396364e+01	9.270250e-01
1.138000e-05	-1.840374e-06	-1.148301e-10	-1.400034e+01	9.047140e-01
1.139000e-05	-1.845142e-06	-1.144758e-10	-1.403661e+01	8.827412e-01
1.140000e-05	-1.849858e-06	-1.156482e-10	-1.407248e+01	8.610786e-01
1.141000e-05	-1.854526e-06	-1.201499e-10	-1.410800e+01	8.396879e-01
1.142000e-05	-1.859137e-06	-1.239878e-10	-1.414308e+01	8.185267e-01
1.143000e-05	-1.863686e-06	-1.222811e-10	-1.417768e+01	7.975541e-01
1.144000e-05	-1.868185e-06	-1.170811e-10	-1.421190e+01	7.767334e-01
1.145000e-05	-1.872643e-06	-1.148339e-10	-1.424582e+01	7.560333e-01
1.146000e-05	-1.877068e-06	-1.148254e-10	-1.427948e+01	7.354277e-01
1.147000e-05	-1.881443e-06	-1.130830e-10	-1.431277e+01	7.148930e-01
1.148000e-05	-1.885774e-06	-1.136152e-10	-1.434572e+01	6.944042e-01
1.149000e-05	-1.890084e-06	-1.178279e-10	-1.437850e+01	6.739305e-01
1.150000e-05	-1.894353e-06	-1.172265e-10	-1.441098e+01	6.534308e-01
1.151000e-05	-1.898577e-06	-1.120648e-10	-1.444311e+01	6.328482e-01
1.152000e-05	-1.902768e-06	-1.108011e-10	-1.447499e+01	6.121068e-01
1.153000e-05	-1.906915e-06	-1.137317e-10	-1.450654e+01	5.911088e-01
1.154000e-05	-1.911005e-06	-1.164413e-10	-1.453765e+01	5.697339e-01
1.155000e-05	-1.915044e-06	-1.173755e-10	-1.456838e+01	5.478402e-01
1.156000e-05	-1.919044e-06	-1.169616e-10	-1.459881e+01	5.252673e-01
1.157000e-05	-1.923001e-06	-1.172578e-10	-1.462891e+01	5.018423e-01
1.158000e-05	-1.926926e-06	-1.163013e-10	-1.465877e+01	4.773862e-01
1.159000e-05	-1.930806e-06	-1.111871e-10	-1.468829e+01	4.517232e-01
1.160000e-05	-1.934621e-06	-1.074870e-10	-1.471730e+01	4.246903e-01
1.161000e-05	-1.938390e-06	-1.091614e-10	-1.474598e+01	3.961476e-01
1.162000e-05	-1.942112e-06	-1.143318e-10	-1.477430e+01	3.659880e-01
1.163000e-05	-1.945774e-06	-1.198195e-10	-1.480215e+01	3.341465e-01
1.164000e-05	-1.949384e-06	-1.201633e-10	-1.482961e+01	3.006075e-01
1.165000e-05	-1.952952e-06	-1.186284e-10	-1.485676e+01	2.654100e-01
1.166000e-05	-1.956458e-06	-1.177969e-10	-1.488343e+01	2.286500e-01
1.167000e-05	-1.959899e-06	-1.121731e-10	-1.490961e+01	1.904800e-01
1.168000e-05	-1.963301e-06	-1.029254e-10	-1.493549e+01	1.511053e-01
1.169000e-05	-1.966665e-06	-9.861734e-11	-1.496108e+01	1.107768e-01
1.170000e-05	-1.969983e-06	-1.019275e-10	-1.498631e+01	6.978162e-02
1.171000e-05	-1.973249e-06	-1.068468e-10	-1.501116e+01	2.843002e-02
1.172000e-05	-1.976453e-06	-1.089533e-10	-1.503554e+01	-1.295834e-02
1.173000e-05	-1.979622e-06	-1.112247e-10	-1.505964e+01	-5.407015e-02
1.174000e-05	-1.982754e-06	-1.134243e-10	-1.508347e+01	-9.461411e-02
1.175000e-05	-1.985826e-06	-1.131819e-10	-1.510684e+01	-1.343362e-01
1.176000e-05	-1.988849e-06	-1.139972e-10	-1.512984e+01	-1.730333e-01
1.177000e-05	-1.991819e-06	-1.153344e-10	-1.515243e+01	-2.105646e-01
1.178000e-05	-1.994728e-06	-1.155487e-10	-1.517456e+01	-2.468600e-01
1.179000e-05	-1.997586e-06	-1.149725e-10	-1.519630e+01	-2.819244e-01
1.180000e-05	-2.000399e-06	-1.121145e-10	-1.521770e+01	-3.158388e-01
1.181000e-05	-2.003142e-06	-1.088957e-10	-1.523857e+01	-3.487560e-01
1.182000e-05	-2.005818e-06	-1.092865e-10	-1.525893e+01	-3.808933e-01
1.183000e-05	-2.008447e-06	-1.145273e-10	-1.527893e+01	-4.125203e-01
1.184000e-05	-2.011037e-06	-1.215284e-10	-1.529863e+01	-4.439442e-01
1.185000e-05	-2.013578e-06	-1.277195e-10	-1.531796e+01	-4.754920e-01
1.186000e-05	-2.016059e-06	-1.337478e-10	-1.533684e+01	-5.074909e-01
1.187000e-05	-2.018489e-06	-1.370365e-10	-1.535532e+01	-5.402481e-01
1.188000e-05	-2.020884e-06	-1.369883e-10	-1.537354e+01	-5.740313e-01
1.189000e-05	-2.023224e-06	-1.343844e-10	-1.539134e+01	-6.090499e-01
1.190000e-05	-2.025506e-06	-1.333645e-10	-1.540870e+01	-6.454392e-01
1.191000e-05	-2.027754e-06	-1.361538e-10	-1.542580e+01	-6.832477e-01
1.192000e-05	-2.029952e-06	-1.399597e-10	-1.544252e+01	-7.224282e-01
1.193000e-05	-2.032097e-06	-1.435570e-10	-1.545884e+01	-7.628339e-01
1.194000e-05	-2.034185e-06	-1.473005e-10	-1.547472e+01	-8.042191e-01
1.195000e-05	-2.036225e-06	-1.517241e-10	-1.549025e+01	-8.462450e-01
1.196000e-05	-2.038211e-06	-1.527346e-10	-1.550535e+01	-8.884895e-01
1.197000e-05	-2.040125e-06	-1.486564e-10	-1.551992e+01	-9.304621e-01
1.198000e-05	-2.041990e-06	-1.430602e-10	-1.553410e+01	-9.716217e-01
1.199000e-05	-2.043808e-06	-1.409888e-10	-1.554793e+01	-1.011397e+00
1.200000e-05	-2.045592e-06	-1.411390e-10	-1.556150e+01	-1.049208e+00
1.201000e-05	-2.047324e-06	-1.416832e-10	-1.557468e+01	-1.084491e+00
1.202000e-05	-2.048987e-06	-1.445644e-10	-1.558733e+01	-1.116716e+00
1.203000e-05	-2.050603e-06	-1.520970e-10	-1.559963e+01	-1.145413e+00
1.204000e-05	-2.052188e-06	-1.583587e-10	-1.561168e+01	-1.170183e+00
1.205000e-05	-2.053729e-06	-1.583732e-10	-1.562340e+01	-1.190719e+00
1.206000e-05	-2.055219e-06	-1.548991e-10	-1.563474e+01	-1.206809e+00
1.207000e-05	-2.056648e-06	-1.498276e-10	-1.564561e+01	-1.218349e+00
1.208000e-05	-2.058011e-06	-1.474637e-10	-1.565598e+01	-1.225338e+00
1.209000e-05	-2.059321e-06	-1.440303e-10	-1.566594e+01	-1.227878e+00
1.210000e-05	-2.060567e-06	-1.401839e-10	-1.567542e+01	-1.226163e+00
1.211000e-05	-2.061747e-06	-1.429146e-10	-1.568440e+01	-1.220473e+00
1.212000e-05	-2.062850e-06	-1.476872e-10	-1.569278e+01	-1.211152e+00
1.213000e-05	-2.063878e-06	-1.506616e-10	-1.570061e+01	-1.198599e+00
1.214000e-05	-2.064874e-06	-1.488823e-10	-1.570819e+01	-1.183246e+00
1.215000e-05	-2.065833e-06	-1.411772e-10	-1.571548e+01	-1.165540e+00
1.216000e-05	-2.066730e-06	-1.357987e-10	-1.572231e+01	-1.145928e+00
1.217000e-05	-2.067568e-06	-1.331712e-10	-1.572868e+01	-1.124839e+00
1.218000e-05	-2.068372e-06	-1.218279e-10	-1.573480e+01	-1.102671e+00
1.219000e-05	-2.069132e-06	-9.015417e-11	-1.574058e+01	-1.079781e+00
1.220000e-05	-2.069801e-06	-1.238463e-10	-1.574567e+01	-1.056476e+00
1.221000e-05	-2.070389e-06	-2.814324e-10	-1.575014e+01	-1.033010e+00
1.222000e-05	-2.070986e-06	-2.658780e-10	-1.575468e+01	-1.009581e+00
1.223000e-05	-2.071604e-06	9.119302e-12	-1.575938e+01	-9.863334e-01
1.224000e-05	-2.072112e-06	1.238464e-10	-1.576325e+01	-9.633634e-01
1.225000e-05	-2.072473e-06	-1.091479e-10	-1.576599e+01	-9.407237e-01
1.226000e-05	-2.072822e-06	-2.691100e-10	-1.576865e+01	-9.184317e-01
1.227000e-05	-2.073219e-06	-9.716883e-11	-1.577167e+01	-8.964783e-01
1.228000e-05	-2.073527e-06	-8.284986e-11	-1.577401e+01	-8.748357e-01
1.229000e-05	-2.073709e-06	-2.528894e-10	-1.577540e+01	-8.534657e-01
1.230000e-05	-2.073847e-06	-1.987787e-10	-1.577644e+01	-8.323260e-01
1.231000e-05	-2.073980e-06	-8.577034e-11	-1.577746e+01	-8.113756e-01
1.232000e-05	-2.074058e-06	4.717847e-12	-1.577805e+01	-7.905776e-01
