# Temperatura_=_20.0
# Concentracion g/m^3_=_10000.0
# C_Vs_to_Am_M_A/Vsm_=_65563218390.804596
# pendiente_HvsI_1/m_=_3716.3
# ordenada_HvsI_A/m_=_1297.0
# frecuencia_Hz_=_300954.8842587978

Tiempo_(s)	Campo_(V.s)	Magnetizacion_(V.s)	Campo_(kA/m)	Magnetizacion_(A/m)
0.000000e+00	-5.491642e-06	-9.746462e-09	-3.826983e+01	-6.290702e+02
1.000000e-08	-5.490279e-06	-9.748057e-09	-3.826033e+01	-6.277110e+02
2.000000e-08	-5.486926e-06	-9.748191e-09	-3.823696e+01	-6.263520e+02
3.000000e-08	-5.481780e-06	-9.744192e-09	-3.820110e+01	-6.250001e+02
4.000000e-08	-5.474979e-06	-9.735210e-09	-3.815371e+01	-6.236617e+02
5.000000e-08	-5.466594e-06	-9.721701e-09	-3.809528e+01	-6.223423e+02
6.000000e-08	-5.456297e-06	-9.708627e-09	-3.802352e+01	-6.210466e+02
7.000000e-08	-5.443812e-06	-9.689583e-09	-3.793651e+01	-6.197784e+02
8.000000e-08	-5.429313e-06	-9.667919e-09	-3.783547e+01	-6.185410e+02
9.000000e-08	-5.412555e-06	-9.689590e-09	-3.771870e+01	-6.173366e+02
1.000000e-07	-5.393500e-06	-9.697482e-09	-3.758591e+01	-6.161666e+02
1.100000e-07	-5.372481e-06	-9.669418e-09	-3.743943e+01	-6.150316e+02
1.200000e-07	-5.349583e-06	-9.653234e-09	-3.727986e+01	-6.139315e+02
1.300000e-07	-5.325189e-06	-9.578144e-09	-3.710986e+01	-6.128651e+02
1.400000e-07	-5.299356e-06	-9.548189e-09	-3.692984e+01	-6.118307e+02
1.500000e-07	-5.271696e-06	-9.620301e-09	-3.673709e+01	-6.108253e+02
1.600000e-07	-5.242278e-06	-9.529991e-09	-3.653207e+01	-6.098457e+02
1.700000e-07	-5.211266e-06	-9.495290e-09	-3.631596e+01	-6.088874e+02
1.800000e-07	-5.178369e-06	-9.544496e-09	-3.608671e+01	-6.079453e+02
1.900000e-07	-5.143361e-06	-9.444542e-09	-3.584275e+01	-6.070136e+02
2.000000e-07	-5.106815e-06	-9.461266e-09	-3.558807e+01	-6.060857e+02
2.100000e-07	-5.068675e-06	-9.472211e-09	-3.532228e+01	-6.051543e+02
2.200000e-07	-5.028624e-06	-9.361270e-09	-3.504318e+01	-6.042114e+02
2.300000e-07	-4.986668e-06	-9.355396e-09	-3.475080e+01	-6.032483e+02
2.400000e-07	-4.942739e-06	-9.353344e-09	-3.444466e+01	-6.022558e+02
2.500000e-07	-4.897066e-06	-9.307778e-09	-3.412639e+01	-6.012239e+02
2.600000e-07	-4.849543e-06	-9.258415e-09	-3.379521e+01	-6.001424e+02
2.700000e-07	-4.799896e-06	-9.159963e-09	-3.344923e+01	-5.990002e+02
2.800000e-07	-4.748210e-06	-9.140928e-09	-3.308905e+01	-5.977860e+02
2.900000e-07	-4.694654e-06	-9.135630e-09	-3.271583e+01	-5.964878e+02
3.000000e-07	-4.639447e-06	-9.097841e-09	-3.233110e+01	-5.950934e+02
3.100000e-07	-4.582659e-06	-9.051463e-09	-3.193536e+01	-5.935904e+02
3.200000e-07	-4.524015e-06	-8.989176e-09	-3.152669e+01	-5.919657e+02
3.300000e-07	-4.463693e-06	-8.954885e-09	-3.110632e+01	-5.902063e+02
3.400000e-07	-4.401951e-06	-8.893535e-09	-3.067605e+01	-5.882988e+02
3.500000e-07	-4.338726e-06	-8.818628e-09	-3.023545e+01	-5.862298e+02
3.600000e-07	-4.274014e-06	-8.730473e-09	-2.978450e+01	-5.839857e+02
3.700000e-07	-4.207596e-06	-8.669654e-09	-2.932165e+01	-5.815528e+02
3.800000e-07	-4.139509e-06	-8.660057e-09	-2.884716e+01	-5.789175e+02
3.900000e-07	-4.069953e-06	-8.613019e-09	-2.836244e+01	-5.760662e+02
4.000000e-07	-3.998997e-06	-8.539101e-09	-2.786797e+01	-5.729855e+02
4.100000e-07	-3.926801e-06	-8.454594e-09	-2.736486e+01	-5.696621e+02
4.200000e-07	-3.853154e-06	-8.386676e-09	-2.685163e+01	-5.660827e+02
4.300000e-07	-3.777818e-06	-8.327886e-09	-2.632664e+01	-5.622347e+02
4.400000e-07	-3.700946e-06	-8.230008e-09	-2.579093e+01	-5.581054e+02
4.500000e-07	-3.622532e-06	-8.126078e-09	-2.524449e+01	-5.536826e+02
4.600000e-07	-3.542464e-06	-8.046289e-09	-2.468651e+01	-5.489545e+02
4.700000e-07	-3.461043e-06	-7.990059e-09	-2.411911e+01	-5.439099e+02
4.800000e-07	-3.378548e-06	-7.920966e-09	-2.354423e+01	-5.385378e+02
4.900000e-07	-3.294963e-06	-7.818609e-09	-2.296174e+01	-5.328281e+02
5.000000e-07	-3.210356e-06	-7.714262e-09	-2.237214e+01	-5.267709e+02
5.100000e-07	-3.124743e-06	-7.623856e-09	-2.177553e+01	-5.203573e+02
5.200000e-07	-3.038129e-06	-7.540168e-09	-2.117193e+01	-5.135787e+02
5.300000e-07	-2.950594e-06	-7.431554e-09	-2.056192e+01	-5.064275e+02
5.400000e-07	-2.862158e-06	-7.303189e-09	-1.994564e+01	-4.988968e+02
5.500000e-07	-2.772564e-06	-7.190345e-09	-1.932128e+01	-4.909802e+02
5.600000e-07	-2.681623e-06	-7.094028e-09	-1.868754e+01	-4.826725e+02
5.700000e-07	-2.589656e-06	-6.990146e-09	-1.804664e+01	-4.739691e+02
5.800000e-07	-2.496874e-06	-6.859252e-09	-1.740007e+01	-4.648662e+02
5.900000e-07	-2.403171e-06	-6.725320e-09	-1.674707e+01	-4.553610e+02
6.000000e-07	-2.308610e-06	-6.606754e-09	-1.608810e+01	-4.454517e+02
6.100000e-07	-2.213414e-06	-6.491867e-09	-1.542471e+01	-4.351372e+02
6.200000e-07	-2.117614e-06	-6.355248e-09	-1.475711e+01	-4.244174e+02
6.300000e-07	-2.021072e-06	-6.197815e-09	-1.408433e+01	-4.132932e+02
6.400000e-07	-1.923608e-06	-6.048148e-09	-1.340513e+01	-4.017665e+02
6.500000e-07	-1.825218e-06	-5.910549e-09	-1.271947e+01	-3.898401e+02
6.600000e-07	-1.726067e-06	-5.767643e-09	-1.202851e+01	-3.775176e+02
6.700000e-07	-1.626259e-06	-5.603139e-09	-1.133298e+01	-3.648039e+02
6.800000e-07	-1.525944e-06	-5.432451e-09	-1.063391e+01	-3.517046e+02
6.900000e-07	-1.425175e-06	-5.272944e-09	-9.931673e+00	-3.382263e+02
7.000000e-07	-1.323962e-06	-5.116256e-09	-9.226345e+00	-3.243767e+02
7.100000e-07	-1.222344e-06	-4.939363e-09	-8.518200e+00	-3.101643e+02
7.200000e-07	-1.120261e-06	-4.740178e-09	-7.806809e+00	-2.955985e+02
7.300000e-07	-1.017742e-06	-4.541114e-09	-7.092378e+00	-2.806897e+02
7.400000e-07	-9.148726e-07	-4.350286e-09	-6.375510e+00	-2.654491e+02
7.500000e-07	-8.117214e-07	-4.154359e-09	-5.656676e+00	-2.498889e+02
7.600000e-07	-7.083192e-07	-3.940289e-09	-4.936093e+00	-2.340219e+02
7.700000e-07	-6.046986e-07	-3.718794e-09	-4.213988e+00	-2.178619e+02
7.800000e-07	-5.009037e-07	-3.502861e-09	-3.490668e+00	-2.014235e+02
7.900000e-07	-3.969847e-07	-3.288226e-09	-2.766484e+00	-1.847218e+02
8.000000e-07	-2.929412e-07	-3.055675e-09	-2.041431e+00	-1.677729e+02
8.100000e-07	-1.887630e-07	-2.799627e-09	-1.315440e+00	-1.505933e+02
8.200000e-07	-8.452411e-08	-2.538246e-09	-5.890266e-01	-1.332005e+02
8.300000e-07	1.973193e-08	-2.280670e-09	1.375067e-01	-1.156121e+02
8.400000e-07	1.239536e-07	-2.016641e-09	8.638007e-01	-9.784671e+01
8.500000e-07	2.281612e-07	-1.732500e-09	1.589997e+00	-7.992310e+01
8.600000e-07	3.323777e-07	-1.434645e-09	2.316254e+00	-6.186067e+01
8.700000e-07	4.364625e-07	-1.136458e-09	3.041594e+00	-4.367915e+01
8.800000e-07	5.403323e-07	-8.391588e-10	3.765436e+00	-2.539865e+01
8.900000e-07	6.440157e-07	-5.309116e-10	4.487978e+00	-7.039585e+00
9.000000e-07	7.475225e-07	-2.042852e-10	5.209291e+00	1.137740e+01
9.100000e-07	8.508095e-07	1.310699e-10	5.929071e+00	2.983144e+01
9.200000e-07	9.538270e-07	4.657885e-10	6.646973e+00	4.830154e+01
9.300000e-07	1.056550e-06	8.046516e-10	7.362820e+00	6.676663e+01
9.400000e-07	1.158921e-06	1.157589e-09	8.076221e+00	8.520557e+01
9.500000e-07	1.260872e-06	1.519540e-09	8.786690e+00	1.035973e+02
9.600000e-07	1.362346e-06	1.877776e-09	9.493836e+00	1.219207e+02
9.700000e-07	1.463363e-06	2.225058e-09	1.019780e+01	1.401549e+02
9.800000e-07	1.563927e-06	2.567660e-09	1.089861e+01	1.582792e+02
9.900000e-07	1.664014e-06	2.913548e-09	1.159609e+01	1.762731e+02
1.000000e-06	1.763573e-06	3.257114e-09	1.228988e+01	1.941164e+02
1.010000e-06	1.862419e-06	3.588369e-09	1.297872e+01	2.117893e+02
1.020000e-06	1.960442e-06	3.905804e-09	1.366181e+01	2.292722e+02
1.030000e-06	2.057605e-06	4.217077e-09	1.433892e+01	2.465461e+02
1.040000e-06	2.153941e-06	4.522379e-09	1.501026e+01	2.635924e+02
1.050000e-06	2.249550e-06	4.811451e-09	1.567653e+01	2.803931e+02
1.060000e-06	2.344457e-06	5.078080e-09	1.633791e+01	2.969309e+02
1.070000e-06	2.438565e-06	5.327788e-09	1.699372e+01	3.131887e+02
1.080000e-06	2.531859e-06	5.568609e-09	1.764387e+01	3.291506e+02
1.090000e-06	2.624390e-06	5.801793e-09	1.828869e+01	3.448009e+02
1.100000e-06	2.716005e-06	6.023602e-09	1.892714e+01	3.601251e+02
1.110000e-06	2.806522e-06	6.231785e-09	1.955792e+01	3.751090e+02
1.120000e-06	2.895848e-06	6.432669e-09	2.018041e+01	3.897396e+02
1.130000e-06	2.984070e-06	6.628149e-09	2.079521e+01	4.040045e+02
1.140000e-06	3.071325e-06	6.812285e-09	2.140327e+01	4.178922e+02
1.150000e-06	3.157563e-06	6.979864e-09	2.200424e+01	4.313923e+02
1.160000e-06	3.242769e-06	7.135180e-09	2.259802e+01	4.444949e+02
1.170000e-06	3.326997e-06	7.285318e-09	2.318498e+01	4.571914e+02
1.180000e-06	3.410170e-06	7.432370e-09	2.376459e+01	4.694740e+02
1.190000e-06	3.492102e-06	7.570724e-09	2.433555e+01	4.813358e+02
1.200000e-06	3.572667e-06	7.696353e-09	2.489699e+01	4.927709e+02
1.210000e-06	3.651917e-06	7.817231e-09	2.544926e+01	5.037745e+02
1.220000e-06	3.729922e-06	7.938522e-09	2.599286e+01	5.143425e+02
1.230000e-06	3.806640e-06	8.056679e-09	2.652749e+01	5.244720e+02
1.240000e-06	3.881808e-06	8.163913e-09	2.705131e+01	5.341612e+02
1.250000e-06	3.955264e-06	8.260937e-09	2.756321e+01	5.434089e+02
1.260000e-06	4.027231e-06	8.354652e-09	2.806473e+01	5.522151e+02
1.270000e-06	4.097851e-06	8.448624e-09	2.855686e+01	5.605807e+02
1.280000e-06	4.167136e-06	8.536898e-09	2.903969e+01	5.685077e+02
1.290000e-06	4.235031e-06	8.615399e-09	2.951283e+01	5.759987e+02
1.300000e-06	4.301322e-06	8.690032e-09	2.997480e+01	5.830575e+02
1.310000e-06	4.365974e-06	8.764998e-09	3.042534e+01	5.896887e+02
1.320000e-06	4.429133e-06	8.837873e-09	3.086548e+01	5.958976e+02
1.330000e-06	4.490829e-06	8.903374e-09	3.129543e+01	6.016906e+02
1.340000e-06	4.551085e-06	8.963417e-09	3.171533e+01	6.070747e+02
1.350000e-06	4.609733e-06	9.024606e-09	3.212404e+01	6.120578e+02
1.360000e-06	4.666542e-06	9.085698e-09	3.251992e+01	6.166484e+02
1.370000e-06	4.721699e-06	9.140589e-09	3.290430e+01	6.208558e+02
1.380000e-06	4.775241e-06	9.188692e-09	3.327742e+01	6.246900e+02
1.390000e-06	4.826825e-06	9.233768e-09	3.363689e+01	6.281615e+02
1.400000e-06	4.876315e-06	9.279148e-09	3.398178e+01	6.312815e+02
1.410000e-06	4.923947e-06	9.322453e-09	3.431371e+01	6.340616e+02
1.420000e-06	4.969895e-06	9.361018e-09	3.463391e+01	6.365140e+02
1.430000e-06	5.014191e-06	9.398926e-09	3.494260e+01	6.386514e+02
1.440000e-06	5.056665e-06	9.437841e-09	3.523859e+01	6.404866e+02
1.450000e-06	5.097205e-06	9.475864e-09	3.552110e+01	6.420332e+02
1.460000e-06	5.136004e-06	9.510984e-09	3.579148e+01	6.433047e+02
1.470000e-06	5.173197e-06	9.541356e-09	3.605067e+01	6.443150e+02
1.480000e-06	5.208662e-06	9.567954e-09	3.629782e+01	6.450783e+02
1.490000e-06	5.242110e-06	9.593345e-09	3.653091e+01	6.456087e+02
1.500000e-06	5.273643e-06	9.616828e-09	3.675065e+01	6.459206e+02
1.510000e-06	5.303482e-06	9.637444e-09	3.695859e+01	6.460283e+02
1.520000e-06	5.331586e-06	9.654929e-09	3.715444e+01	6.459463e+02
1.530000e-06	5.357647e-06	9.671439e-09	3.733605e+01	6.456888e+02
1.540000e-06	5.381630e-06	9.689900e-09	3.750318e+01	6.452700e+02
1.550000e-06	5.403822e-06	9.709083e-09	3.765783e+01	6.447039e+02
1.560000e-06	5.424293e-06	9.727378e-09	3.780049e+01	6.440043e+02
1.570000e-06	5.442920e-06	9.742617e-09	3.793030e+01	6.431847e+02
1.580000e-06	5.459495e-06	9.753606e-09	3.804581e+01	6.422585e+02
1.590000e-06	5.474058e-06	9.761767e-09	3.814729e+01	6.412383e+02
1.600000e-06	5.486618e-06	9.767007e-09	3.823482e+01	6.401368e+02
1.610000e-06	5.496949e-06	9.768499e-09	3.830681e+01	6.389660e+02
1.620000e-06	5.505136e-06	9.769342e-09	3.836387e+01	6.377373e+02
1.630000e-06	5.511449e-06	9.774360e-09	3.840786e+01	6.364618e+02
1.640000e-06	5.515947e-06	9.782208e-09	3.843920e+01	6.351499e+02
1.650000e-06	5.518441e-06	9.789063e-09	3.845659e+01	6.338115e+02
1.660000e-06	5.518931e-06	9.792573e-09	3.846000e+01	6.324558e+02
1.670000e-06	5.517621e-06	9.789559e-09	3.845087e+01	6.310914e+02
1.680000e-06	5.514651e-06	9.785268e-09	3.843017e+01	6.297261e+02
1.690000e-06	5.509902e-06	9.778464e-09	3.839708e+01	6.283669e+02
1.700000e-06	5.503172e-06	9.768374e-09	3.835018e+01	6.270204e+02
1.710000e-06	5.494681e-06	9.757899e-09	3.829101e+01	6.256922e+02
1.720000e-06	5.484553e-06	9.752396e-09	3.822043e+01	6.243869e+02
1.730000e-06	5.472580e-06	9.763763e-09	3.813699e+01	6.231088e+02
1.740000e-06	5.458566e-06	9.749322e-09	3.803933e+01	6.218610e+02
1.750000e-06	5.442488e-06	9.694914e-09	3.792729e+01	6.206459e+02
1.760000e-06	5.423959e-06	9.684852e-09	3.779817e+01	6.194651e+02
1.770000e-06	5.402621e-06	9.671482e-09	3.764947e+01	6.183193e+02
1.780000e-06	5.379058e-06	9.700764e-09	3.748526e+01	6.172085e+02
1.790000e-06	5.354285e-06	9.722545e-09	3.731263e+01	6.161315e+02
1.800000e-06	5.328720e-06	9.589317e-09	3.713447e+01	6.150868e+02
1.810000e-06	5.301509e-06	9.618441e-09	3.694484e+01	6.140717e+02
1.820000e-06	5.271942e-06	9.646021e-09	3.673880e+01	6.130828e+02
1.830000e-06	5.240718e-06	9.534988e-09	3.652120e+01	6.121159e+02
1.840000e-06	5.207921e-06	9.614176e-09	3.629265e+01	6.111660e+02
1.850000e-06	5.173169e-06	9.571842e-09	3.605047e+01	6.102274e+02
1.860000e-06	5.136684e-06	9.446969e-09	3.579622e+01	6.092935e+02
1.870000e-06	5.098173e-06	9.549813e-09	3.552784e+01	6.083573e+02
1.880000e-06	5.057817e-06	9.487549e-09	3.524662e+01	6.074107e+02
1.890000e-06	5.015917e-06	9.384794e-09	3.495463e+01	6.064452e+02
1.900000e-06	4.972119e-06	9.376706e-09	3.464941e+01	6.054516e+02
1.910000e-06	4.926653e-06	9.292701e-09	3.433257e+01	6.044202e+02
1.920000e-06	4.879404e-06	9.355230e-09	3.400330e+01	6.033406e+02
1.930000e-06	4.830184e-06	9.310472e-09	3.366030e+01	6.022020e+02
1.940000e-06	4.779240e-06	9.206231e-09	3.330528e+01	6.009929e+02
1.950000e-06	4.726188e-06	9.211311e-09	3.293558e+01	5.997016e+02
1.960000e-06	4.671171e-06	9.131540e-09	3.255218e+01	5.983159e+02
1.970000e-06	4.614566e-06	9.114777e-09	3.215772e+01	5.968233e+02
1.980000e-06	4.556341e-06	9.045951e-09	3.175196e+01	5.952110e+02
1.990000e-06	4.496632e-06	8.976026e-09	3.133586e+01	5.934658e+02
2.000000e-06	4.435143e-06	8.959453e-09	3.090736e+01	5.915745e+02
2.010000e-06	4.372007e-06	8.885843e-09	3.046738e+01	5.895236e+02
2.020000e-06	4.307453e-06	8.883292e-09	3.001752e+01	5.872994e+02
2.030000e-06	4.241325e-06	8.772440e-09	2.955670e+01	5.848885e+02
2.040000e-06	4.173737e-06	8.684991e-09	2.908569e+01	5.822771e+02
2.050000e-06	4.104456e-06	8.656110e-09	2.860289e+01	5.794517e+02
2.060000e-06	4.033623e-06	8.581725e-09	2.810927e+01	5.763988e+02
2.070000e-06	3.961437e-06	8.540713e-09	2.760623e+01	5.731050e+02
2.080000e-06	3.887782e-06	8.420428e-09	2.709295e+01	5.695572e+02
2.090000e-06	3.812708e-06	8.366646e-09	2.656977e+01	5.657425e+02
2.100000e-06	3.735972e-06	8.312157e-09	2.603502e+01	5.616482e+02
2.110000e-06	3.657577e-06	8.230348e-09	2.548871e+01	5.572623e+02
2.120000e-06	3.577892e-06	8.146372e-09	2.493340e+01	5.525727e+02
2.130000e-06	3.497095e-06	8.021769e-09	2.437035e+01	5.475681e+02
2.140000e-06	3.415173e-06	7.963714e-09	2.379946e+01	5.422377e+02
2.150000e-06	3.332156e-06	7.877200e-09	2.322093e+01	5.365710e+02
2.160000e-06	3.247944e-06	7.790293e-09	2.263408e+01	5.305582e+02
2.170000e-06	3.162311e-06	7.675442e-09	2.203733e+01	5.241901e+02
2.180000e-06	3.075392e-06	7.567317e-09	2.143161e+01	5.174583e+02
2.190000e-06	2.987444e-06	7.491905e-09	2.081872e+01	5.103550e+02
2.200000e-06	2.898614e-06	7.383199e-09	2.019969e+01	5.028730e+02
2.210000e-06	2.808857e-06	7.268075e-09	1.957419e+01	4.950061e+02
2.220000e-06	2.718145e-06	7.130172e-09	1.894205e+01	4.867488e+02
2.230000e-06	2.626532e-06	7.028113e-09	1.830362e+01	4.780963e+02
2.240000e-06	2.533991e-06	6.926899e-09	1.765873e+01	4.690448e+02
2.250000e-06	2.440448e-06	6.804836e-09	1.700685e+01	4.595914e+02
2.260000e-06	2.345866e-06	6.666669e-09	1.634774e+01	4.497341e+02
2.270000e-06	2.250459e-06	6.527682e-09	1.568286e+01	4.394717e+02
2.280000e-06	2.154345e-06	6.410542e-09	1.501307e+01	4.288039e+02
2.290000e-06	2.057524e-06	6.274460e-09	1.433835e+01	4.177316e+02
2.300000e-06	1.960016e-06	6.120235e-09	1.365884e+01	4.062564e+02
2.310000e-06	1.861835e-06	5.954832e-09	1.297464e+01	3.943810e+02
2.320000e-06	1.763069e-06	5.807108e-09	1.228637e+01	3.821090e+02
2.330000e-06	1.663886e-06	5.663906e-09	1.159519e+01	3.694450e+02
2.340000e-06	1.564277e-06	5.501782e-09	1.090104e+01	3.563946e+02
2.350000e-06	1.463975e-06	5.324630e-09	1.020206e+01	3.429642e+02
2.360000e-06	1.362894e-06	5.148801e-09	9.497657e+00	3.291613e+02
2.370000e-06	1.261202e-06	4.985083e-09	8.788990e+00	3.149943e+02
2.380000e-06	1.159046e-06	4.809915e-09	8.077092e+00	3.004726e+02
2.390000e-06	1.056510e-06	4.614396e-09	7.362547e+00	2.856063e+02
2.400000e-06	9.535138e-07	4.406905e-09	6.644791e+00	2.704066e+02
2.410000e-06	8.500857e-07	4.208162e-09	5.924027e+00	2.548854e+02
2.420000e-06	7.463822e-07	4.012823e-09	5.201344e+00	2.390556e+02
2.430000e-06	6.424868e-07	3.800306e-09	4.477324e+00	2.229307e+02
2.440000e-06	5.384181e-07	3.571938e-09	3.752096e+00	2.065253e+02
2.450000e-06	4.341509e-07	3.341860e-09	3.025485e+00	1.898544e+02
2.460000e-06	3.297632e-07	3.117312e-09	2.298034e+00	1.729340e+02
2.470000e-06	2.253128e-07	2.882011e-09	1.570146e+00	1.557805e+02
2.480000e-06	1.207801e-07	2.622850e-09	8.416853e-01	1.384112e+02
2.490000e-06	1.618763e-08	2.349245e-09	1.128074e-01	1.208439e+02
2.500000e-06	-8.837493e-08	2.078770e-09	-6.158620e-01	1.030968e+02
2.510000e-06	-1.928345e-07	1.810693e-09	-1.343814e+00	8.518876e+01
2.520000e-06	-2.972147e-07	1.529890e-09	-2.071212e+00	6.713912e+01
2.530000e-06	-4.015094e-07	1.233077e-09	-2.798015e+00	4.896756e+01
2.540000e-06	-5.056765e-07	9.284806e-10	-3.523929e+00	3.069413e+01
2.550000e-06	-6.097107e-07	6.230785e-10	-4.248916e+00	1.233920e+01
2.560000e-06	-7.135450e-07	3.099045e-10	-4.972510e+00	-6.076614e+00
2.570000e-06	-8.171191e-07	-2.187519e-11	-5.694291e+00	-2.453248e+01
2.580000e-06	-9.203990e-07	-3.680918e-10	-6.414022e+00	-4.300741e+01
2.590000e-06	-1.023298e-06	-7.157634e-10	-7.131102e+00	-6.148034e+01
2.600000e-06	-1.125735e-06	-1.058866e-09	-7.844955e+00	-7.993014e+01
2.610000e-06	-1.227722e-06	-1.407985e-09	-8.555673e+00	-9.833570e+01
2.620000e-06	-1.329155e-06	-1.768069e-09	-9.262536e+00	-1.166760e+02
2.630000e-06	-1.429927e-06	-2.127370e-09	-9.964788e+00	-1.349300e+02
2.640000e-06	-1.530118e-06	-2.474920e-09	-1.066299e+01	-1.530772e+02
2.650000e-06	-1.629703e-06	-2.812115e-09	-1.135698e+01	-1.710968e+02
2.660000e-06	-1.728741e-06	-3.149328e-09	-1.204715e+01	-1.889687e+02
2.670000e-06	-1.827291e-06	-3.487557e-09	-1.273392e+01	-2.066729e+02
2.680000e-06	-1.925254e-06	-3.815969e-09	-1.341659e+01	-2.241899e+02
2.690000e-06	-2.022522e-06	-4.126629e-09	-1.409443e+01	-2.415006e+02
2.700000e-06	-2.119121e-06	-4.424211e-09	-1.476760e+01	-2.585864e+02
2.710000e-06	-2.215085e-06	-4.713956e-09	-1.543636e+01	-2.754292e+02
2.720000e-06	-2.310372e-06	-4.991940e-09	-1.610039e+01	-2.920114e+02
2.730000e-06	-2.404923e-06	-5.251606e-09	-1.675928e+01	-3.083161e+02
2.740000e-06	-2.498504e-06	-5.492652e-09	-1.741143e+01	-3.243270e+02
2.750000e-06	-2.590997e-06	-5.725085e-09	-1.805599e+01	-3.400286e+02
2.760000e-06	-2.682469e-06	-5.954572e-09	-1.869343e+01	-3.554060e+02
2.770000e-06	-2.772955e-06	-6.174645e-09	-1.932400e+01	-3.704452e+02
2.780000e-06	-2.862418e-06	-6.377224e-09	-1.994745e+01	-3.851329e+02
2.790000e-06	-2.950924e-06	-6.565676e-09	-2.056422e+01	-3.994565e+02
2.800000e-06	-3.038512e-06	-6.749842e-09	-2.117460e+01	-4.134047e+02
2.810000e-06	-3.125086e-06	-6.927598e-09	-2.177792e+01	-4.269666e+02
2.820000e-06	-3.210492e-06	-7.088640e-09	-2.237309e+01	-4.401324e+02
2.830000e-06	-3.294643e-06	-7.231814e-09	-2.295951e+01	-4.528932e+02
2.840000e-06	-3.377627e-06	-7.370015e-09	-2.353781e+01	-4.652412e+02
2.850000e-06	-3.459450e-06	-7.511396e-09	-2.410801e+01	-4.771693e+02
2.860000e-06	-3.540122e-06	-7.648791e-09	-2.467019e+01	-4.886716e+02
2.870000e-06	-3.619634e-06	-7.773070e-09	-2.522429e+01	-4.997429e+02
2.880000e-06	-3.697785e-06	-7.886308e-09	-2.576890e+01	-5.103791e+02
2.890000e-06	-3.774356e-06	-7.997544e-09	-2.630251e+01	-5.205773e+02
2.900000e-06	-3.849360e-06	-8.107005e-09	-2.682519e+01	-5.303353e+02
2.910000e-06	-3.922923e-06	-8.209555e-09	-2.733783e+01	-5.396519e+02
2.920000e-06	-3.995139e-06	-8.302741e-09	-2.784109e+01	-5.485270e+02
2.930000e-06	-4.065998e-06	-8.391554e-09	-2.833488e+01	-5.569613e+02
2.940000e-06	-4.135264e-06	-8.480643e-09	-2.881759e+01	-5.649566e+02
2.950000e-06	-4.202935e-06	-8.565972e-09	-2.928916e+01	-5.725155e+02
2.960000e-06	-4.269159e-06	-8.642532e-09	-2.975066e+01	-5.796416e+02
2.970000e-06	-4.333969e-06	-8.714144e-09	-3.020230e+01	-5.863394e+02
2.980000e-06	-4.397366e-06	-8.785413e-09	-3.064410e+01	-5.926141e+02
2.990000e-06	-4.459109e-06	-8.854783e-09	-3.107438e+01	-5.984720e+02
3.000000e-06	-4.519065e-06	-8.919690e-09	-3.149219e+01	-6.039199e+02
3.010000e-06	-4.577436e-06	-8.978183e-09	-3.189896e+01	-6.089655e+02
3.020000e-06	-4.634302e-06	-9.033510e-09	-3.229525e+01	-6.136175e+02
3.030000e-06	-4.689568e-06	-9.089244e-09	-3.268038e+01	-6.178849e+02
3.040000e-06	-4.743029e-06	-9.143781e-09	-3.305294e+01	-6.217776e+02
3.050000e-06	-4.794469e-06	-9.193496e-09	-3.341141e+01	-6.253061e+02
3.060000e-06	-4.843933e-06	-9.238256e-09	-3.375611e+01	-6.284814e+02
3.070000e-06	-4.891412e-06	-9.282859e-09	-3.408698e+01	-6.313152e+02
3.080000e-06	-4.937032e-06	-9.326635e-09	-3.440490e+01	-6.338195e+02
3.090000e-06	-4.981120e-06	-9.366578e-09	-3.471213e+01	-6.360069e+02
3.100000e-06	-5.023712e-06	-9.402712e-09	-3.500895e+01	-6.378903e+02
3.110000e-06	-5.064736e-06	-9.437646e-09	-3.529483e+01	-6.394831e+02
3.120000e-06	-5.104096e-06	-9.471025e-09	-3.556912e+01	-6.407989e+02
3.130000e-06	-5.141518e-06	-9.503787e-09	-3.582991e+01	-6.418515e+02
3.140000e-06	-5.176953e-06	-9.534982e-09	-3.607684e+01	-6.426550e+02
3.150000e-06	-5.210623e-06	-9.561334e-09	-3.631148e+01	-6.432237e+02
3.160000e-06	-5.242565e-06	-9.585882e-09	-3.653408e+01	-6.435717e+02
3.170000e-06	-5.272561e-06	-9.608802e-09	-3.674311e+01	-6.437136e+02
3.180000e-06	-5.300562e-06	-9.628256e-09	-3.693824e+01	-6.436637e+02
3.190000e-06	-5.326790e-06	-9.644864e-09	-3.712102e+01	-6.434362e+02
3.200000e-06	-5.351285e-06	-9.661245e-09	-3.729172e+01	-6.430454e+02
3.210000e-06	-5.373883e-06	-9.678295e-09	-3.744920e+01	-6.425053e+02
3.220000e-06	-5.394453e-06	-9.695711e-09	-3.759255e+01	-6.418298e+02
3.230000e-06	-5.413121e-06	-9.711253e-09	-3.772264e+01	-6.410324e+02
3.240000e-06	-5.430009e-06	-9.724859e-09	-3.784032e+01	-6.401264e+02
3.250000e-06	-5.444944e-06	-9.735693e-09	-3.794441e+01	-6.391247e+02
3.260000e-06	-5.457634e-06	-9.743577e-09	-3.803283e+01	-6.380399e+02
3.270000e-06	-5.468109e-06	-9.747653e-09	-3.810584e+01	-6.368840e+02
3.280000e-06	-5.476681e-06	-9.748875e-09	-3.816557e+01	-6.356688e+02
3.290000e-06	-5.483377e-06	-9.751939e-09	-3.821223e+01	-6.344051e+02
3.300000e-06	-5.488004e-06	-9.755967e-09	-3.824448e+01	-6.331037e+02
3.310000e-06	-5.490726e-06	-9.755629e-09	-3.826345e+01	-6.317743e+02
3.320000e-06	-5.491744e-06	-9.750816e-09	-3.827054e+01	-6.304264e+02
