# Temperatura_=_20.0
# Concentracion g/m^3_=_10000.0
# C_Vs_to_Am_M_A/Vsm_=_65563218390.804596
# pendiente_HvsI_1/m_=_3716.3
# ordenada_HvsI_A/m_=_1297.0
# frecuencia_Hz_=_300952.9341217673

Tiempo_(s)	Campo_(V.s)	Magnetizacion_(V.s)	Campo_(kA/m)	Magnetizacion_(A/m)
0.000000e+00	-5.474752e-06	-9.722677e-09	-3.827088e+01	-6.273985e+02
1.000000e-08	-5.473368e-06	-9.721066e-09	-3.826120e+01	-6.260316e+02
2.000000e-08	-5.470043e-06	-9.722519e-09	-3.823796e+01	-6.246618e+02
3.000000e-08	-5.464946e-06	-9.719581e-09	-3.820233e+01	-6.232961e+02
4.000000e-08	-5.458214e-06	-9.711389e-09	-3.815527e+01	-6.219410e+02
5.000000e-08	-5.449828e-06	-9.702414e-09	-3.809665e+01	-6.206022e+02
6.000000e-08	-5.439509e-06	-9.695705e-09	-3.802451e+01	-6.192844e+02
7.000000e-08	-5.427131e-06	-9.685768e-09	-3.793798e+01	-6.179919e+02
8.000000e-08	-5.412782e-06	-9.679134e-09	-3.783768e+01	-6.167279e+02
9.000000e-08	-5.396197e-06	-9.657881e-09	-3.772174e+01	-6.154949e+02
1.000000e-07	-5.377301e-06	-9.631752e-09	-3.758965e+01	-6.142944e+02
1.100000e-07	-5.356385e-06	-9.636112e-09	-3.744344e+01	-6.131274e+02
1.200000e-07	-5.333582e-06	-9.616581e-09	-3.728403e+01	-6.119938e+02
1.300000e-07	-5.309187e-06	-9.575796e-09	-3.711350e+01	-6.108928e+02
1.400000e-07	-5.283361e-06	-9.595284e-09	-3.693297e+01	-6.098228e+02
1.500000e-07	-5.255832e-06	-9.532952e-09	-3.674053e+01	-6.087811e+02
1.600000e-07	-5.226575e-06	-9.517754e-09	-3.653601e+01	-6.077647e+02
1.700000e-07	-5.195665e-06	-9.563722e-09	-3.631994e+01	-6.067693e+02
1.800000e-07	-5.162822e-06	-9.463519e-09	-3.609035e+01	-6.057902e+02
1.900000e-07	-5.127963e-06	-9.441210e-09	-3.584667e+01	-6.048217e+02
2.000000e-07	-5.091536e-06	-9.442435e-09	-3.559203e+01	-6.038576e+02
2.100000e-07	-5.053529e-06	-9.364323e-09	-3.532635e+01	-6.028907e+02
2.200000e-07	-5.013699e-06	-9.378784e-09	-3.504791e+01	-6.019133e+02
2.300000e-07	-4.971976e-06	-9.354877e-09	-3.475625e+01	-6.009170e+02
2.400000e-07	-4.928299e-06	-9.303340e-09	-3.445093e+01	-5.998928e+02
2.500000e-07	-4.882770e-06	-9.310261e-09	-3.413266e+01	-5.988310e+02
2.600000e-07	-4.835399e-06	-9.211571e-09	-3.380152e+01	-5.977216e+02
2.700000e-07	-4.786023e-06	-9.154181e-09	-3.345636e+01	-5.965537e+02
2.800000e-07	-4.734563e-06	-9.138518e-09	-3.309663e+01	-5.953162e+02
2.900000e-07	-4.681181e-06	-9.073800e-09	-3.272347e+01	-5.939975e+02
3.000000e-07	-4.626161e-06	-9.036625e-09	-3.233886e+01	-5.925856e+02
3.100000e-07	-4.569515e-06	-9.023201e-09	-3.194288e+01	-5.910680e+02
3.200000e-07	-4.511039e-06	-8.973407e-09	-3.153410e+01	-5.894322e+02
3.300000e-07	-4.450870e-06	-8.899350e-09	-3.111350e+01	-5.876652e+02
3.400000e-07	-4.389269e-06	-8.862342e-09	-3.068288e+01	-5.857539e+02
3.500000e-07	-4.326260e-06	-8.787972e-09	-3.024242e+01	-5.836849e+02
3.600000e-07	-4.261753e-06	-8.700959e-09	-2.979149e+01	-5.814448e+02
3.700000e-07	-4.195557e-06	-8.671578e-09	-2.932875e+01	-5.790201e+02
3.800000e-07	-4.127671e-06	-8.614568e-09	-2.885420e+01	-5.763974e+02
3.900000e-07	-4.058301e-06	-8.555177e-09	-2.836927e+01	-5.735633e+02
4.000000e-07	-3.987554e-06	-8.514309e-09	-2.787472e+01	-5.705042e+02
4.100000e-07	-3.915494e-06	-8.434230e-09	-2.737099e+01	-5.672071e+02
4.200000e-07	-3.842064e-06	-8.362578e-09	-2.685768e+01	-5.636589e+02
4.300000e-07	-3.767104e-06	-8.281436e-09	-2.633368e+01	-5.598469e+02
4.400000e-07	-3.690520e-06	-8.191515e-09	-2.579832e+01	-5.557584e+02
4.500000e-07	-3.612359e-06	-8.106548e-09	-2.525195e+01	-5.513815e+02
4.600000e-07	-3.532602e-06	-8.030127e-09	-2.469441e+01	-5.467043e+02
4.700000e-07	-3.451423e-06	-7.959413e-09	-2.412693e+01	-5.417154e+02
4.800000e-07	-3.369098e-06	-7.879327e-09	-2.355145e+01	-5.364042e+02
4.900000e-07	-3.285720e-06	-7.799730e-09	-2.296860e+01	-5.307602e+02
5.000000e-07	-3.201338e-06	-7.698819e-09	-2.237873e+01	-5.247738e+02
5.100000e-07	-3.115950e-06	-7.598896e-09	-2.178183e+01	-5.184357e+02
5.200000e-07	-3.029560e-06	-7.496486e-09	-2.117793e+01	-5.117376e+02
5.300000e-07	-2.942267e-06	-7.386341e-09	-2.056771e+01	-5.046716e+02
5.400000e-07	-2.854052e-06	-7.282544e-09	-1.995105e+01	-4.972307e+02
5.500000e-07	-2.764626e-06	-7.183604e-09	-1.932592e+01	-4.894086e+02
5.600000e-07	-2.673956e-06	-7.084312e-09	-1.869211e+01	-4.811997e+02
5.700000e-07	-2.582252e-06	-6.971195e-09	-1.805105e+01	-4.725994e+02
5.800000e-07	-2.489651e-06	-6.851332e-09	-1.740373e+01	-4.636038e+02
5.900000e-07	-2.396226e-06	-6.722047e-09	-1.675065e+01	-4.542099e+02
6.000000e-07	-2.302028e-06	-6.590336e-09	-1.609217e+01	-4.444156e+02
6.100000e-07	-2.207092e-06	-6.456489e-09	-1.542852e+01	-4.342198e+02
6.200000e-07	-2.111438e-06	-6.319020e-09	-1.475986e+01	-4.236221e+02
6.300000e-07	-2.015084e-06	-6.183070e-09	-1.408631e+01	-4.126233e+02
6.400000e-07	-1.918054e-06	-6.047017e-09	-1.340802e+01	-4.012248e+02
6.500000e-07	-1.820216e-06	-5.906543e-09	-1.272410e+01	-3.894294e+02
6.600000e-07	-1.721444e-06	-5.757153e-09	-1.203364e+01	-3.772405e+02
6.700000e-07	-1.621901e-06	-5.598269e-09	-1.133779e+01	-3.646626e+02
6.800000e-07	-1.521799e-06	-5.433273e-09	-1.063803e+01	-3.517011e+02
6.900000e-07	-1.421244e-06	-5.268299e-09	-9.935106e+00	-3.383625e+02
7.000000e-07	-1.320344e-06	-5.096730e-09	-9.229777e+00	-3.246539e+02
7.100000e-07	-1.219051e-06	-4.916616e-09	-8.521691e+00	-3.105837e+02
7.200000e-07	-1.117264e-06	-4.731263e-09	-7.810156e+00	-2.961611e+02
7.300000e-07	-1.015087e-06	-4.543991e-09	-7.095899e+00	-2.813961e+02
7.400000e-07	-9.125853e-07	-4.353256e-09	-6.379364e+00	-2.662997e+02
7.500000e-07	-8.097289e-07	-4.153559e-09	-5.660354e+00	-2.508837e+02
7.600000e-07	-7.065312e-07	-3.945714e-09	-4.938957e+00	-2.351607e+02
7.700000e-07	-6.030525e-07	-3.731802e-09	-4.215597e+00	-2.191441e+02
7.800000e-07	-4.993673e-07	-3.514006e-09	-3.490792e+00	-2.028483e+02
7.900000e-07	-3.955730e-07	-3.288848e-09	-2.765226e+00	-1.862882e+02
8.000000e-07	-2.916993e-07	-3.052281e-09	-2.039104e+00	-1.694794e+02
8.100000e-07	-1.876902e-07	-2.804159e-09	-1.312036e+00	-1.524384e+02
8.200000e-07	-8.358460e-08	-2.551425e-09	-5.842924e-01	-1.351821e+02
8.300000e-07	2.053669e-08	-2.295663e-09	1.435603e-01	-1.177281e+02
8.400000e-07	1.246488e-07	-2.031939e-09	8.713487e-01	-1.000945e+02
8.500000e-07	2.287322e-07	-1.756221e-09	1.598936e+00	-8.230002e+01
8.600000e-07	3.327365e-07	-1.468943e-09	2.325971e+00	-6.436367e+01
8.700000e-07	4.365974e-07	-1.175464e-09	3.052004e+00	-4.630499e+01
8.800000e-07	5.402835e-07	-8.747201e-10	3.776814e+00	-2.814385e+01
8.900000e-07	6.437716e-07	-5.636667e-10	4.500241e+00	-9.900413e+00
9.000000e-07	7.470668e-07	-2.402533e-10	5.222319e+00	8.404872e+00
9.100000e-07	8.501001e-07	8.949663e-11	5.942566e+00	2.675136e+01
9.200000e-07	9.527937e-07	4.225235e-10	6.660439e+00	4.511826e+01
9.300000e-07	1.055158e-06	7.596923e-10	7.376011e+00	6.348465e+01
9.400000e-07	1.157157e-06	1.104280e-09	8.089023e+00	8.182960e+01
9.500000e-07	1.258751e-06	1.454884e-09	8.799211e+00	1.001322e+02
9.600000e-07	1.359914e-06	1.804449e-09	9.506385e+00	1.183714e+02
9.700000e-07	1.460665e-06	2.151003e-09	1.021068e+01	1.365266e+02
9.800000e-07	1.561056e-06	2.496504e-09	1.091245e+01	1.545772e+02
9.900000e-07	1.660990e-06	2.844475e-09	1.161104e+01	1.725027e+02
1.000000e-06	1.760190e-06	3.188028e-09	1.230449e+01	1.902830e+02
1.010000e-06	1.858457e-06	3.520137e-09	1.299142e+01	2.078984e+02
1.020000e-06	1.955877e-06	3.840548e-09	1.367242e+01	2.253294e+02
1.030000e-06	2.052619e-06	4.150591e-09	1.434869e+01	2.425570e+02
1.040000e-06	2.148704e-06	4.449120e-09	1.502037e+01	2.595627e+02
1.050000e-06	2.244016e-06	4.731662e-09	1.568664e+01	2.763285e+02
1.060000e-06	2.338538e-06	4.998909e-09	1.634739e+01	2.928368e+02
1.070000e-06	2.432273e-06	5.253925e-09	1.700263e+01	3.090710e+02
1.080000e-06	2.525244e-06	5.501224e-09	1.765255e+01	3.250146e+02
1.090000e-06	2.617550e-06	5.738245e-09	1.829780e+01	3.406524e+02
1.100000e-06	2.708937e-06	5.965218e-09	1.893663e+01	3.559693e+02
1.110000e-06	2.799106e-06	6.181523e-09	1.956696e+01	3.709515e+02
1.120000e-06	2.888111e-06	6.387014e-09	2.018914e+01	3.855856e+02
1.130000e-06	2.976157e-06	6.579410e-09	2.080462e+01	3.998592e+02
1.140000e-06	3.063246e-06	6.757360e-09	2.141341e+01	4.137607e+02
1.150000e-06	3.149283e-06	6.926004e-09	2.201484e+01	4.272794e+02
1.160000e-06	3.234291e-06	7.085988e-09	2.260909e+01	4.404055e+02
1.170000e-06	3.318317e-06	7.240114e-09	2.319647e+01	4.531301e+02
1.180000e-06	3.401208e-06	7.388024e-09	2.377591e+01	4.654452e+02
1.190000e-06	3.482811e-06	7.529224e-09	2.434635e+01	4.773437e+02
1.200000e-06	3.563114e-06	7.662316e-09	2.490771e+01	4.888197e+02
1.210000e-06	3.642122e-06	7.788938e-09	2.546000e+01	4.998679e+02
1.220000e-06	3.719857e-06	7.909137e-09	2.600340e+01	5.104842e+02
1.230000e-06	3.796255e-06	8.021653e-09	2.653746e+01	5.206655e+02
1.240000e-06	3.871113e-06	8.125753e-09	2.706075e+01	5.304095e+02
1.250000e-06	3.944361e-06	8.223280e-09	2.757278e+01	5.397151e+02
1.260000e-06	4.016138e-06	8.316762e-09	2.807454e+01	5.485819e+02
1.270000e-06	4.086498e-06	8.407578e-09	2.856638e+01	5.570105e+02
1.280000e-06	4.155514e-06	8.494931e-09	2.904883e+01	5.650027e+02
1.290000e-06	4.223136e-06	8.578295e-09	2.952154e+01	5.725609e+02
1.300000e-06	4.289129e-06	8.658893e-09	2.998286e+01	5.796885e+02
1.310000e-06	4.353464e-06	8.734873e-09	3.043259e+01	5.863899e+02
1.320000e-06	4.416358e-06	8.806328e-09	3.087224e+01	5.926703e+02
1.330000e-06	4.477887e-06	8.871156e-09	3.130236e+01	5.985356e+02
1.340000e-06	4.537983e-06	8.931684e-09	3.172246e+01	6.039926e+02
1.350000e-06	4.596396e-06	8.991320e-09	3.213079e+01	6.090490e+02
1.360000e-06	4.653025e-06	9.047280e-09	3.252665e+01	6.137130e+02
1.370000e-06	4.708007e-06	9.098624e-09	3.291100e+01	6.179936e+02
1.380000e-06	4.761260e-06	9.148432e-09	3.328326e+01	6.219007e+02
1.390000e-06	4.812520e-06	9.198594e-09	3.364159e+01	6.254444e+02
1.400000e-06	4.861675e-06	9.247263e-09	3.398520e+01	6.286356e+02
1.410000e-06	4.908970e-06	9.291558e-09	3.431582e+01	6.314859e+02
1.420000e-06	4.954705e-06	9.331641e-09	3.463552e+01	6.340071e+02
1.430000e-06	4.998855e-06	9.371530e-09	3.494415e+01	6.362117e+02
1.440000e-06	5.041142e-06	9.410787e-09	3.523975e+01	6.381124e+02
1.450000e-06	5.081544e-06	9.445083e-09	3.552218e+01	6.397223e+02
1.460000e-06	5.120269e-06	9.473814e-09	3.579289e+01	6.410551e+02
1.470000e-06	5.157358e-06	9.500166e-09	3.605215e+01	6.421242e+02
1.480000e-06	5.192629e-06	9.527758e-09	3.629872e+01	6.429438e+02
1.490000e-06	5.225890e-06	9.555843e-09	3.653122e+01	6.435278e+02
1.500000e-06	5.257310e-06	9.581475e-09	3.675086e+01	6.438904e+02
1.510000e-06	5.287097e-06	9.604774e-09	3.695908e+01	6.440459e+02
1.520000e-06	5.315105e-06	9.628073e-09	3.715487e+01	6.440085e+02
1.530000e-06	5.341062e-06	9.650295e-09	3.733632e+01	6.437924e+02
1.540000e-06	5.365001e-06	9.666863e-09	3.750367e+01	6.434116e+02
1.550000e-06	5.387151e-06	9.677797e-09	3.765851e+01	6.428802e+02
1.560000e-06	5.407580e-06	9.687769e-09	3.780131e+01	6.422117e+02
1.570000e-06	5.426147e-06	9.698453e-09	3.793110e+01	6.414198e+02
1.580000e-06	5.442667e-06	9.708389e-09	3.804659e+01	6.405177e+02
1.590000e-06	5.457158e-06	9.718213e-09	3.814788e+01	6.395180e+02
1.600000e-06	5.469572e-06	9.729189e-09	3.823466e+01	6.384334e+02
1.610000e-06	5.479800e-06	9.740932e-09	3.830617e+01	6.372759e+02
1.620000e-06	5.487955e-06	9.751506e-09	3.836317e+01	6.360570e+02
1.630000e-06	5.494250e-06	9.757859e-09	3.840717e+01	6.347877e+02
1.640000e-06	5.498731e-06	9.758780e-09	3.843850e+01	6.334786e+02
1.650000e-06	5.501262e-06	9.756143e-09	3.845619e+01	6.321395e+02
1.660000e-06	5.501807e-06	9.750262e-09	3.846000e+01	6.307798e+02
1.670000e-06	5.500517e-06	9.746335e-09	3.845098e+01	6.294081e+02
1.680000e-06	5.497566e-06	9.745602e-09	3.843036e+01	6.280324e+02
1.690000e-06	5.492837e-06	9.743407e-09	3.839730e+01	6.266598e+02
1.700000e-06	5.486143e-06	9.741588e-09	3.835051e+01	6.252970e+02
1.710000e-06	5.477663e-06	9.738848e-09	3.829122e+01	6.239497e+02
1.720000e-06	5.467526e-06	9.734365e-09	3.822036e+01	6.226228e+02
1.730000e-06	5.455520e-06	9.726156e-09	3.813643e+01	6.213206e+02
1.740000e-06	5.441511e-06	9.697853e-09	3.803851e+01	6.200465e+02
1.750000e-06	5.425476e-06	9.708966e-09	3.792642e+01	6.188031e+02
1.760000e-06	5.407004e-06	9.682579e-09	3.779728e+01	6.175921e+02
1.770000e-06	5.385786e-06	9.649594e-09	3.764896e+01	6.164144e+02
1.780000e-06	5.362356e-06	9.663247e-09	3.748518e+01	6.152702e+02
1.790000e-06	5.337743e-06	9.596191e-09	3.731312e+01	6.141588e+02
1.800000e-06	5.312267e-06	9.622928e-09	3.713504e+01	6.130785e+02
1.810000e-06	5.285090e-06	9.637524e-09	3.694506e+01	6.120272e+02
1.820000e-06	5.255664e-06	9.518771e-09	3.673936e+01	6.110015e+02
1.830000e-06	5.224543e-06	9.578337e-09	3.652181e+01	6.099975e+02
1.840000e-06	5.191805e-06	9.566033e-09	3.629295e+01	6.090106e+02
1.850000e-06	5.157190e-06	9.458600e-09	3.605098e+01	6.080351e+02
1.860000e-06	5.120815e-06	9.528274e-09	3.579670e+01	6.070649e+02
1.870000e-06	5.082487e-06	9.458466e-09	3.552878e+01	6.060930e+02
1.880000e-06	5.042315e-06	9.373297e-09	3.524795e+01	6.051118e+02
1.890000e-06	5.000523e-06	9.376589e-09	3.495581e+01	6.041128e+02
1.900000e-06	4.956943e-06	9.271330e-09	3.465117e+01	6.030874e+02
1.910000e-06	4.911592e-06	9.317488e-09	3.433414e+01	6.020257e+02
1.920000e-06	4.864464e-06	9.317380e-09	3.400470e+01	6.009179e+02
1.930000e-06	4.815476e-06	9.199645e-09	3.366225e+01	5.997531e+02
1.940000e-06	4.764644e-06	9.229435e-09	3.330692e+01	5.985204e+02
1.950000e-06	4.711788e-06	9.152129e-09	3.293743e+01	5.972082e+02
1.960000e-06	4.657002e-06	9.069285e-09	3.255445e+01	5.958045e+02
1.970000e-06	4.600544e-06	9.026673e-09	3.215979e+01	5.942970e+02
1.980000e-06	4.542512e-06	8.980208e-09	3.175412e+01	5.926730e+02
1.990000e-06	4.482949e-06	8.968459e-09	3.133775e+01	5.909197e+02
2.000000e-06	4.421649e-06	8.895946e-09	3.090923e+01	5.890239e+02
2.010000e-06	4.358695e-06	8.887302e-09	3.046916e+01	5.869723e+02
2.020000e-06	4.294298e-06	8.800989e-09	3.001900e+01	5.847517e+02
2.030000e-06	4.228398e-06	8.718281e-09	2.955832e+01	5.823484e+02
2.040000e-06	4.160958e-06	8.687702e-09	2.908689e+01	5.797489e+02
2.050000e-06	4.091894e-06	8.579239e-09	2.860410e+01	5.769399e+02
2.060000e-06	4.021292e-06	8.541920e-09	2.811057e+01	5.739080e+02
2.070000e-06	3.949266e-06	8.453220e-09	2.760707e+01	5.706399e+02
2.080000e-06	3.875840e-06	8.390534e-09	2.709379e+01	5.671225e+02
2.090000e-06	3.801003e-06	8.346752e-09	2.657065e+01	5.633430e+02
2.100000e-06	3.724512e-06	8.255588e-09	2.603594e+01	5.592889e+02
2.110000e-06	3.646415e-06	8.198979e-09	2.549001e+01	5.549481e+02
2.120000e-06	3.566990e-06	8.096120e-09	2.493480e+01	5.503086e+02
2.130000e-06	3.486386e-06	8.016057e-09	2.437134e+01	5.453591e+02
2.140000e-06	3.404660e-06	7.920575e-09	2.380004e+01	5.400887e+02
2.150000e-06	3.321835e-06	7.830144e-09	2.322106e+01	5.344870e+02
2.160000e-06	3.237800e-06	7.743794e-09	2.263361e+01	5.285442e+02
2.170000e-06	3.152440e-06	7.640859e-09	2.203692e+01	5.222511e+02
2.180000e-06	3.065846e-06	7.566062e-09	2.143158e+01	5.155991e+02
2.190000e-06	2.978171e-06	7.456432e-09	2.081870e+01	5.085802e+02
2.200000e-06	2.889537e-06	7.348116e-09	2.019911e+01	5.011874e+02
2.210000e-06	2.799992e-06	7.229736e-09	1.957315e+01	4.934143e+02
2.220000e-06	2.709516e-06	7.116323e-09	1.894068e+01	4.852551e+02
2.230000e-06	2.618147e-06	7.008294e-09	1.830198e+01	4.767051e+02
2.240000e-06	2.525941e-06	6.889255e-09	1.765742e+01	4.677603e+02
2.250000e-06	2.432716e-06	6.773603e-09	1.700573e+01	4.584176e+02
2.260000e-06	2.338434e-06	6.645828e-09	1.634666e+01	4.486748e+02
2.270000e-06	2.243280e-06	6.527189e-09	1.568150e+01	4.385305e+02
2.280000e-06	2.147396e-06	6.394771e-09	1.501122e+01	4.279843e+02
2.290000e-06	2.050864e-06	6.250100e-09	1.433642e+01	4.170368e+02
2.300000e-06	1.953649e-06	6.100169e-09	1.365685e+01	4.056895e+02
2.310000e-06	1.855737e-06	5.951830e-09	1.297240e+01	3.939447e+02
2.320000e-06	1.757210e-06	5.808825e-09	1.228366e+01	3.818059e+02
2.330000e-06	1.658194e-06	5.654936e-09	1.159149e+01	3.692774e+02
2.340000e-06	1.558758e-06	5.492855e-09	1.089639e+01	3.563645e+02
2.350000e-06	1.458808e-06	5.324201e-09	1.019770e+01	3.430735e+02
2.360000e-06	1.358248e-06	5.157259e-09	9.494741e+00	3.294114e+02
2.370000e-06	1.257016e-06	4.981046e-09	8.787083e+00	3.153865e+02
2.380000e-06	1.155215e-06	4.794728e-09	8.075447e+00	3.010078e+02
2.390000e-06	1.052920e-06	4.605311e-09	7.360364e+00	2.862852e+02
2.400000e-06	9.501215e-07	4.415310e-09	6.641759e+00	2.712296e+02
2.410000e-06	8.469372e-07	4.226938e-09	5.920456e+00	2.558526e+02
2.420000e-06	7.435187e-07	4.026851e-09	5.197516e+00	2.401668e+02
2.430000e-06	6.400031e-07	3.812130e-09	4.473898e+00	2.241855e+02
2.440000e-06	5.363526e-07	3.590700e-09	3.749336e+00	2.079228e+02
2.450000e-06	4.324846e-07	3.367942e-09	3.023254e+00	1.913936e+02
2.460000e-06	3.284393e-07	3.139881e-09	2.295932e+00	1.746135e+02
2.470000e-06	2.242904e-07	2.896172e-09	1.567886e+00	1.575988e+02
2.480000e-06	1.200627e-07	2.638113e-09	8.392903e-01	1.403663e+02
2.490000e-06	1.577776e-08	2.376907e-09	1.102933e-01	1.229336e+02
2.500000e-06	-8.846195e-08	2.114961e-09	-6.183871e-01	1.053187e+02
2.510000e-06	-1.926011e-07	1.844384e-09	-1.346365e+00	8.754019e+01
2.520000e-06	-2.966911e-07	1.564279e-09	-2.073999e+00	6.961706e+01
2.530000e-06	-4.006982e-07	1.276887e-09	-2.801053e+00	5.156880e+01
2.540000e-06	-5.045496e-07	9.826422e-10	-3.527019e+00	3.341520e+01
2.550000e-06	-6.082164e-07	6.777962e-10	-4.251695e+00	1.517642e+01
2.560000e-06	-7.117213e-07	3.564424e-10	-4.975239e+00	-3.127142e+00
2.570000e-06	-8.150446e-07	2.292295e-11	-5.697513e+00	-2.147487e+01
2.580000e-06	-9.181037e-07	-3.157647e-10	-6.417941e+00	-3.984599e+01
2.590000e-06	-1.020804e-06	-6.550614e-10	-7.135860e+00	-5.821959e+01
2.600000e-06	-1.123002e-06	-9.959403e-10	-7.850266e+00	-7.657474e+01
2.610000e-06	-1.224590e-06	-1.342453e-09	-8.560408e+00	-9.489049e+01
2.620000e-06	-1.325514e-06	-1.694078e-09	-9.265913e+00	-1.131459e+02
2.630000e-06	-1.425804e-06	-2.044605e-09	-9.966986e+00	-1.313203e+02
2.640000e-06	-1.525613e-06	-2.391216e-09	-1.066469e+01	-1.493929e+02
2.650000e-06	-1.624987e-06	-2.735912e-09	-1.135936e+01	-1.673434e+02
2.660000e-06	-1.723842e-06	-3.077338e-09	-1.205040e+01	-1.851515e+02
2.670000e-06	-1.822089e-06	-3.412304e-09	-1.273718e+01	-2.027975e+02
2.680000e-06	-1.919736e-06	-3.735670e-09	-1.341978e+01	-2.202619e+02
2.690000e-06	-2.016750e-06	-4.046654e-09	-1.409795e+01	-2.375255e+02
2.700000e-06	-2.113006e-06	-4.347783e-09	-1.477082e+01	-2.545699e+02
2.710000e-06	-2.208622e-06	-4.636134e-09	-1.543922e+01	-2.713769e+02
2.720000e-06	-2.303752e-06	-4.908609e-09	-1.610422e+01	-2.879289e+02
2.730000e-06	-2.398099e-06	-5.166212e-09	-1.676374e+01	-3.042091e+02
2.740000e-06	-2.491292e-06	-5.411942e-09	-1.741521e+01	-3.202011e+02
2.750000e-06	-2.583391e-06	-5.650739e-09	-1.805902e+01	-3.358893e+02
2.760000e-06	-2.674572e-06	-5.882144e-09	-1.869641e+01	-3.512588e+02
2.770000e-06	-2.764795e-06	-6.100591e-09	-1.932711e+01	-3.662955e+02
2.780000e-06	-2.853998e-06	-6.306650e-09	-1.995068e+01	-3.809859e+02
2.790000e-06	-2.942235e-06	-6.502000e-09	-2.056749e+01	-3.953176e+02
2.800000e-06	-3.029628e-06	-6.688836e-09	-2.117840e+01	-4.092788e+02
2.810000e-06	-3.116036e-06	-6.862853e-09	-2.178243e+01	-4.228587e+02
2.820000e-06	-3.201101e-06	-7.020654e-09	-2.237708e+01	-4.360473e+02
2.830000e-06	-3.284877e-06	-7.169066e-09	-2.296271e+01	-4.488356e+02
2.840000e-06	-3.367557e-06	-7.312986e-09	-2.354067e+01	-4.612155e+02
2.850000e-06	-3.449193e-06	-7.453517e-09	-2.411134e+01	-4.731798e+02
2.860000e-06	-3.529718e-06	-7.588728e-09	-2.467425e+01	-4.847223e+02
2.870000e-06	-3.609013e-06	-7.717672e-09	-2.522855e+01	-4.958378e+02
2.880000e-06	-3.686810e-06	-7.840729e-09	-2.577239e+01	-5.065219e+02
2.890000e-06	-3.762987e-06	-7.956286e-09	-2.630490e+01	-5.167713e+02
2.900000e-06	-3.837758e-06	-8.061117e-09	-2.682758e+01	-5.265838e+02
2.910000e-06	-3.911148e-06	-8.157237e-09	-2.734061e+01	-5.359579e+02
2.920000e-06	-3.983132e-06	-8.249910e-09	-2.784381e+01	-5.448932e+02
2.930000e-06	-4.053726e-06	-8.341401e-09	-2.833729e+01	-5.533902e+02
2.940000e-06	-4.122758e-06	-8.428950e-09	-2.881985e+01	-5.614504e+02
2.950000e-06	-4.190230e-06	-8.512373e-09	-2.929151e+01	-5.690763e+02
2.960000e-06	-4.256280e-06	-8.594143e-09	-2.975323e+01	-5.762710e+02
2.970000e-06	-4.320876e-06	-8.675000e-09	-3.020479e+01	-5.830389e+02
2.980000e-06	-4.384049e-06	-8.750703e-09	-3.064639e+01	-5.893849e+02
2.990000e-06	-4.445609e-06	-8.817194e-09	-3.107672e+01	-5.953149e+02
3.000000e-06	-4.505377e-06	-8.876099e-09	-3.149453e+01	-6.008357e+02
3.010000e-06	-4.563565e-06	-8.930954e-09	-3.190128e+01	-6.059547e+02
3.020000e-06	-4.620279e-06	-8.986985e-09	-3.229774e+01	-6.106801e+02
3.030000e-06	-4.675404e-06	-9.043048e-09	-3.268309e+01	-6.150208e+02
3.040000e-06	-4.728684e-06	-9.096826e-09	-3.305554e+01	-6.189864e+02
3.050000e-06	-4.779978e-06	-9.148385e-09	-3.341411e+01	-6.225872e+02
3.060000e-06	-4.829330e-06	-9.198969e-09	-3.375910e+01	-6.258340e+02
3.070000e-06	-4.876670e-06	-9.248159e-09	-3.409003e+01	-6.287381e+02
3.080000e-06	-4.922143e-06	-9.291536e-09	-3.440790e+01	-6.313115e+02
3.090000e-06	-4.966082e-06	-9.329333e-09	-3.471505e+01	-6.335663e+02
3.100000e-06	-5.008485e-06	-9.364572e-09	-3.501147e+01	-6.355155e+02
3.110000e-06	-5.049298e-06	-9.399810e-09	-3.529677e+01	-6.371720e+02
3.120000e-06	-5.088482e-06	-9.434151e-09	-3.557068e+01	-6.385494e+02
3.130000e-06	-5.125737e-06	-9.466890e-09	-3.583111e+01	-6.396612e+02
3.140000e-06	-5.161020e-06	-9.498982e-09	-3.607775e+01	-6.405214e+02
3.150000e-06	-5.194549e-06	-9.528750e-09	-3.631214e+01	-6.411440e+02
3.160000e-06	-5.226374e-06	-9.557726e-09	-3.653460e+01	-6.415433e+02
3.170000e-06	-5.256310e-06	-9.581726e-09	-3.674387e+01	-6.417333e+02
3.180000e-06	-5.284277e-06	-9.600268e-09	-3.693937e+01	-6.417285e+02
3.190000e-06	-5.310407e-06	-9.616845e-09	-3.712204e+01	-6.415429e+02
3.200000e-06	-5.334764e-06	-9.633551e-09	-3.729230e+01	-6.411906e+02
3.210000e-06	-5.357270e-06	-9.650208e-09	-3.744963e+01	-6.406857e+02
3.220000e-06	-5.377766e-06	-9.664016e-09	-3.759290e+01	-6.400419e+02
3.230000e-06	-5.396345e-06	-9.677730e-09	-3.772278e+01	-6.392727e+02
3.240000e-06	-5.413161e-06	-9.693571e-09	-3.784033e+01	-6.383913e+02
3.250000e-06	-5.428009e-06	-9.708529e-09	-3.794412e+01	-6.374107e+02
3.260000e-06	-5.440633e-06	-9.719089e-09	-3.803237e+01	-6.363434e+02
3.270000e-06	-5.451138e-06	-9.724545e-09	-3.810580e+01	-6.352014e+02
3.280000e-06	-5.459712e-06	-9.727254e-09	-3.816574e+01	-6.339964e+02
3.290000e-06	-5.466354e-06	-9.731442e-09	-3.821217e+01	-6.327395e+02
3.300000e-06	-5.471024e-06	-9.733757e-09	-3.824481e+01	-6.314413e+02
3.310000e-06	-5.473837e-06	-9.730980e-09	-3.826448e+01	-6.301118e+02
3.320000e-06	-5.474882e-06	-9.726623e-09	-3.827178e+01	-6.287604e+02
