# Temperatura_=_20.0
# Concentracion g/m^3_=_10000.0
# C_Vs_to_Am_M_A/Vsm_=_65563218390.804596
# pendiente_HvsI_1/m_=_3716.3
# ordenada_HvsI_A/m_=_1297.0
# frecuencia_Hz_=_302293.52753132477

Tiempo_(s)	Campo_(V.s)	Magnetizacion_(V.s)	Campo_(kA/m)	Magnetizacion_(A/m)
0.000000e+00	-1.042138e-06	-1.539131e-09	-6.868176e+00	-1.005387e+02
1.000000e-08	-1.042193e-06	-1.538388e-09	-6.868540e+00	-1.006513e+02
2.000000e-08	-1.041923e-06	-1.540931e-09	-6.866760e+00	-1.006607e+02
3.000000e-08	-1.041378e-06	-1.540730e-09	-6.863168e+00	-1.005862e+02
4.000000e-08	-1.040591e-06	-1.538781e-09	-6.857980e+00	-1.004755e+02
5.000000e-08	-1.039517e-06	-1.544327e-09	-6.850903e+00	-1.003829e+02
6.000000e-08	-1.038038e-06	-1.561363e-09	-6.841154e+00	-1.003405e+02
7.000000e-08	-1.036084e-06	-1.558427e-09	-6.828281e+00	-1.003379e+02
8.000000e-08	-1.033652e-06	-1.544994e-09	-6.812250e+00	-1.003220e+02
9.000000e-08	-1.030722e-06	-1.530972e-09	-6.792942e+00	-1.002204e+02
1.000000e-07	-1.027259e-06	-1.519185e-09	-6.770120e+00	-9.997830e+01
1.100000e-07	-1.023325e-06	-1.505179e-09	-6.744190e+00	-9.958875e+01
1.200000e-07	-1.019040e-06	-1.496542e-09	-6.715949e+00	-9.909989e+01
1.300000e-07	-1.014449e-06	-1.494532e-09	-6.685693e+00	-9.859091e+01
1.400000e-07	-1.009635e-06	-1.495650e-09	-6.653966e+00	-9.812951e+01
1.500000e-07	-1.004602e-06	-1.509226e-09	-6.620798e+00	-9.773431e+01
1.600000e-07	-9.992225e-07	-1.516880e-09	-6.585343e+00	-9.736498e+01
1.700000e-07	-9.934018e-07	-1.490826e-09	-6.546982e+00	-9.694669e+01
1.800000e-07	-9.871994e-07	-1.462998e-09	-6.506105e+00	-9.641471e+01
1.900000e-07	-9.807142e-07	-1.465933e-09	-6.463365e+00	-9.575224e+01
2.000000e-07	-9.739358e-07	-1.464463e-09	-6.418692e+00	-9.499828e+01
2.100000e-07	-9.668352e-07	-1.435293e-09	-6.371896e+00	-9.422140e+01
2.200000e-07	-9.593984e-07	-1.414217e-09	-6.322884e+00	-9.347645e+01
2.300000e-07	-9.515771e-07	-1.422274e-09	-6.271338e+00	-9.277185e+01
2.400000e-07	-9.434750e-07	-1.420802e-09	-6.217941e+00	-9.206729e+01
2.500000e-07	-9.351567e-07	-1.401336e-09	-6.163120e+00	-9.130165e+01
2.600000e-07	-9.265999e-07	-1.382257e-09	-6.106726e+00	-9.043204e+01
2.700000e-07	-9.178034e-07	-1.364274e-09	-6.048753e+00	-8.945881e+01
2.800000e-07	-9.087693e-07	-1.336798e-09	-5.989214e+00	-8.842262e+01
2.900000e-07	-8.994402e-07	-1.325499e-09	-5.927731e+00	-8.737786e+01
3.000000e-07	-8.896224e-07	-1.330176e-09	-5.863027e+00	-8.636133e+01
3.100000e-07	-8.791712e-07	-1.313531e-09	-5.794149e+00	-8.537530e+01
3.200000e-07	-8.682006e-07	-1.272977e-09	-5.721848e+00	-8.439231e+01
3.300000e-07	-8.568765e-07	-1.260608e-09	-5.647216e+00	-8.337490e+01
3.400000e-07	-8.451707e-07	-1.270188e-09	-5.570070e+00	-8.229571e+01
3.500000e-07	-8.330424e-07	-1.247478e-09	-5.490139e+00	-8.114712e+01
3.600000e-07	-8.205926e-07	-1.199543e-09	-5.408089e+00	-7.993891e+01
3.700000e-07	-8.078911e-07	-1.184715e-09	-5.324380e+00	-7.869031e+01
3.800000e-07	-7.948867e-07	-1.193295e-09	-5.238675e+00	-7.742284e+01
3.900000e-07	-7.815912e-07	-1.173258e-09	-5.151051e+00	-7.615595e+01
4.000000e-07	-7.680437e-07	-1.135214e-09	-5.061767e+00	-7.490268e+01
4.100000e-07	-7.542096e-07	-1.114214e-09	-4.970594e+00	-7.366340e+01
4.200000e-07	-7.400695e-07	-1.104041e-09	-4.877404e+00	-7.242079e+01
4.300000e-07	-7.256327e-07	-1.085991e-09	-4.782259e+00	-7.114216e+01
4.400000e-07	-7.109128e-07	-1.066261e-09	-4.685248e+00	-6.979287e+01
4.500000e-07	-6.959641e-07	-1.040993e-09	-4.586729e+00	-6.835589e+01
4.600000e-07	-6.807531e-07	-1.009687e-09	-4.486481e+00	-6.684542e+01
4.700000e-07	-6.652038e-07	-9.923007e-10	-4.384004e+00	-6.530323e+01
4.800000e-07	-6.492382e-07	-9.830027e-10	-4.278783e+00	-6.377654e+01
4.900000e-07	-6.328264e-07	-9.550916e-10	-4.170621e+00	-6.228989e+01
5.000000e-07	-6.161148e-07	-9.162709e-10	-4.060484e+00	-6.082944e+01
5.100000e-07	-5.991660e-07	-8.971568e-10	-3.948784e+00	-5.935154e+01
5.200000e-07	-5.819706e-07	-8.885836e-10	-3.835458e+00	-5.781142e+01
5.300000e-07	-5.645568e-07	-8.620311e-10	-3.720693e+00	-5.619328e+01
5.400000e-07	-5.469245e-07	-8.233297e-10	-3.604488e+00	-5.452150e+01
5.500000e-07	-5.291321e-07	-7.975214e-10	-3.487228e+00	-5.284507e+01
5.600000e-07	-5.112379e-07	-7.832826e-10	-3.369297e+00	-5.120624e+01
5.700000e-07	-4.931959e-07	-7.637582e-10	-3.250391e+00	-4.961515e+01
5.800000e-07	-4.749963e-07	-7.350309e-10	-3.130447e+00	-4.804788e+01
5.900000e-07	-4.567237e-07	-7.044816e-10	-3.010023e+00	-4.646790e+01
6.000000e-07	-4.383699e-07	-6.802058e-10	-2.889063e+00	-4.485393e+01
6.100000e-07	-4.199044e-07	-6.632918e-10	-2.767366e+00	-4.321318e+01
6.200000e-07	-4.013328e-07	-6.416731e-10	-2.644971e+00	-4.157021e+01
6.300000e-07	-3.826754e-07	-6.085695e-10	-2.522010e+00	-3.994118e+01
6.400000e-07	-3.639263e-07	-5.789366e-10	-2.398445e+00	-3.831461e+01
6.500000e-07	-3.450456e-07	-5.616292e-10	-2.274012e+00	-3.665536e+01
6.600000e-07	-3.260284e-07	-5.426622e-10	-2.148680e+00	-3.493098e+01
6.700000e-07	-3.068537e-07	-5.109150e-10	-2.022309e+00	-3.314139e+01
6.800000e-07	-2.875385e-07	-4.764370e-10	-1.895013e+00	-3.132882e+01
6.900000e-07	-2.681401e-07	-4.515828e-10	-1.767169e+00	-2.955764e+01
7.000000e-07	-2.486847e-07	-4.333756e-10	-1.638948e+00	-2.787536e+01
7.100000e-07	-2.291118e-07	-4.114092e-10	-1.509954e+00	-2.628007e+01
7.200000e-07	-2.094066e-07	-3.818675e-10	-1.380087e+00	-2.471692e+01
7.300000e-07	-1.895919e-07	-3.517260e-10	-1.249499e+00	-2.310728e+01
7.400000e-07	-1.696500e-07	-3.280978e-10	-1.118072e+00	-2.139274e+01
7.500000e-07	-1.496773e-07	-3.055938e-10	-9.864435e-01	-1.956670e+01
7.600000e-07	-1.296753e-07	-2.753286e-10	-8.546208e-01	-1.767489e+01
7.700000e-07	-1.095940e-07	-2.393229e-10	-7.222756e-01	-1.578627e+01
7.800000e-07	-8.948712e-08	-2.093584e-10	-5.897620e-01	-1.395390e+01
7.900000e-07	-6.935735e-08	-1.864996e-10	-4.570974e-01	-1.218961e+01
8.000000e-07	-4.917475e-08	-1.621115e-10	-3.240846e-01	-1.046506e+01
8.100000e-07	-2.896575e-08	-1.316730e-10	-1.908979e-01	-8.734170e+00
8.200000e-07	-8.753139e-09	-9.980998e-11	-5.768728e-02	-6.960093e+00
8.300000e-07	1.145277e-08	-7.207081e-11	7.547912e-02	-5.130623e+00
8.400000e-07	3.164500e-08	-4.620586e-11	2.085554e-01	-3.256463e+00
8.500000e-07	5.179685e-08	-1.667806e-11	3.413655e-01	-1.358819e+00
8.600000e-07	7.186914e-08	1.712897e-11	4.736512e-01	5.425587e-01
8.700000e-07	9.193034e-08	4.818375e-11	6.058639e-01	2.433964e+00
8.800000e-07	1.119888e-07	7.462804e-11	7.380587e-01	4.306078e+00
8.900000e-07	1.320119e-07	1.005976e-10	8.700201e-01	6.152195e+00
9.000000e-07	1.520111e-07	1.305890e-10	1.001824e+00	7.970701e+00
9.100000e-07	1.719555e-07	1.632727e-10	1.133267e+00	9.770207e+00
9.200000e-07	1.917853e-07	1.918617e-10	1.263955e+00	1.157123e+01
9.300000e-07	2.115156e-07	2.162663e-10	1.393987e+00	1.339959e+01
9.400000e-07	2.312001e-07	2.441013e-10	1.523716e+00	1.527290e+01
9.500000e-07	2.508030e-07	2.777472e-10	1.652909e+00	1.718797e+01
9.600000e-07	2.702669e-07	3.098472e-10	1.781185e+00	1.911812e+01
9.700000e-07	2.895848e-07	3.365543e-10	1.908499e+00	2.102415e+01
9.800000e-07	3.087693e-07	3.613827e-10	2.034934e+00	2.287409e+01
9.900000e-07	3.278209e-07	3.897931e-10	2.160493e+00	2.466089e+01
1.000000e-06	3.467518e-07	4.202864e-10	2.285256e+00	2.640762e+01
1.010000e-06	3.655373e-07	4.478971e-10	2.409062e+00	2.815658e+01
1.020000e-06	3.841778e-07	4.727994e-10	2.531911e+00	2.994767e+01
1.030000e-06	4.027062e-07	4.986817e-10	2.654022e+00	3.179738e+01
1.040000e-06	4.210831e-07	5.298228e-10	2.775135e+00	3.368943e+01
1.050000e-06	4.393232e-07	5.604621e-10	2.895345e+00	3.558227e+01
1.060000e-06	4.575081e-07	5.856725e-10	3.015192e+00	3.742965e+01
1.070000e-06	4.755998e-07	6.090111e-10	3.134425e+00	3.920411e+01
1.080000e-06	4.935557e-07	6.357973e-10	3.252763e+00	4.091121e+01
1.090000e-06	5.114299e-07	6.643507e-10	3.370562e+00	4.258666e+01
1.100000e-06	5.291998e-07	6.901298e-10	3.487674e+00	4.427706e+01
1.110000e-06	5.467803e-07	7.140311e-10	3.603538e+00	4.601367e+01
1.120000e-06	5.641915e-07	7.396757e-10	3.718285e+00	4.779344e+01
1.130000e-06	5.814378e-07	7.682419e-10	3.831947e+00	4.957846e+01
1.140000e-06	5.984426e-07	7.959835e-10	3.944016e+00	5.131569e+01
1.150000e-06	6.151787e-07	8.203806e-10	4.054315e+00	5.296685e+01
1.160000e-06	6.316899e-07	8.412905e-10	4.163131e+00	5.453138e+01
1.170000e-06	6.478672e-07	8.633627e-10	4.269747e+00	5.604799e+01
1.180000e-06	6.635818e-07	8.878390e-10	4.373314e+00	5.757231e+01
1.190000e-06	6.789200e-07	9.108692e-10	4.474400e+00	5.914302e+01
1.200000e-06	6.939336e-07	9.316598e-10	4.573347e+00	6.075723e+01
1.210000e-06	7.086711e-07	9.546157e-10	4.670473e+00	6.237107e+01
1.220000e-06	7.232398e-07	9.794769e-10	4.766488e+00	6.392662e+01
1.230000e-06	7.375975e-07	1.002921e-09	4.861113e+00	6.538892e+01
1.240000e-06	7.516933e-07	1.023215e-09	4.954010e+00	6.676942e+01
1.250000e-06	7.655500e-07	1.042206e-09	5.045333e+00	6.812013e+01
1.260000e-06	7.791053e-07	1.063273e-09	5.134668e+00	6.950094e+01
1.270000e-06	7.923063e-07	1.084781e-09	5.221669e+00	7.094052e+01
1.280000e-06	8.052015e-07	1.104807e-09	5.306654e+00	7.241571e+01
1.290000e-06	8.178314e-07	1.124683e-09	5.389891e+00	7.386314e+01
1.300000e-06	8.301989e-07	1.145810e-09	5.471399e+00	7.521624e+01
1.310000e-06	8.423069e-07	1.165266e-09	5.551196e+00	7.644468e+01
1.320000e-06	8.540999e-07	1.182317e-09	5.628918e+00	7.757184e+01
1.330000e-06	8.654745e-07	1.198381e-09	5.703881e+00	7.866025e+01
1.340000e-06	8.764181e-07	1.215105e-09	5.776005e+00	7.977491e+01
1.350000e-06	8.869042e-07	1.232561e-09	5.845113e+00	8.094727e+01
1.360000e-06	8.968220e-07	1.249946e-09	5.910476e+00	8.216078e+01
1.370000e-06	9.062195e-07	1.267257e-09	5.972410e+00	8.336408e+01
1.380000e-06	9.152559e-07	1.284251e-09	6.031964e+00	8.450129e+01
1.390000e-06	9.240014e-07	1.299366e-09	6.089601e+00	8.554019e+01
1.400000e-06	9.325299e-07	1.312501e-09	6.145808e+00	8.648364e+01
1.410000e-06	9.408791e-07	1.325039e-09	6.200833e+00	8.736155e+01
1.420000e-06	9.489979e-07	1.336732e-09	6.254340e+00	8.821228e+01
1.430000e-06	9.568484e-07	1.349538e-09	6.306078e+00	8.906551e+01
1.440000e-06	9.644046e-07	1.363426e-09	6.355877e+00	8.993403e+01
1.450000e-06	9.715783e-07	1.377202e-09	6.403155e+00	9.081408e+01
1.460000e-06	9.783603e-07	1.389633e-09	6.447851e+00	9.168949e+01
1.470000e-06	9.848454e-07	1.400942e-09	6.490592e+00	9.253604e+01
1.480000e-06	9.910404e-07	1.412661e-09	6.531419e+00	9.332620e+01
1.490000e-06	9.968799e-07	1.423444e-09	6.569904e+00	9.403629e+01
1.500000e-06	1.002368e-06	1.433366e-09	6.606076e+00	9.465610e+01
1.510000e-06	1.007536e-06	1.441743e-09	6.640131e+00	9.519665e+01
1.520000e-06	1.012351e-06	1.449593e-09	6.671868e+00	9.568982e+01
1.530000e-06	1.016910e-06	1.458378e-09	6.701914e+00	9.617678e+01
1.540000e-06	1.021263e-06	1.468004e-09	6.730597e+00	9.668910e+01
1.550000e-06	1.025387e-06	1.476858e-09	6.757782e+00	9.723234e+01
1.560000e-06	1.029231e-06	1.484097e-09	6.783110e+00	9.778194e+01
1.570000e-06	1.032650e-06	1.490235e-09	6.805646e+00	9.829496e+01
1.580000e-06	1.035509e-06	1.496462e-09	6.824485e+00	9.873194e+01
1.590000e-06	1.037760e-06	1.503051e-09	6.839324e+00	9.907706e+01
1.600000e-06	1.039421e-06	1.506969e-09	6.850270e+00	9.934562e+01
1.610000e-06	1.040609e-06	1.509373e-09	6.858098e+00	9.957499e+01
1.620000e-06	1.041482e-06	1.512743e-09	6.863853e+00	9.980396e+01
1.630000e-06	1.042084e-06	1.516518e-09	6.867818e+00	1.000517e+02
1.640000e-06	1.042477e-06	1.520778e-09	6.870413e+00	1.003072e+02
1.650000e-06	1.042635e-06	1.525702e-09	6.871450e+00	1.005339e+02
1.660000e-06	1.042455e-06	1.527934e-09	6.870265e+00	1.006880e+02
1.670000e-06	1.041937e-06	1.529861e-09	6.866850e+00	1.007415e+02
1.680000e-06	1.041036e-06	1.534626e-09	6.860914e+00	1.006986e+02
1.690000e-06	1.039726e-06	1.533438e-09	6.852281e+00	1.005967e+02
1.700000e-06	1.038068e-06	1.520199e-09	6.841351e+00	1.004907e+02
1.710000e-06	1.036086e-06	1.498054e-09	6.828292e+00	1.004255e+02
1.720000e-06	1.033755e-06	1.502138e-09	6.812929e+00	1.004102e+02
1.730000e-06	1.031080e-06	1.517452e-09	6.795296e+00	1.004087e+02
1.740000e-06	1.028119e-06	1.524026e-09	6.775785e+00	1.003527e+02
1.750000e-06	1.024905e-06	1.523925e-09	6.754603e+00	1.001751e+02
1.760000e-06	1.021447e-06	1.527683e-09	6.731812e+00	9.984599e+01
1.770000e-06	1.017741e-06	1.538598e-09	6.707390e+00	9.939112e+01
1.780000e-06	1.013784e-06	1.525165e-09	6.681313e+00	9.888093e+01
1.790000e-06	1.009497e-06	1.500223e-09	6.653058e+00	9.839356e+01
1.800000e-06	1.004639e-06	1.472129e-09	6.621043e+00	9.797186e+01
1.810000e-06	9.990808e-07	1.464183e-09	6.584409e+00	9.759968e+01
1.820000e-06	9.929799e-07	1.474963e-09	6.544202e+00	9.721214e+01
1.830000e-06	9.864867e-07	1.469672e-09	6.501408e+00	9.673450e+01
1.840000e-06	9.795734e-07	1.448835e-09	6.455846e+00	9.612635e+01
1.850000e-06	9.722891e-07	1.444318e-09	6.407840e+00	9.540418e+01
1.860000e-06	9.647620e-07	1.452725e-09	6.358233e+00	9.462878e+01
1.870000e-06	9.570351e-07	1.439857e-09	6.307309e+00	9.386614e+01
1.880000e-06	9.490758e-07	1.411968e-09	6.254853e+00	9.314688e+01
1.890000e-06	9.407427e-07	1.393463e-09	6.199934e+00	9.244964e+01
1.900000e-06	9.320051e-07	1.385502e-09	6.142349e+00	9.171750e+01
1.910000e-06	9.230507e-07	1.379123e-09	6.083336e+00	9.089537e+01
1.920000e-06	9.138679e-07	1.376310e-09	6.022817e+00	8.996368e+01
1.930000e-06	9.043333e-07	1.369310e-09	5.959979e+00	8.894802e+01
1.940000e-06	8.945090e-07	1.337828e-09	5.895232e+00	8.790095e+01
1.950000e-06	8.844187e-07	1.308446e-09	5.828732e+00	8.687008e+01
1.960000e-06	8.740039e-07	1.312365e-09	5.760094e+00	8.587314e+01
1.970000e-06	8.631636e-07	1.313649e-09	5.688651e+00	8.489355e+01
1.980000e-06	8.519457e-07	1.272759e-09	5.614720e+00	8.389537e+01
1.990000e-06	8.404651e-07	1.239237e-09	5.539058e+00	8.284498e+01
2.000000e-06	8.287057e-07	1.253446e-09	5.461558e+00	8.172596e+01
2.010000e-06	8.166193e-07	1.254627e-09	5.381903e+00	8.054148e+01
2.020000e-06	8.041961e-07	1.208072e-09	5.300028e+00	7.930774e+01
2.030000e-06	7.914092e-07	1.170069e-09	5.215756e+00	7.804594e+01
2.040000e-06	7.781137e-07	1.173422e-09	5.128133e+00	7.677689e+01
2.050000e-06	7.642201e-07	1.165620e-09	5.036567e+00	7.551701e+01
2.060000e-06	7.498654e-07	1.131639e-09	4.941963e+00	7.427294e+01
2.070000e-06	7.351860e-07	1.108924e-09	4.845220e+00	7.303522e+01
2.080000e-06	7.201942e-07	1.097102e-09	4.746417e+00	7.177676e+01
2.090000e-06	7.049711e-07	1.075109e-09	4.646089e+00	7.046149e+01
2.100000e-06	6.896414e-07	1.055824e-09	4.545059e+00	6.906249e+01
2.110000e-06	6.742162e-07	1.040572e-09	4.443400e+00	6.757985e+01
2.120000e-06	6.586438e-07	1.006082e-09	4.340770e+00	6.604531e+01
2.130000e-06	6.429334e-07	9.711252e-10	4.237232e+00	6.450724e+01
2.140000e-06	6.270532e-07	9.637961e-10	4.132573e+00	6.300296e+01
2.150000e-06	6.109020e-07	9.543832e-10	4.026130e+00	6.153556e+01
2.160000e-06	5.944887e-07	9.157271e-10	3.917959e+00	6.007152e+01
2.170000e-06	5.778143e-07	8.817470e-10	3.808066e+00	5.856241e+01
2.180000e-06	5.608801e-07	8.718104e-10	3.696462e+00	5.697717e+01
2.190000e-06	5.437859e-07	8.557802e-10	3.583803e+00	5.532335e+01
2.200000e-06	5.265567e-07	8.215187e-10	3.470255e+00	5.364276e+01
2.210000e-06	5.091946e-07	7.881380e-10	3.355831e+00	5.198453e+01
2.220000e-06	4.917255e-07	7.641019e-10	3.240701e+00	5.037437e+01
2.230000e-06	4.741072e-07	7.442141e-10	3.124588e+00	4.880148e+01
2.240000e-06	4.563311e-07	7.244756e-10	3.007435e+00	4.723117e+01
2.250000e-06	4.384342e-07	6.970632e-10	2.889486e+00	4.563274e+01
2.260000e-06	4.203540e-07	6.648790e-10	2.770329e+00	4.400113e+01
2.270000e-06	4.020774e-07	6.417489e-10	2.649878e+00	4.235619e+01
2.280000e-06	3.836683e-07	6.258742e-10	2.528553e+00	4.072095e+01
2.290000e-06	3.650940e-07	5.997190e-10	2.406140e+00	3.909683e+01
2.300000e-06	3.463305e-07	5.646345e-10	2.282480e+00	3.745665e+01
2.310000e-06	3.274177e-07	5.371296e-10	2.157835e+00	3.576280e+01
2.320000e-06	3.084137e-07	5.163951e-10	2.032590e+00	3.399850e+01
2.330000e-06	2.893200e-07	4.911631e-10	1.906754e+00	3.218858e+01
2.340000e-06	2.701513e-07	4.592637e-10	1.780424e+00	3.039208e+01
2.350000e-06	2.509417e-07	4.279182e-10	1.653823e+00	2.866875e+01
2.360000e-06	2.316822e-07	4.041313e-10	1.526894e+00	2.704033e+01
2.370000e-06	2.123918e-07	3.861853e-10	1.399761e+00	2.547279e+01
2.380000e-06	1.930553e-07	3.633476e-10	1.272325e+00	2.389257e+01
2.390000e-06	1.736845e-07	3.321237e-10	1.144662e+00	2.222739e+01
2.400000e-06	1.543064e-07	3.026914e-10	1.016951e+00	2.044636e+01
2.410000e-06	1.349215e-07	2.798555e-10	8.891960e-01	1.857492e+01
2.420000e-06	1.155226e-07	2.554010e-10	7.613482e-01	1.667686e+01
2.430000e-06	9.610731e-08	2.248533e-10	6.333921e-01	1.481641e+01
2.440000e-06	7.669936e-08	1.940447e-10	5.054846e-01	1.302458e+01
2.450000e-06	5.728259e-08	1.696297e-10	3.775190e-01	1.128845e+01
2.460000e-06	3.785476e-08	1.495159e-10	2.494806e-01	9.566042e+00
2.470000e-06	1.842548e-08	1.246125e-10	1.214325e-01	7.813722e+00
2.480000e-06	-1.013058e-09	9.356007e-11	-6.676524e-03	6.007975e+00
2.490000e-06	-2.044915e-08	6.408589e-11	-1.347694e-01	4.150828e+00
2.500000e-06	-3.988760e-08	3.902333e-11	-2.628779e-01	2.260720e+00
2.510000e-06	-5.931006e-08	1.401435e-11	-3.908810e-01	3.590791e-01
2.520000e-06	-7.871769e-08	-1.537611e-11	-5.187864e-01	-1.537751e+00
2.530000e-06	-9.812924e-08	-4.710569e-11	-6.467175e-01	-3.418933e+00
2.540000e-06	-1.175326e-07	-7.502017e-11	-7.745946e-01	-5.276622e+00
2.550000e-06	-1.369163e-07	-9.782144e-11	-9.023421e-01	-7.106439e+00
2.560000e-06	-1.562902e-07	-1.214735e-10	-1.030025e+00	-8.912047e+00
2.570000e-06	-1.756660e-07	-1.513165e-10	-1.157721e+00	-1.070913e+01
2.580000e-06	-1.950266e-07	-1.827390e-10	-1.285316e+00	-1.252262e+01
2.590000e-06	-2.143460e-07	-2.082061e-10	-1.412640e+00	-1.437546e+01
2.600000e-06	-2.336253e-07	-2.317389e-10	-1.539700e+00	-1.627446e+01
2.610000e-06	-2.528521e-07	-2.613505e-10	-1.666413e+00	-1.820244e+01
2.620000e-06	-2.720016e-07	-2.950006e-10	-1.792618e+00	-2.012346e+01
2.630000e-06	-2.910594e-07	-3.247997e-10	-1.918218e+00	-2.199988e+01
2.640000e-06	-3.100438e-07	-3.479756e-10	-2.043333e+00	-2.381241e+01
2.650000e-06	-3.289546e-07	-3.716456e-10	-2.167964e+00	-2.557166e+01
2.660000e-06	-3.477493e-07	-4.002182e-10	-2.291831e+00	-2.731392e+01
2.670000e-06	-3.664020e-07	-4.298388e-10	-2.414760e+00	-2.908301e+01
2.680000e-06	-3.848872e-07	-4.568641e-10	-2.536587e+00	-3.090748e+01
2.690000e-06	-4.032060e-07	-4.830127e-10	-2.657316e+00	-3.278519e+01
2.700000e-06	-4.213249e-07	-5.127170e-10	-2.776728e+00	-3.468347e+01
2.710000e-06	-4.392553e-07	-5.449928e-10	-2.894898e+00	-3.655510e+01
2.720000e-06	-4.570464e-07	-5.739541e-10	-3.012149e+00	-3.836203e+01
2.730000e-06	-4.747224e-07	-5.974835e-10	-3.128642e+00	-4.009492e+01
2.740000e-06	-4.922509e-07	-6.217865e-10	-3.244164e+00	-4.177810e+01
2.750000e-06	-5.096351e-07	-6.498004e-10	-3.358734e+00	-4.345661e+01
2.760000e-06	-5.269221e-07	-6.782028e-10	-3.472663e+00	-4.517136e+01
2.770000e-06	-5.440616e-07	-7.043403e-10	-3.585620e+00	-4.693532e+01
2.780000e-06	-5.610266e-07	-7.294443e-10	-3.697428e+00	-4.872417e+01
2.790000e-06	-5.777988e-07	-7.568110e-10	-3.807964e+00	-5.048795e+01
2.800000e-06	-5.943225e-07	-7.854332e-10	-3.916863e+00	-5.217840e+01
2.810000e-06	-6.106251e-07	-8.114094e-10	-4.024305e+00	-5.377716e+01
2.820000e-06	-6.267293e-07	-8.334151e-10	-4.130439e+00	-5.530757e+01
2.830000e-06	-6.426159e-07	-8.553459e-10	-4.235139e+00	-5.682192e+01
2.840000e-06	-6.583025e-07	-8.812355e-10	-4.338521e+00	-5.837019e+01
2.850000e-06	-6.738134e-07	-9.094290e-10	-4.440745e+00	-5.996893e+01
2.860000e-06	-6.892124e-07	-9.348140e-10	-4.542232e+00	-6.158987e+01
2.870000e-06	-7.045111e-07	-9.576626e-10	-4.643057e+00	-6.317665e+01
2.880000e-06	-7.196040e-07	-9.816877e-10	-4.742527e+00	-6.468027e+01
2.890000e-06	-7.343787e-07	-1.005814e-09	-4.839899e+00	-6.609114e+01
2.900000e-06	-7.488651e-07	-1.026256e-09	-4.935371e+00	-6.744661e+01
2.910000e-06	-7.629782e-07	-1.044670e-09	-5.028383e+00	-6.880823e+01
2.920000e-06	-7.765643e-07	-1.066528e-09	-5.117922e+00	-7.022216e+01
2.930000e-06	-7.896372e-07	-1.092402e-09	-5.204078e+00	-7.168797e+01
2.940000e-06	-8.022566e-07	-1.117712e-09	-5.287246e+00	-7.315609e+01
2.950000e-06	-8.144800e-07	-1.139080e-09	-5.367804e+00	-7.455601e+01
2.960000e-06	-8.264141e-07	-1.157003e-09	-5.446455e+00	-7.583800e+01
2.970000e-06	-8.380479e-07	-1.175008e-09	-5.523128e+00	-7.700233e+01
2.980000e-06	-8.493760e-07	-1.193409e-09	-5.597784e+00	-7.809840e+01
2.990000e-06	-8.604349e-07	-1.211590e-09	-5.670668e+00	-7.919518e+01
3.000000e-06	-8.711934e-07	-1.227892e-09	-5.741571e+00	-8.034188e+01
3.010000e-06	-8.816562e-07	-1.245757e-09	-5.810526e+00	-8.154242e+01
3.020000e-06	-8.917392e-07	-1.265727e-09	-5.876978e+00	-8.275727e+01
3.030000e-06	-9.014615e-07	-1.285570e-09	-5.941052e+00	-8.392844e+01
3.040000e-06	-9.109279e-07	-1.303634e-09	-6.003441e+00	-8.501101e+01
3.050000e-06	-9.201477e-07	-1.318380e-09	-6.064203e+00	-8.599274e+01
3.060000e-06	-9.290589e-07	-1.332600e-09	-6.122932e+00	-8.689390e+01
3.070000e-06	-9.375802e-07	-1.346647e-09	-6.179092e+00	-8.775165e+01
3.080000e-06	-9.457989e-07	-1.361614e-09	-6.233257e+00	-8.860102e+01
3.090000e-06	-9.537875e-07	-1.375105e-09	-6.285905e+00	-8.946239e+01
3.100000e-06	-9.614693e-07	-1.387536e-09	-6.336532e+00	-9.033869e+01
3.110000e-06	-9.689074e-07	-1.400177e-09	-6.385553e+00	-9.121850e+01
3.120000e-06	-9.761671e-07	-1.414549e-09	-6.433397e+00	-9.208055e+01
3.130000e-06	-9.831868e-07	-1.428820e-09	-6.479661e+00	-9.289803e+01
3.140000e-06	-9.898908e-07	-1.440535e-09	-6.523843e+00	-9.364452e+01
3.150000e-06	-9.961818e-07	-1.450605e-09	-6.565304e+00	-9.430284e+01
3.160000e-06	-1.001939e-06	-1.459378e-09	-6.603247e+00	-9.487436e+01
3.170000e-06	-1.007137e-06	-1.466007e-09	-6.637503e+00	-9.538278e+01
3.180000e-06	-1.011834e-06	-1.470846e-09	-6.668458e+00	-9.586734e+01
3.190000e-06	-1.016055e-06	-1.476870e-09	-6.696278e+00	-9.636615e+01
3.200000e-06	-1.019854e-06	-1.485899e-09	-6.721312e+00	-9.689731e+01
3.210000e-06	-1.023348e-06	-1.496417e-09	-6.744341e+00	-9.744863e+01
3.220000e-06	-1.026638e-06	-1.504595e-09	-6.766027e+00	-9.798273e+01
3.230000e-06	-1.029751e-06	-1.510527e-09	-6.786541e+00	-9.845580e+01
3.240000e-06	-1.032586e-06	-1.516553e-09	-6.805224e+00	-9.884002e+01
3.250000e-06	-1.035024e-06	-1.522219e-09	-6.821290e+00	-9.913754e+01
3.260000e-06	-1.037038e-06	-1.525684e-09	-6.834567e+00	-9.937833e+01
3.270000e-06	-1.038666e-06	-1.528762e-09	-6.845292e+00	-9.960340e+01
3.280000e-06	-1.040021e-06	-1.533036e-09	-6.854226e+00	-9.984247e+01
3.290000e-06	-1.041119e-06	-1.538229e-09	-6.861459e+00	-1.000978e+02
3.300000e-06	-1.041809e-06	-1.541222e-09	-6.866011e+00	-1.003421e+02
