# Temperatura_=_20.0
# Concentracion g/m^3_=_10000.0
# C_Vs_to_Am_M_A/Vsm_=_65563218390.804596
# pendiente_HvsI_1/m_=_3716.3
# ordenada_HvsI_A/m_=_1297.0
# frecuencia_Hz_=_212855.7820198954

Tiempo_(s)	Campo_(V.s)	Magnetizacion_(V.s)	Campo_(kA/m)	Magnetizacion_(A/m)
0.000000e+00	-5.431374e-06	-1.384746e-10	-3.843463e+01	-7.202424e+00
1.000000e-08	-5.430710e-06	-1.439849e-10	-3.842993e+01	-7.311439e+00
2.000000e-08	-5.429012e-06	-1.489836e-10	-3.841791e+01	-7.385797e+00
3.000000e-08	-5.426018e-06	-1.483452e-10	-3.839673e+01	-7.401907e+00
4.000000e-08	-5.422062e-06	-1.452143e-10	-3.836873e+01	-7.358679e+00
5.000000e-08	-5.417433e-06	-1.432344e-10	-3.833598e+01	-7.278221e+00
6.000000e-08	-5.411986e-06	-1.386102e-10	-3.829743e+01	-7.197376e+00
7.000000e-08	-5.405557e-06	-1.230240e-10	-3.825194e+01	-7.153331e+00
8.000000e-08	-5.398184e-06	-1.319750e-10	-3.819976e+01	-7.168844e+00
9.000000e-08	-5.389835e-06	-1.854781e-10	-3.814068e+01	-7.242771e+00
1.000000e-07	-5.380208e-06	-2.139853e-10	-3.807256e+01	-7.349503e+00
1.100000e-07	-5.369194e-06	-1.503989e-10	-3.799462e+01	-7.447453e+00
1.200000e-07	-5.357239e-06	-4.741276e-11	-3.791002e+01	-7.493290e+00
1.300000e-07	-5.344579e-06	-1.288889e-10	-3.782044e+01	-7.456514e+00
1.400000e-07	-5.330995e-06	-2.707564e-10	-3.772431e+01	-7.329059e+00
1.500000e-07	-5.316492e-06	-1.059303e-10	-3.762168e+01	-7.126685e+00
1.600000e-07	-5.301118e-06	-4.366529e-11	-3.751288e+01	-6.882214e+00
1.700000e-07	-5.284472e-06	-1.876717e-10	-3.739509e+01	-6.633730e+00
1.800000e-07	-5.266656e-06	-9.740893e-11	-3.726901e+01	-6.412541e+00
1.900000e-07	-5.248179e-06	-2.174092e-11	-3.713826e+01	-6.235376e+00
2.000000e-07	-5.228959e-06	-1.395440e-10	-3.700226e+01	-6.103178e+00
2.100000e-07	-5.208880e-06	-8.578403e-11	-3.686017e+01	-6.005989e+00
2.200000e-07	-5.188010e-06	6.683944e-12	-3.671248e+01	-5.930915e+00
2.300000e-07	-5.166239e-06	-1.399547e-10	-3.655843e+01	-5.869206e+00
2.400000e-07	-5.143498e-06	-1.242245e-10	-3.639750e+01	-5.819258e+00
2.500000e-07	-5.119922e-06	-3.160013e-11	-3.623067e+01	-5.784560e+00
2.600000e-07	-5.095514e-06	-8.829144e-11	-3.605795e+01	-5.768132e+00
2.700000e-07	-5.070181e-06	-8.225575e-11	-3.587868e+01	-5.766726e+00
2.800000e-07	-5.043792e-06	-7.865889e-11	-3.569194e+01	-5.768233e+00
2.900000e-07	-5.016294e-06	-7.971637e-11	-3.549735e+01	-5.754186e+00
3.000000e-07	-4.987888e-06	-4.318050e-11	-3.529634e+01	-5.706768e+00
3.100000e-07	-4.958657e-06	-7.586964e-11	-3.508949e+01	-5.617402e+00
3.200000e-07	-4.928587e-06	-9.732931e-11	-3.487670e+01	-5.492895e+00
3.300000e-07	-4.897648e-06	-5.814122e-11	-3.465777e+01	-5.355803e+00
3.400000e-07	-4.865844e-06	-4.557127e-11	-3.443271e+01	-5.238011e+00
3.500000e-07	-4.833391e-06	-5.268214e-11	-3.420306e+01	-5.169442e+00
3.600000e-07	-4.800218e-06	-5.170824e-11	-3.396831e+01	-5.166144e+00
3.700000e-07	-4.765907e-06	-6.850158e-11	-3.372551e+01	-5.222649e+00
3.800000e-07	-4.730404e-06	-6.665633e-11	-3.347428e+01	-5.312120e+00
3.900000e-07	-4.694084e-06	-4.103041e-11	-3.321726e+01	-5.394805e+00
4.000000e-07	-4.657059e-06	-6.386771e-11	-3.295526e+01	-5.431974e+00
4.100000e-07	-4.619224e-06	-7.812977e-11	-3.268752e+01	-5.400117e+00
4.200000e-07	-4.580503e-06	-5.448433e-11	-3.241351e+01	-5.299834e+00
4.300000e-07	-4.540934e-06	-4.111732e-11	-3.213351e+01	-5.155738e+00
4.400000e-07	-4.500801e-06	-4.721952e-11	-3.184951e+01	-5.007143e+00
4.500000e-07	-4.460100e-06	-5.946320e-11	-3.156149e+01	-4.892974e+00
4.600000e-07	-4.418508e-06	-5.567423e-11	-3.126717e+01	-4.836710e+00
4.700000e-07	-4.375816e-06	-5.090519e-11	-3.096507e+01	-4.837297e+00
4.800000e-07	-4.332118e-06	-4.850135e-11	-3.065585e+01	-4.869675e+00
4.900000e-07	-4.287734e-06	-5.636648e-11	-3.034176e+01	-4.894837e+00
5.000000e-07	-4.242751e-06	-6.289883e-11	-3.002345e+01	-4.875504e+00
5.100000e-07	-4.197029e-06	-4.887424e-11	-2.969990e+01	-4.791251e+00
5.200000e-07	-4.150544e-06	-4.083112e-11	-2.937095e+01	-4.647050e+00
5.300000e-07	-4.103388e-06	-3.713976e-11	-2.903726e+01	-4.471771e+00
5.400000e-07	-4.055647e-06	-4.475273e-11	-2.869942e+01	-4.307157e+00
5.500000e-07	-4.007302e-06	-5.069430e-11	-2.835731e+01	-4.191564e+00
5.600000e-07	-3.958154e-06	-3.971507e-11	-2.800952e+01	-4.144883e+00
5.700000e-07	-3.907916e-06	-4.253757e-11	-2.765402e+01	-4.160607e+00
5.800000e-07	-3.856621e-06	-5.169358e-11	-2.729103e+01	-4.208175e+00
5.900000e-07	-3.804480e-06	-5.388314e-11	-2.692206e+01	-4.244680e+00
6.000000e-07	-3.751571e-06	-4.243931e-11	-2.654765e+01	-4.231295e+00
6.100000e-07	-3.697953e-06	-3.143482e-11	-2.616823e+01	-4.147944e+00
6.200000e-07	-3.643738e-06	-3.882641e-11	-2.578458e+01	-4.000471e+00
6.300000e-07	-3.588923e-06	-4.222502e-11	-2.539669e+01	-3.817588e+00
6.400000e-07	-3.533420e-06	-3.895877e-11	-2.500393e+01	-3.638965e+00
6.500000e-07	-3.477388e-06	-3.042970e-11	-2.460743e+01	-3.499326e+00
6.600000e-07	-3.420882e-06	-2.934532e-11	-2.420757e+01	-3.414951e+00
6.700000e-07	-3.363724e-06	-3.976035e-11	-2.380309e+01	-3.377927e+00
6.800000e-07	-3.305702e-06	-3.931611e-11	-2.339250e+01	-3.360307e+00
6.900000e-07	-3.246737e-06	-3.358924e-11	-2.297524e+01	-3.326304e+00
7.000000e-07	-3.187051e-06	-2.898324e-11	-2.255288e+01	-3.247459e+00
7.100000e-07	-3.126920e-06	-3.242670e-11	-2.212737e+01	-3.114535e+00
7.200000e-07	-3.066397e-06	-3.533206e-11	-2.169908e+01	-2.941336e+00
7.300000e-07	-3.005348e-06	-2.521636e-11	-2.126707e+01	-2.758926e+00
7.400000e-07	-2.943710e-06	-1.674238e-11	-2.083090e+01	-2.602701e+00
7.500000e-07	-2.881559e-06	-1.574251e-11	-2.039110e+01	-2.497599e+00
7.600000e-07	-2.818997e-06	-2.166510e-11	-1.994838e+01	-2.447536e+00
7.700000e-07	-2.755958e-06	-2.198146e-11	-1.950229e+01	-2.433342e+00
7.800000e-07	-2.692391e-06	-1.509640e-11	-1.905246e+01	-2.420098e+00
7.900000e-07	-2.628416e-06	-1.567131e-11	-1.859975e+01	-2.370908e+00
8.000000e-07	-2.564135e-06	-1.855886e-11	-1.814487e+01	-2.261615e+00
8.100000e-07	-2.499562e-06	-1.755608e-11	-1.768793e+01	-2.090598e+00
8.200000e-07	-2.434561e-06	-6.650010e-12	-1.722795e+01	-1.879776e+00
8.300000e-07	-2.368992e-06	3.005976e-12	-1.676396e+01	-1.666492e+00
8.400000e-07	-2.302882e-06	1.577486e-12	-1.629614e+01	-1.489512e+00
8.500000e-07	-2.236274e-06	-6.027530e-14	-1.582479e+01	-1.374669e+00
8.600000e-07	-2.169154e-06	5.398134e-13	-1.534982e+01	-1.325677e+00
8.700000e-07	-2.101573e-06	3.198697e-12	-1.487159e+01	-1.323494e+00
8.800000e-07	-2.033647e-06	-1.324882e-13	-1.439092e+01	-1.334185e+00
8.900000e-07	-1.965531e-06	-5.386434e-12	-1.390890e+01	-1.321903e+00
9.000000e-07	-1.897239e-06	-1.583526e-12	-1.342564e+01	-1.261785e+00
9.100000e-07	-1.828673e-06	5.466744e-12	-1.294044e+01	-1.147800e+00
9.200000e-07	-1.759825e-06	1.112375e-11	-1.245325e+01	-9.928533e-01
9.300000e-07	-1.690725e-06	1.212187e-11	-1.196426e+01	-8.216358e-01
9.400000e-07	-1.621330e-06	1.344824e-11	-1.147320e+01	-6.595926e-01
9.500000e-07	-1.551622e-06	1.726191e-11	-1.097991e+01	-5.227154e-01
9.600000e-07	-1.481604e-06	1.485913e-11	-1.048444e+01	-4.122429e-01
9.700000e-07	-1.411306e-06	1.056331e-11	-9.986981e+00	-3.160645e-01
9.800000e-07	-1.340797e-06	9.916121e-12	-9.488031e+00	-2.157188e-01
9.900000e-07	-1.270125e-06	1.564527e-11	-8.987926e+00	-9.558431e-02
1.000000e-06	-1.199149e-06	2.372108e-11	-8.485667e+00	4.988028e-02
1.010000e-06	-1.127849e-06	2.753991e-11	-7.981124e+00	2.139194e-01
1.020000e-06	-1.056391e-06	2.930147e-11	-7.475459e+00	3.810133e-01
1.030000e-06	-9.848040e-07	2.990770e-11	-6.968876e+00	5.343072e-01
1.040000e-06	-9.130402e-07	3.168177e-11	-6.461047e+00	6.634059e-01
1.050000e-06	-8.410957e-07	3.007013e-11	-5.951938e+00	7.689395e-01
1.060000e-06	-7.690310e-07	2.523441e-11	-5.441979e+00	8.618450e-01
1.070000e-06	-6.969181e-07	2.493233e-11	-4.931678e+00	9.577558e-01
1.080000e-06	-6.247749e-07	3.107916e-11	-4.421164e+00	1.069136e+00
1.090000e-06	-5.525103e-07	4.197253e-11	-3.909789e+00	1.198850e+00
1.100000e-06	-4.800837e-07	4.802871e-11	-3.397269e+00	1.338244e+00
1.110000e-06	-4.075706e-07	5.002162e-11	-2.884136e+00	1.470770e+00
1.120000e-06	-3.350929e-07	5.206258e-11	-2.371255e+00	1.579668e+00
1.130000e-06	-2.625522e-07	5.078798e-11	-1.857927e+00	1.656275e+00
1.140000e-06	-1.898152e-07	4.647206e-11	-1.343210e+00	1.705116e+00
1.150000e-06	-1.170706e-07	4.102573e-11	-8.284399e-01	1.743211e+00
1.160000e-06	-4.444788e-08	4.114823e-11	-3.145314e-01	1.793549e+00
1.170000e-06	2.814771e-08	4.848253e-11	1.991847e-01	1.875301e+00
1.180000e-06	1.007580e-07	5.593764e-11	7.130047e-01	1.994964e+00
1.190000e-06	1.733286e-07	6.022057e-11	1.226544e+00	2.142433e+00
1.200000e-06	2.458278e-07	6.174591e-11	1.739578e+00	2.294087e+00
1.210000e-06	3.182711e-07	6.208989e-11	2.252217e+00	2.422010e+00
1.220000e-06	3.906683e-07	6.086118e-11	2.764529e+00	2.505747e+00
1.230000e-06	4.630195e-07	5.812573e-11	3.276516e+00	2.541710e+00
1.240000e-06	5.352695e-07	5.505455e-11	3.787786e+00	2.546065e+00
1.250000e-06	6.073820e-07	5.426872e-11	4.298084e+00	2.549480e+00
1.260000e-06	6.794126e-07	5.630618e-11	4.807802e+00	2.585456e+00
1.270000e-06	7.513512e-07	5.863113e-11	5.316869e+00	2.676748e+00
1.280000e-06	8.231624e-07	6.148789e-11	5.825035e+00	2.825408e+00
1.290000e-06	8.947848e-07	6.423427e-11	6.331864e+00	3.010739e+00
1.300000e-06	9.662293e-07	6.656664e-11	6.837435e+00	3.196379e+00
1.310000e-06	1.037557e-06	6.800736e-11	7.342181e+00	3.344066e+00
1.320000e-06	1.108744e-06	6.623418e-11	7.845925e+00	3.428788e+00
1.330000e-06	1.179714e-06	6.354446e-11	8.348143e+00	3.449277e+00
1.340000e-06	1.250453e-06	6.289399e-11	8.848718e+00	3.429463e+00
1.350000e-06	1.321029e-06	6.411181e-11	9.348142e+00	3.410018e+00
1.360000e-06	1.391433e-06	6.547730e-11	9.846348e+00	3.433018e+00
1.370000e-06	1.461568e-06	6.514552e-11	1.034265e+01	3.525632e+00
1.380000e-06	1.531407e-06	6.640408e-11	1.083686e+01	3.689202e+00
1.390000e-06	1.601050e-06	6.937519e-11	1.132968e+01	3.898129e+00
1.400000e-06	1.670460e-06	7.094310e-11	1.182086e+01	4.109106e+00
1.410000e-06	1.739529e-06	7.158269e-11	1.230962e+01	4.277235e+00
1.420000e-06	1.808292e-06	7.169411e-11	1.279622e+01	4.372760e+00
1.430000e-06	1.876809e-06	7.299723e-11	1.328107e+01	4.391904e+00
1.440000e-06	1.945090e-06	7.314093e-11	1.376425e+01	4.357588e+00
1.450000e-06	2.013145e-06	7.068742e-11	1.424584e+01	4.309814e+00
1.460000e-06	2.080924e-06	6.865616e-11	1.472547e+01	4.289551e+00
1.470000e-06	2.148394e-06	6.870969e-11	1.520291e+01	4.322574e+00
1.480000e-06	2.215465e-06	7.105731e-11	1.567754e+01	4.409676e+00
1.490000e-06	2.281926e-06	7.198093e-11	1.614784e+01	4.527115e+00
1.500000e-06	2.347715e-06	7.123676e-11	1.661339e+01	4.637067e+00
1.510000e-06	2.412993e-06	7.123324e-11	1.707533e+01	4.703845e+00
1.520000e-06	2.477837e-06	7.228513e-11	1.753419e+01	4.709326e+00
1.530000e-06	2.542253e-06	7.203591e-11	1.799002e+01	4.661342e+00
1.540000e-06	2.606269e-06	6.996921e-11	1.844303e+01	4.591612e+00
1.550000e-06	2.669837e-06	6.784982e-11	1.889286e+01	4.543942e+00
1.560000e-06	2.732924e-06	6.721684e-11	1.933929e+01	4.557327e+00
1.570000e-06	2.795547e-06	6.844761e-11	1.978243e+01	4.650600e+00
1.580000e-06	2.857739e-06	6.959537e-11	2.022253e+01	4.814691e+00
1.590000e-06	2.919514e-06	7.173140e-11	2.065968e+01	5.015541e+00
1.600000e-06	2.980765e-06	7.743096e-11	2.109312e+01	5.206564e+00
1.610000e-06	3.041510e-06	8.378247e-11	2.152297e+01	5.345794e+00
1.620000e-06	3.101845e-06	8.661435e-11	2.194992e+01	5.411119e+00
1.630000e-06	3.161727e-06	8.530337e-11	2.237368e+01	5.407828e+00
1.640000e-06	3.221088e-06	8.233825e-11	2.279374e+01	5.365738e+00
1.650000e-06	3.279692e-06	8.055815e-11	2.320844e+01	5.327280e+00
1.660000e-06	3.337394e-06	7.958089e-11	2.361677e+01	5.331327e+00
1.670000e-06	3.394317e-06	7.933650e-11	2.401958e+01	5.399046e+00
1.680000e-06	3.450650e-06	8.102723e-11	2.441821e+01	5.527056e+00
1.690000e-06	3.506504e-06	8.510596e-11	2.481346e+01	5.690141e+00
1.700000e-06	3.561816e-06	8.911655e-11	2.520487e+01	5.851966e+00
1.710000e-06	3.616516e-06	8.903025e-11	2.559195e+01	5.979244e+00
1.720000e-06	3.670647e-06	8.760899e-11	2.597500e+01	6.053679e+00
1.730000e-06	3.724207e-06	8.652328e-11	2.635402e+01	6.077197e+00
1.740000e-06	3.777112e-06	8.598183e-11	2.672839e+01	6.068923e+00
1.750000e-06	3.829309e-06	8.476496e-11	2.709776e+01	6.055714e+00
1.760000e-06	3.880663e-06	8.387851e-11	2.746116e+01	6.060548e+00
1.770000e-06	3.931057e-06	8.504168e-11	2.781777e+01	6.093694e+00
1.780000e-06	3.980458e-06	8.646908e-11	2.816736e+01	6.150096e+00
1.790000e-06	4.029014e-06	8.741249e-11	2.851095e+01	6.213637e+00
1.800000e-06	4.076934e-06	8.743329e-11	2.885006e+01	6.266006e+00
1.810000e-06	4.124186e-06	8.846719e-11	2.918443e+01	6.296000e+00
1.820000e-06	4.170737e-06	9.005781e-11	2.951385e+01	6.305138e+00
1.830000e-06	4.216558e-06	9.142088e-11	2.983809e+01	6.307171e+00
1.840000e-06	4.261657e-06	9.088734e-11	3.015723e+01	6.321844e+00
1.850000e-06	4.306201e-06	8.880173e-11	3.047244e+01	6.365762e+00
1.860000e-06	4.350225e-06	8.808602e-11	3.078398e+01	6.444460e+00
1.870000e-06	4.393524e-06	8.881921e-11	3.109038e+01	6.549195e+00
1.880000e-06	4.435821e-06	9.015539e-11	3.138969e+01	6.659902e+00
1.890000e-06	4.477043e-06	9.186786e-11	3.168139e+01	6.753048e+00
1.900000e-06	4.517423e-06	9.422953e-11	3.196714e+01	6.811030e+00
1.910000e-06	4.557112e-06	9.814302e-11	3.224800e+01	6.829068e+00
1.920000e-06	4.596005e-06	1.000719e-10	3.252322e+01	6.816666e+00
1.930000e-06	4.634069e-06	9.709516e-11	3.279257e+01	6.793041e+00
1.940000e-06	4.671333e-06	9.294634e-11	3.305627e+01	6.778558e+00
1.950000e-06	4.707873e-06	9.008684e-11	3.331484e+01	6.785869e+00
1.960000e-06	4.743786e-06	8.867672e-11	3.356898e+01	6.814640e+00
1.970000e-06	4.778896e-06	8.771158e-11	3.381742e+01	6.852126e+00
1.980000e-06	4.812923e-06	8.635589e-11	3.405821e+01	6.879349e+00
1.990000e-06	4.845856e-06	8.687892e-11	3.429126e+01	6.880181e+00
2.000000e-06	4.877905e-06	8.895294e-11	3.451805e+01	6.849337e+00
2.010000e-06	4.909183e-06	9.045956e-11	3.473939e+01	6.795723e+00
2.020000e-06	4.939711e-06	9.029962e-11	3.495542e+01	6.739557e+00
2.030000e-06	4.969455e-06	8.980518e-11	3.516590e+01	6.704372e+00
2.040000e-06	4.998350e-06	8.877570e-11	3.537037e+01	6.707236e+00
2.050000e-06	5.026552e-06	8.691050e-11	3.556994e+01	6.751379e+00
2.060000e-06	5.054016e-06	8.408945e-11	3.576429e+01	6.824449e+00
2.070000e-06	5.080322e-06	8.256835e-11	3.595044e+01	6.903270e+00
2.080000e-06	5.105394e-06	8.472556e-11	3.612786e+01	6.963202e+00
2.090000e-06	5.129469e-06	8.761080e-11	3.629822e+01	6.988220e+00
2.100000e-06	5.152687e-06	9.084780e-11	3.646252e+01	6.977434e+00
2.110000e-06	5.175091e-06	9.185101e-11	3.662106e+01	6.945239e+00
2.120000e-06	5.196635e-06	9.028640e-11	3.677352e+01	6.914936e+00
2.130000e-06	5.217399e-06	8.733693e-11	3.692045e+01	6.908472e+00
2.140000e-06	5.237561e-06	8.330781e-11	3.706313e+01	6.936626e+00
2.150000e-06	5.256949e-06	8.283715e-11	3.720032e+01	6.993880e+00
2.160000e-06	5.275276e-06	8.553361e-11	3.733001e+01	7.060301e+00
2.170000e-06	5.292634e-06	8.919366e-11	3.745285e+01	7.109795e+00
2.180000e-06	5.309149e-06	9.181552e-11	3.756971e+01	7.121384e+00
2.190000e-06	5.324653e-06	9.170696e-11	3.767943e+01	7.088752e+00
2.200000e-06	5.339109e-06	9.030929e-11	3.778172e+01	7.023922e+00
2.210000e-06	5.352613e-06	8.690392e-11	3.787728e+01	6.953277e+00
2.220000e-06	5.365143e-06	8.329716e-11	3.796595e+01	6.907335e+00
2.230000e-06	5.376562e-06	8.138013e-11	3.804676e+01	6.908336e+00
2.240000e-06	5.386682e-06	8.177224e-11	3.811837e+01	6.960758e+00
2.250000e-06	5.395656e-06	8.400955e-11	3.818188e+01	7.048802e+00
2.260000e-06	5.403701e-06	8.648895e-11	3.823880e+01	7.142116e+00
2.270000e-06	5.410870e-06	8.925841e-11	3.828954e+01	7.207651e+00
2.280000e-06	5.417148e-06	9.183202e-11	3.833396e+01	7.222965e+00
2.290000e-06	5.422476e-06	9.384984e-11	3.837166e+01	7.185585e+00
2.300000e-06	5.426958e-06	9.336377e-11	3.840338e+01	7.114505e+00
2.310000e-06	5.430666e-06	8.963496e-11	3.842962e+01	7.043038e+00
2.320000e-06	5.433296e-06	8.584543e-11	3.844823e+01	7.005723e+00
2.330000e-06	5.434632e-06	8.405802e-11	3.845769e+01	7.024451e+00
2.340000e-06	5.434959e-06	8.441256e-11	3.846000e+01	7.099397e+00
2.350000e-06	5.434466e-06	8.738081e-11	3.845651e+01	7.208471e+00
2.360000e-06	5.433135e-06	9.042561e-11	3.844709e+01	7.315657e+00
2.370000e-06	5.430919e-06	9.332207e-11	3.843141e+01	7.385028e+00
2.380000e-06	5.427846e-06	9.554241e-11	3.840966e+01	7.394942e+00
2.390000e-06	5.424079e-06	9.541502e-11	3.838301e+01	7.346758e+00
2.400000e-06	5.419546e-06	9.234519e-11	3.835093e+01	7.264572e+00
2.410000e-06	5.413837e-06	9.758478e-11	3.831053e+01	7.185964e+00
2.420000e-06	5.406884e-06	1.160846e-10	3.826133e+01	7.147295e+00
2.430000e-06	5.399068e-06	6.781120e-11	3.820602e+01	7.169230e+00
2.440000e-06	5.390319e-06	1.943810e-11	3.814411e+01	7.248044e+00
2.450000e-06	5.380176e-06	5.348111e-11	3.807233e+01	7.356019e+00
2.460000e-06	5.368776e-06	1.928172e-10	3.799166e+01	7.450700e+00
2.470000e-06	5.356930e-06	1.790352e-10	3.790783e+01	7.489427e+00
2.480000e-06	5.344772e-06	-2.125599e-11	3.782180e+01	7.443633e+00
2.490000e-06	5.331342e-06	7.722449e-11	3.772676e+01	7.307717e+00
2.500000e-06	5.316411e-06	2.016405e-10	3.762110e+01	7.099567e+00
2.510000e-06	5.300724e-06	3.314957e-11	3.751010e+01	6.853104e+00
2.520000e-06	5.284266e-06	4.112375e-11	3.739363e+01	6.606238e+00
2.530000e-06	5.266715e-06	2.195703e-10	3.726944e+01	6.389071e+00
2.540000e-06	5.248372e-06	8.830652e-11	3.713963e+01	6.216693e+00
2.550000e-06	5.229301e-06	5.011826e-11	3.700468e+01	6.088657e+00
2.560000e-06	5.209387e-06	2.196818e-10	3.686376e+01	5.994335e+00
2.570000e-06	5.188700e-06	8.711270e-11	3.671736e+01	5.920979e+00
2.580000e-06	5.166817e-06	2.137305e-11	3.656251e+01	5.860500e+00
2.590000e-06	5.143613e-06	1.516800e-10	3.639831e+01	5.811976e+00
2.600000e-06	5.119650e-06	1.075451e-10	3.622874e+01	5.779131e+00
2.610000e-06	5.094872e-06	9.076630e-11	3.605340e+01	5.764590e+00
2.620000e-06	5.069077e-06	1.189883e-10	3.587087e+01	5.764261e+00
2.630000e-06	5.042438e-06	7.010457e-11	3.568236e+01	5.765198e+00
2.640000e-06	5.015040e-06	1.539514e-10	3.548848e+01	5.748627e+00
2.650000e-06	4.986901e-06	1.431231e-10	3.528936e+01	5.697278e+00
2.660000e-06	4.957729e-06	3.266074e-11	3.508292e+01	5.603910e+00
2.670000e-06	4.927182e-06	1.218057e-10	3.486676e+01	5.477003e+00
2.680000e-06	4.895642e-06	1.193432e-10	3.464357e+01	5.340438e+00
2.690000e-06	4.863389e-06	8.607090e-11	3.441533e+01	5.226462e+00
2.700000e-06	4.830268e-06	1.306387e-10	3.418096e+01	5.164113e+00
2.710000e-06	4.796327e-06	6.751470e-11	3.394077e+01	5.167522e+00
2.720000e-06	4.761588e-06	9.815131e-11	3.369495e+01	5.228934e+00
2.730000e-06	4.726115e-06	1.240317e-10	3.344393e+01	5.319716e+00
2.740000e-06	4.689869e-06	8.715918e-11	3.318744e+01	5.399542e+00
2.750000e-06	4.652640e-06	1.050121e-10	3.292399e+01	5.430610e+00
2.760000e-06	4.614314e-06	9.037884e-11	3.265278e+01	5.391552e+00
2.770000e-06	4.575054e-06	1.176964e-10	3.237495e+01	5.285536e+00
2.780000e-06	4.535124e-06	9.997143e-11	3.209240e+01	5.139198e+00
2.790000e-06	4.494487e-06	6.438696e-11	3.180484e+01	4.992540e+00
2.800000e-06	4.453048e-06	8.975352e-11	3.151160e+01	4.883564e+00
2.810000e-06	4.410885e-06	8.136990e-11	3.121323e+01	4.833566e+00
2.820000e-06	4.368050e-06	1.021953e-10	3.091012e+01	4.838894e+00
2.830000e-06	4.324619e-06	8.588588e-11	3.060278e+01	4.872507e+00
2.840000e-06	4.280594e-06	6.864664e-11	3.029124e+01	4.894823e+00
2.850000e-06	4.235742e-06	9.381321e-11	2.997385e+01	4.869633e+00
2.860000e-06	4.190015e-06	7.938921e-11	2.965027e+01	4.778818e+00
2.870000e-06	4.143618e-06	8.969383e-11	2.932194e+01	4.629983e+00
2.880000e-06	4.096617e-06	7.368216e-11	2.898934e+01	4.453913e+00
2.890000e-06	4.048919e-06	6.098311e-11	2.865181e+01	4.292775e+00
2.900000e-06	4.000394e-06	8.120977e-11	2.830843e+01	4.183681e+00
2.910000e-06	3.951104e-06	7.243724e-11	2.795963e+01	4.144082e+00
2.920000e-06	3.901132e-06	6.983740e-11	2.760601e+01	4.164785e+00
2.930000e-06	3.850495e-06	5.769108e-11	2.724768e+01	4.213342e+00
2.940000e-06	3.799195e-06	7.266646e-11	2.688466e+01	4.246492e+00
2.950000e-06	3.747144e-06	8.539575e-11	2.651632e+01	4.226709e+00
2.960000e-06	3.694215e-06	6.588044e-11	2.614178e+01	4.136345e+00
2.970000e-06	3.640231e-06	6.097167e-11	2.575976e+01	3.983840e+00
2.980000e-06	3.585284e-06	5.890276e-11	2.537094e+01	3.799651e+00
2.990000e-06	3.529721e-06	7.382567e-11	2.497775e+01	3.623680e+00
3.000000e-06	3.473681e-06	6.897679e-11	2.458119e+01	3.489319e+00
3.010000e-06	3.417078e-06	5.672914e-11	2.418064e+01	3.410528e+00
3.020000e-06	3.359853e-06	6.074928e-11	2.377570e+01	3.377045e+00
3.030000e-06	3.302093e-06	5.886186e-11	2.336697e+01	3.359493e+00
3.040000e-06	3.243765e-06	6.012448e-11	2.295421e+01	3.322140e+00
3.050000e-06	3.184793e-06	4.537449e-11	2.253690e+01	3.238018e+00
3.060000e-06	3.125313e-06	4.361741e-11	2.211600e+01	3.100184e+00
3.070000e-06	3.065446e-06	5.167287e-11	2.169235e+01	2.924575e+00
3.080000e-06	3.005094e-06	5.389640e-11	2.126528e+01	2.743351e+00
3.090000e-06	2.944029e-06	5.532053e-11	2.083315e+01	2.591501e+00
3.100000e-06	2.882175e-06	4.459754e-11	2.039545e+01	2.492222e+00
3.110000e-06	2.819554e-06	4.766668e-11	1.995232e+01	2.447052e+00
3.120000e-06	2.756391e-06	4.949261e-11	1.950535e+01	2.434777e+00
3.130000e-06	2.692876e-06	4.582949e-11	1.905589e+01	2.419594e+00
3.140000e-06	2.628955e-06	4.062970e-11	1.860356e+01	2.365259e+00
3.150000e-06	2.564642e-06	3.526231e-11	1.814846e+01	2.249553e+00
3.160000e-06	2.499929e-06	4.341584e-11	1.769052e+01	2.073322e+00
3.170000e-06	2.434735e-06	4.195203e-11	1.722918e+01	1.860528e+00
3.180000e-06	2.369102e-06	3.698260e-11	1.676474e+01	1.649338e+00
3.190000e-06	2.303094e-06	3.401191e-11	1.629764e+01	1.477825e+00
3.200000e-06	2.236740e-06	3.480331e-11	1.582809e+01	1.369900e+00
3.210000e-06	2.170036e-06	3.604349e-11	1.535607e+01	1.326875e+00
3.220000e-06	2.102993e-06	2.543937e-11	1.488164e+01	1.327747e+00
3.230000e-06	2.035688e-06	1.807001e-11	1.440536e+01	1.337762e+00
3.240000e-06	1.968155e-06	1.777661e-11	1.392747e+01	1.321641e+00
3.250000e-06	1.900419e-06	2.260728e-11	1.344815e+01	1.256167e+00
3.260000e-06	1.832485e-06	2.450316e-11	1.296741e+01	1.137334e+00
3.270000e-06	1.764257e-06	2.038118e-11	1.248460e+01	9.796429e-01
3.280000e-06	1.695660e-06	2.082947e-11	1.199918e+01	8.083829e-01
3.290000e-06	1.626558e-06	1.931719e-11	1.151019e+01	6.484581e-01
3.300000e-06	1.556910e-06	1.380218e-11	1.101733e+01	5.145173e-01
3.310000e-06	1.486856e-06	4.452177e-12	1.052160e+01	4.062909e-01
3.320000e-06	1.416423e-06	-4.496083e-12	1.002319e+01	3.106500e-01
3.330000e-06	1.345610e-06	-3.635871e-12	9.522087e+00	2.090042e-01
3.340000e-06	1.274494e-06	-2.654223e-12	9.018839e+00	8.647902e-02
3.350000e-06	1.203131e-06	-4.153545e-12	8.513847e+00	-6.123847e-02
3.360000e-06	1.131586e-06	-7.520291e-12	8.007565e+00	-2.262709e-01
3.370000e-06	1.059950e-06	-8.611836e-12	7.500638e+00	-3.925940e-01
3.380000e-06	9.881794e-07	-7.178213e-12	6.992763e+00	-5.436761e-01
3.390000e-06	9.162716e-07	-1.279249e-11	6.483913e+00	-6.700974e-01
3.400000e-06	8.442248e-07	-2.001889e-11	5.974080e+00	-7.736433e-01
3.410000e-06	7.720017e-07	-2.443174e-11	5.463000e+00	-8.660370e-01
3.420000e-06	6.996458e-07	-2.390235e-11	4.950980e+00	-9.629545e-01
3.430000e-06	6.271595e-07	-2.185988e-11	4.438038e+00	-1.076134e+00
3.440000e-06	5.545521e-07	-2.451944e-11	3.924238e+00	-1.207283e+00
3.450000e-06	4.818454e-07	-2.492713e-11	3.409735e+00	-1.346709e+00
3.460000e-06	4.090657e-07	-2.348117e-11	2.894717e+00	-1.477455e+00
3.470000e-06	3.361864e-07	-2.255164e-11	2.378993e+00	-1.583221e+00
3.480000e-06	2.632398e-07	-2.571872e-11	1.862793e+00	-1.656517e+00
3.490000e-06	1.902846e-07	-3.179318e-11	1.346532e+00	-1.703254e+00
3.500000e-06	1.173289e-07	-3.262103e-11	8.302676e-01	-1.741422e+00
3.510000e-06	4.437311e-08	-3.161672e-11	3.140023e-01	-1.794090e+00
3.520000e-06	-2.860536e-08	-3.159852e-11	-2.024233e-01	-1.879508e+00
3.530000e-06	-1.015509e-07	-3.419197e-11	-7.186158e-01	-2.002579e+00
3.540000e-06	-1.744046e-07	-3.614293e-11	-1.234159e+00	-2.151590e+00
3.550000e-06	-2.471936e-07	-3.433450e-11	-1.749243e+00	-2.301998e+00
3.560000e-06	-3.199565e-07	-3.485996e-11	-2.264144e+00	-2.426104e+00
3.570000e-06	-3.926659e-07	-3.639109e-11	-2.778665e+00	-2.504797e+00
3.580000e-06	-4.652715e-07	-3.905281e-11	-3.292452e+00	-2.536466e+00
3.590000e-06	-5.377394e-07	-3.991613e-11	-3.805264e+00	-2.539096e+00
3.600000e-06	-6.101250e-07	-3.832445e-11	-4.317495e+00	-2.544236e+00
3.610000e-06	-6.824322e-07	-3.943537e-11	-4.829170e+00	-2.584905e+00
3.620000e-06	-7.546076e-07	-4.167930e-11	-5.339912e+00	-2.682134e+00
3.630000e-06	-8.266205e-07	-4.513743e-11	-5.849506e+00	-2.835637e+00
3.640000e-06	-8.985016e-07	-4.648554e-11	-6.358166e+00	-3.022690e+00
3.650000e-06	-9.702705e-07	-4.750072e-11	-6.866032e+00	-3.206053e+00
3.660000e-06	-1.041897e-06	-5.056036e-11	-7.372889e+00	-3.348136e+00
3.670000e-06	-1.113402e-06	-5.246475e-11	-7.878888e+00	-3.425955e+00
3.680000e-06	-1.184724e-06	-5.340247e-11	-8.383594e+00	-3.440865e+00
3.690000e-06	-1.255823e-06	-5.340919e-11	-8.886718e+00	-3.419003e+00
3.700000e-06	-1.326700e-06	-5.489859e-11	-9.388276e+00	-3.401937e+00
3.710000e-06	-1.397318e-06	-5.779200e-11	-9.887998e+00	-3.430946e+00
3.720000e-06	-1.467606e-06	-5.874479e-11	-1.038538e+01	-3.530968e+00
3.730000e-06	-1.537494e-06	-5.911158e-11	-1.087994e+01	-3.700524e+00
3.740000e-06	-1.607039e-06	-6.115312e-11	-1.137206e+01	-3.911671e+00
3.750000e-06	-1.676216e-06	-6.601473e-11	-1.186159e+01	-4.120157e+00
3.760000e-06	-1.744931e-06	-6.669553e-11	-1.234784e+01	-4.281894e+00
3.770000e-06	-1.813289e-06	-6.619006e-11	-1.283158e+01	-4.369381e+00
3.780000e-06	-1.881386e-06	-6.852544e-11	-1.331346e+01	-4.381662e+00
3.790000e-06	-1.949179e-06	-7.128943e-11	-1.379319e+01	-4.343949e+00
3.800000e-06	-2.016660e-06	-7.478981e-11	-1.427071e+01	-4.297119e+00
3.810000e-06	-2.083840e-06	-7.487572e-11	-1.474610e+01	-4.281292e+00
3.820000e-06	-2.150697e-06	-7.390585e-11	-1.521921e+01	-4.320034e+00
3.830000e-06	-2.217235e-06	-7.368360e-11	-1.569006e+01	-4.411482e+00
3.840000e-06	-2.283412e-06	-7.343851e-11	-1.615836e+01	-4.529876e+00
3.850000e-06	-2.349219e-06	-7.312217e-11	-1.662403e+01	-4.636835e+00
3.860000e-06	-2.414650e-06	-7.381952e-11	-1.708705e+01	-4.697807e+00
3.870000e-06	-2.479634e-06	-7.756304e-11	-1.754691e+01	-4.697044e+00
3.880000e-06	-2.544170e-06	-8.168826e-11	-1.800359e+01	-4.645041e+00
3.890000e-06	-2.608309e-06	-8.232301e-11	-1.845746e+01	-4.575388e+00
3.900000e-06	-2.672058e-06	-8.273828e-11	-1.890858e+01	-4.532200e+00
3.910000e-06	-2.735360e-06	-8.230878e-11	-1.935653e+01	-4.553061e+00
3.920000e-06	-2.798200e-06	-8.069709e-11	-1.980121e+01	-4.654198e+00
3.930000e-06	-2.860473e-06	-7.854723e-11	-2.024188e+01	-4.823728e+00
3.940000e-06	-2.922047e-06	-7.884373e-11	-2.067761e+01	-5.025656e+00
3.950000e-06	-2.982829e-06	-8.213946e-11	-2.110772e+01	-5.213065e+00
3.960000e-06	-3.042948e-06	-8.612758e-11	-2.153315e+01	-5.345375e+00
3.970000e-06	-3.102690e-06	-8.959912e-11	-2.195590e+01	-5.403040e+00
3.980000e-06	-3.162024e-06	-9.146485e-11	-2.237578e+01	-5.394104e+00
3.990000e-06	-3.220833e-06	-9.316541e-11	-2.279193e+01	-5.350298e+00
4.000000e-06	-3.279110e-06	-9.261236e-11	-2.320433e+01	-5.314442e+00
4.010000e-06	-3.336829e-06	-8.950461e-11	-2.361277e+01	-5.324187e+00
4.020000e-06	-3.393878e-06	-8.822176e-11	-2.401647e+01	-5.398401e+00
4.030000e-06	-3.450290e-06	-9.069669e-11	-2.441567e+01	-5.531244e+00
4.040000e-06	-3.506198e-06	-9.359036e-11	-2.481129e+01	-5.695802e+00
4.050000e-06	-3.561602e-06	-9.674746e-11	-2.520335e+01	-5.855401e+00
4.060000e-06	-3.616427e-06	-1.009682e-10	-2.559132e+01	-5.977800e+00
4.070000e-06	-3.670436e-06	-1.053639e-10	-2.597351e+01	-6.046624e+00
4.080000e-06	-3.723547e-06	-1.080619e-10	-2.634935e+01	-6.065787e+00
4.090000e-06	-3.775820e-06	-1.075025e-10	-2.671925e+01	-6.055688e+00
4.100000e-06	-3.827359e-06	-1.050333e-10	-2.708396e+01	-6.043308e+00
4.110000e-06	-3.878240e-06	-1.031449e-10	-2.744402e+01	-6.050670e+00
4.120000e-06	-3.928440e-06	-1.035259e-10	-2.779925e+01	-6.086507e+00
4.130000e-06	-3.977924e-06	-1.052323e-10	-2.814942e+01	-6.144364e+00
4.140000e-06	-4.026552e-06	-1.074375e-10	-2.849353e+01	-6.207463e+00
4.150000e-06	-4.074219e-06	-1.100399e-10	-2.883085e+01	-6.257816e+00
4.160000e-06	-4.120985e-06	-1.113499e-10	-2.916178e+01	-6.285330e+00
4.170000e-06	-4.167095e-06	-1.111507e-10	-2.948807e+01	-6.292877e+00
4.180000e-06	-4.212616e-06	-1.100621e-10	-2.981020e+01	-6.295166e+00
4.190000e-06	-4.257445e-06	-1.090422e-10	-3.012742e+01	-6.312049e+00
4.200000e-06	-4.301614e-06	-1.099451e-10	-3.043999e+01	-6.359328e+00
4.210000e-06	-4.345192e-06	-1.117070e-10	-3.074836e+01	-6.441155e+00
4.220000e-06	-4.388139e-06	-1.124722e-10	-3.105227e+01	-6.547422e+00
4.230000e-06	-4.430384e-06	-1.131800e-10	-3.135121e+01	-6.657307e+00
4.240000e-06	-4.471894e-06	-1.138523e-10	-3.164496e+01	-6.747459e+00
4.250000e-06	-4.512631e-06	-1.144116e-10	-3.193323e+01	-6.801318e+00
4.260000e-06	-4.552656e-06	-1.156838e-10	-3.221646e+01	-6.815572e+00
4.270000e-06	-4.592007e-06	-1.175405e-10	-3.249492e+01	-6.800991e+00
4.280000e-06	-4.630490e-06	-1.189981e-10	-3.276724e+01	-6.777330e+00
4.290000e-06	-4.667845e-06	-1.195392e-10	-3.303159e+01	-6.764548e+00
4.300000e-06	-4.704237e-06	-1.188718e-10	-3.328911e+01	-6.774152e+00
4.310000e-06	-4.739924e-06	-1.185066e-10	-3.354165e+01	-6.804437e+00
4.320000e-06	-4.774834e-06	-1.185309e-10	-3.378868e+01	-6.841679e+00
4.330000e-06	-4.808872e-06	-1.192035e-10	-3.402955e+01	-6.866764e+00
4.340000e-06	-4.842013e-06	-1.193589e-10	-3.426407e+01	-6.864340e+00
4.350000e-06	-4.874361e-06	-1.174584e-10	-3.449298e+01	-6.830490e+00
4.360000e-06	-4.905980e-06	-1.161580e-10	-3.471672e+01	-6.775483e+00
4.370000e-06	-4.936738e-06	-1.156179e-10	-3.493438e+01	-6.720290e+00
4.380000e-06	-4.966395e-06	-1.155389e-10	-3.514425e+01	-6.688229e+00
4.390000e-06	-4.994950e-06	-1.148395e-10	-3.534632e+01	-6.695242e+00
4.400000e-06	-5.022685e-06	-1.142754e-10	-3.554258e+01	-6.742971e+00
4.410000e-06	-5.049661e-06	-1.158973e-10	-3.573347e+01	-6.817668e+00
4.420000e-06	-5.075770e-06	-1.180765e-10	-3.591823e+01	-6.895542e+00
4.430000e-06	-5.100994e-06	-1.204462e-10	-3.609672e+01	-6.952388e+00
4.440000e-06	-5.125375e-06	-1.234739e-10	-3.626925e+01	-6.973493e+00
4.450000e-06	-5.149024e-06	-1.254724e-10	-3.643661e+01	-6.959605e+00
4.460000e-06	-5.171903e-06	-1.248062e-10	-3.659851e+01	-6.926388e+00
4.470000e-06	-5.193680e-06	-1.216702e-10	-3.675261e+01	-6.897500e+00
4.480000e-06	-5.214297e-06	-1.194146e-10	-3.689850e+01	-6.894165e+00
4.490000e-06	-5.234052e-06	-1.199952e-10	-3.703830e+01	-6.925655e+00
4.500000e-06	-5.253056e-06	-1.225983e-10	-3.717278e+01	-6.984808e+00
4.510000e-06	-5.271243e-06	-1.265650e-10	-3.730147e+01	-7.050618e+00
4.520000e-06	-5.288501e-06	-1.298440e-10	-3.742360e+01	-7.096986e+00
4.530000e-06	-5.304856e-06	-1.319601e-10	-3.753934e+01	-7.104041e+00
4.540000e-06	-5.320484e-06	-1.329100e-10	-3.764993e+01	-7.067257e+00
4.550000e-06	-5.335181e-06	-1.305482e-10	-3.775393e+01	-7.000397e+00
4.560000e-06	-5.348578e-06	-1.261274e-10	-3.784873e+01	-6.930791e+00
4.570000e-06	-5.360742e-06	-1.247620e-10	-3.793481e+01	-6.888681e+00
4.580000e-06	-5.371848e-06	-1.270736e-10	-3.801340e+01	-6.894867e+00
4.590000e-06	-5.382006e-06	-1.302629e-10	-3.808528e+01	-6.951774e+00
4.600000e-06	-5.391203e-06	-1.329822e-10	-3.815036e+01	-7.041764e+00
4.610000e-06	-5.399523e-06	-1.365384e-10	-3.820924e+01	-7.133614e+00
4.620000e-06	-5.407114e-06	-1.398340e-10	-3.826296e+01	-7.194761e+00
4.630000e-06	-5.413743e-06	-1.394825e-10	-3.830987e+01	-7.204446e+00
4.640000e-06	-5.419094e-06	-1.354861e-10	-3.834773e+01	-7.162424e+00
4.650000e-06	-5.423302e-06	-1.307224e-10	-3.837751e+01	-7.089574e+00
4.660000e-06	-5.426632e-06	-1.288057e-10	-3.840107e+01	-7.019977e+00
4.670000e-06	-5.429111e-06	-1.300135e-10	-3.841861e+01	-6.987494e+00
4.680000e-06	-5.430719e-06	-1.320083e-10	-3.842999e+01	-7.012132e+00
4.690000e-06	-5.431408e-06	-1.350887e-10	-3.843487e+01	-7.091708e+00
