# Temperatura_=_20.0
# Concentracion g/m^3_=_10000.0
# C_Vs_to_Am_M_A/Vsm_=_65563218390.804596
# pendiente_HvsI_1/m_=_3716.3
# ordenada_HvsI_A/m_=_1297.0
# frecuencia_Hz_=_135198.91212169995

Tiempo_(s)	Campo_(V.s)	Magnetizacion_(V.s)	Campo_(kA/m)	Magnetizacion_(A/m)
0.000000e+00	-2.122726e-06	-2.921644e-11	-1.614222e+01	-2.317035e+00
1.000000e-08	-2.122732e-06	-1.898500e-11	-1.614226e+01	-2.296324e+00
2.000000e-08	-2.122537e-06	6.774166e-12	-1.614078e+01	-2.275484e+00
3.000000e-08	-2.122089e-06	-1.030736e-12	-1.613737e+01	-2.257470e+00
4.000000e-08	-2.121509e-06	-2.200258e-11	-1.613296e+01	-2.244913e+00
5.000000e-08	-2.120975e-06	-9.842075e-11	-1.612890e+01	-2.239733e+00
6.000000e-08	-2.120436e-06	-6.301309e-11	-1.612480e+01	-2.242863e+00
7.000000e-08	-2.119736e-06	-1.142940e-11	-1.611948e+01	-2.254120e+00
8.000000e-08	-2.118782e-06	-2.610672e-11	-1.611222e+01	-2.272259e+00
9.000000e-08	-2.117624e-06	-3.262955e-12	-1.610342e+01	-2.295187e+00
1.000000e-07	-2.116288e-06	-1.954539e-11	-1.609326e+01	-2.320313e+00
1.100000e-07	-2.114744e-06	1.006138e-11	-1.608152e+01	-2.344956e+00
1.200000e-07	-2.112927e-06	-3.564559e-11	-1.606770e+01	-2.366772e+00
1.300000e-07	-2.110896e-06	-2.665474e-11	-1.605226e+01	-2.384094e+00
1.400000e-07	-2.108815e-06	-2.399621e-11	-1.603643e+01	-2.396163e+00
1.500000e-07	-2.106737e-06	-1.680876e-11	-1.602063e+01	-2.403188e+00
1.600000e-07	-2.104522e-06	-3.059103e-11	-1.600378e+01	-2.406237e+00
1.700000e-07	-2.102047e-06	-2.537715e-11	-1.598496e+01	-2.406975e+00
1.800000e-07	-2.099352e-06	4.097262e-12	-1.596447e+01	-2.407300e+00
1.900000e-07	-2.096542e-06	-4.125914e-12	-1.594310e+01	-2.408926e+00
2.000000e-07	-2.093605e-06	-2.446230e-11	-1.592077e+01	-2.413005e+00
2.100000e-07	-2.090466e-06	-2.860495e-11	-1.589690e+01	-2.419831e+00
2.200000e-07	-2.087135e-06	-6.698961e-13	-1.587156e+01	-2.428697e+00
2.300000e-07	-2.083660e-06	1.335319e-11	-1.584514e+01	-2.437920e+00
2.400000e-07	-2.080055e-06	1.049674e-11	-1.581772e+01	-2.445041e+00
2.500000e-07	-2.076276e-06	-1.349170e-11	-1.578899e+01	-2.447162e+00
2.600000e-07	-2.072341e-06	-1.651576e-11	-1.575906e+01	-2.441376e+00
2.700000e-07	-2.068273e-06	-2.140170e-11	-1.572813e+01	-2.425214e+00
2.800000e-07	-2.064071e-06	-1.964817e-11	-1.569617e+01	-2.397046e+00
2.900000e-07	-2.059734e-06	-1.808723e-11	-1.566320e+01	-2.356355e+00
3.000000e-07	-2.055270e-06	7.353444e-12	-1.562925e+01	-2.303861e+00
3.100000e-07	-2.050685e-06	1.120444e-11	-1.559438e+01	-2.241454e+00
3.200000e-07	-2.045955e-06	6.314769e-12	-1.555841e+01	-2.171956e+00
3.300000e-07	-2.041057e-06	-5.498785e-12	-1.552117e+01	-2.098747e+00
3.400000e-07	-2.036029e-06	2.249908e-12	-1.548293e+01	-2.025307e+00
3.500000e-07	-2.030912e-06	-6.730338e-12	-1.544402e+01	-1.954754e+00
3.600000e-07	-2.025681e-06	-1.307424e-11	-1.540424e+01	-1.889445e+00
3.700000e-07	-2.020230e-06	-9.739208e-12	-1.536279e+01	-1.830700e+00
3.800000e-07	-2.014568e-06	1.180358e-11	-1.531973e+01	-1.778689e+00
3.900000e-07	-2.008781e-06	8.864229e-12	-1.527573e+01	-1.732511e+00
4.000000e-07	-2.002873e-06	-4.717606e-13	-1.523080e+01	-1.690420e+00
4.100000e-07	-1.996802e-06	5.204530e-12	-1.518463e+01	-1.650202e+00
4.200000e-07	-1.990593e-06	1.801365e-11	-1.513741e+01	-1.609595e+00
4.300000e-07	-1.984272e-06	3.845914e-12	-1.508935e+01	-1.566723e+00
4.400000e-07	-1.977812e-06	-1.549591e-11	-1.504022e+01	-1.520452e+00
4.500000e-07	-1.971221e-06	-1.070218e-11	-1.499010e+01	-1.470622e+00
4.600000e-07	-1.964532e-06	2.223835e-12	-1.493923e+01	-1.418116e+00
4.700000e-07	-1.957701e-06	2.105395e-12	-1.488729e+01	-1.364758e+00
4.800000e-07	-1.950669e-06	-2.393919e-12	-1.483382e+01	-1.313059e+00
4.900000e-07	-1.943444e-06	5.235893e-12	-1.477887e+01	-1.265855e+00
5.000000e-07	-1.936089e-06	4.204433e-12	-1.472294e+01	-1.225884e+00
5.100000e-07	-1.928644e-06	-5.216348e-12	-1.466633e+01	-1.195385e+00
5.200000e-07	-1.921063e-06	-1.533748e-11	-1.460868e+01	-1.175767e+00
5.300000e-07	-1.913323e-06	-1.397081e-11	-1.454982e+01	-1.167402e+00
5.400000e-07	-1.905443e-06	-1.097879e-11	-1.448990e+01	-1.169570e+00
5.500000e-07	-1.897435e-06	3.471324e-13	-1.442900e+01	-1.180563e+00
5.600000e-07	-1.889326e-06	6.920062e-12	-1.436733e+01	-1.197925e+00
5.700000e-07	-1.881135e-06	2.550311e-12	-1.430505e+01	-1.218779e+00
5.800000e-07	-1.872795e-06	-9.567643e-12	-1.424162e+01	-1.240211e+00
5.900000e-07	-1.864260e-06	-7.471229e-12	-1.417671e+01	-1.259623e+00
6.000000e-07	-1.855542e-06	-3.891526e-12	-1.411042e+01	-1.275026e+00
6.100000e-07	-1.846665e-06	-6.843680e-12	-1.404292e+01	-1.285217e+00
6.200000e-07	-1.837674e-06	-8.422963e-12	-1.397455e+01	-1.289837e+00
6.300000e-07	-1.828584e-06	1.583366e-12	-1.390542e+01	-1.289286e+00
6.400000e-07	-1.819380e-06	7.002577e-12	-1.383543e+01	-1.284546e+00
6.500000e-07	-1.810052e-06	-1.922579e-12	-1.376450e+01	-1.276928e+00
6.600000e-07	-1.800598e-06	-1.226365e-11	-1.369260e+01	-1.267798e+00
6.700000e-07	-1.791009e-06	-1.163444e-11	-1.361968e+01	-1.258326e+00
6.800000e-07	-1.781278e-06	-4.905768e-12	-1.354568e+01	-1.249308e+00
6.900000e-07	-1.771430e-06	-4.084852e-12	-1.347080e+01	-1.241073e+00
7.000000e-07	-1.761452e-06	-8.430730e-12	-1.339492e+01	-1.233491e+00
7.100000e-07	-1.751292e-06	-1.113421e-11	-1.331766e+01	-1.226076e+00
7.200000e-07	-1.740936e-06	-5.251040e-12	-1.323891e+01	-1.218151e+00
7.300000e-07	-1.730413e-06	9.721680e-13	-1.315888e+01	-1.209042e+00
7.400000e-07	-1.719739e-06	-1.278118e-13	-1.307771e+01	-1.198261e+00
7.500000e-07	-1.708923e-06	-2.674697e-12	-1.299547e+01	-1.185637e+00
7.600000e-07	-1.697999e-06	4.304246e-12	-1.291239e+01	-1.171371e+00
7.700000e-07	-1.686967e-06	9.154569e-12	-1.282850e+01	-1.156006e+00
7.800000e-07	-1.675789e-06	5.169433e-12	-1.274349e+01	-1.140310e+00
7.900000e-07	-1.664485e-06	-1.875366e-12	-1.265754e+01	-1.125090e+00
8.000000e-07	-1.653123e-06	-8.485918e-13	-1.257113e+01	-1.110993e+00
8.100000e-07	-1.641671e-06	4.397404e-12	-1.248404e+01	-1.098298e+00
8.200000e-07	-1.630072e-06	7.544016e-12	-1.239584e+01	-1.086773e+00
8.300000e-07	-1.618332e-06	6.467079e-12	-1.230656e+01	-1.075609e+00
8.400000e-07	-1.606439e-06	4.905423e-12	-1.221612e+01	-1.063455e+00
8.500000e-07	-1.594403e-06	7.044371e-12	-1.212460e+01	-1.048559e+00
8.600000e-07	-1.582256e-06	1.167407e-11	-1.203223e+01	-1.028995e+00
8.700000e-07	-1.570029e-06	1.210139e-11	-1.193925e+01	-1.002956e+00
8.800000e-07	-1.557734e-06	9.100953e-12	-1.184575e+01	-9.690553e-01
8.900000e-07	-1.545327e-06	9.730859e-12	-1.175140e+01	-9.266018e-01
9.000000e-07	-1.532800e-06	1.259668e-11	-1.165614e+01	-8.758061e-01
9.100000e-07	-1.520178e-06	1.179572e-11	-1.156015e+01	-8.178751e-01
9.200000e-07	-1.507451e-06	9.710158e-12	-1.146337e+01	-7.549833e-01
9.300000e-07	-1.494612e-06	1.206184e-11	-1.136574e+01	-6.901147e-01
9.400000e-07	-1.481679e-06	1.547039e-11	-1.126739e+01	-6.267929e-01
9.500000e-07	-1.468657e-06	1.698970e-11	-1.116837e+01	-5.687310e-01
9.600000e-07	-1.455539e-06	1.486667e-11	-1.106861e+01	-5.194441e-01
9.700000e-07	-1.442329e-06	1.251091e-11	-1.096815e+01	-4.818725e-01
9.800000e-07	-1.428991e-06	1.361097e-11	-1.086672e+01	-4.580631e-01
9.900000e-07	-1.415486e-06	1.419318e-11	-1.076402e+01	-4.489456e-01
1.000000e-06	-1.401845e-06	1.140952e-11	-1.066029e+01	-4.542322e-01
1.010000e-06	-1.388126e-06	8.234988e-12	-1.055597e+01	-4.724490e-01
1.020000e-06	-1.374354e-06	8.825865e-12	-1.045124e+01	-5.010932e-01
1.030000e-06	-1.360520e-06	1.211877e-11	-1.034604e+01	-5.368955e-01
1.040000e-06	-1.346607e-06	1.396750e-11	-1.024024e+01	-5.761542e-01
1.050000e-06	-1.332593e-06	1.211973e-11	-1.013367e+01	-6.151014e-01
1.060000e-06	-1.318464e-06	8.446337e-12	-1.002623e+01	-6.502601e-01
1.070000e-06	-1.304236e-06	5.330548e-12	-9.918034e+00	-6.787550e-01
1.080000e-06	-1.289910e-06	1.683013e-12	-9.809088e+00	-6.985447e-01
1.090000e-06	-1.275481e-06	-1.980484e-12	-9.699361e+00	-7.085579e-01
1.100000e-06	-1.260971e-06	-4.523756e-12	-9.589023e+00	-7.087240e-01
1.110000e-06	-1.246400e-06	-3.753554e-12	-9.478220e+00	-6.999015e-01
1.120000e-06	-1.231761e-06	-1.905240e-12	-9.366896e+00	-6.837186e-01
1.130000e-06	-1.217047e-06	-2.537049e-12	-9.255007e+00	-6.623457e-01
1.140000e-06	-1.202251e-06	-4.686742e-12	-9.142489e+00	-6.382278e-01
1.150000e-06	-1.187350e-06	-6.424711e-12	-9.029170e+00	-6.138033e-01
1.160000e-06	-1.172298e-06	-5.143757e-12	-8.914709e+00	-5.912365e-01
1.170000e-06	-1.157080e-06	-2.149965e-12	-8.798987e+00	-5.721896e-01
1.180000e-06	-1.141764e-06	-5.029328e-13	-8.682519e+00	-5.576525e-01
1.190000e-06	-1.126390e-06	-8.504608e-13	-8.565608e+00	-5.478469e-01
1.200000e-06	-1.110947e-06	6.911447e-14	-8.448166e+00	-5.422100e-01
1.210000e-06	-1.095420e-06	-2.246752e-13	-8.330096e+00	-5.394621e-01
1.220000e-06	-1.079805e-06	-2.707067e-12	-8.211353e+00	-5.377504e-01
1.230000e-06	-1.064120e-06	-4.911936e-12	-8.092076e+00	-5.348584e-01
1.240000e-06	-1.048378e-06	-5.695839e-12	-7.972366e+00	-5.284615e-01
1.250000e-06	-1.032558e-06	-3.242862e-12	-7.852064e+00	-5.164050e-01
1.260000e-06	-1.016643e-06	-6.550325e-13	-7.731037e+00	-4.969783e-01
1.270000e-06	-1.000631e-06	1.765930e-12	-7.609270e+00	-4.691539e-01
1.280000e-06	-9.845008e-07	2.880019e-12	-7.486612e+00	-4.327648e-01
1.290000e-06	-9.682577e-07	3.489173e-12	-7.363091e+00	-3.885948e-01
1.300000e-06	-9.519491e-07	4.874645e-12	-7.239073e+00	-3.383658e-01
1.310000e-06	-9.355861e-07	5.579438e-12	-7.114641e+00	-2.846141e-01
1.320000e-06	-9.191660e-07	6.669381e-12	-6.989775e+00	-2.304640e-01
1.330000e-06	-9.027029e-07	1.030657e-11	-6.864582e+00	-1.793136e-01
1.340000e-06	-8.861795e-07	1.282545e-11	-6.738930e+00	-1.344678e-01
1.350000e-06	-8.695963e-07	1.269691e-11	-6.612824e+00	-9.875542e-02
1.360000e-06	-8.529538e-07	1.165028e-11	-6.486266e+00	-7.417888e-02
1.370000e-06	-8.362371e-07	1.101946e-11	-6.359144e+00	-6.163976e-02
1.380000e-06	-8.194612e-07	1.068151e-11	-6.231572e+00	-6.078076e-02
1.390000e-06	-8.026259e-07	8.816339e-12	-6.103549e+00	-6.997037e-02
1.400000e-06	-7.857346e-07	7.449976e-12	-5.975099e+00	-8.644085e-02
1.410000e-06	-7.688039e-07	9.754894e-12	-5.846350e+00	-1.065704e-01
1.420000e-06	-7.518364e-07	1.606940e-11	-5.717321e+00	-1.262808e-01
1.430000e-06	-7.348431e-07	2.205892e-11	-5.588096e+00	-1.415056e-01
1.440000e-06	-7.178377e-07	2.286610e-11	-5.458779e+00	-1.486718e-01
1.450000e-06	-7.007995e-07	1.841987e-11	-5.329212e+00	-1.451324e-01
1.460000e-06	-6.837145e-07	1.481780e-11	-5.199290e+00	-1.294950e-01
1.470000e-06	-6.665781e-07	1.369272e-11	-5.068977e+00	-1.017973e-01
1.480000e-06	-6.493869e-07	1.512635e-11	-4.938246e+00	-6.350653e-02
1.490000e-06	-6.321440e-07	1.864621e-11	-4.807123e+00	-1.733589e-02
1.500000e-06	-6.148512e-07	2.241311e-11	-4.675620e+00	3.309882e-02
1.510000e-06	-5.975154e-07	2.567597e-11	-4.543791e+00	8.374009e-02
1.520000e-06	-5.801408e-07	2.803988e-11	-4.411666e+00	1.306071e-01
1.530000e-06	-5.627392e-07	2.857526e-11	-4.279336e+00	1.703029e-01
1.540000e-06	-5.453103e-07	2.662181e-11	-4.146798e+00	2.004431e-01
1.550000e-06	-5.278514e-07	2.418415e-11	-4.014032e+00	2.199477e-01
1.560000e-06	-5.103650e-07	2.256586e-11	-3.881058e+00	2.291590e-01
1.570000e-06	-4.928430e-07	2.142219e-11	-3.747812e+00	2.297700e-01
1.580000e-06	-4.752575e-07	1.967760e-11	-3.614084e+00	2.245759e-01
1.590000e-06	-4.576327e-07	1.850177e-11	-3.480056e+00	2.170855e-01
1.600000e-06	-4.399805e-07	1.943476e-11	-3.345821e+00	2.110484e-01
1.610000e-06	-4.222869e-07	2.262569e-11	-3.211270e+00	2.099647e-01
1.620000e-06	-4.045737e-07	2.542554e-11	-3.076570e+00	2.166466e-01
1.630000e-06	-3.868348e-07	2.545711e-11	-2.941675e+00	2.328906e-01
1.640000e-06	-3.690698e-07	2.538715e-11	-2.806582e+00	2.593023e-01
1.650000e-06	-3.512916e-07	2.690127e-11	-2.671388e+00	2.952934e-01
1.660000e-06	-3.335096e-07	2.638381e-11	-2.536165e+00	3.392442e-01
1.670000e-06	-3.157302e-07	2.477438e-11	-2.400963e+00	3.888000e-01
1.680000e-06	-2.979493e-07	2.558200e-11	-2.265748e+00	4.412530e-01
1.690000e-06	-2.801604e-07	2.919565e-11	-2.130473e+00	4.939485e-01
1.700000e-06	-2.623596e-07	3.305466e-11	-1.995107e+00	5.446543e-01
1.710000e-06	-2.445423e-07	3.314367e-11	-1.859616e+00	5.918390e-01
1.720000e-06	-2.267164e-07	3.012111e-11	-1.724059e+00	6.348230e-01
1.730000e-06	-2.088867e-07	2.760257e-11	-1.588473e+00	6.737850e-01
1.740000e-06	-1.910392e-07	2.463903e-11	-1.452753e+00	7.096324e-01
1.750000e-06	-1.731785e-07	2.270740e-11	-1.316932e+00	7.437633e-01
1.760000e-06	-1.553064e-07	2.310028e-11	-1.181024e+00	7.777650e-01
1.770000e-06	-1.374054e-07	2.459609e-11	-1.044896e+00	8.131018e-01
1.780000e-06	-1.194837e-07	2.713797e-11	-9.086109e-01	8.508435e-01
1.790000e-06	-1.015665e-07	2.611322e-11	-7.723598e-01	8.914780e-01
1.800000e-06	-8.364725e-08	2.189582e-11	-6.360934e-01	9.348358e-01
1.810000e-06	-6.572202e-08	1.944232e-11	-4.997814e-01	9.801321e-01
1.820000e-06	-4.780975e-08	1.949894e-11	-3.635681e-01	1.026116e+00
1.830000e-06	-2.990706e-08	2.098511e-11	-2.274275e-01	1.071294e+00
1.840000e-06	-1.198158e-08	2.397727e-11	-9.111364e-02	1.114189e+00
1.850000e-06	5.960614e-09	2.873961e-11	4.532734e-02	1.153586e+00
1.860000e-06	2.390737e-08	3.383449e-11	1.818030e-01	1.188726e+00
1.870000e-06	4.185403e-08	3.524120e-11	3.182779e-01	1.219407e+00
1.880000e-06	5.977796e-08	3.056073e-11	4.545800e-01	1.245997e+00
1.890000e-06	7.768674e-08	2.324912e-11	5.907669e-01	1.269342e+00
1.900000e-06	9.559770e-08	1.873313e-11	7.269703e-01	1.290596e+00
1.910000e-06	1.135099e-07	1.956622e-11	8.631829e-01	1.311015e+00
1.920000e-06	1.314053e-07	2.531900e-11	9.992684e-01	1.331743e+00
1.930000e-06	1.492763e-07	3.018972e-11	1.135168e+00	1.353638e+00
1.940000e-06	1.671345e-07	3.490964e-11	1.270970e+00	1.377160e+00
1.950000e-06	1.849839e-07	3.999140e-11	1.406706e+00	1.402354e+00
1.960000e-06	2.028237e-07	4.039929e-11	1.542368e+00	1.428913e+00
1.970000e-06	2.206556e-07	3.581127e-11	1.677970e+00	1.456319e+00
1.980000e-06	2.384809e-07	2.860957e-11	1.813522e+00	1.484022e+00
1.990000e-06	2.562967e-07	2.323416e-11	1.949002e+00	1.511627e+00
2.000000e-06	2.740932e-07	2.356936e-11	2.084335e+00	1.539048e+00
2.010000e-06	2.918826e-07	2.821690e-11	2.219614e+00	1.566595e+00
2.020000e-06	3.096703e-07	3.309366e-11	2.354880e+00	1.594977e+00
2.030000e-06	3.274468e-07	3.705964e-11	2.490061e+00	1.625209e+00
2.040000e-06	3.452108e-07	3.921741e-11	2.625147e+00	1.658448e+00
2.050000e-06	3.629624e-07	3.838456e-11	2.760139e+00	1.695778e+00
2.060000e-06	3.806906e-07	3.416471e-11	2.894952e+00	1.737984e+00
2.070000e-06	3.983907e-07	3.053934e-11	3.029552e+00	1.785362e+00
2.080000e-06	4.160871e-07	3.190635e-11	3.164124e+00	1.837599e+00
2.090000e-06	4.337574e-07	3.766029e-11	3.298498e+00	1.893752e+00
2.100000e-06	4.514021e-07	4.375327e-11	3.432676e+00	1.952333e+00
2.110000e-06	4.690325e-07	4.581054e-11	3.566746e+00	2.011500e+00
2.120000e-06	4.866077e-07	4.589552e-11	3.700396e+00	2.069316e+00
2.130000e-06	5.041352e-07	4.846508e-11	3.833683e+00	2.124033e+00
2.140000e-06	5.216441e-07	4.962259e-11	3.966829e+00	2.174371e+00
2.150000e-06	5.391252e-07	4.760287e-11	4.099764e+00	2.219722e+00
2.160000e-06	5.565571e-07	4.545149e-11	4.232325e+00	2.260248e+00
2.170000e-06	5.739503e-07	4.520816e-11	4.364591e+00	2.296862e+00
2.180000e-06	5.912944e-07	4.639451e-11	4.496483e+00	2.331074e+00
2.190000e-06	6.085887e-07	4.650749e-11	4.627998e+00	2.364729e+00
2.200000e-06	6.258455e-07	4.564126e-11	4.759227e+00	2.399683e+00
2.210000e-06	6.430508e-07	4.541083e-11	4.890063e+00	2.437455e+00
2.220000e-06	6.602036e-07	4.594818e-11	5.020502e+00	2.478921e+00
2.230000e-06	6.773089e-07	4.606618e-11	5.150578e+00	2.524106e+00
2.240000e-06	6.943768e-07	4.507366e-11	5.280371e+00	2.572089e+00
2.250000e-06	7.114139e-07	4.354750e-11	5.409929e+00	2.621072e+00
2.260000e-06	7.284221e-07	4.328140e-11	5.539267e+00	2.668575e+00
2.270000e-06	7.454024e-07	4.425296e-11	5.668394e+00	2.711748e+00
2.280000e-06	7.623522e-07	4.535946e-11	5.797288e+00	2.747747e+00
2.290000e-06	7.792723e-07	4.617446e-11	5.925957e+00	2.774117e+00
2.300000e-06	7.961343e-07	4.717025e-11	6.054183e+00	2.789109e+00
2.310000e-06	8.129424e-07	4.967487e-11	6.182000e+00	2.791909e+00
2.320000e-06	8.297000e-07	5.084026e-11	6.309432e+00	2.782715e+00
2.330000e-06	8.463589e-07	4.577622e-11	6.436115e+00	2.762662e+00
2.340000e-06	8.629297e-07	4.009508e-11	6.562127e+00	2.733626e+00
2.350000e-06	8.794403e-07	3.759456e-11	6.687682e+00	2.697903e+00
2.360000e-06	8.958752e-07	3.609704e-11	6.812661e+00	2.657866e+00
2.370000e-06	9.122449e-07	3.508967e-11	6.937143e+00	2.615616e+00
2.380000e-06	9.285772e-07	3.455329e-11	7.061342e+00	2.572715e+00
2.390000e-06	9.448702e-07	3.571326e-11	7.185241e+00	2.530029e+00
2.400000e-06	9.610769e-07	3.864473e-11	7.308485e+00	2.487723e+00
2.410000e-06	9.771841e-07	3.949970e-11	7.430972e+00	2.445385e+00
2.420000e-06	9.932250e-07	3.568772e-11	7.552954e+00	2.402274e+00
2.430000e-06	1.009207e-06	3.043410e-11	7.674491e+00	2.357636e+00
2.440000e-06	1.025117e-06	2.643766e-11	7.795475e+00	2.311029e+00
2.450000e-06	1.040953e-06	2.416649e-11	7.915902e+00	2.262598e+00
2.460000e-06	1.056728e-06	2.137022e-11	8.035861e+00	2.213235e+00
2.470000e-06	1.072407e-06	2.065370e-11	8.155092e+00	2.164601e+00
2.480000e-06	1.087981e-06	2.353896e-11	8.273524e+00	2.118989e+00
2.490000e-06	1.103482e-06	2.613305e-11	8.391400e+00	2.079040e+00
2.500000e-06	1.118914e-06	2.512108e-11	8.508757e+00	2.047366e+00
2.510000e-06	1.134288e-06	2.285825e-11	8.625665e+00	2.026121e+00
2.520000e-06	1.149587e-06	2.091317e-11	8.742008e+00	2.016617e+00
2.530000e-06	1.164777e-06	2.013054e-11	8.857518e+00	2.019025e+00
2.540000e-06	1.179837e-06	2.061086e-11	8.972039e+00	2.032240e+00
2.550000e-06	1.194743e-06	2.292514e-11	9.085394e+00	2.053931e+00
2.560000e-06	1.209515e-06	2.804901e-11	9.197723e+00	2.080777e+00
2.570000e-06	1.224186e-06	3.220745e-11	9.309294e+00	2.108868e+00
2.580000e-06	1.238799e-06	3.343167e-11	9.420416e+00	2.134214e+00
2.590000e-06	1.253348e-06	3.147765e-11	9.531057e+00	2.153282e+00
2.600000e-06	1.267809e-06	2.911722e-11	9.641025e+00	2.163486e+00
2.610000e-06	1.282196e-06	2.605948e-11	9.750427e+00	2.163550e+00
2.620000e-06	1.296500e-06	2.457407e-11	9.859205e+00	2.153688e+00
2.630000e-06	1.310701e-06	2.477915e-11	9.967191e+00	2.135567e+00
2.640000e-06	1.324799e-06	2.404233e-11	1.007440e+01	2.112053e+00
2.650000e-06	1.338805e-06	2.467379e-11	1.018091e+01	2.086784e+00
2.660000e-06	1.352719e-06	2.666742e-11	1.028672e+01	2.063621e+00
2.670000e-06	1.366562e-06	2.628415e-11	1.039199e+01	2.046064e+00
2.680000e-06	1.380349e-06	2.454886e-11	1.049683e+01	2.036729e+00
2.690000e-06	1.394062e-06	2.477472e-11	1.060111e+01	2.036947e+00
2.700000e-06	1.407667e-06	2.638872e-11	1.070457e+01	2.046568e+00
2.710000e-06	1.421122e-06	2.675346e-11	1.080689e+01	2.063976e+00
2.720000e-06	1.434411e-06	2.775090e-11	1.090794e+01	2.086332e+00
2.730000e-06	1.447566e-06	3.136841e-11	1.100798e+01	2.110000e+00
2.740000e-06	1.460633e-06	3.480331e-11	1.110735e+01	2.131076e+00
2.750000e-06	1.473627e-06	3.741385e-11	1.120616e+01	2.145967e+00
2.760000e-06	1.486534e-06	3.828073e-11	1.130431e+01	2.151905e+00
2.770000e-06	1.499347e-06	3.949902e-11	1.140175e+01	2.147333e+00
2.780000e-06	1.512060e-06	4.088625e-11	1.149842e+01	2.132106e+00
2.790000e-06	1.524667e-06	3.986074e-11	1.159430e+01	2.107471e+00
2.800000e-06	1.537185e-06	3.771628e-11	1.168948e+01	2.075850e+00
2.810000e-06	1.549617e-06	3.567941e-11	1.178402e+01	2.040449e+00
2.820000e-06	1.561945e-06	3.338105e-11	1.187777e+01	2.004764e+00
2.830000e-06	1.574179e-06	3.056945e-11	1.197080e+01	1.972070e+00
2.840000e-06	1.586338e-06	2.794061e-11	1.206327e+01	1.944960e+00
2.850000e-06	1.598408e-06	2.706287e-11	1.215505e+01	1.925011e+00
2.860000e-06	1.610338e-06	2.907473e-11	1.224577e+01	1.912627e+00
2.870000e-06	1.622069e-06	3.166096e-11	1.233498e+01	1.907068e+00
2.880000e-06	1.633623e-06	3.201324e-11	1.242284e+01	1.906663e+00
2.890000e-06	1.645060e-06	2.993859e-11	1.250982e+01	1.909153e+00
2.900000e-06	1.656402e-06	2.657422e-11	1.259607e+01	1.912112e+00
2.910000e-06	1.667655e-06	2.461762e-11	1.268164e+01	1.913366e+00
2.920000e-06	1.678791e-06	2.536634e-11	1.276633e+01	1.911349e+00
2.930000e-06	1.689809e-06	2.704515e-11	1.285011e+01	1.905331e+00
2.940000e-06	1.700726e-06	2.839003e-11	1.293313e+01	1.895487e+00
2.950000e-06	1.711530e-06	3.036535e-11	1.301529e+01	1.882806e+00
2.960000e-06	1.722206e-06	3.189018e-11	1.309648e+01	1.868855e+00
2.970000e-06	1.732754e-06	3.052725e-11	1.317669e+01	1.855460e+00
2.980000e-06	1.743143e-06	2.766963e-11	1.325568e+01	1.844340e+00
2.990000e-06	1.753320e-06	2.445393e-11	1.333308e+01	1.836782e+00
3.000000e-06	1.763302e-06	2.266687e-11	1.340899e+01	1.833411e+00
3.010000e-06	1.773151e-06	2.463090e-11	1.348388e+01	1.834080e+00
3.020000e-06	1.782898e-06	2.760153e-11	1.355801e+01	1.837921e+00
3.030000e-06	1.792542e-06	2.858437e-11	1.363134e+01	1.843525e+00
3.040000e-06	1.802059e-06	2.996025e-11	1.370372e+01	1.849233e+00
3.050000e-06	1.811440e-06	3.186198e-11	1.377505e+01	1.853466e+00
3.060000e-06	1.820687e-06	3.241223e-11	1.384536e+01	1.855053e+00
3.070000e-06	1.829806e-06	2.922817e-11	1.391471e+01	1.853482e+00
3.080000e-06	1.838846e-06	2.446117e-11	1.398346e+01	1.849024e+00
3.090000e-06	1.847827e-06	2.298183e-11	1.405176e+01	1.842723e+00
3.100000e-06	1.856690e-06	2.253192e-11	1.411915e+01	1.836228e+00
3.110000e-06	1.865380e-06	2.089911e-11	1.418524e+01	1.831508e+00
3.120000e-06	1.873882e-06	1.864296e-11	1.424989e+01	1.830499e+00
3.130000e-06	1.882206e-06	1.791753e-11	1.431319e+01	1.834735e+00
3.140000e-06	1.890393e-06	1.966278e-11	1.437545e+01	1.845032e+00
3.150000e-06	1.898486e-06	2.192091e-11	1.443699e+01	1.861284e+00
3.160000e-06	1.906460e-06	2.203113e-11	1.449763e+01	1.882412e+00
3.170000e-06	1.914286e-06	2.271505e-11	1.455714e+01	1.906471e+00
3.180000e-06	1.921971e-06	2.530814e-11	1.461558e+01	1.930907e+00
3.190000e-06	1.929527e-06	2.673844e-11	1.467304e+01	1.952926e+00
3.200000e-06	1.936978e-06	2.717077e-11	1.472970e+01	1.969913e+00
3.210000e-06	1.944319e-06	2.678084e-11	1.478553e+01	1.979837e+00
3.220000e-06	1.951526e-06	2.632270e-11	1.484033e+01	1.981566e+00
3.230000e-06	1.958563e-06	2.807193e-11	1.489384e+01	1.975057e+00
3.240000e-06	1.965429e-06	3.160961e-11	1.494605e+01	1.961369e+00
3.250000e-06	1.972147e-06	3.345687e-11	1.499714e+01	1.942508e+00
3.260000e-06	1.978726e-06	3.299165e-11	1.504717e+01	1.921126e+00
3.270000e-06	1.985174e-06	3.069185e-11	1.509621e+01	1.900119e+00
3.280000e-06	1.991495e-06	2.701225e-11	1.514428e+01	1.882195e+00
3.290000e-06	1.997680e-06	2.351045e-11	1.519130e+01	1.869471e+00
3.300000e-06	2.003718e-06	2.303227e-11	1.523722e+01	1.863183e+00
3.310000e-06	2.009634e-06	2.697234e-11	1.528221e+01	1.863533e+00
3.320000e-06	2.015455e-06	3.186702e-11	1.532647e+01	1.869714e+00
3.330000e-06	2.021161e-06	3.615892e-11	1.536986e+01	1.880098e+00
3.340000e-06	2.026706e-06	3.923912e-11	1.541204e+01	1.892558e+00
3.350000e-06	2.032052e-06	3.979844e-11	1.545269e+01	1.904869e+00
3.360000e-06	2.037204e-06	4.016996e-11	1.549187e+01	1.915114e+00
3.370000e-06	2.042226e-06	4.068165e-11	1.553005e+01	1.922033e+00
3.380000e-06	2.047130e-06	4.030863e-11	1.556735e+01	1.925254e+00
3.390000e-06	2.051903e-06	4.007233e-11	1.560364e+01	1.925371e+00
3.400000e-06	2.056514e-06	3.996689e-11	1.563871e+01	1.923842e+00
3.410000e-06	2.060965e-06	3.922593e-11	1.567256e+01	1.922745e+00
3.420000e-06	2.065294e-06	3.795712e-11	1.570548e+01	1.924419e+00
3.430000e-06	2.069519e-06	3.862368e-11	1.573760e+01	1.931052e+00
3.440000e-06	2.073630e-06	4.282377e-11	1.576887e+01	1.944296e+00
3.450000e-06	2.077592e-06	4.745930e-11	1.579899e+01	1.964958e+00
3.460000e-06	2.081378e-06	5.059456e-11	1.582778e+01	1.992837e+00
3.470000e-06	2.084997e-06	4.932475e-11	1.585530e+01	2.026720e+00
3.480000e-06	2.088482e-06	4.584568e-11	1.588181e+01	2.064548e+00
3.490000e-06	2.091836e-06	4.553692e-11	1.590731e+01	2.103718e+00
3.500000e-06	2.095026e-06	4.457907e-11	1.593158e+01	2.141479e+00
3.510000e-06	2.098046e-06	4.330244e-11	1.595454e+01	2.175343e+00
3.520000e-06	2.100899e-06	4.413743e-11	1.597624e+01	2.203461e+00
3.530000e-06	2.103598e-06	4.588383e-11	1.599676e+01	2.224881e+00
3.540000e-06	2.106159e-06	4.621517e-11	1.601623e+01	2.239663e+00
3.550000e-06	2.108554e-06	4.535890e-11	1.603445e+01	2.248819e+00
3.560000e-06	2.110744e-06	4.446557e-11	1.605110e+01	2.254104e+00
3.570000e-06	2.112725e-06	4.514931e-11	1.606616e+01	2.257675e+00
3.580000e-06	2.114541e-06	4.620416e-11	1.607997e+01	2.261695e+00
3.590000e-06	2.116234e-06	4.448114e-11	1.609285e+01	2.267938e+00
3.600000e-06	2.117798e-06	3.990445e-11	1.610474e+01	2.277466e+00
3.610000e-06	2.119227e-06	3.652460e-11	1.611560e+01	2.290434e+00
3.620000e-06	2.120516e-06	3.691457e-11	1.612541e+01	2.306056e+00
3.630000e-06	2.121656e-06	3.884650e-11	1.613408e+01	2.322738e+00
3.640000e-06	2.122677e-06	4.070690e-11	1.614185e+01	2.338358e+00
3.650000e-06	2.123580e-06	4.237804e-11	1.614871e+01	2.350644e+00
3.660000e-06	2.124289e-06	4.444860e-11	1.615410e+01	2.357585e+00
3.670000e-06	2.124788e-06	4.424591e-11	1.615789e+01	2.357811e+00
3.680000e-06	2.125114e-06	4.177733e-11	1.616037e+01	2.350875e+00
3.690000e-06	2.125292e-06	3.821314e-11	1.616173e+01	2.337380e+00
3.700000e-06	2.125354e-06	3.985290e-11	1.616220e+01	2.318943e+00
3.710000e-06	2.125296e-06	5.481884e-11	1.616176e+01	2.297988e+00
3.720000e-06	2.125067e-06	5.289768e-11	1.616002e+01	2.277400e+00
3.730000e-06	2.124689e-06	5.172965e-11	1.615714e+01	2.260111e+00
3.740000e-06	2.124206e-06	-1.945240e-11	1.615347e+01	2.248657e+00
3.750000e-06	2.123521e-06	-5.722872e-11	1.614826e+01	2.244810e+00
3.760000e-06	2.122526e-06	1.263223e-11	1.614069e+01	2.249320e+00
3.770000e-06	2.121310e-06	2.057243e-11	1.613145e+01	2.261820e+00
3.780000e-06	2.120026e-06	2.134285e-11	1.612168e+01	2.280903e+00
3.790000e-06	2.118698e-06	2.122802e-11	1.611159e+01	2.304369e+00
3.800000e-06	2.117283e-06	1.937340e-11	1.610083e+01	2.329579e+00
3.810000e-06	2.115709e-06	9.316957e-12	1.608886e+01	2.353883e+00
3.820000e-06	2.113963e-06	1.612514e-12	1.607558e+01	2.375026e+00
3.830000e-06	2.112096e-06	1.867858e-11	1.606138e+01	2.391482e+00
3.840000e-06	2.110123e-06	-1.210178e-12	1.604638e+01	2.402653e+00
3.850000e-06	2.107987e-06	1.531234e-12	1.603013e+01	2.408904e+00
3.860000e-06	2.105598e-06	7.763167e-12	1.601197e+01	2.411424e+00
3.870000e-06	2.102965e-06	4.585794e-11	1.599194e+01	2.411945e+00
3.880000e-06	2.100168e-06	2.970848e-11	1.597067e+01	2.412361e+00
3.890000e-06	2.097257e-06	-3.455917e-12	1.594854e+01	2.414320e+00
3.900000e-06	2.094211e-06	-3.886750e-12	1.592538e+01	2.418845e+00
3.910000e-06	2.090983e-06	2.057042e-11	1.590083e+01	2.426071e+00
3.920000e-06	2.087619e-06	2.848609e-11	1.587525e+01	2.435120e+00
3.930000e-06	2.084170e-06	6.900929e-12	1.584902e+01	2.444163e+00
3.940000e-06	2.080607e-06	9.922661e-12	1.582192e+01	2.450641e+00
3.950000e-06	2.076886e-06	1.350882e-11	1.579362e+01	2.451622e+00
3.960000e-06	2.073032e-06	2.452170e-11	1.576432e+01	2.444243e+00
3.970000e-06	2.069046e-06	3.541798e-12	1.573401e+01	2.426150e+00
3.980000e-06	2.064852e-06	4.665450e-12	1.570212e+01	2.395880e+00
3.990000e-06	2.060434e-06	1.267876e-11	1.566851e+01	2.353122e+00
4.000000e-06	2.055872e-06	2.727124e-11	1.563383e+01	2.298798e+00
4.010000e-06	2.051224e-06	7.070714e-12	1.559848e+01	2.234976e+00
4.020000e-06	2.046427e-06	-1.278909e-12	1.556200e+01	2.164600e+00
4.030000e-06	2.041466e-06	5.341196e-12	1.552427e+01	2.091098e+00
4.040000e-06	2.036373e-06	1.769739e-11	1.548555e+01	2.017922e+00
4.050000e-06	2.031151e-06	1.056460e-11	1.544584e+01	1.948088e+00
4.060000e-06	2.025787e-06	2.336061e-12	1.540505e+01	1.883795e+00
4.070000e-06	2.020281e-06	7.141968e-12	1.536317e+01	1.826174e+00
4.080000e-06	2.014634e-06	7.341808e-12	1.532023e+01	1.775208e+00
4.090000e-06	2.008821e-06	7.042718e-13	1.527603e+01	1.729832e+00
4.100000e-06	2.002815e-06	-2.027360e-12	1.523036e+01	1.688197e+00
4.110000e-06	1.996642e-06	1.355905e-11	1.518341e+01	1.648049e+00
4.120000e-06	1.990351e-06	1.068532e-11	1.513558e+01	1.607161e+00
4.130000e-06	1.983946e-06	3.756278e-12	1.508686e+01	1.563760e+00
4.140000e-06	1.977397e-06	4.908084e-13	1.503707e+01	1.516862e+00
4.150000e-06	1.970712e-06	6.709891e-12	1.498623e+01	1.466481e+00
4.160000e-06	1.963910e-06	-2.682323e-12	1.493450e+01	1.413666e+00
4.170000e-06	1.957001e-06	-3.253872e-12	1.488196e+01	1.360380e+00
4.180000e-06	1.949994e-06	5.918654e-12	1.482868e+01	1.309214e+00
4.190000e-06	1.942850e-06	9.933178e-12	1.477435e+01	1.263017e+00
4.200000e-06	1.935515e-06	-8.481260e-12	1.471857e+01	1.224471e+00
4.210000e-06	1.927984e-06	-1.794015e-11	1.466131e+01	1.195697e+00
4.220000e-06	1.920274e-06	-1.172296e-11	1.460267e+01	1.177941e+00
4.230000e-06	1.912428e-06	-9.323750e-12	1.454301e+01	1.171393e+00
4.240000e-06	1.904482e-06	-1.176460e-11	1.448259e+01	1.175157e+00
4.250000e-06	1.896413e-06	-4.053366e-12	1.442122e+01	1.187382e+00
4.260000e-06	1.888208e-06	5.865840e-12	1.435883e+01	1.205514e+00
4.270000e-06	1.879871e-06	-8.945326e-13	1.429543e+01	1.226646e+00
4.280000e-06	1.871411e-06	-7.146293e-12	1.423110e+01	1.247891e+00
4.290000e-06	1.862867e-06	-7.134313e-12	1.416612e+01	1.266736e+00
4.300000e-06	1.854241e-06	-4.426163e-12	1.410053e+01	1.281314e+00
4.310000e-06	1.845463e-06	-9.115513e-12	1.403378e+01	1.290563e+00
4.320000e-06	1.836500e-06	-7.337534e-12	1.396562e+01	1.294257e+00
4.330000e-06	1.827409e-06	-4.150368e-12	1.389649e+01	1.292911e+00
4.340000e-06	1.818208e-06	-6.622538e-12	1.382652e+01	1.287579e+00
4.350000e-06	1.808863e-06	-1.221513e-11	1.375546e+01	1.279600e+00
4.360000e-06	1.799362e-06	-1.234522e-11	1.368320e+01	1.270322e+00
4.370000e-06	1.789714e-06	-1.509762e-11	1.360984e+01	1.260866e+00
4.380000e-06	1.779949e-06	-1.931492e-11	1.353557e+01	1.251952e+00
4.390000e-06	1.770065e-06	-1.887594e-11	1.346041e+01	1.243829e+00
4.400000e-06	1.760058e-06	-1.768517e-11	1.338431e+01	1.236299e+00
4.410000e-06	1.749932e-06	-2.180687e-11	1.330731e+01	1.228831e+00
4.420000e-06	1.739672e-06	-2.587379e-11	1.322929e+01	1.220736e+00
4.430000e-06	1.729241e-06	-2.528216e-11	1.314997e+01	1.211358e+00
4.440000e-06	1.718614e-06	-2.200476e-11	1.306916e+01	1.200255e+00
4.450000e-06	1.707810e-06	-1.789501e-11	1.298700e+01	1.187316e+00
4.460000e-06	1.696887e-06	-1.678598e-11	1.290393e+01	1.172804e+00
4.470000e-06	1.685880e-06	-1.705428e-11	1.282023e+01	1.157310e+00
4.480000e-06	1.674776e-06	-1.596607e-11	1.273579e+01	1.141622e+00
4.490000e-06	1.663544e-06	-1.476437e-11	1.265038e+01	1.126535e+00
4.500000e-06	1.652185e-06	-1.775967e-11	1.256400e+01	1.112647e+00
4.510000e-06	1.640710e-06	-1.835082e-11	1.247674e+01	1.100162e+00
4.520000e-06	1.629122e-06	-1.515167e-11	1.238862e+01	1.088752e+00
4.530000e-06	1.617434e-06	-1.318385e-11	1.229973e+01	1.077513e+00
4.540000e-06	1.605662e-06	-1.563306e-11	1.221022e+01	1.065015e+00
4.550000e-06	1.593798e-06	-1.787298e-11	1.212000e+01	1.049458e+00
4.560000e-06	1.581791e-06	-1.565144e-11	1.202869e+01	1.028916e+00
4.570000e-06	1.569632e-06	-1.298408e-11	1.193622e+01	1.001631e+00
4.580000e-06	1.557315e-06	-1.305959e-11	1.184256e+01	9.663127e-01
4.590000e-06	1.544851e-06	-1.377706e-11	1.174778e+01	9.224110e-01
4.600000e-06	1.532290e-06	-1.369453e-11	1.165226e+01	8.702980e-01
4.610000e-06	1.519645e-06	-1.182165e-11	1.155610e+01	8.113478e-01
4.620000e-06	1.506912e-06	-1.226034e-11	1.145927e+01	7.478839e-01
4.630000e-06	1.494076e-06	-1.783915e-11	1.136166e+01	6.830017e-01
4.640000e-06	1.481139e-06	-2.259390e-11	1.126328e+01	6.202822e-01
4.650000e-06	1.468113e-06	-2.055653e-11	1.116423e+01	5.634328e-01
4.660000e-06	1.454971e-06	-1.504415e-11	1.106429e+01	5.158979e-01
4.670000e-06	1.441728e-06	-1.252199e-11	1.096358e+01	4.804890e-01
4.680000e-06	1.428419e-06	-1.197127e-11	1.086238e+01	4.590790e-01
4.690000e-06	1.415043e-06	-8.664589e-12	1.076066e+01	4.523983e-01
4.700000e-06	1.401590e-06	-4.935784e-12	1.065836e+01	4.599557e-01
4.710000e-06	1.388037e-06	-5.303613e-12	1.055530e+01	4.800916e-01
4.720000e-06	1.374330e-06	-8.994937e-12	1.045106e+01	5.101550e-01
4.730000e-06	1.360434e-06	-1.083710e-11	1.034539e+01	5.467799e-01
4.740000e-06	1.346387e-06	-7.004079e-12	1.023857e+01	5.862277e-01
4.750000e-06	1.332254e-06	-1.494113e-12	1.013109e+01	6.247552e-01
4.760000e-06	1.318062e-06	-4.238227e-13	1.002317e+01	6.589660e-01
4.770000e-06	1.303802e-06	-5.903986e-13	9.914730e+00	6.861097e-01
4.780000e-06	1.289461e-06	6.375752e-13	9.805672e+00	7.043001e-01
4.790000e-06	1.275032e-06	1.655318e-12	9.695951e+00	7.126336e-01
4.800000e-06	1.260505e-06	8.606523e-13	9.585475e+00	7.112019e-01
4.810000e-06	1.245890e-06	-3.753690e-12	9.474339e+00	7.010049e-01
4.820000e-06	1.231206e-06	-8.006612e-12	9.362673e+00	6.837784e-01
4.830000e-06	1.216457e-06	-8.527591e-12	9.250516e+00	6.617579e-01
4.840000e-06	1.201620e-06	-7.212118e-12	9.137692e+00	6.374069e-01
4.850000e-06	1.186689e-06	-6.228382e-12	9.024145e+00	6.131358e-01
4.860000e-06	1.171690e-06	-4.373930e-12	8.910090e+00	5.910396e-01
4.870000e-06	1.156598e-06	-6.226586e-13	8.795319e+00	5.726786e-01
4.880000e-06	1.141381e-06	2.572170e-12	8.679601e+00	5.589192e-01
4.890000e-06	1.126019e-06	9.118328e-13	8.562787e+00	5.498511e-01
4.900000e-06	1.110509e-06	-3.482362e-12	8.444837e+00	5.447853e-01
4.910000e-06	1.094883e-06	-4.292916e-12	8.326011e+00	5.423344e-01
4.920000e-06	1.079175e-06	-1.624343e-12	8.206556e+00	5.405693e-01
4.930000e-06	1.063427e-06	8.814643e-13	8.086804e+00	5.372365e-01
4.940000e-06	1.047644e-06	-6.039117e-13	7.966780e+00	5.300203e-01
4.950000e-06	1.031811e-06	-3.527196e-12	7.846379e+00	5.168215e-01
4.960000e-06	1.015917e-06	-4.447267e-12	7.725517e+00	4.960281e-01
4.970000e-06	9.999461e-07	-4.385113e-12	7.604065e+00	4.667458e-01
4.980000e-06	9.839010e-07	-5.547101e-12	7.482050e+00	4.289624e-01
4.990000e-06	9.677851e-07	-6.657501e-12	7.359498e+00	3.836220e-01
5.000000e-06	9.515969e-07	-5.669981e-12	7.236395e+00	3.325935e-01
5.010000e-06	9.353419e-07	-4.447091e-12	7.112784e+00	2.785299e-01
5.020000e-06	9.190401e-07	-6.917421e-12	6.988818e+00	2.246245e-01
5.030000e-06	9.026851e-07	-1.259172e-11	6.864446e+00	1.742866e-01
5.040000e-06	8.862585e-07	-1.718294e-11	6.739531e+00	1.307679e-01
5.050000e-06	8.697637e-07	-1.921602e-11	6.614096e+00	9.678231e-02
5.060000e-06	8.532197e-07	-1.794151e-11	6.488288e+00	7.416518e-02
5.070000e-06	8.366456e-07	-1.670073e-11	6.362251e+00	6.361564e-02
5.080000e-06	8.200548e-07	-1.554510e-11	6.236086e+00	6.456095e-02
5.090000e-06	8.034397e-07	-1.195646e-11	6.109737e+00	7.516655e-02
5.100000e-06	7.867697e-07	-1.102348e-11	5.982971e+00	9.249918e-02
5.110000e-06	7.700271e-07	-1.533427e-11	5.855652e+00	1.128308e-01
5.120000e-06	7.532051e-07	-2.016622e-11	5.727729e+00	1.320515e-01
5.130000e-06	7.363002e-07	-2.066025e-11	5.599177e+00	1.461444e-01
5.140000e-06	7.192912e-07	-1.928028e-11	5.469832e+00	1.516626e-01
5.150000e-06	7.021650e-07	-1.704534e-11	5.339596e+00	1.461493e-01
5.160000e-06	6.849537e-07	-1.356700e-11	5.208713e+00	1.284426e-01
5.170000e-06	6.676977e-07	-1.176270e-11	5.077491e+00	9.882367e-02
5.180000e-06	6.503981e-07	-1.159550e-11	4.945936e+00	5.898482e-02
5.190000e-06	6.330556e-07	-1.382973e-11	4.814055e+00	1.181733e-02
5.200000e-06	6.156924e-07	-1.343088e-11	4.682017e+00	-3.895501e-02
5.210000e-06	5.982996e-07	-1.476265e-11	4.549754e+00	-8.925089e-02
5.220000e-06	5.808861e-07	-1.736194e-11	4.417334e+00	-1.351529e-01
5.230000e-06	5.634590e-07	-1.675755e-11	4.284809e+00	-1.734062e-01
5.240000e-06	5.459840e-07	-1.502691e-11	4.151922e+00	-2.018278e-01
5.250000e-06	5.284624e-07	-1.253937e-11	4.018679e+00	-2.195717e-01
5.260000e-06	5.109314e-07	-1.154519e-11	3.885365e+00	-2.272152e-01
5.270000e-06	4.933739e-07	-1.329678e-11	3.751849e+00	-2.266569e-01
5.280000e-06	4.757664e-07	-1.536306e-11	3.617954e+00	-2.208408e-01
5.290000e-06	4.581128e-07	-1.476286e-11	3.483707e+00	-2.133500e-01
5.300000e-06	4.404076e-07	-1.273215e-11	3.349069e+00	-2.079259e-01
5.310000e-06	4.226770e-07	-1.033081e-11	3.214237e+00	-2.079822e-01
5.320000e-06	4.049420e-07	-7.929650e-12	3.079371e+00	-2.161810e-01
5.330000e-06	3.871961e-07	-4.812254e-12	2.944423e+00	-2.341276e-01
5.340000e-06	3.694321e-07	-1.817200e-12	2.809337e+00	-2.622244e-01
5.350000e-06	3.516583e-07	5.719821e-13	2.674177e+00	-2.996957e-01
5.360000e-06	3.338683e-07	-1.003812e-14	2.538893e+00	-3.447757e-01
5.370000e-06	3.160505e-07	-2.292202e-12	2.403398e+00	-3.950229e-01
5.380000e-06	2.982144e-07	-3.294034e-12	2.267764e+00	-4.477104e-01
5.390000e-06	2.803413e-07	-3.354142e-12	2.131848e+00	-5.002302e-01
5.400000e-06	2.624457e-07	-4.616459e-12	1.995762e+00	-5.504506e-01
5.410000e-06	2.445481e-07	-6.249129e-12	1.859660e+00	-5.969755e-01
5.420000e-06	2.266249e-07	-8.428985e-12	1.723363e+00	-6.392717e-01
5.430000e-06	2.086781e-07	-1.043834e-11	1.586888e+00	-6.776519e-01
5.440000e-06	1.907056e-07	-1.102445e-11	1.450216e+00	-7.131241e-01
5.450000e-06	1.727184e-07	-1.251755e-11	1.313433e+00	-7.471397e-01
5.460000e-06	1.547345e-07	-1.386836e-11	1.176675e+00	-7.812869e-01
5.470000e-06	1.367421e-07	-1.533628e-11	1.039852e+00	-8.169811e-01
5.480000e-06	1.187298e-07	-1.924451e-11	9.028780e-01	-8.552054e-01
5.490000e-06	1.007039e-07	-2.314811e-11	7.658000e-01	-8.963404e-01
5.500000e-06	8.267955e-08	-2.326137e-11	6.287345e-01	-9.401076e-01
5.510000e-06	6.464311e-08	-2.170852e-11	4.915769e-01	-9.856319e-01
5.520000e-06	4.658406e-08	-2.115819e-11	3.542473e-01	-1.031605e+00
5.530000e-06	2.853873e-08	-2.191410e-11	2.170221e-01	-1.076518e+00
5.540000e-06	1.050071e-08	-2.243876e-11	7.985236e-02	-1.118921e+00
5.550000e-06	-7.544506e-09	-2.231764e-11	-5.737201e-02	-1.157664e+00
5.560000e-06	-2.558661e-08	-2.458972e-11	-1.945727e-01	-1.192075e+00
5.570000e-06	-4.362013e-08	-2.804376e-11	-3.317082e-01	-1.222052e+00
5.580000e-06	-6.163268e-08	-2.851423e-11	-4.686842e-01	-1.248049e+00
5.590000e-06	-7.964514e-08	-2.728762e-11	-6.056595e-01	-1.270976e+00
5.600000e-06	-9.766755e-08	-2.503807e-11	-7.427105e-01	-1.292021e+00
5.610000e-06	-1.156852e-07	-2.454500e-11	-8.797251e-01	-1.312435e+00
5.620000e-06	-1.336907e-07	-2.785537e-11	-1.016647e+00	-1.333325e+00
5.630000e-06	-1.516673e-07	-3.231424e-11	-1.153350e+00	-1.355488e+00
5.640000e-06	-1.696102e-07	-3.585452e-11	-1.289797e+00	-1.379313e+00
5.650000e-06	-1.875411e-07	-3.854815e-11	-1.426152e+00	-1.404780e+00
5.660000e-06	-2.054684e-07	-4.084296e-11	-1.562480e+00	-1.431537e+00
5.670000e-06	-2.233923e-07	-4.058992e-11	-1.698781e+00	-1.459046e+00
5.680000e-06	-2.413068e-07	-3.779111e-11	-1.835011e+00	-1.486770e+00
5.690000e-06	-2.592057e-07	-3.668618e-11	-1.971123e+00	-1.514357e+00
5.700000e-06	-2.770846e-07	-3.891563e-11	-2.107083e+00	-1.541783e+00
5.710000e-06	-2.949380e-07	-4.180622e-11	-2.242848e+00	-1.569428e+00
5.720000e-06	-3.127527e-07	-4.367744e-11	-2.378320e+00	-1.598058e+00
5.730000e-06	-3.305327e-07	-4.313223e-11	-2.513528e+00	-1.628727e+00
5.740000e-06	-3.482926e-07	-4.269560e-11	-2.648583e+00	-1.662595e+00
5.750000e-06	-3.660351e-07	-4.558883e-11	-2.783505e+00	-1.700711e+00
5.760000e-06	-3.837610e-07	-4.945325e-11	-2.918301e+00	-1.743791e+00
5.770000e-06	-4.014698e-07	-5.028558e-11	-3.052967e+00	-1.792035e+00
5.780000e-06	-4.191495e-07	-4.818803e-11	-3.187412e+00	-1.845023e+00
5.790000e-06	-4.367915e-07	-4.549095e-11	-3.321570e+00	-1.901713e+00
5.800000e-06	-4.543957e-07	-4.426729e-11	-3.455440e+00	-1.960543e+00
5.810000e-06	-4.719724e-07	-4.269185e-11	-3.589102e+00	-2.019635e+00
5.820000e-06	-4.895293e-07	-4.126329e-11	-3.722613e+00	-2.077063e+00
5.830000e-06	-5.070399e-07	-4.337582e-11	-3.855772e+00	-2.131140e+00
5.840000e-06	-5.245183e-07	-4.630501e-11	-3.988686e+00	-2.180686e+00
5.850000e-06	-5.419768e-07	-4.732940e-11	-4.121449e+00	-2.225217e+00
5.860000e-06	-5.593992e-07	-4.651063e-11	-4.253937e+00	-2.265026e+00
5.870000e-06	-5.767979e-07	-4.662680e-11	-4.386245e+00	-2.301139e+00
5.880000e-06	-5.941837e-07	-4.868134e-11	-4.518455e+00	-2.335142e+00
5.890000e-06	-6.115448e-07	-5.016820e-11	-4.650477e+00	-2.368907e+00
5.900000e-06	-6.288756e-07	-4.857569e-11	-4.782269e+00	-2.404256e+00
5.910000e-06	-6.461648e-07	-4.644819e-11	-4.913744e+00	-2.442621e+00
5.920000e-06	-6.633855e-07	-4.727878e-11	-5.044698e+00	-2.484748e+00
5.930000e-06	-6.805540e-07	-4.861501e-11	-5.175256e+00	-2.530505e+00
5.940000e-06	-6.976664e-07	-4.827545e-11	-5.305386e+00	-2.578818e+00
5.950000e-06	-7.146765e-07	-4.819925e-11	-5.434740e+00	-2.627758e+00
5.960000e-06	-7.316033e-07	-4.911169e-11	-5.563459e+00	-2.674758e+00
5.970000e-06	-7.484514e-07	-4.970332e-11	-5.691579e+00	-2.716944e+00
5.980000e-06	-7.652149e-07	-4.819236e-11	-5.819058e+00	-2.751511e+00
5.990000e-06	-7.819055e-07	-4.430358e-11	-5.945981e+00	-2.776099e+00
6.000000e-06	-7.985370e-07	-4.210009e-11	-6.072454e+00	-2.789106e+00
6.010000e-06	-8.151420e-07	-4.288552e-11	-6.198727e+00	-2.789883e+00
6.020000e-06	-8.317268e-07	-4.322751e-11	-6.324846e+00	-2.778794e+00
6.030000e-06	-8.482705e-07	-4.020362e-11	-6.450652e+00	-2.757115e+00
6.040000e-06	-8.647692e-07	-3.725926e-11	-6.576116e+00	-2.726815e+00
6.050000e-06	-8.812292e-07	-3.904295e-11	-6.701285e+00	-2.690229e+00
6.060000e-06	-8.976099e-07	-4.131690e-11	-6.825852e+00	-2.649706e+00
6.070000e-06	-9.139129e-07	-3.953503e-11	-6.949827e+00	-2.607274e+00
6.080000e-06	-9.301582e-07	-3.516212e-11	-7.073365e+00	-2.564385e+00
6.090000e-06	-9.463401e-07	-3.249329e-11	-7.196419e+00	-2.521786e+00
6.100000e-06	-9.624647e-07	-3.174322e-11	-7.319039e+00	-2.479533e+00
6.110000e-06	-9.785327e-07	-3.163654e-11	-7.441227e+00	-2.437138e+00
6.120000e-06	-9.945384e-07	-3.213824e-11	-7.562942e+00	-2.393837e+00
6.130000e-06	-1.010456e-06	-3.241239e-11	-7.683984e+00	-2.348906e+00
6.140000e-06	-1.026299e-06	-3.288897e-11	-7.804466e+00	-2.301984e+00
6.150000e-06	-1.042108e-06	-3.066729e-11	-7.924682e+00	-2.253331e+00
6.160000e-06	-1.057866e-06	-2.637156e-11	-8.044517e+00	-2.203971e+00
6.170000e-06	-1.073549e-06	-2.375996e-11	-8.163780e+00	-2.155685e+00
6.180000e-06	-1.089169e-06	-2.504410e-11	-8.282557e+00	-2.110846e+00
6.190000e-06	-1.104701e-06	-2.791577e-11	-8.400668e+00	-2.072119e+00
6.200000e-06	-1.120090e-06	-2.828413e-11	-8.517700e+00	-2.042069e+00
6.210000e-06	-1.135339e-06	-2.721616e-11	-8.633655e+00	-2.022735e+00
6.220000e-06	-1.150490e-06	-2.686733e-11	-8.748874e+00	-2.015255e+00
6.230000e-06	-1.165556e-06	-2.735878e-11	-8.863438e+00	-2.019592e+00
6.240000e-06	-1.180526e-06	-2.565071e-11	-8.977278e+00	-2.034430e+00
6.250000e-06	-1.195416e-06	-2.206627e-11	-9.090513e+00	-2.057249e+00
6.260000e-06	-1.210206e-06	-2.082884e-11	-9.202979e+00	-2.084600e+00
6.270000e-06	-1.224881e-06	-2.357898e-11	-9.314577e+00	-2.112522e+00
6.280000e-06	-1.239488e-06	-2.802663e-11	-9.425658e+00	-2.137064e+00
6.290000e-06	-1.254032e-06	-3.094070e-11	-9.536253e+00	-2.154819e+00
6.300000e-06	-1.268455e-06	-3.359228e-11	-9.645933e+00	-2.163399e+00
6.310000e-06	-1.282771e-06	-3.567736e-11	-9.754800e+00	-2.161770e+00
6.320000e-06	-1.297017e-06	-3.508531e-11	-9.863132e+00	-2.150396e+00
6.330000e-06	-1.311213e-06	-3.435046e-11	-9.971083e+00	-2.131167e+00
6.340000e-06	-1.325363e-06	-3.520095e-11	-1.007869e+01	-2.107112e+00
6.350000e-06	-1.339424e-06	-3.757622e-11	-1.018562e+01	-2.081946e+00
6.360000e-06	-1.353369e-06	-3.992211e-11	-1.029166e+01	-2.059508e+00
6.370000e-06	-1.367177e-06	-4.003430e-11	-1.039666e+01	-2.043188e+00
6.380000e-06	-1.380835e-06	-3.790409e-11	-1.050052e+01	-2.035408e+00
6.390000e-06	-1.394354e-06	-3.668520e-11	-1.060333e+01	-2.037262e+00
6.400000e-06	-1.407780e-06	-3.758149e-11	-1.070543e+01	-2.048347e+00
6.410000e-06	-1.421150e-06	-3.749688e-11	-1.080710e+01	-2.066821e+00
6.420000e-06	-1.434449e-06	-3.592016e-11	-1.090823e+01	-2.089680e+00
6.430000e-06	-1.447651e-06	-3.670084e-11	-1.100862e+01	-2.113202e+00
6.440000e-06	-1.460740e-06	-3.962767e-11	-1.110816e+01	-2.133497e+00
6.450000e-06	-1.473724e-06	-4.095820e-11	-1.120690e+01	-2.147077e+00
6.460000e-06	-1.486604e-06	-3.927615e-11	-1.130485e+01	-2.151351e+00
6.470000e-06	-1.499372e-06	-3.748596e-11	-1.140194e+01	-2.144992e+00
6.480000e-06	-1.512035e-06	-3.723629e-11	-1.149823e+01	-2.128092e+00
6.490000e-06	-1.524627e-06	-3.630562e-11	-1.159399e+01	-2.102115e+00
6.500000e-06	-1.537141e-06	-3.337223e-11	-1.168915e+01	-2.069644e+00
6.510000e-06	-1.549559e-06	-3.066441e-11	-1.178358e+01	-2.033969e+00
6.520000e-06	-1.561850e-06	-3.238610e-11	-1.187705e+01	-1.998585e+00
6.530000e-06	-1.573969e-06	-3.511268e-11	-1.196921e+01	-1.966683e+00
6.540000e-06	-1.585923e-06	-3.484962e-11	-1.206011e+01	-1.940705e+00
6.550000e-06	-1.597765e-06	-3.265638e-11	-1.215016e+01	-1.922037e+00
6.560000e-06	-1.609531e-06	-3.111743e-11	-1.223964e+01	-1.910888e+00
6.570000e-06	-1.621217e-06	-3.075046e-11	-1.232850e+01	-1.906342e+00
6.580000e-06	-1.632800e-06	-2.882687e-11	-1.241658e+01	-1.906603e+00
6.590000e-06	-1.644253e-06	-2.452353e-11	-1.250368e+01	-1.909355e+00
6.600000e-06	-1.655578e-06	-2.289953e-11	-1.258980e+01	-1.912185e+00
6.610000e-06	-1.666785e-06	-2.577651e-11	-1.267502e+01	-1.912999e+00
6.620000e-06	-1.677880e-06	-2.834955e-11	-1.275939e+01	-1.910359e+00
6.630000e-06	-1.688893e-06	-2.949929e-11	-1.284314e+01	-1.903684e+00
6.640000e-06	-1.699818e-06	-2.992027e-11	-1.292622e+01	-1.893296e+00
6.650000e-06	-1.710612e-06	-2.914862e-11	-1.300830e+01	-1.880300e+00
6.660000e-06	-1.721244e-06	-2.611418e-11	-1.308916e+01	-1.866331e+00
6.670000e-06	-1.731688e-06	-2.172871e-11	-1.316858e+01	-1.853220e+00
6.680000e-06	-1.741970e-06	-1.907121e-11	-1.324676e+01	-1.842637e+00
6.690000e-06	-1.752123e-06	-1.873997e-11	-1.332398e+01	-1.835771e+00
6.700000e-06	-1.762144e-06	-2.043538e-11	-1.340018e+01	-1.833121e+00
6.710000e-06	-1.772022e-06	-2.104456e-11	-1.347530e+01	-1.834413e+00
6.720000e-06	-1.781769e-06	-1.973723e-11	-1.354942e+01	-1.838674e+00
6.730000e-06	-1.791385e-06	-2.048747e-11	-1.362254e+01	-1.844430e+00
6.740000e-06	-1.800789e-06	-2.168315e-11	-1.369406e+01	-1.850011e+00
6.750000e-06	-1.810020e-06	-2.176024e-11	-1.376425e+01	-1.853886e+00
6.760000e-06	-1.819165e-06	-2.226289e-11	-1.383379e+01	-1.854979e+00
6.770000e-06	-1.828204e-06	-2.406476e-11	-1.390253e+01	-1.852903e+00
6.780000e-06	-1.837120e-06	-2.536787e-11	-1.397033e+01	-1.848064e+00
6.790000e-06	-1.845901e-06	-2.470407e-11	-1.403710e+01	-1.841620e+00
6.800000e-06	-1.854579e-06	-2.285942e-11	-1.410310e+01	-1.835296e+00
6.810000e-06	-1.863170e-06	-2.189676e-11	-1.416843e+01	-1.831084e+00
6.820000e-06	-1.871640e-06	-2.320642e-11	-1.423284e+01	-1.830876e+00
6.830000e-06	-1.879995e-06	-2.553890e-11	-1.429637e+01	-1.836106e+00
6.840000e-06	-1.888230e-06	-2.683756e-11	-1.435900e+01	-1.847445e+00
6.850000e-06	-1.896325e-06	-2.693939e-11	-1.442056e+01	-1.864628e+00
6.860000e-06	-1.904279e-06	-2.948662e-11	-1.448104e+01	-1.886417e+00
6.870000e-06	-1.912120e-06	-3.284805e-11	-1.454067e+01	-1.910744e+00
6.880000e-06	-1.919870e-06	-3.287420e-11	-1.459961e+01	-1.934989e+00
6.890000e-06	-1.927494e-06	-2.935287e-11	-1.465758e+01	-1.956357e+00
6.900000e-06	-1.934952e-06	-2.636243e-11	-1.471430e+01	-1.972304e+00
6.910000e-06	-1.942227e-06	-2.572039e-11	-1.476962e+01	-1.980929e+00
6.920000e-06	-1.949335e-06	-2.678113e-11	-1.482367e+01	-1.981275e+00
6.930000e-06	-1.956325e-06	-2.656814e-11	-1.487682e+01	-1.973485e+00
6.940000e-06	-1.963212e-06	-2.713677e-11	-1.492920e+01	-1.958790e+00
6.950000e-06	-1.969958e-06	-3.118417e-11	-1.498050e+01	-1.939330e+00
6.960000e-06	-1.976544e-06	-3.427190e-11	-1.503058e+01	-1.917826e+00
6.970000e-06	-1.982997e-06	-3.411805e-11	-1.507965e+01	-1.897174e+00
6.980000e-06	-1.989325e-06	-3.212030e-11	-1.512777e+01	-1.880006e+00
6.990000e-06	-1.995535e-06	-3.137079e-11	-1.517499e+01	-1.868314e+00
7.000000e-06	-2.001624e-06	-3.101881e-11	-1.522130e+01	-1.863163e+00
7.010000e-06	-2.007555e-06	-3.032462e-11	-1.526640e+01	-1.864583e+00
7.020000e-06	-2.013290e-06	-2.922945e-11	-1.531001e+01	-1.871613e+00
7.030000e-06	-2.018836e-06	-3.193690e-11	-1.535219e+01	-1.882515e+00
7.040000e-06	-2.024251e-06	-3.629536e-11	-1.539336e+01	-1.895119e+00
7.050000e-06	-2.029560e-06	-3.743871e-11	-1.543373e+01	-1.907222e+00
7.060000e-06	-2.034744e-06	-3.369774e-11	-1.547316e+01	-1.916995e+00
7.070000e-06	-2.039783e-06	-2.757350e-11	-1.551148e+01	-1.923314e+00
7.080000e-06	-2.044662e-06	-2.489331e-11	-1.554858e+01	-1.925968e+00
7.090000e-06	-2.049394e-06	-2.489215e-11	-1.558457e+01	-1.925706e+00
7.100000e-06	-2.054019e-06	-2.535278e-11	-1.561974e+01	-1.924110e+00
7.110000e-06	-2.058534e-06	-2.498436e-11	-1.565407e+01	-1.923328e+00
7.120000e-06	-2.062889e-06	-2.735719e-11	-1.568719e+01	-1.925703e+00
7.130000e-06	-2.067038e-06	-3.201956e-11	-1.571874e+01	-1.933360e+00
7.140000e-06	-2.071002e-06	-3.386618e-11	-1.574888e+01	-1.947827e+00
7.150000e-06	-2.074831e-06	-3.045763e-11	-1.577800e+01	-1.969751e+00
7.160000e-06	-2.078533e-06	-2.764841e-11	-1.580615e+01	-1.998758e+00
7.170000e-06	-2.082102e-06	-2.828763e-11	-1.583330e+01	-2.033477e+00
7.180000e-06	-2.085546e-06	-2.835620e-11	-1.585949e+01	-2.071736e+00
7.190000e-06	-2.088840e-06	-2.561596e-11	-1.588453e+01	-2.110877e+00
7.200000e-06	-2.091988e-06	-2.210591e-11	-1.590847e+01	-2.148165e+00
7.210000e-06	-2.095032e-06	-2.495930e-11	-1.593162e+01	-2.181196e+00
7.220000e-06	-2.097962e-06	-3.150137e-11	-1.595390e+01	-2.208254e+00
7.230000e-06	-2.100725e-06	-3.380966e-11	-1.597491e+01	-2.228553e+00
7.240000e-06	-2.103257e-06	-3.249005e-11	-1.599416e+01	-2.242320e+00
7.250000e-06	-2.105585e-06	-3.131806e-11	-1.601187e+01	-2.250710e+00
7.260000e-06	-2.107766e-06	-3.401593e-11	-1.602845e+01	-2.255571e+00
7.270000e-06	-2.109785e-06	-3.721887e-11	-1.604381e+01	-2.259090e+00
7.280000e-06	-2.111655e-06	-3.383020e-11	-1.605803e+01	-2.263390e+00
7.290000e-06	-2.113385e-06	-2.921850e-11	-1.607118e+01	-2.270147e+00
7.300000e-06	-2.114963e-06	-2.882767e-11	-1.608318e+01	-2.280280e+00
7.310000e-06	-2.116409e-06	-2.995150e-11	-1.609418e+01	-2.293786e+00
7.320000e-06	-2.117746e-06	-2.973539e-11	-1.610435e+01	-2.309731e+00
7.330000e-06	-2.118929e-06	-2.802882e-11	-1.611334e+01	-2.326410e+00
7.340000e-06	-2.119908e-06	-2.747028e-11	-1.612079e+01	-2.341647e+00
7.350000e-06	-2.120694e-06	-2.919998e-11	-1.612677e+01	-2.353185e+00
7.360000e-06	-2.121340e-06	-2.968167e-11	-1.613168e+01	-2.359097e+00
7.370000e-06	-2.121881e-06	-2.685759e-11	-1.613579e+01	-2.358150e+00
7.380000e-06	-2.122295e-06	-2.458725e-11	-1.613894e+01	-2.350067e+00
7.390000e-06	-2.122571e-06	-2.661550e-11	-1.614104e+01	-2.335628e+00
