# Temperatura_=_20.0
# Concentracion g/m^3_=_10000.0
# C_Vs_to_Am_M_A/Vsm_=_65563218390.804596
# pendiente_HvsI_1/m_=_3716.3
# ordenada_HvsI_A/m_=_1297.0
# frecuencia_Hz_=_135207.92396875157

Tiempo_(s)	Campo_(V.s)	Magnetizacion_(V.s)	Campo_(kA/m)	Magnetizacion_(A/m)
0.000000e+00	-2.129017e-06	-4.609438e-09	-1.613982e+01	-2.972624e+02
1.000000e-08	-2.128973e-06	-4.616984e-09	-1.613949e+01	-2.975449e+02
2.000000e-08	-2.128718e-06	-4.621213e-09	-1.613756e+01	-2.978041e+02
3.000000e-08	-2.128224e-06	-4.618846e-09	-1.613381e+01	-2.980342e+02
4.000000e-08	-2.127585e-06	-4.605558e-09	-1.612897e+01	-2.982307e+02
5.000000e-08	-2.126986e-06	-4.604462e-09	-1.612442e+01	-2.983905e+02
6.000000e-08	-2.126379e-06	-4.615616e-09	-1.611983e+01	-2.985127e+02
7.000000e-08	-2.125630e-06	-4.614797e-09	-1.611414e+01	-2.985980e+02
8.000000e-08	-2.124631e-06	-4.609808e-09	-1.610658e+01	-2.986493e+02
9.000000e-08	-2.123393e-06	-4.607397e-09	-1.609719e+01	-2.986704e+02
1.000000e-07	-2.121969e-06	-4.608280e-09	-1.608639e+01	-2.986662e+02
1.100000e-07	-2.120342e-06	-4.606279e-09	-1.607405e+01	-2.986417e+02
1.200000e-07	-2.118435e-06	-4.597872e-09	-1.605960e+01	-2.986012e+02
1.300000e-07	-2.116324e-06	-4.595676e-09	-1.604359e+01	-2.985481e+02
1.400000e-07	-2.114218e-06	-4.600351e-09	-1.602763e+01	-2.984842e+02
1.500000e-07	-2.112132e-06	-4.603088e-09	-1.601182e+01	-2.984099e+02
1.600000e-07	-2.109875e-06	-4.597505e-09	-1.599471e+01	-2.983242e+02
1.700000e-07	-2.107311e-06	-4.591573e-09	-1.597527e+01	-2.982248e+02
1.800000e-07	-2.104530e-06	-4.591440e-09	-1.595419e+01	-2.981090e+02
1.900000e-07	-2.101656e-06	-4.584817e-09	-1.593240e+01	-2.979739e+02
2.000000e-07	-2.098663e-06	-4.575105e-09	-1.590971e+01	-2.978172e+02
2.100000e-07	-2.095446e-06	-4.574489e-09	-1.588533e+01	-2.976373e+02
2.200000e-07	-2.092031e-06	-4.580705e-09	-1.585944e+01	-2.974339e+02
2.300000e-07	-2.088494e-06	-4.580568e-09	-1.583263e+01	-2.972079e+02
2.400000e-07	-2.084831e-06	-4.567808e-09	-1.580485e+01	-2.969613e+02
2.500000e-07	-2.080979e-06	-4.552532e-09	-1.577565e+01	-2.966968e+02
2.600000e-07	-2.076960e-06	-4.541611e-09	-1.574518e+01	-2.964171e+02
2.700000e-07	-2.072834e-06	-4.534218e-09	-1.571391e+01	-2.961251e+02
2.800000e-07	-2.068599e-06	-4.527618e-09	-1.568180e+01	-2.958227e+02
2.900000e-07	-2.064212e-06	-4.525878e-09	-1.564854e+01	-2.955109e+02
3.000000e-07	-2.059699e-06	-4.527896e-09	-1.561433e+01	-2.951896e+02
3.100000e-07	-2.055080e-06	-4.525354e-09	-1.557931e+01	-2.948578e+02
3.200000e-07	-2.050321e-06	-4.517061e-09	-1.554324e+01	-2.945134e+02
3.300000e-07	-2.045390e-06	-4.503983e-09	-1.550586e+01	-2.941540e+02
3.400000e-07	-2.040320e-06	-4.494585e-09	-1.546742e+01	-2.937772e+02
3.500000e-07	-2.035176e-06	-4.485035e-09	-1.542842e+01	-2.933813e+02
3.600000e-07	-2.029890e-06	-4.477465e-09	-1.538835e+01	-2.929652e+02
3.700000e-07	-2.024374e-06	-4.468944e-09	-1.534654e+01	-2.925291e+02
3.800000e-07	-2.018652e-06	-4.463054e-09	-1.530316e+01	-2.920741e+02
3.900000e-07	-2.012804e-06	-4.452609e-09	-1.525883e+01	-2.916024e+02
4.000000e-07	-2.006841e-06	-4.442621e-09	-1.521362e+01	-2.911168e+02
4.100000e-07	-2.000723e-06	-4.434358e-09	-1.516724e+01	-2.906200e+02
4.200000e-07	-1.994469e-06	-4.423421e-09	-1.511983e+01	-2.901144e+02
4.300000e-07	-1.988093e-06	-4.410037e-09	-1.507149e+01	-2.896015e+02
4.400000e-07	-1.981576e-06	-4.399895e-09	-1.502209e+01	-2.890816e+02
4.500000e-07	-1.974949e-06	-4.393959e-09	-1.497185e+01	-2.885537e+02
4.600000e-07	-1.968225e-06	-4.383660e-09	-1.492087e+01	-2.880154e+02
4.700000e-07	-1.961359e-06	-4.370187e-09	-1.486883e+01	-2.874635e+02
4.800000e-07	-1.954270e-06	-4.355812e-09	-1.481509e+01	-2.868940e+02
4.900000e-07	-1.946979e-06	-4.343346e-09	-1.475981e+01	-2.863031e+02
5.000000e-07	-1.939571e-06	-4.327350e-09	-1.470366e+01	-2.856876e+02
5.100000e-07	-1.932053e-06	-4.311704e-09	-1.464666e+01	-2.850451e+02
5.200000e-07	-1.924392e-06	-4.297574e-09	-1.458858e+01	-2.843750e+02
5.300000e-07	-1.916589e-06	-4.287832e-09	-1.452943e+01	-2.836778e+02
5.400000e-07	-1.908660e-06	-4.278732e-09	-1.446932e+01	-2.829556e+02
5.500000e-07	-1.900591e-06	-4.268020e-09	-1.440815e+01	-2.822115e+02
5.600000e-07	-1.892400e-06	-4.251743e-09	-1.434605e+01	-2.814492e+02
5.700000e-07	-1.884111e-06	-4.235201e-09	-1.428322e+01	-2.806723e+02
5.800000e-07	-1.875697e-06	-4.221022e-09	-1.421943e+01	-2.798841e+02
5.900000e-07	-1.867103e-06	-4.207488e-09	-1.415428e+01	-2.790865e+02
6.000000e-07	-1.858300e-06	-4.192772e-09	-1.408755e+01	-2.782807e+02
6.100000e-07	-1.849341e-06	-4.181112e-09	-1.401963e+01	-2.774661e+02
6.200000e-07	-1.840279e-06	-4.172242e-09	-1.395093e+01	-2.766413e+02
6.300000e-07	-1.831115e-06	-4.160357e-09	-1.388146e+01	-2.758039e+02
6.400000e-07	-1.821820e-06	-4.146669e-09	-1.381100e+01	-2.749515e+02
6.500000e-07	-1.812389e-06	-4.131610e-09	-1.373950e+01	-2.740819e+02
6.600000e-07	-1.802836e-06	-4.114543e-09	-1.366708e+01	-2.731936e+02
6.700000e-07	-1.793161e-06	-4.096716e-09	-1.359374e+01	-2.722864e+02
6.800000e-07	-1.783372e-06	-4.078674e-09	-1.351953e+01	-2.713614e+02
6.900000e-07	-1.773470e-06	-4.057939e-09	-1.344446e+01	-2.704208e+02
7.000000e-07	-1.763410e-06	-4.037874e-09	-1.336820e+01	-2.694678e+02
7.100000e-07	-1.753137e-06	-4.018785e-09	-1.329032e+01	-2.685060e+02
7.200000e-07	-1.742660e-06	-4.005068e-09	-1.321089e+01	-2.675390e+02
7.300000e-07	-1.732035e-06	-3.994358e-09	-1.313035e+01	-2.665694e+02
7.400000e-07	-1.721281e-06	-3.982074e-09	-1.304882e+01	-2.655989e+02
7.500000e-07	-1.710418e-06	-3.967422e-09	-1.296647e+01	-2.646273e+02
7.600000e-07	-1.699463e-06	-3.951918e-09	-1.288343e+01	-2.636530e+02
7.700000e-07	-1.688386e-06	-3.933254e-09	-1.279945e+01	-2.626730e+02
7.800000e-07	-1.677176e-06	-3.912437e-09	-1.271447e+01	-2.616832e+02
7.900000e-07	-1.665864e-06	-3.890639e-09	-1.262872e+01	-2.606792e+02
8.000000e-07	-1.654455e-06	-3.871630e-09	-1.254222e+01	-2.596565e+02
8.100000e-07	-1.642945e-06	-3.854920e-09	-1.245497e+01	-2.586120e+02
8.200000e-07	-1.631326e-06	-3.839844e-09	-1.236689e+01	-2.575436e+02
8.300000e-07	-1.619568e-06	-3.824725e-09	-1.227775e+01	-2.564510e+02
8.400000e-07	-1.607661e-06	-3.806389e-09	-1.218748e+01	-2.553355e+02
8.500000e-07	-1.595590e-06	-3.785705e-09	-1.209597e+01	-2.542000e+02
8.600000e-07	-1.583391e-06	-3.764700e-09	-1.200350e+01	-2.530481e+02
8.700000e-07	-1.571117e-06	-3.744097e-09	-1.191045e+01	-2.518840e+02
8.800000e-07	-1.558746e-06	-3.721925e-09	-1.181666e+01	-2.507113e+02
8.900000e-07	-1.546251e-06	-3.700238e-09	-1.172194e+01	-2.495324e+02
9.000000e-07	-1.533660e-06	-3.678870e-09	-1.162650e+01	-2.483483e+02
9.100000e-07	-1.520986e-06	-3.659369e-09	-1.153041e+01	-2.471582e+02
9.200000e-07	-1.508189e-06	-3.642279e-09	-1.143340e+01	-2.459594e+02
9.300000e-07	-1.495268e-06	-3.626300e-09	-1.133545e+01	-2.447478e+02
9.400000e-07	-1.482263e-06	-3.608051e-09	-1.123686e+01	-2.435185e+02
9.500000e-07	-1.469187e-06	-3.588440e-09	-1.113773e+01	-2.422665e+02
9.600000e-07	-1.456020e-06	-3.568379e-09	-1.103791e+01	-2.409874e+02
9.700000e-07	-1.442739e-06	-3.546701e-09	-1.093723e+01	-2.396784e+02
9.800000e-07	-1.429312e-06	-3.521917e-09	-1.083544e+01	-2.383383e+02
9.900000e-07	-1.415740e-06	-3.495403e-09	-1.073256e+01	-2.369684e+02
1.000000e-06	-1.402043e-06	-3.470275e-09	-1.062872e+01	-2.355717e+02
1.010000e-06	-1.388256e-06	-3.448827e-09	-1.052420e+01	-2.341533e+02
1.020000e-06	-1.374413e-06	-3.430123e-09	-1.041926e+01	-2.327192e+02
1.030000e-06	-1.360501e-06	-3.412557e-09	-1.031380e+01	-2.312756e+02
1.040000e-06	-1.346514e-06	-3.393882e-09	-1.020776e+01	-2.298283e+02
1.050000e-06	-1.332443e-06	-3.372864e-09	-1.010109e+01	-2.283816e+02
1.060000e-06	-1.318269e-06	-3.351264e-09	-9.993642e+00	-2.269379e+02
1.070000e-06	-1.303986e-06	-3.327717e-09	-9.885361e+00	-2.254976e+02
1.080000e-06	-1.289588e-06	-3.301558e-09	-9.776209e+00	-2.240584e+02
1.090000e-06	-1.275084e-06	-3.274993e-09	-9.666261e+00	-2.226166e+02
1.100000e-06	-1.260511e-06	-3.250528e-09	-9.555782e+00	-2.211668e+02
1.110000e-06	-1.245894e-06	-3.228051e-09	-9.444970e+00	-2.197033e+02
1.120000e-06	-1.231221e-06	-3.206297e-09	-9.333740e+00	-2.182206e+02
1.130000e-06	-1.216474e-06	-3.183207e-09	-9.221943e+00	-2.167143e+02
1.140000e-06	-1.201614e-06	-3.159415e-09	-9.109291e+00	-2.151814e+02
1.150000e-06	-1.186603e-06	-3.134942e-09	-8.995493e+00	-2.136213e+02
1.160000e-06	-1.171434e-06	-3.109724e-09	-8.880500e+00	-2.120351e+02
1.170000e-06	-1.156141e-06	-3.083062e-09	-8.764563e+00	-2.104260e+02
1.180000e-06	-1.140771e-06	-3.055526e-09	-8.648045e+00	-2.087984e+02
1.190000e-06	-1.125338e-06	-3.029523e-09	-8.531054e+00	-2.071575e+02
1.200000e-06	-1.109834e-06	-3.006527e-09	-8.413514e+00	-2.055085e+02
1.210000e-06	-1.094237e-06	-2.985187e-09	-8.295278e+00	-2.038559e+02
1.220000e-06	-1.078569e-06	-2.962390e-09	-8.176505e+00	-2.022033e+02
1.230000e-06	-1.062847e-06	-2.939218e-09	-8.057312e+00	-2.005524e+02
1.240000e-06	-1.047036e-06	-2.916623e-09	-7.937454e+00	-1.989036e+02
1.250000e-06	-1.031139e-06	-2.892240e-09	-7.816939e+00	-1.972554e+02
1.260000e-06	-1.015135e-06	-2.867592e-09	-7.695613e+00	-1.956055e+02
1.270000e-06	-9.990265e-07	-2.844535e-09	-7.573500e+00	-1.939506e+02
1.280000e-06	-9.828308e-07	-2.821199e-09	-7.450722e+00	-1.922872e+02
1.290000e-06	-9.665268e-07	-2.796052e-09	-7.327123e+00	-1.906120e+02
1.300000e-06	-9.501483e-07	-2.769816e-09	-7.202960e+00	-1.889223e+02
1.310000e-06	-9.337168e-07	-2.744034e-09	-7.078395e+00	-1.872162e+02
1.320000e-06	-9.172364e-07	-2.720225e-09	-6.953459e+00	-1.854926e+02
1.330000e-06	-9.007106e-07	-2.696497e-09	-6.828178e+00	-1.837512e+02
1.340000e-06	-8.841277e-07	-2.670295e-09	-6.702466e+00	-1.819925e+02
1.350000e-06	-8.674794e-07	-2.644043e-09	-6.576257e+00	-1.802171e+02
1.360000e-06	-8.507763e-07	-2.618719e-09	-6.449633e+00	-1.784261e+02
1.370000e-06	-8.340146e-07	-2.591556e-09	-6.322565e+00	-1.766203e+02
1.380000e-06	-8.171702e-07	-2.560006e-09	-6.194869e+00	-1.748006e+02
1.390000e-06	-8.002592e-07	-2.529028e-09	-6.066669e+00	-1.729678e+02
1.400000e-06	-7.833042e-07	-2.502938e-09	-5.938135e+00	-1.711228e+02
1.410000e-06	-7.663139e-07	-2.479557e-09	-5.809333e+00	-1.692665e+02
1.420000e-06	-7.492996e-07	-2.454979e-09	-5.680350e+00	-1.674005e+02
1.430000e-06	-7.322618e-07	-2.428492e-09	-5.551189e+00	-1.655264e+02
1.440000e-06	-7.151921e-07	-2.401501e-09	-5.421785e+00	-1.636468e+02
1.450000e-06	-6.980905e-07	-2.374478e-09	-5.292140e+00	-1.617644e+02
1.460000e-06	-6.809468e-07	-2.345812e-09	-5.162176e+00	-1.598819e+02
1.470000e-06	-6.637542e-07	-2.312650e-09	-5.031840e+00	-1.580021e+02
1.480000e-06	-6.465021e-07	-2.278727e-09	-4.901054e+00	-1.561268e+02
1.490000e-06	-6.291775e-07	-2.247864e-09	-4.769719e+00	-1.542572e+02
1.500000e-06	-6.118148e-07	-2.220186e-09	-4.638094e+00	-1.523925e+02
1.510000e-06	-5.944271e-07	-2.193978e-09	-4.506281e+00	-1.505308e+02
1.520000e-06	-5.770059e-07	-2.168370e-09	-4.374212e+00	-1.486682e+02
1.530000e-06	-5.595540e-07	-2.143753e-09	-4.241912e+00	-1.467995e+02
1.540000e-06	-5.420784e-07	-2.118522e-09	-4.109431e+00	-1.449185e+02
1.550000e-06	-5.245695e-07	-2.090624e-09	-3.976698e+00	-1.430185e+02
1.560000e-06	-5.070172e-07	-2.058554e-09	-3.843637e+00	-1.410932e+02
1.570000e-06	-4.894069e-07	-2.023798e-09	-3.710135e+00	-1.391371e+02
1.580000e-06	-4.717405e-07	-1.990255e-09	-3.576208e+00	-1.371465e+02
1.590000e-06	-4.540483e-07	-1.957775e-09	-3.442086e+00	-1.351195e+02
1.600000e-06	-4.363195e-07	-1.925110e-09	-3.307686e+00	-1.330568e+02
1.610000e-06	-4.185594e-07	-1.894384e-09	-3.173048e+00	-1.309611e+02
1.620000e-06	-4.007912e-07	-1.864300e-09	-3.038350e+00	-1.288370e+02
1.630000e-06	-3.830084e-07	-1.834183e-09	-2.903541e+00	-1.266906e+02
1.640000e-06	-3.652060e-07	-1.803808e-09	-2.768583e+00	-1.245285e+02
1.650000e-06	-3.473952e-07	-1.771224e-09	-2.633561e+00	-1.223572e+02
1.660000e-06	-3.295782e-07	-1.737636e-09	-2.498493e+00	-1.201822e+02
1.670000e-06	-3.117525e-07	-1.704189e-09	-2.363358e+00	-1.180077e+02
1.680000e-06	-2.939255e-07	-1.671221e-09	-2.228214e+00	-1.158358e+02
1.690000e-06	-2.760992e-07	-1.639311e-09	-2.093075e+00	-1.136669e+02
1.700000e-06	-2.582659e-07	-1.609135e-09	-1.957883e+00	-1.114990e+02
1.710000e-06	-2.404218e-07	-1.580127e-09	-1.822609e+00	-1.093289e+02
1.720000e-06	-2.225533e-07	-1.549794e-09	-1.687150e+00	-1.071522e+02
1.730000e-06	-2.046679e-07	-1.515866e-09	-1.551563e+00	-1.049641e+02
1.740000e-06	-1.867781e-07	-1.480954e-09	-1.415942e+00	-1.027601e+02
1.750000e-06	-1.688645e-07	-1.450362e-09	-1.280141e+00	-1.005364e+02
1.760000e-06	-1.509108e-07	-1.420031e-09	-1.144037e+00	-9.829032e+01
1.770000e-06	-1.329365e-07	-1.386100e-09	-1.007776e+00	-9.602050e+01
1.780000e-06	-1.149616e-07	-1.348056e-09	-8.715103e-01	-9.372697e+01
1.790000e-06	-9.699478e-08	-1.307622e-09	-7.353058e-01	-9.141090e+01
1.800000e-06	-7.902639e-08	-1.268538e-09	-5.990895e-01	-8.907426e+01
1.810000e-06	-6.105052e-08	-1.231754e-09	-4.628167e-01	-8.671945e+01
1.820000e-06	-4.307293e-08	-1.198637e-09	-3.265307e-01	-8.434890e+01
1.830000e-06	-2.509163e-08	-1.170807e-09	-1.902166e-01	-8.196472e+01
1.840000e-06	-7.107585e-09	-1.148611e-09	-5.388175e-02	-7.956845e+01
1.850000e-06	1.088919e-08	-1.125086e-09	8.254966e-02	-7.716101e+01
1.860000e-06	2.887231e-08	-1.093442e-09	2.188775e-01	-7.474270e+01
1.870000e-06	4.682490e-08	-1.053130e-09	3.549740e-01	-7.231337e+01
1.880000e-06	6.479177e-08	-1.007837e-09	4.911786e-01	-6.987266e+01
1.890000e-06	8.277597e-08	-9.631761e-10	6.275146e-01	-6.742019e+01
1.900000e-06	1.007474e-07	-9.236813e-10	7.637539e-01	-6.495581e+01
1.910000e-06	1.187008e-07	-8.897288e-10	8.998564e-01	-6.247974e+01
1.920000e-06	1.366397e-07	-8.601922e-10	1.035849e+00	-5.999257e+01
1.930000e-06	1.545625e-07	-8.331650e-10	1.171720e+00	-5.749521e+01
1.940000e-06	1.724692e-07	-8.050121e-10	1.307468e+00	-5.498872e+01
1.950000e-06	1.903692e-07	-7.703922e-10	1.443166e+00	-5.247409e+01
1.960000e-06	2.082528e-07	-7.285247e-10	1.578739e+00	-4.995203e+01
1.970000e-06	2.261181e-07	-6.853136e-10	1.714174e+00	-4.742272e+01
1.980000e-06	2.439710e-07	-6.436793e-10	1.849515e+00	-4.488575e+01
1.990000e-06	2.618124e-07	-6.019770e-10	1.984769e+00	-4.234007e+01
2.000000e-06	2.796504e-07	-5.619733e-10	2.119996e+00	-3.978412e+01
2.010000e-06	2.974828e-07	-5.275792e-10	2.255181e+00	-3.721597e+01
2.020000e-06	3.153092e-07	-4.977402e-10	2.390321e+00	-3.463364e+01
2.030000e-06	3.331282e-07	-4.662309e-10	2.525405e+00	-3.203537e+01
2.040000e-06	3.509286e-07	-4.283845e-10	2.660347e+00	-2.941992e+01
2.050000e-06	3.687123e-07	-3.875118e-10	2.795163e+00	-2.678672e+01
2.060000e-06	3.864893e-07	-3.463532e-10	2.929929e+00	-2.413602e+01
2.070000e-06	4.042446e-07	-3.052953e-10	3.064530e+00	-2.146885e+01
2.080000e-06	4.219638e-07	-2.634249e-10	3.198857e+00	-1.878689e+01
2.090000e-06	4.396520e-07	-2.215181e-10	3.332949e+00	-1.609220e+01
2.100000e-06	4.573181e-07	-1.832299e-10	3.466873e+00	-1.338698e+01
2.110000e-06	4.749659e-07	-1.470051e-10	3.600659e+00	-1.067320e+01
2.120000e-06	4.925863e-07	-1.097355e-10	3.734237e+00	-7.952382e+00
2.130000e-06	5.101650e-07	-7.076658e-11	3.867499e+00	-5.225416e+00
2.140000e-06	5.277029e-07	-3.085929e-11	4.000452e+00	-2.492467e+00
2.150000e-06	5.452039e-07	7.818629e-12	4.133125e+00	2.469532e-01
2.160000e-06	5.626715e-07	4.675334e-11	4.265545e+00	2.993820e+00
2.170000e-06	5.801021e-07	8.909357e-11	4.397684e+00	5.749347e+00
2.180000e-06	5.974912e-07	1.333394e-10	4.529509e+00	8.514695e+00
2.190000e-06	6.148399e-07	1.761813e-10	4.661027e+00	1.129069e+01
2.200000e-06	6.321394e-07	2.188953e-10	4.792173e+00	1.407763e+01
2.210000e-06	6.493744e-07	2.639715e-10	4.922829e+00	1.687510e+01
2.220000e-06	6.665549e-07	3.087087e-10	5.053073e+00	1.968204e+01
2.230000e-06	6.836964e-07	3.500418e-10	5.183020e+00	2.249683e+01
2.240000e-06	7.007924e-07	3.894141e-10	5.312623e+00	2.531753e+01
2.250000e-06	7.178524e-07	4.298099e-10	5.441953e+00	2.814213e+01
2.260000e-06	7.348944e-07	4.719255e-10	5.571146e+00	3.096892e+01
2.270000e-06	7.519207e-07	5.131231e-10	5.700221e+00	3.379673e+01
2.280000e-06	7.689200e-07	5.525191e-10	5.829090e+00	3.662516e+01
2.290000e-06	7.858811e-07	5.931014e-10	5.957670e+00	3.945463e+01
2.300000e-06	8.027812e-07	6.344850e-10	6.085788e+00	4.228638e+01
2.310000e-06	8.196106e-07	6.734758e-10	6.213369e+00	4.512229e+01
2.320000e-06	8.363772e-07	7.117881e-10	6.340475e+00	4.796459e+01
2.330000e-06	8.530558e-07	7.522898e-10	6.466914e+00	5.081558e+01
2.340000e-06	8.696406e-07	7.939854e-10	6.592641e+00	5.367722e+01
2.350000e-06	8.861782e-07	8.360412e-10	6.718010e+00	5.655087e+01
2.360000e-06	9.026630e-07	8.786311e-10	6.842979e+00	5.943702e+01
2.370000e-06	9.190878e-07	9.237404e-10	6.967494e+00	6.233524e+01
2.380000e-06	9.354721e-07	9.707749e-10	7.091701e+00	6.524409e+01
2.390000e-06	9.517917e-07	1.015383e-09	7.215418e+00	6.816137e+01
2.400000e-06	9.680454e-07	1.057257e-09	7.338636e+00	7.108428e+01
2.410000e-06	9.842366e-07	1.098994e-09	7.461379e+00	7.400973e+01
2.420000e-06	1.000320e-06	1.142064e-09	7.583306e+00	7.693470e+01
2.430000e-06	1.016293e-06	1.185526e-09	7.704393e+00	7.985647e+01
2.440000e-06	1.032195e-06	1.227890e-09	7.824947e+00	8.277292e+01
2.450000e-06	1.048038e-06	1.270981e-09	7.945049e+00	8.568257e+01
2.460000e-06	1.063804e-06	1.314996e-09	8.064570e+00	8.858468e+01
2.470000e-06	1.079477e-06	1.356895e-09	8.183389e+00	9.147914e+01
2.480000e-06	1.095062e-06	1.396849e-09	8.301534e+00	9.436631e+01
2.490000e-06	1.110573e-06	1.437115e-09	8.419123e+00	9.724683e+01
2.500000e-06	1.126017e-06	1.479026e-09	8.536198e+00	1.001214e+02
2.510000e-06	1.141393e-06	1.522604e-09	8.652762e+00	1.029905e+02
2.520000e-06	1.156701e-06	1.566111e-09	8.768807e+00	1.058545e+02
2.530000e-06	1.171897e-06	1.607512e-09	8.884009e+00	1.087133e+02
2.540000e-06	1.186936e-06	1.646579e-09	8.998017e+00	1.115663e+02
2.550000e-06	1.201828e-06	1.683973e-09	9.110911e+00	1.144129e+02
2.560000e-06	1.216613e-06	1.721706e-09	9.222995e+00	1.172521e+02
2.570000e-06	1.231313e-06	1.760436e-09	9.334437e+00	1.200828e+02
2.580000e-06	1.245948e-06	1.801714e-09	9.445379e+00	1.229043e+02
2.590000e-06	1.260529e-06	1.844393e-09	9.555916e+00	1.257158e+02
2.600000e-06	1.275030e-06	1.886042e-09	9.665850e+00	1.285167e+02
2.610000e-06	1.289427e-06	1.927975e-09	9.774989e+00	1.313068e+02
2.620000e-06	1.303721e-06	1.970701e-09	9.883356e+00	1.340859e+02
2.630000e-06	1.317932e-06	2.012545e-09	9.991085e+00	1.368538e+02
2.640000e-06	1.332073e-06	2.051680e-09	1.009828e+01	1.396103e+02
2.650000e-06	1.346126e-06	2.090697e-09	1.020482e+01	1.423549e+02
2.660000e-06	1.360069e-06	2.131313e-09	1.031052e+01	1.450868e+02
2.670000e-06	1.373929e-06	2.174025e-09	1.041559e+01	1.478049e+02
2.680000e-06	1.387732e-06	2.217275e-09	1.052023e+01	1.505075e+02
2.690000e-06	1.401457e-06	2.259312e-09	1.062428e+01	1.531929e+02
2.700000e-06	1.415068e-06	2.300244e-09	1.072746e+01	1.558592e+02
2.710000e-06	1.428534e-06	2.339891e-09	1.082955e+01	1.585044e+02
2.720000e-06	1.441844e-06	2.377739e-09	1.093045e+01	1.611269e+02
2.730000e-06	1.455005e-06	2.412548e-09	1.103022e+01	1.637253e+02
2.740000e-06	1.468069e-06	2.447010e-09	1.112926e+01	1.662986e+02
2.750000e-06	1.481078e-06	2.483411e-09	1.122788e+01	1.688466e+02
2.760000e-06	1.494014e-06	2.520392e-09	1.132594e+01	1.713694e+02
2.770000e-06	1.506843e-06	2.556134e-09	1.142319e+01	1.738677e+02
2.780000e-06	1.519556e-06	2.590990e-09	1.151957e+01	1.763424e+02
2.790000e-06	1.532168e-06	2.627417e-09	1.161519e+01	1.787947e+02
2.800000e-06	1.544696e-06	2.665994e-09	1.171015e+01	1.812260e+02
2.810000e-06	1.557124e-06	2.704680e-09	1.180437e+01	1.836372e+02
2.820000e-06	1.569452e-06	2.741948e-09	1.189783e+01	1.860294e+02
2.830000e-06	1.581704e-06	2.779105e-09	1.199071e+01	1.884029e+02
2.840000e-06	1.593869e-06	2.816071e-09	1.208293e+01	1.907581e+02
2.850000e-06	1.605918e-06	2.851845e-09	1.217427e+01	1.930945e+02
2.860000e-06	1.617811e-06	2.885029e-09	1.226443e+01	1.954118e+02
2.870000e-06	1.629511e-06	2.918387e-09	1.235313e+01	1.977090e+02
2.880000e-06	1.641048e-06	2.954077e-09	1.244059e+01	1.999853e+02
2.890000e-06	1.652483e-06	2.988981e-09	1.252728e+01	2.022399e+02
2.900000e-06	1.663833e-06	3.023075e-09	1.261332e+01	2.044717e+02
2.910000e-06	1.675089e-06	3.057153e-09	1.269865e+01	2.066802e+02
2.920000e-06	1.686244e-06	3.091008e-09	1.278321e+01	2.088649e+02
2.930000e-06	1.697297e-06	3.121759e-09	1.286700e+01	2.110256e+02
2.940000e-06	1.708238e-06	3.148956e-09	1.294995e+01	2.131621e+02
2.950000e-06	1.719046e-06	3.175612e-09	1.303188e+01	2.152748e+02
2.960000e-06	1.729724e-06	3.205226e-09	1.311283e+01	2.173638e+02
2.970000e-06	1.740271e-06	3.236848e-09	1.319278e+01	2.194294e+02
2.980000e-06	1.750650e-06	3.269423e-09	1.327146e+01	2.214717e+02
2.990000e-06	1.760827e-06	3.303113e-09	1.334862e+01	2.234909e+02
3.000000e-06	1.770810e-06	3.335287e-09	1.342430e+01	2.254867e+02
3.010000e-06	1.780668e-06	3.364777e-09	1.349903e+01	2.274586e+02
3.020000e-06	1.790422e-06	3.390132e-09	1.357297e+01	2.294058e+02
3.030000e-06	1.800064e-06	3.413563e-09	1.364607e+01	2.313272e+02
3.040000e-06	1.809594e-06	3.438957e-09	1.371832e+01	2.332212e+02
3.050000e-06	1.818994e-06	3.464445e-09	1.378957e+01	2.350861e+02
3.060000e-06	1.828246e-06	3.488432e-09	1.385971e+01	2.369201e+02
3.070000e-06	1.837381e-06	3.514162e-09	1.392897e+01	2.387213e+02
3.080000e-06	1.846444e-06	3.543400e-09	1.399767e+01	2.404878e+02
3.090000e-06	1.855423e-06	3.574395e-09	1.406574e+01	2.422182e+02
3.100000e-06	1.864274e-06	3.602145e-09	1.413284e+01	2.439115e+02
3.110000e-06	1.872923e-06	3.626748e-09	1.419841e+01	2.455670e+02
3.120000e-06	1.881366e-06	3.652272e-09	1.426241e+01	2.471849e+02
3.130000e-06	1.889671e-06	3.676799e-09	1.432537e+01	2.487659e+02
3.140000e-06	1.897873e-06	3.698350e-09	1.438755e+01	2.503112e+02
3.150000e-06	1.905962e-06	3.718397e-09	1.444887e+01	2.518227e+02
3.160000e-06	1.913928e-06	3.739729e-09	1.450926e+01	2.533025e+02
3.170000e-06	1.921765e-06	3.761726e-09	1.456867e+01	2.547530e+02
3.180000e-06	1.929453e-06	3.780893e-09	1.462695e+01	2.561762e+02
3.190000e-06	1.937008e-06	3.799646e-09	1.468422e+01	2.575741e+02
3.200000e-06	1.944469e-06	3.821742e-09	1.474079e+01	2.589481e+02
3.210000e-06	1.951838e-06	3.847402e-09	1.479665e+01	2.602992e+02
3.220000e-06	1.959065e-06	3.871556e-09	1.485144e+01	2.616276e+02
3.230000e-06	1.966099e-06	3.888817e-09	1.490476e+01	2.629330e+02
3.240000e-06	1.972932e-06	3.901734e-09	1.495656e+01	2.642147e+02
3.250000e-06	1.979618e-06	3.916861e-09	1.500725e+01	2.654717e+02
3.260000e-06	1.986198e-06	3.935103e-09	1.505713e+01	2.667031e+02
3.270000e-06	1.992653e-06	3.954459e-09	1.510607e+01	2.679078e+02
3.280000e-06	1.998971e-06	3.974788e-09	1.515396e+01	2.690855e+02
3.290000e-06	2.005153e-06	3.996739e-09	1.520083e+01	2.702359e+02
3.300000e-06	2.011194e-06	4.019656e-09	1.524662e+01	2.713595e+02
3.310000e-06	2.017099e-06	4.039765e-09	1.529138e+01	2.724573e+02
3.320000e-06	2.022918e-06	4.056556e-09	1.533550e+01	2.735304e+02
3.330000e-06	2.028626e-06	4.070637e-09	1.537877e+01	2.745803e+02
3.340000e-06	2.034146e-06	4.083659e-09	1.542062e+01	2.756083e+02
3.350000e-06	2.039445e-06	4.096789e-09	1.546079e+01	2.766156e+02
3.360000e-06	2.044569e-06	4.110092e-09	1.549963e+01	2.776029e+02
3.370000e-06	2.049573e-06	4.124005e-09	1.553757e+01	2.785703e+02
3.380000e-06	2.054443e-06	4.139884e-09	1.557448e+01	2.795178e+02
3.390000e-06	2.059170e-06	4.157834e-09	1.561032e+01	2.804444e+02
3.400000e-06	2.063746e-06	4.176615e-09	1.564501e+01	2.813492e+02
3.410000e-06	2.068188e-06	4.192404e-09	1.567868e+01	2.822311e+02
3.420000e-06	2.072514e-06	4.204493e-09	1.571148e+01	2.830890e+02
3.430000e-06	2.076745e-06	4.215805e-09	1.574356e+01	2.839220e+02
3.440000e-06	2.080855e-06	4.225791e-09	1.577471e+01	2.847299e+02
3.450000e-06	2.084786e-06	4.235120e-09	1.580451e+01	2.855126e+02
3.460000e-06	2.088535e-06	4.245523e-09	1.583293e+01	2.862705e+02
3.470000e-06	2.092159e-06	4.258960e-09	1.586040e+01	2.870042e+02
3.480000e-06	2.095661e-06	4.274646e-09	1.588695e+01	2.877145e+02
3.490000e-06	2.098980e-06	4.289042e-09	1.591211e+01	2.884017e+02
3.500000e-06	2.102111e-06	4.303126e-09	1.593585e+01	2.890660e+02
3.510000e-06	2.105086e-06	4.317394e-09	1.595841e+01	2.897069e+02
3.520000e-06	2.107913e-06	4.329793e-09	1.597984e+01	2.903235e+02
3.530000e-06	2.110602e-06	4.338786e-09	1.600022e+01	2.909145e+02
3.540000e-06	2.113161e-06	4.345556e-09	1.601962e+01	2.914780e+02
3.550000e-06	2.115530e-06	4.353305e-09	1.603758e+01	2.920126e+02
3.560000e-06	2.117666e-06	4.361523e-09	1.605377e+01	2.925170e+02
3.570000e-06	2.119607e-06	4.368461e-09	1.606849e+01	2.929907e+02
3.580000e-06	2.121411e-06	4.375115e-09	1.608216e+01	2.934343e+02
3.590000e-06	2.123091e-06	4.384365e-09	1.609490e+01	2.938496e+02
3.600000e-06	2.124630e-06	4.395604e-09	1.610657e+01	2.942394e+02
3.610000e-06	2.126029e-06	4.406614e-09	1.611717e+01	2.946077e+02
3.620000e-06	2.127292e-06	4.416174e-09	1.612674e+01	2.949590e+02
3.630000e-06	2.128417e-06	4.424981e-09	1.613528e+01	2.952983e+02
3.640000e-06	2.129430e-06	4.432002e-09	1.614295e+01	2.956296e+02
3.650000e-06	2.130299e-06	4.436778e-09	1.614954e+01	2.959566e+02
3.660000e-06	2.130974e-06	4.438301e-09	1.615465e+01	2.962810e+02
3.670000e-06	2.131451e-06	4.438431e-09	1.615827e+01	2.966031e+02
3.680000e-06	2.131759e-06	4.442281e-09	1.616061e+01	2.969210e+02
3.690000e-06	2.131935e-06	4.448882e-09	1.616194e+01	2.972313e+02
3.700000e-06	2.131969e-06	4.455482e-09	1.616220e+01	2.975290e+02
3.710000e-06	2.131845e-06	4.465601e-09	1.616126e+01	2.978084e+02
3.720000e-06	2.131568e-06	4.477969e-09	1.615916e+01	2.980633e+02
3.730000e-06	2.131159e-06	4.492963e-09	1.615606e+01	2.982884e+02
3.740000e-06	2.130665e-06	4.505744e-09	1.615232e+01	2.984792e+02
3.750000e-06	2.129972e-06	4.496520e-09	1.614706e+01	2.986330e+02
3.760000e-06	2.128935e-06	4.490790e-09	1.613920e+01	2.987492e+02
3.770000e-06	2.127678e-06	4.503197e-09	1.612967e+01	2.988289e+02
3.780000e-06	2.126377e-06	4.503403e-09	1.611981e+01	2.988751e+02
3.790000e-06	2.125049e-06	4.505649e-09	1.610974e+01	2.988919e+02
3.800000e-06	2.123606e-06	4.516162e-09	1.609880e+01	2.988843e+02
3.810000e-06	2.122002e-06	4.525297e-09	1.608664e+01	2.988571e+02
3.820000e-06	2.120241e-06	4.529282e-09	1.607329e+01	2.988146e+02
3.830000e-06	2.118355e-06	4.524877e-09	1.605899e+01	2.987598e+02
3.840000e-06	2.116352e-06	4.517775e-09	1.604381e+01	2.986945e+02
3.850000e-06	2.114169e-06	4.510710e-09	1.602726e+01	2.986187e+02
3.860000e-06	2.111716e-06	4.506469e-09	1.600867e+01	2.985311e+02
3.870000e-06	2.109002e-06	4.501394e-09	1.598809e+01	2.984295e+02
3.880000e-06	2.106141e-06	4.510153e-09	1.596641e+01	2.983110e+02
3.890000e-06	2.103182e-06	4.522649e-09	1.594397e+01	2.981727e+02
3.900000e-06	2.100072e-06	4.519947e-09	1.592039e+01	2.980124e+02
3.910000e-06	2.096791e-06	4.511945e-09	1.589552e+01	2.978288e+02
3.920000e-06	2.093401e-06	4.513880e-09	1.586982e+01	2.976219e+02
3.930000e-06	2.089931e-06	4.519238e-09	1.584351e+01	2.973926e+02
3.940000e-06	2.086323e-06	4.514854e-09	1.581616e+01	2.971431e+02
3.950000e-06	2.082555e-06	4.508542e-09	1.578760e+01	2.968760e+02
3.960000e-06	2.078644e-06	4.508702e-09	1.575795e+01	2.965944e+02
3.970000e-06	2.074579e-06	4.516462e-09	1.572714e+01	2.963008e+02
3.980000e-06	2.070313e-06	4.513855e-09	1.569479e+01	2.959971e+02
3.990000e-06	2.065842e-06	4.498989e-09	1.566090e+01	2.956840e+02
4.000000e-06	2.061247e-06	4.491065e-09	1.562607e+01	2.953614e+02
4.010000e-06	2.056577e-06	4.496929e-09	1.559066e+01	2.950279e+02
4.020000e-06	2.051768e-06	4.500271e-09	1.555420e+01	2.946814e+02
4.030000e-06	2.046760e-06	4.488753e-09	1.551625e+01	2.943195e+02
4.040000e-06	2.041590e-06	4.477745e-09	1.547705e+01	2.939399e+02
4.050000e-06	2.036305e-06	4.475434e-09	1.543698e+01	2.935409e+02
4.060000e-06	2.030904e-06	4.474015e-09	1.539604e+01	2.931217e+02
4.070000e-06	2.025341e-06	4.466109e-09	1.535387e+01	2.926826e+02
4.080000e-06	2.019601e-06	4.460705e-09	1.531035e+01	2.922250e+02
4.090000e-06	2.013688e-06	4.462777e-09	1.526553e+01	2.917511e+02
4.100000e-06	2.007629e-06	4.460186e-09	1.521960e+01	2.912636e+02
4.110000e-06	2.001436e-06	4.449221e-09	1.517265e+01	2.907655e+02
4.120000e-06	1.995117e-06	4.437864e-09	1.512474e+01	2.902589e+02
4.130000e-06	1.988676e-06	4.431280e-09	1.507592e+01	2.897451e+02
4.140000e-06	1.982090e-06	4.425075e-09	1.502599e+01	2.892243e+02
4.150000e-06	1.975348e-06	4.421799e-09	1.497488e+01	2.886951e+02
4.160000e-06	1.968482e-06	4.420138e-09	1.492283e+01	2.881551e+02
4.170000e-06	1.961530e-06	4.413992e-09	1.487012e+01	2.876007e+02
4.180000e-06	1.954470e-06	4.403885e-09	1.481661e+01	2.870282e+02
4.190000e-06	1.947233e-06	4.396924e-09	1.476174e+01	2.864337e+02
4.200000e-06	1.939779e-06	4.392896e-09	1.470523e+01	2.858140e+02
4.210000e-06	1.932149e-06	4.387397e-09	1.464739e+01	2.851673e+02
4.220000e-06	1.924400e-06	4.381964e-09	1.458865e+01	2.844928e+02
4.230000e-06	1.916541e-06	4.376716e-09	1.452907e+01	2.837915e+02
4.240000e-06	1.908545e-06	4.369352e-09	1.446845e+01	2.830657e+02
4.250000e-06	1.900414e-06	4.357234e-09	1.440681e+01	2.823186e+02
4.260000e-06	1.892174e-06	4.346730e-09	1.434434e+01	2.815539e+02
4.270000e-06	1.883821e-06	4.336760e-09	1.428102e+01	2.807752e+02
4.280000e-06	1.875347e-06	4.326023e-09	1.421678e+01	2.799855e+02
4.290000e-06	1.866770e-06	4.312498e-09	1.415176e+01	2.791869e+02
4.300000e-06	1.858073e-06	4.299918e-09	1.408582e+01	2.783799e+02
4.310000e-06	1.849231e-06	4.292261e-09	1.401880e+01	2.775640e+02
4.320000e-06	1.840235e-06	4.286356e-09	1.395060e+01	2.767375e+02
4.330000e-06	1.831096e-06	4.276343e-09	1.388132e+01	2.758981e+02
4.340000e-06	1.821847e-06	4.262711e-09	1.381120e+01	2.750432e+02
4.350000e-06	1.812455e-06	4.250789e-09	1.374000e+01	2.741708e+02
4.360000e-06	1.802910e-06	4.240978e-09	1.366764e+01	2.732796e+02
4.370000e-06	1.793220e-06	4.230965e-09	1.359418e+01	2.723696e+02
4.380000e-06	1.783389e-06	4.217755e-09	1.351966e+01	2.714421e+02
4.390000e-06	1.773433e-06	4.207503e-09	1.344418e+01	2.704994e+02
4.400000e-06	1.763358e-06	4.200871e-09	1.336780e+01	2.695450e+02
4.410000e-06	1.753166e-06	4.192572e-09	1.329054e+01	2.685824e+02
4.420000e-06	1.742816e-06	4.179978e-09	1.321208e+01	2.676151e+02
4.430000e-06	1.732266e-06	4.166698e-09	1.313210e+01	2.666455e+02
4.440000e-06	1.721537e-06	4.151461e-09	1.305076e+01	2.656751e+02
4.450000e-06	1.710668e-06	4.134359e-09	1.296837e+01	2.647035e+02
4.460000e-06	1.699681e-06	4.115060e-09	1.288508e+01	2.637288e+02
4.470000e-06	1.688601e-06	4.096163e-09	1.280108e+01	2.627478e+02
4.480000e-06	1.677425e-06	4.078943e-09	1.271636e+01	2.617562e+02
4.490000e-06	1.666121e-06	4.064309e-09	1.263067e+01	2.607496e+02
4.500000e-06	1.654695e-06	4.052359e-09	1.254404e+01	2.597238e+02
4.510000e-06	1.643152e-06	4.040690e-09	1.245654e+01	2.586756e+02
4.520000e-06	1.631494e-06	4.028914e-09	1.236816e+01	2.576034e+02
4.530000e-06	1.619754e-06	4.017370e-09	1.227916e+01	2.565071e+02
4.540000e-06	1.607928e-06	4.004534e-09	1.218951e+01	2.553883e+02
4.550000e-06	1.595974e-06	3.986775e-09	1.209889e+01	2.542501e+02
4.560000e-06	1.583875e-06	3.966146e-09	1.200717e+01	2.530962e+02
4.570000e-06	1.571622e-06	3.946063e-09	1.191428e+01	2.519307e+02
4.580000e-06	1.559224e-06	3.927572e-09	1.182029e+01	2.507570e+02
4.590000e-06	1.546714e-06	3.909766e-09	1.172545e+01	2.495775e+02
4.600000e-06	1.534122e-06	3.893759e-09	1.163000e+01	2.483928e+02
4.610000e-06	1.521438e-06	3.877510e-09	1.153384e+01	2.472017e+02
4.620000e-06	1.508637e-06	3.863254e-09	1.143680e+01	2.460014e+02
4.630000e-06	1.495728e-06	3.849351e-09	1.133893e+01	2.447874e+02
4.640000e-06	1.482715e-06	3.832342e-09	1.124028e+01	2.435550e+02
4.650000e-06	1.469597e-06	3.811794e-09	1.114084e+01	2.422990e+02
4.660000e-06	1.456380e-06	3.789845e-09	1.104064e+01	2.410154e+02
4.670000e-06	1.443084e-06	3.767917e-09	1.093985e+01	2.397015e+02
4.680000e-06	1.429727e-06	3.745921e-09	1.083859e+01	2.383566e+02
4.690000e-06	1.416292e-06	3.724226e-09	1.073674e+01	2.369822e+02
4.700000e-06	1.402748e-06	3.704489e-09	1.063406e+01	2.355818e+02
4.710000e-06	1.389048e-06	3.687207e-09	1.053020e+01	2.341606e+02
4.720000e-06	1.375171e-06	3.671801e-09	1.042501e+01	2.327247e+02
4.730000e-06	1.361154e-06	3.652959e-09	1.031874e+01	2.312804e+02
4.740000e-06	1.347050e-06	3.627265e-09	1.021182e+01	2.298332e+02
4.750000e-06	1.332890e-06	3.601647e-09	1.010448e+01	2.283872e+02
4.760000e-06	1.318666e-06	3.578133e-09	9.996645e+00	2.269444e+02
4.770000e-06	1.304362e-06	3.553529e-09	9.888209e+00	2.255047e+02
4.780000e-06	1.289970e-06	3.526791e-09	9.779106e+00	2.240657e+02
4.790000e-06	1.275487e-06	3.503263e-09	9.669314e+00	2.226232e+02
4.800000e-06	1.260915e-06	3.483618e-09	9.558847e+00	2.211718e+02
4.810000e-06	1.246254e-06	3.464003e-09	9.447705e+00	2.197057e+02
4.820000e-06	1.231497e-06	3.445758e-09	9.335834e+00	2.182196e+02
4.830000e-06	1.216653e-06	3.429943e-09	9.223303e+00	2.167093e+02
4.840000e-06	1.201735e-06	3.412240e-09	9.110211e+00	2.151721e+02
4.850000e-06	1.186726e-06	3.390197e-09	8.996430e+00	2.136078e+02
4.860000e-06	1.171607e-06	3.364022e-09	8.881813e+00	2.120178e+02
4.870000e-06	1.156357e-06	3.334942e-09	8.766200e+00	2.104055e+02
4.880000e-06	1.140953e-06	3.304902e-09	8.649431e+00	2.087756e+02
4.890000e-06	1.125409e-06	3.276404e-09	8.531593e+00	2.071332e+02
4.900000e-06	1.109771e-06	3.251451e-09	8.413044e+00	2.054836e+02
4.910000e-06	1.094075e-06	3.229331e-09	8.294054e+00	2.038312e+02
4.920000e-06	1.078338e-06	3.207690e-09	8.174753e+00	2.021790e+02
4.930000e-06	1.062562e-06	3.184838e-09	8.055157e+00	2.005288e+02
4.940000e-06	1.046722e-06	3.161795e-09	7.935075e+00	1.988804e+02
4.950000e-06	1.030803e-06	3.135552e-09	7.814393e+00	1.972324e+02
4.960000e-06	1.014811e-06	3.106773e-09	7.693158e+00	1.955822e+02
4.970000e-06	9.987427e-07	3.076953e-09	7.571348e+00	1.939264e+02
4.980000e-06	9.826087e-07	3.045175e-09	7.449039e+00	1.922615e+02
4.990000e-06	9.664227e-07	3.014502e-09	7.326334e+00	1.905844e+02
5.000000e-06	9.501763e-07	2.988084e-09	7.203172e+00	1.888923e+02
5.010000e-06	9.338527e-07	2.968422e-09	7.079425e+00	1.871836e+02
5.020000e-06	9.174596e-07	2.952100e-09	6.955151e+00	1.854573e+02
5.030000e-06	9.010086e-07	2.932876e-09	6.830438e+00	1.837133e+02
5.040000e-06	8.845112e-07	2.907298e-09	6.705373e+00	1.819520e+02
5.050000e-06	8.679815e-07	2.876389e-09	6.580063e+00	1.801742e+02
5.060000e-06	8.514169e-07	2.840386e-09	6.454489e+00	1.783809e+02
5.070000e-06	8.348210e-07	2.802363e-09	6.328677e+00	1.765730e+02
5.080000e-06	8.181804e-07	2.766575e-09	6.202527e+00	1.747513e+02
5.090000e-06	8.014836e-07	2.735492e-09	6.075951e+00	1.729167e+02
5.100000e-06	7.847036e-07	2.712117e-09	5.948744e+00	1.710700e+02
5.110000e-06	7.677977e-07	2.693689e-09	5.820582e+00	1.692123e+02
5.120000e-06	7.507939e-07	2.673183e-09	5.691679e+00	1.673450e+02
5.130000e-06	7.337014e-07	2.647273e-09	5.562102e+00	1.654701e+02
5.140000e-06	7.165136e-07	2.617282e-09	5.431803e+00	1.635901e+02
5.150000e-06	6.992802e-07	2.581822e-09	5.301159e+00	1.617077e+02
5.160000e-06	6.820099e-07	2.544071e-09	5.170235e+00	1.598258e+02
5.170000e-06	6.646954e-07	2.509270e-09	5.038976e+00	1.579469e+02
5.180000e-06	6.473583e-07	2.480751e-09	4.907546e+00	1.560728e+02
5.190000e-06	6.299972e-07	2.455508e-09	4.775933e+00	1.542044e+02
5.200000e-06	6.126103e-07	2.430730e-09	4.644125e+00	1.523407e+02
5.210000e-06	5.951956e-07	2.406726e-09	4.512106e+00	1.504794e+02
5.220000e-06	5.777523e-07	2.382391e-09	4.379871e+00	1.486164e+02
5.230000e-06	5.602681e-07	2.354715e-09	4.247325e+00	1.467464e+02
5.240000e-06	5.427495e-07	2.321823e-09	4.114519e+00	1.448629e+02
5.250000e-06	5.251971e-07	2.287465e-09	3.981456e+00	1.429594e+02
5.260000e-06	5.075929e-07	2.255462e-09	3.848000e+00	1.410296e+02
5.270000e-06	4.899499e-07	2.226974e-09	3.714251e+00	1.390682e+02
5.280000e-06	4.722787e-07	2.197321e-09	3.580288e+00	1.370719e+02
5.290000e-06	4.545643e-07	2.167669e-09	3.445997e+00	1.350391e+02
5.300000e-06	4.367969e-07	2.137991e-09	3.311305e+00	1.329710e+02
5.310000e-06	4.190087e-07	2.106829e-09	3.176454e+00	1.308704e+02
5.320000e-06	4.012228e-07	2.075298e-09	3.041622e+00	1.287424e+02
5.330000e-06	3.834348e-07	2.043640e-09	2.906773e+00	1.265932e+02
5.340000e-06	3.656269e-07	2.009160e-09	2.771773e+00	1.244294e+02
5.350000e-06	3.477803e-07	1.971812e-09	2.636481e+00	1.222573e+02
5.360000e-06	3.299050e-07	1.933364e-09	2.500970e+00	1.200825e+02
5.370000e-06	3.120020e-07	1.895208e-09	2.365250e+00	1.179086e+02
5.380000e-06	2.940744e-07	1.858512e-09	2.229342e+00	1.157376e+02
5.390000e-06	2.761245e-07	1.823401e-09	2.093266e+00	1.135692e+02
5.400000e-06	2.581505e-07	1.790625e-09	1.957008e+00	1.114015e+02
5.410000e-06	2.401710e-07	1.758559e-09	1.820708e+00	1.092308e+02
5.420000e-06	2.221766e-07	1.726633e-09	1.684294e+00	1.070529e+02
5.430000e-06	2.041566e-07	1.694697e-09	1.547686e+00	1.048627e+02
5.440000e-06	1.861202e-07	1.661254e-09	1.410955e+00	1.026560e+02
5.450000e-06	1.680641e-07	1.625723e-09	1.274074e+00	1.004289e+02
5.460000e-06	1.499845e-07	1.589452e-09	1.137014e+00	9.817920e+01
5.470000e-06	1.318900e-07	1.554417e-09	9.998422e-01	9.590567e+01
5.480000e-06	1.137955e-07	1.522539e-09	8.626696e-01	9.360855e+01
5.490000e-06	9.571123e-08	1.490540e-09	7.255754e-01	9.128916e+01
5.500000e-06	7.762660e-08	1.453188e-09	5.884779e-01	8.894959e+01
5.510000e-06	5.954528e-08	1.411585e-09	4.514056e-01	8.659227e+01
5.520000e-06	4.146159e-08	1.371480e-09	3.143153e-01	8.421958e+01
5.530000e-06	2.337088e-08	1.331837e-09	1.771718e-01	8.183356e+01
5.540000e-06	5.287782e-09	1.290669e-09	4.008604e-02	7.943565e+01
5.550000e-06	-1.279836e-08	1.249203e-09	-9.702280e-02	7.702666e+01
5.560000e-06	-3.088750e-08	1.211302e-09	-2.341544e-01	7.460680e+01
5.570000e-06	-4.896418e-08	1.175036e-09	-3.711915e-01	7.217588e+01
5.580000e-06	-6.703806e-08	1.134549e-09	-5.082075e-01	6.973349e+01
5.590000e-06	-8.511009e-08	1.092603e-09	-6.452093e-01	6.727931e+01
5.600000e-06	-1.031684e-07	1.053592e-09	-7.821076e-01	6.481323e+01
5.610000e-06	-1.212247e-07	1.016064e-09	-9.189899e-01	6.233553e+01
5.620000e-06	-1.392800e-07	9.765881e-10	-1.055865e+00	5.984686e+01
5.630000e-06	-1.573165e-07	9.346193e-10	-1.192598e+00	5.734817e+01
5.640000e-06	-1.753415e-07	8.925892e-10	-1.329242e+00	5.484053e+01
5.650000e-06	-1.933604e-07	8.526509e-10	-1.465842e+00	5.232489e+01
5.660000e-06	-2.113707e-07	8.127526e-10	-1.602376e+00	4.980189e+01
5.670000e-06	-2.293658e-07	7.711463e-10	-1.738795e+00	4.727162e+01
5.680000e-06	-2.473289e-07	7.298643e-10	-1.874971e+00	4.473355e+01
5.690000e-06	-2.652643e-07	6.912363e-10	-2.010936e+00	4.218656e+01
5.700000e-06	-2.831974e-07	6.518757e-10	-2.146885e+00	3.962898e+01
5.710000e-06	-3.011295e-07	6.082813e-10	-2.282827e+00	3.705887e+01
5.720000e-06	-3.190240e-07	5.634868e-10	-2.418483e+00	3.447426e+01
5.730000e-06	-3.368804e-07	5.221748e-10	-2.553850e+00	3.187347e+01
5.740000e-06	-3.547198e-07	4.834882e-10	-2.689088e+00	2.925535e+01
5.750000e-06	-3.725367e-07	4.439611e-10	-2.824156e+00	2.661946e+01
5.760000e-06	-3.903262e-07	4.016384e-10	-2.959016e+00	2.396620e+01
5.770000e-06	-4.080861e-07	3.579816e-10	-3.093652e+00	2.129670e+01
5.780000e-06	-4.258147e-07	3.125143e-10	-3.228050e+00	1.861274e+01
5.790000e-06	-4.435141e-07	2.631801e-10	-3.362227e+00	1.591641e+01
5.800000e-06	-4.611732e-07	2.123285e-10	-3.496098e+00	1.320990e+01
5.810000e-06	-4.787955e-07	1.659077e-10	-3.629691e+00	1.049512e+01
5.820000e-06	-4.963779e-07	1.259057e-10	-3.762981e+00	7.773512e+00
5.830000e-06	-5.139198e-07	8.820523e-11	-3.895965e+00	5.045826e+00
5.840000e-06	-5.314387e-07	4.877541e-11	-4.028773e+00	2.312116e+00
5.850000e-06	-5.489293e-07	7.132554e-12	-4.161367e+00	-4.281983e-01
5.860000e-06	-5.663916e-07	-3.535533e-11	-4.293747e+00	-3.176153e+00
5.870000e-06	-5.838177e-07	-8.234452e-11	-4.425852e+00	-5.932973e+00
5.880000e-06	-6.012140e-07	-1.338422e-10	-4.557731e+00	-8.699782e+00
5.890000e-06	-6.185872e-07	-1.833972e-10	-4.689435e+00	-1.147733e+01
5.900000e-06	-6.359290e-07	-2.252101e-10	-4.820901e+00	-1.426580e+01
5.910000e-06	-6.532402e-07	-2.629852e-10	-4.952136e+00	-1.706467e+01
5.920000e-06	-6.705042e-07	-3.025935e-10	-5.083012e+00	-1.987278e+01
5.930000e-06	-6.877140e-07	-3.434514e-10	-5.213477e+00	-2.268842e+01
5.940000e-06	-7.048634e-07	-3.840577e-10	-5.343484e+00	-2.550963e+01
5.950000e-06	-7.219472e-07	-4.262642e-10	-5.472995e+00	-2.833444e+01
5.960000e-06	-7.389585e-07	-4.744044e-10	-5.601956e+00	-3.116120e+01
5.970000e-06	-7.558940e-07	-5.265767e-10	-5.730341e+00	-3.398885e+01
5.980000e-06	-7.727371e-07	-5.772985e-10	-5.858027e+00	-3.681713e+01
5.990000e-06	-7.894768e-07	-6.250323e-10	-5.984928e+00	-3.964661e+01
6.000000e-06	-8.061499e-07	-6.716184e-10	-6.111326e+00	-4.247864e+01
6.010000e-06	-8.227816e-07	-7.169768e-10	-6.237408e+00	-4.531518e+01
6.020000e-06	-8.393645e-07	-7.591833e-10	-6.363121e+00	-4.815851e+01
6.030000e-06	-8.559044e-07	-8.009162e-10	-6.488508e+00	-5.101088e+01
6.040000e-06	-8.724102e-07	-8.447980e-10	-6.613637e+00	-5.387417e+01
6.050000e-06	-8.888611e-07	-8.909984e-10	-6.738349e+00	-5.674963e+01
6.060000e-06	-9.052512e-07	-9.378387e-10	-6.862600e+00	-5.963758e+01
6.070000e-06	-9.215788e-07	-9.861229e-10	-6.986378e+00	-6.253742e+01
6.080000e-06	-9.378373e-07	-1.035566e-09	-7.109632e+00	-6.544759e+01
6.090000e-06	-9.540420e-07	-1.084215e-09	-7.232477e+00	-6.836574e+01
6.100000e-06	-9.702017e-07	-1.131310e-09	-7.354982e+00	-7.128902e+01
6.110000e-06	-9.862934e-07	-1.173188e-09	-7.476972e+00	-7.421433e+01
6.120000e-06	-1.002308e-06	-1.213049e-09	-7.598374e+00	-7.713867e+01
6.130000e-06	-1.018253e-06	-1.254604e-09	-7.719257e+00	-8.005942e+01
6.140000e-06	-1.034127e-06	-1.300577e-09	-7.839595e+00	-8.297454e+01
6.150000e-06	-1.049936e-06	-1.348650e-09	-7.959436e+00	-8.588270e+01
6.160000e-06	-1.065706e-06	-1.398045e-09	-8.078988e+00	-8.878326e+01
6.170000e-06	-1.081444e-06	-1.447751e-09	-8.198293e+00	-9.167620e+01
6.180000e-06	-1.097107e-06	-1.494169e-09	-8.317036e+00	-9.456194e+01
6.190000e-06	-1.112665e-06	-1.538983e-09	-8.434982e+00	-9.744116e+01
6.200000e-06	-1.128102e-06	-1.584472e-09	-8.552009e+00	-1.003145e+02
6.210000e-06	-1.143422e-06	-1.630578e-09	-8.668143e+00	-1.031825e+02
6.220000e-06	-1.158607e-06	-1.674602e-09	-8.783262e+00	-1.060454e+02
6.230000e-06	-1.173661e-06	-1.718448e-09	-8.897385e+00	-1.089030e+02
6.240000e-06	-1.188636e-06	-1.763340e-09	-9.010904e+00	-1.117547e+02
6.250000e-06	-1.203524e-06	-1.807952e-09	-9.123770e+00	-1.145999e+02
6.260000e-06	-1.218327e-06	-1.851682e-09	-9.235988e+00	-1.174374e+02
6.270000e-06	-1.233056e-06	-1.896125e-09	-9.347647e+00	-1.202664e+02
6.280000e-06	-1.247700e-06	-1.942883e-09	-9.458665e+00	-1.230860e+02
6.290000e-06	-1.262248e-06	-1.991293e-09	-9.568952e+00	-1.258955e+02
6.300000e-06	-1.276700e-06	-2.037659e-09	-9.678512e+00	-1.286944e+02
6.310000e-06	-1.291069e-06	-2.082586e-09	-9.787441e+00	-1.314824e+02
6.320000e-06	-1.305348e-06	-2.126662e-09	-9.895685e+00	-1.342593e+02
6.330000e-06	-1.319550e-06	-2.166823e-09	-1.000335e+01	-1.370251e+02
6.340000e-06	-1.333685e-06	-2.203043e-09	-1.011051e+01	-1.397794e+02
6.350000e-06	-1.347754e-06	-2.238762e-09	-1.021716e+01	-1.425217e+02
6.360000e-06	-1.361738e-06	-2.278257e-09	-1.032317e+01	-1.452511e+02
6.370000e-06	-1.375579e-06	-2.322530e-09	-1.042810e+01	-1.479664e+02
6.380000e-06	-1.389263e-06	-2.370177e-09	-1.053184e+01	-1.506660e+02
6.390000e-06	-1.402806e-06	-2.417486e-09	-1.063451e+01	-1.533481e+02
6.400000e-06	-1.416245e-06	-2.461113e-09	-1.073639e+01	-1.560107e+02
6.410000e-06	-1.429613e-06	-2.502464e-09	-1.083773e+01	-1.586520e+02
6.420000e-06	-1.442910e-06	-2.543035e-09	-1.093853e+01	-1.612703e+02
6.430000e-06	-1.456109e-06	-2.581173e-09	-1.103859e+01	-1.638643e+02
6.440000e-06	-1.469195e-06	-2.618000e-09	-1.113779e+01	-1.664332e+02
6.450000e-06	-1.482181e-06	-2.657479e-09	-1.123623e+01	-1.689767e+02
6.460000e-06	-1.495077e-06	-2.701113e-09	-1.133400e+01	-1.714951e+02
6.470000e-06	-1.507864e-06	-2.746179e-09	-1.143094e+01	-1.739891e+02
6.480000e-06	-1.520541e-06	-2.790472e-09	-1.152704e+01	-1.764597e+02
6.490000e-06	-1.533133e-06	-2.833401e-09	-1.162250e+01	-1.789082e+02
6.500000e-06	-1.545640e-06	-2.875249e-09	-1.171731e+01	-1.813357e+02
6.510000e-06	-1.558056e-06	-2.913577e-09	-1.181144e+01	-1.837435e+02
6.520000e-06	-1.570357e-06	-2.945281e-09	-1.190469e+01	-1.861322e+02
6.530000e-06	-1.582490e-06	-2.974433e-09	-1.199667e+01	-1.885024e+02
6.540000e-06	-1.594457e-06	-3.006374e-09	-1.208739e+01	-1.908542e+02
6.550000e-06	-1.606296e-06	-3.042999e-09	-1.217714e+01	-1.931872e+02
6.560000e-06	-1.618045e-06	-3.080944e-09	-1.226621e+01	-1.955009e+02
6.570000e-06	-1.629717e-06	-3.117524e-09	-1.235469e+01	-1.977945e+02
6.580000e-06	-1.641290e-06	-3.157025e-09	-1.244243e+01	-2.000670e+02
6.590000e-06	-1.652739e-06	-3.199115e-09	-1.252922e+01	-2.023175e+02
6.600000e-06	-1.664056e-06	-3.237295e-09	-1.261500e+01	-2.045452e+02
6.610000e-06	-1.675258e-06	-3.268713e-09	-1.269993e+01	-2.067495e+02
6.620000e-06	-1.686341e-06	-3.300123e-09	-1.278395e+01	-2.089300e+02
6.630000e-06	-1.697335e-06	-3.334668e-09	-1.286729e+01	-2.110863e+02
6.640000e-06	-1.708240e-06	-3.369094e-09	-1.294996e+01	-2.132186e+02
6.650000e-06	-1.719001e-06	-3.402334e-09	-1.303154e+01	-2.153271e+02
6.660000e-06	-1.729609e-06	-3.435777e-09	-1.311196e+01	-2.174119e+02
6.670000e-06	-1.740037e-06	-3.470529e-09	-1.319101e+01	-2.194733e+02
6.680000e-06	-1.750285e-06	-3.505004e-09	-1.326870e+01	-2.215115e+02
6.690000e-06	-1.760408e-06	-3.538570e-09	-1.334544e+01	-2.235266e+02
6.700000e-06	-1.770401e-06	-3.570438e-09	-1.342119e+01	-2.255182e+02
6.710000e-06	-1.780263e-06	-3.602716e-09	-1.349596e+01	-2.274858e+02
6.720000e-06	-1.790003e-06	-3.634964e-09	-1.356980e+01	-2.294285e+02
6.730000e-06	-1.799589e-06	-3.663840e-09	-1.364247e+01	-2.313451e+02
6.740000e-06	-1.808994e-06	-3.688497e-09	-1.371377e+01	-2.332341e+02
6.750000e-06	-1.818227e-06	-3.712942e-09	-1.378376e+01	-2.350938e+02
6.760000e-06	-1.827334e-06	-3.741170e-09	-1.385280e+01	-2.369221e+02
6.770000e-06	-1.836344e-06	-3.771905e-09	-1.392111e+01	-2.387174e+02
6.780000e-06	-1.845240e-06	-3.803393e-09	-1.398855e+01	-2.404777e+02
6.790000e-06	-1.853995e-06	-3.835079e-09	-1.405492e+01	-2.422018e+02
6.800000e-06	-1.862629e-06	-3.863930e-09	-1.412037e+01	-2.438885e+02
6.810000e-06	-1.871165e-06	-3.887169e-09	-1.418508e+01	-2.455374e+02
6.820000e-06	-1.879605e-06	-3.906887e-09	-1.424906e+01	-2.471488e+02
6.830000e-06	-1.887941e-06	-3.924534e-09	-1.431225e+01	-2.487235e+02
6.840000e-06	-1.896142e-06	-3.941929e-09	-1.437443e+01	-2.502628e+02
6.850000e-06	-1.904205e-06	-3.960841e-09	-1.443555e+01	-2.517686e+02
6.860000e-06	-1.912143e-06	-3.981245e-09	-1.449573e+01	-2.532431e+02
6.870000e-06	-1.919962e-06	-4.005037e-09	-1.455500e+01	-2.546886e+02
6.880000e-06	-1.927686e-06	-4.031249e-09	-1.461355e+01	-2.561072e+02
6.890000e-06	-1.935294e-06	-4.058286e-09	-1.467123e+01	-2.575007e+02
6.900000e-06	-1.942753e-06	-4.086177e-09	-1.472778e+01	-2.588706e+02
6.910000e-06	-1.950026e-06	-4.111236e-09	-1.478292e+01	-2.602177e+02
6.920000e-06	-1.957109e-06	-4.130833e-09	-1.483661e+01	-2.615420e+02
6.930000e-06	-1.964058e-06	-4.146268e-09	-1.488929e+01	-2.628432e+02
6.940000e-06	-1.970907e-06	-4.159909e-09	-1.494121e+01	-2.641206e+02
6.950000e-06	-1.977627e-06	-4.174398e-09	-1.499215e+01	-2.653732e+02
6.960000e-06	-1.984198e-06	-4.192082e-09	-1.504197e+01	-2.665999e+02
6.970000e-06	-1.990648e-06	-4.212440e-09	-1.509086e+01	-2.677998e+02
6.980000e-06	-1.996966e-06	-4.232310e-09	-1.513876e+01	-2.689727e+02
6.990000e-06	-2.003155e-06	-4.250495e-09	-1.518568e+01	-2.701183e+02
7.000000e-06	-2.009243e-06	-4.267976e-09	-1.523183e+01	-2.712373e+02
7.010000e-06	-2.015185e-06	-4.283270e-09	-1.527687e+01	-2.723306e+02
7.020000e-06	-2.020916e-06	-4.296233e-09	-1.532032e+01	-2.733995e+02
7.030000e-06	-2.026440e-06	-4.307556e-09	-1.536220e+01	-2.744454e+02
7.040000e-06	-2.031816e-06	-4.320225e-09	-1.540295e+01	-2.754696e+02
7.050000e-06	-2.037083e-06	-4.335285e-09	-1.544288e+01	-2.764732e+02
7.060000e-06	-2.042247e-06	-4.351829e-09	-1.548203e+01	-2.774569e+02
7.070000e-06	-2.047272e-06	-4.369704e-09	-1.552012e+01	-2.784208e+02
7.080000e-06	-2.052117e-06	-4.386935e-09	-1.555685e+01	-2.793646e+02
7.090000e-06	-2.056815e-06	-4.403721e-09	-1.559247e+01	-2.802874e+02
7.100000e-06	-2.061410e-06	-4.420371e-09	-1.562730e+01	-2.811882e+02
7.110000e-06	-2.065906e-06	-4.435597e-09	-1.566139e+01	-2.820659e+02
7.120000e-06	-2.070252e-06	-4.446693e-09	-1.569433e+01	-2.829194e+02
7.130000e-06	-2.074386e-06	-4.454360e-09	-1.572567e+01	-2.837480e+02
7.140000e-06	-2.078322e-06	-4.461775e-09	-1.575551e+01	-2.845514e+02
7.150000e-06	-2.082113e-06	-4.469606e-09	-1.578424e+01	-2.853296e+02
7.160000e-06	-2.085789e-06	-4.477948e-09	-1.581212e+01	-2.860832e+02
7.170000e-06	-2.089341e-06	-4.488747e-09	-1.583904e+01	-2.868127e+02
7.180000e-06	-2.092763e-06	-4.502685e-09	-1.586499e+01	-2.875188e+02
7.190000e-06	-2.096046e-06	-4.517439e-09	-1.588987e+01	-2.882019e+02
7.200000e-06	-2.099172e-06	-4.528087e-09	-1.591357e+01	-2.888621e+02
7.210000e-06	-2.102170e-06	-4.534683e-09	-1.593630e+01	-2.894988e+02
7.220000e-06	-2.105074e-06	-4.540484e-09	-1.595831e+01	-2.901110e+02
7.230000e-06	-2.107815e-06	-4.544675e-09	-1.597909e+01	-2.906972e+02
7.240000e-06	-2.110316e-06	-4.548108e-09	-1.599805e+01	-2.912558e+02
7.250000e-06	-2.112607e-06	-4.552502e-09	-1.601542e+01	-2.917851e+02
7.260000e-06	-2.114743e-06	-4.557207e-09	-1.603161e+01	-2.922842e+02
7.270000e-06	-2.116723e-06	-4.563841e-09	-1.604662e+01	-2.927525e+02
7.280000e-06	-2.118549e-06	-4.572311e-09	-1.606046e+01	-2.931910e+02
7.290000e-06	-2.120234e-06	-4.578684e-09	-1.607324e+01	-2.936015e+02
7.300000e-06	-2.121775e-06	-4.583697e-09	-1.608492e+01	-2.939871e+02
7.310000e-06	-2.123181e-06	-4.587246e-09	-1.609558e+01	-2.943520e+02
7.320000e-06	-2.124468e-06	-4.588168e-09	-1.610533e+01	-2.947007e+02
7.330000e-06	-2.125616e-06	-4.587628e-09	-1.611404e+01	-2.950381e+02
7.340000e-06	-2.126567e-06	-4.586964e-09	-1.612125e+01	-2.953683e+02
7.350000e-06	-2.127305e-06	-4.587173e-09	-1.612685e+01	-2.956944e+02
7.360000e-06	-2.127897e-06	-4.589915e-09	-1.613133e+01	-2.960182e+02
7.370000e-06	-2.128370e-06	-4.596263e-09	-1.613492e+01	-2.963395e+02
7.380000e-06	-2.128704e-06	-4.602450e-09	-1.613745e+01	-2.966562e+02
7.390000e-06	-2.128910e-06	-4.606040e-09	-1.613901e+01	-2.969645e+02
