# Temperatura_=_20.0
# Concentracion g/m^3_=_10000.0
# C_Vs_to_Am_M_A/Vsm_=_65563218390.804596
# pendiente_HvsI_1/m_=_3716.3
# ordenada_HvsI_A/m_=_1297.0
# frecuencia_Hz_=_135396.47886809337

Tiempo_(s)	Campo_(V.s)	Magnetizacion_(V.s)	Campo_(kA/m)	Magnetizacion_(A/m)
0.000000e+00	-7.788254e-06	-1.152423e-08	-5.698096e+01	-7.527142e+02
1.000000e-08	-7.788318e-06	-1.152168e-08	-5.698142e+01	-7.527559e+02
2.000000e-08	-7.787876e-06	-1.152038e-08	-5.697819e+01	-7.527752e+02
3.000000e-08	-7.786812e-06	-1.152406e-08	-5.697041e+01	-7.527673e+02
4.000000e-08	-7.785241e-06	-1.152953e-08	-5.695891e+01	-7.527276e+02
5.000000e-08	-7.783229e-06	-1.153149e-08	-5.694419e+01	-7.526528e+02
6.000000e-08	-7.780703e-06	-1.153087e-08	-5.692571e+01	-7.525414e+02
7.000000e-08	-7.777728e-06	-1.152704e-08	-5.690394e+01	-7.523944e+02
8.000000e-08	-7.774325e-06	-1.151339e-08	-5.687905e+01	-7.522153e+02
9.000000e-08	-7.770241e-06	-1.149026e-08	-5.684917e+01	-7.520100e+02
1.000000e-07	-7.765252e-06	-1.150696e-08	-5.681267e+01	-7.517865e+02
1.100000e-07	-7.759074e-06	-1.153878e-08	-5.676747e+01	-7.515538e+02
1.200000e-07	-7.751674e-06	-1.152773e-08	-5.671333e+01	-7.513213e+02
1.300000e-07	-7.743713e-06	-1.147392e-08	-5.665508e+01	-7.510973e+02
1.400000e-07	-7.735822e-06	-1.144350e-08	-5.659735e+01	-7.508882e+02
1.500000e-07	-7.727826e-06	-1.154205e-08	-5.653885e+01	-7.506976e+02
1.600000e-07	-7.719104e-06	-1.153912e-08	-5.647503e+01	-7.505259e+02
1.700000e-07	-7.709877e-06	-1.138682e-08	-5.640753e+01	-7.503700e+02
1.800000e-07	-7.700546e-06	-1.147401e-08	-5.633926e+01	-7.502237e+02
1.900000e-07	-7.690515e-06	-1.155528e-08	-5.626587e+01	-7.500783e+02
2.000000e-07	-7.679688e-06	-1.138355e-08	-5.618666e+01	-7.499236e+02
2.100000e-07	-7.668622e-06	-1.141919e-08	-5.610570e+01	-7.497488e+02
2.200000e-07	-7.657093e-06	-1.154207e-08	-5.602135e+01	-7.495439e+02
2.300000e-07	-7.644804e-06	-1.138591e-08	-5.593144e+01	-7.493007e+02
2.400000e-07	-7.632131e-06	-1.138804e-08	-5.583872e+01	-7.490134e+02
2.500000e-07	-7.619012e-06	-1.151545e-08	-5.574274e+01	-7.486790e+02
2.600000e-07	-7.605094e-06	-1.141488e-08	-5.564091e+01	-7.482975e+02
2.700000e-07	-7.590575e-06	-1.134940e-08	-5.553469e+01	-7.478718e+02
2.800000e-07	-7.575524e-06	-1.143728e-08	-5.542457e+01	-7.474065e+02
2.900000e-07	-7.559812e-06	-1.138891e-08	-5.530961e+01	-7.469076e+02
3.000000e-07	-7.543717e-06	-1.132753e-08	-5.519186e+01	-7.463816e+02
3.100000e-07	-7.527147e-06	-1.139321e-08	-5.507063e+01	-7.458342e+02
3.200000e-07	-7.509807e-06	-1.133274e-08	-5.494376e+01	-7.452701e+02
3.300000e-07	-7.492037e-06	-1.132922e-08	-5.481376e+01	-7.446926e+02
3.400000e-07	-7.473854e-06	-1.139446e-08	-5.468072e+01	-7.441028e+02
3.500000e-07	-7.455023e-06	-1.132357e-08	-5.454295e+01	-7.435005e+02
3.600000e-07	-7.435668e-06	-1.128638e-08	-5.440134e+01	-7.428839e+02
3.700000e-07	-7.415738e-06	-1.133832e-08	-5.425553e+01	-7.422506e+02
3.800000e-07	-7.395050e-06	-1.129305e-08	-5.410417e+01	-7.415977e+02
3.900000e-07	-7.373730e-06	-1.127602e-08	-5.394819e+01	-7.409226e+02
4.000000e-07	-7.351837e-06	-1.128431e-08	-5.378801e+01	-7.402234e+02
4.100000e-07	-7.329429e-06	-1.123787e-08	-5.362407e+01	-7.394987e+02
4.200000e-07	-7.306486e-06	-1.124547e-08	-5.345621e+01	-7.387483e+02
4.300000e-07	-7.282893e-06	-1.126033e-08	-5.328360e+01	-7.379724e+02
4.400000e-07	-7.258754e-06	-1.121437e-08	-5.310699e+01	-7.371719e+02
4.500000e-07	-7.234171e-06	-1.119597e-08	-5.292714e+01	-7.363474e+02
4.600000e-07	-7.209136e-06	-1.121064e-08	-5.274397e+01	-7.354994e+02
4.700000e-07	-7.183682e-06	-1.118843e-08	-5.255774e+01	-7.346278e+02
4.800000e-07	-7.157764e-06	-1.116708e-08	-5.236812e+01	-7.337318e+02
4.900000e-07	-7.131207e-06	-1.114284e-08	-5.217383e+01	-7.328098e+02
5.000000e-07	-7.104049e-06	-1.112270e-08	-5.197513e+01	-7.318597e+02
5.100000e-07	-7.076450e-06	-1.111055e-08	-5.177321e+01	-7.308793e+02
5.200000e-07	-7.048385e-06	-1.110595e-08	-5.156787e+01	-7.298662e+02
5.300000e-07	-7.019797e-06	-1.107685e-08	-5.135872e+01	-7.288188e+02
5.400000e-07	-6.990629e-06	-1.106277e-08	-5.114532e+01	-7.277362e+02
5.500000e-07	-6.960822e-06	-1.107024e-08	-5.092724e+01	-7.266181e+02
5.600000e-07	-6.930422e-06	-1.105768e-08	-5.070483e+01	-7.254655e+02
5.700000e-07	-6.899474e-06	-1.102557e-08	-5.047841e+01	-7.242800e+02
5.800000e-07	-6.868018e-06	-1.099418e-08	-5.024826e+01	-7.230639e+02
5.900000e-07	-6.836052e-06	-1.096669e-08	-5.001439e+01	-7.218193e+02
6.000000e-07	-6.803613e-06	-1.095086e-08	-4.977706e+01	-7.205485e+02
6.100000e-07	-6.770708e-06	-1.092694e-08	-4.953631e+01	-7.192527e+02
6.200000e-07	-6.737349e-06	-1.089761e-08	-4.929225e+01	-7.179328e+02
6.300000e-07	-6.703596e-06	-1.089092e-08	-4.904531e+01	-7.165884e+02
6.400000e-07	-6.669414e-06	-1.088493e-08	-4.879522e+01	-7.152185e+02
6.500000e-07	-6.634772e-06	-1.086349e-08	-4.854177e+01	-7.138216e+02
6.600000e-07	-6.599676e-06	-1.082756e-08	-4.828500e+01	-7.123957e+02
6.700000e-07	-6.564050e-06	-1.079842e-08	-4.802435e+01	-7.109396e+02
6.800000e-07	-6.527857e-06	-1.077647e-08	-4.775955e+01	-7.094522e+02
6.900000e-07	-6.491183e-06	-1.075537e-08	-4.749124e+01	-7.079337e+02
7.000000e-07	-6.454076e-06	-1.072852e-08	-4.721976e+01	-7.063854e+02
7.100000e-07	-6.416536e-06	-1.070163e-08	-4.694510e+01	-7.048095e+02
7.200000e-07	-6.378558e-06	-1.068421e-08	-4.666724e+01	-7.032091e+02
7.300000e-07	-6.340194e-06	-1.067123e-08	-4.638656e+01	-7.015880e+02
7.400000e-07	-6.301435e-06	-1.064443e-08	-4.610299e+01	-6.999494e+02
7.500000e-07	-6.262192e-06	-1.060951e-08	-4.581588e+01	-6.982964e+02
7.600000e-07	-6.222450e-06	-1.057643e-08	-4.552511e+01	-6.966305e+02
7.700000e-07	-6.182256e-06	-1.055131e-08	-4.523104e+01	-6.949519e+02
7.800000e-07	-6.141590e-06	-1.052562e-08	-4.493352e+01	-6.932588e+02
7.900000e-07	-6.100479e-06	-1.049272e-08	-4.463274e+01	-6.915480e+02
8.000000e-07	-6.058984e-06	-1.046124e-08	-4.432915e+01	-6.898144e+02
8.100000e-07	-6.017011e-06	-1.043889e-08	-4.402207e+01	-6.880521e+02
8.200000e-07	-5.974510e-06	-1.041790e-08	-4.371112e+01	-6.862548e+02
8.300000e-07	-5.931568e-06	-1.038778e-08	-4.339694e+01	-6.844163e+02
8.400000e-07	-5.888231e-06	-1.035337e-08	-4.307988e+01	-6.825315e+02
8.500000e-07	-5.844491e-06	-1.032425e-08	-4.275986e+01	-6.805963e+02
8.600000e-07	-5.800389e-06	-1.029883e-08	-4.243720e+01	-6.786088e+02
8.700000e-07	-5.755945e-06	-1.026780e-08	-4.211204e+01	-6.765686e+02
8.800000e-07	-5.711149e-06	-1.023167e-08	-4.178430e+01	-6.744775e+02
8.900000e-07	-5.665921e-06	-1.019562e-08	-4.145340e+01	-6.723382e+02
9.000000e-07	-5.620144e-06	-1.016236e-08	-4.111848e+01	-6.701548e+02
9.100000e-07	-5.573824e-06	-1.012603e-08	-4.077959e+01	-6.679316e+02
9.200000e-07	-5.527060e-06	-1.008433e-08	-4.043745e+01	-6.656727e+02
9.300000e-07	-5.479886e-06	-1.004465e-08	-4.009231e+01	-6.633815e+02
9.400000e-07	-5.432295e-06	-1.001283e-08	-3.974413e+01	-6.610602e+02
9.500000e-07	-5.384329e-06	-9.980973e-09	-3.939320e+01	-6.587098e+02
9.600000e-07	-5.336004e-06	-9.944077e-09	-3.903964e+01	-6.563299e+02
9.700000e-07	-5.287246e-06	-9.903927e-09	-3.868291e+01	-6.539188e+02
9.800000e-07	-5.238051e-06	-9.865531e-09	-3.832298e+01	-6.514738e+02
9.900000e-07	-5.188489e-06	-9.828598e-09	-3.796038e+01	-6.489918e+02
1.000000e-06	-5.138611e-06	-9.789186e-09	-3.759546e+01	-6.464695e+02
1.010000e-06	-5.088429e-06	-9.746184e-09	-3.722832e+01	-6.439035e+02
1.020000e-06	-5.037944e-06	-9.706168e-09	-3.685895e+01	-6.412911e+02
1.030000e-06	-4.987122e-06	-9.670739e-09	-3.648712e+01	-6.386301e+02
1.040000e-06	-4.935953e-06	-9.631591e-09	-3.611276e+01	-6.359189e+02
1.050000e-06	-4.884397e-06	-9.585263e-09	-3.573556e+01	-6.331564e+02
1.060000e-06	-4.832397e-06	-9.538712e-09	-3.535512e+01	-6.303420e+02
1.070000e-06	-4.780008e-06	-9.497183e-09	-3.497182e+01	-6.274751e+02
1.080000e-06	-4.727291e-06	-9.456166e-09	-3.458613e+01	-6.245552e+02
1.090000e-06	-4.674238e-06	-9.408882e-09	-3.419798e+01	-6.215818e+02
1.100000e-06	-4.620857e-06	-9.357685e-09	-3.380743e+01	-6.185540e+02
1.110000e-06	-4.567184e-06	-9.311008e-09	-3.341474e+01	-6.154706e+02
1.120000e-06	-4.513196e-06	-9.269631e-09	-3.301975e+01	-6.123307e+02
1.130000e-06	-4.458885e-06	-9.224982e-09	-3.262240e+01	-6.091330e+02
1.140000e-06	-4.404282e-06	-9.173957e-09	-3.222291e+01	-6.058767e+02
1.150000e-06	-4.349378e-06	-9.123924e-09	-3.182122e+01	-6.025615e+02
1.160000e-06	-4.294159e-06	-9.077334e-09	-3.141722e+01	-5.991873e+02
1.170000e-06	-4.238605e-06	-9.026774e-09	-3.101077e+01	-5.957548e+02
1.180000e-06	-4.182654e-06	-8.967020e-09	-3.060142e+01	-5.922653e+02
1.190000e-06	-4.126294e-06	-8.907194e-09	-3.018908e+01	-5.887204e+02
1.200000e-06	-4.069599e-06	-8.853948e-09	-2.977428e+01	-5.851219e+02
1.210000e-06	-4.012574e-06	-8.803479e-09	-2.935707e+01	-5.814716e+02
1.220000e-06	-3.955175e-06	-8.747339e-09	-2.893712e+01	-5.777710e+02
1.230000e-06	-3.897482e-06	-8.685781e-09	-2.851503e+01	-5.740211e+02
1.240000e-06	-3.839530e-06	-8.624396e-09	-2.809103e+01	-5.702221e+02
1.250000e-06	-3.781292e-06	-8.564664e-09	-2.766495e+01	-5.663734e+02
1.260000e-06	-3.722794e-06	-8.502470e-09	-2.723696e+01	-5.624733e+02
1.270000e-06	-3.664080e-06	-8.437833e-09	-2.680739e+01	-5.585198e+02
1.280000e-06	-3.605163e-06	-8.378221e-09	-2.637634e+01	-5.545098e+02
1.290000e-06	-3.546043e-06	-8.320922e-09	-2.594380e+01	-5.504402e+02
1.300000e-06	-3.486721e-06	-8.261387e-09	-2.550979e+01	-5.463075e+02
1.310000e-06	-3.427156e-06	-8.198317e-09	-2.507399e+01	-5.421083e+02
1.320000e-06	-3.367344e-06	-8.131172e-09	-2.463639e+01	-5.378397e+02
1.330000e-06	-3.307306e-06	-8.063321e-09	-2.419714e+01	-5.334989e+02
1.340000e-06	-3.247009e-06	-7.995057e-09	-2.375599e+01	-5.290839e+02
1.350000e-06	-3.186434e-06	-7.923971e-09	-2.331280e+01	-5.245929e+02
1.360000e-06	-3.125586e-06	-7.850662e-09	-2.286762e+01	-5.200247e+02
1.370000e-06	-3.064517e-06	-7.778212e-09	-2.242083e+01	-5.153783e+02
1.380000e-06	-3.003260e-06	-7.706374e-09	-2.197266e+01	-5.106530e+02
1.390000e-06	-2.941775e-06	-7.632475e-09	-2.152282e+01	-5.058482e+02
1.400000e-06	-2.880037e-06	-7.554915e-09	-2.107112e+01	-5.009632e+02
1.410000e-06	-2.818090e-06	-7.476424e-09	-2.061790e+01	-4.959972e+02
1.420000e-06	-2.755964e-06	-7.400241e-09	-2.016337e+01	-4.909493e+02
1.430000e-06	-2.693635e-06	-7.325333e-09	-1.970735e+01	-4.858184e+02
1.440000e-06	-2.631124e-06	-7.248446e-09	-1.925001e+01	-4.806033e+02
1.450000e-06	-2.568434e-06	-7.168995e-09	-1.879135e+01	-4.753027e+02
1.460000e-06	-2.505543e-06	-7.087570e-09	-1.833122e+01	-4.699151e+02
1.470000e-06	-2.442474e-06	-7.006495e-09	-1.786979e+01	-4.644391e+02
1.480000e-06	-2.379238e-06	-6.922417e-09	-1.740715e+01	-4.588732e+02
1.490000e-06	-2.315815e-06	-6.836310e-09	-1.694312e+01	-4.532158e+02
1.500000e-06	-2.252246e-06	-6.750777e-09	-1.647804e+01	-4.474651e+02
1.510000e-06	-2.188538e-06	-6.663280e-09	-1.601193e+01	-4.416194e+02
1.520000e-06	-2.124667e-06	-6.572507e-09	-1.554463e+01	-4.356766e+02
1.530000e-06	-2.060693e-06	-6.477659e-09	-1.507658e+01	-4.296345e+02
1.540000e-06	-1.996617e-06	-6.384830e-09	-1.460779e+01	-4.234905e+02
1.550000e-06	-1.932413e-06	-6.293789e-09	-1.413805e+01	-4.172420e+02
1.560000e-06	-1.868079e-06	-6.201185e-09	-1.366737e+01	-4.108859e+02
1.570000e-06	-1.803570e-06	-6.104342e-09	-1.319540e+01	-4.044190e+02
1.580000e-06	-1.738901e-06	-6.003488e-09	-1.272227e+01	-3.978380e+02
1.590000e-06	-1.674091e-06	-5.899654e-09	-1.224810e+01	-3.911394e+02
1.600000e-06	-1.609140e-06	-5.794337e-09	-1.177290e+01	-3.843196e+02
1.610000e-06	-1.544084e-06	-5.686229e-09	-1.129693e+01	-3.773749e+02
1.620000e-06	-1.478898e-06	-5.574189e-09	-1.082001e+01	-3.703019e+02
1.630000e-06	-1.413573e-06	-5.462055e-09	-1.034208e+01	-3.630970e+02
1.640000e-06	-1.348163e-06	-5.352364e-09	-9.863525e+00	-3.557565e+02
1.650000e-06	-1.282683e-06	-5.243393e-09	-9.384456e+00	-3.482771e+02
1.660000e-06	-1.217108e-06	-5.128022e-09	-8.904690e+00	-3.406553e+02
1.670000e-06	-1.151462e-06	-5.007928e-09	-8.424403e+00	-3.328878e+02
1.680000e-06	-1.085748e-06	-4.883803e-09	-7.943623e+00	-3.249713e+02
1.690000e-06	-1.019973e-06	-4.756556e-09	-7.462399e+00	-3.169026e+02
1.700000e-06	-9.541292e-07	-4.625895e-09	-6.980665e+00	-3.086786e+02
1.710000e-06	-8.881852e-07	-4.493053e-09	-6.498202e+00	-3.002964e+02
1.720000e-06	-8.221868e-07	-4.360435e-09	-6.015339e+00	-2.917530e+02
1.730000e-06	-7.561204e-07	-4.225375e-09	-5.531980e+00	-2.830454e+02
1.740000e-06	-6.899535e-07	-4.089089e-09	-5.047885e+00	-2.741709e+02
1.750000e-06	-6.237487e-07	-3.952882e-09	-4.563513e+00	-2.651264e+02
1.760000e-06	-5.575369e-07	-3.816263e-09	-4.079090e+00	-2.559088e+02
1.770000e-06	-4.913041e-07	-3.675507e-09	-3.594513e+00	-2.465147e+02
1.780000e-06	-4.250624e-07	-3.530798e-09	-3.109871e+00	-2.369404e+02
1.790000e-06	-3.587994e-07	-3.381829e-09	-2.625073e+00	-2.271818e+02
1.800000e-06	-2.925232e-07	-3.227542e-09	-2.140178e+00	-2.172346e+02
1.810000e-06	-2.262522e-07	-3.068228e-09	-1.655322e+00	-2.070939e+02
1.820000e-06	-1.599573e-07	-2.905134e-09	-1.170291e+00	-1.967545e+02
1.830000e-06	-9.363503e-08	-2.739233e-09	-6.850590e-01	-1.862110e+02
1.840000e-06	-2.727918e-08	-2.572502e-09	-1.995818e-01	-1.754579e+02
1.850000e-06	3.908197e-08	-2.406048e-09	2.859342e-01	-1.644897e+02
1.860000e-06	1.054362e-07	-2.239625e-09	7.713995e-01	-1.533009e+02
1.870000e-06	1.718037e-07	-2.068647e-09	1.256962e+00	-1.418865e+02
1.880000e-06	2.381544e-07	-1.892324e-09	1.742402e+00	-1.302418e+02
1.890000e-06	3.044578e-07	-1.712533e-09	2.227495e+00	-1.183626e+02
1.900000e-06	3.707319e-07	-1.529235e-09	2.712374e+00	-1.062456e+02
1.910000e-06	4.369955e-07	-1.341355e-09	3.197176e+00	-9.388820e+01
1.920000e-06	5.032132e-07	-1.149700e-09	3.681643e+00	-8.128894e+01
1.930000e-06	5.693761e-07	-9.564093e-10	4.165708e+00	-6.844751e+01
1.940000e-06	6.355047e-07	-7.618191e-10	4.649523e+00	-5.536504e+01
1.950000e-06	7.015787e-07	-5.674600e-10	5.132938e+00	-4.204440e+01
1.960000e-06	7.676013e-07	-3.669130e-10	5.615977e+00	-2.849043e+01
1.970000e-06	8.335737e-07	-1.630307e-10	6.098649e+00	-1.471031e+01
1.980000e-06	8.994859e-07	4.779744e-11	6.580881e+00	-7.138024e-01
1.990000e-06	9.653556e-07	2.674930e-10	7.062801e+00	1.348643e+01
2.000000e-06	1.031187e-06	4.937342e-10	7.544444e+00	2.787465e+01
2.010000e-06	1.096968e-06	7.222729e-10	8.025710e+00	4.243194e+01
2.020000e-06	1.162670e-06	9.466037e-10	8.506406e+00	5.713623e+01
2.030000e-06	1.228249e-06	1.167637e-09	8.986202e+00	7.196243e+01
2.040000e-06	1.293723e-06	1.386293e-09	9.465224e+00	8.688277e+01
2.050000e-06	1.359126e-06	1.605503e-09	9.943731e+00	1.018672e+02
2.060000e-06	1.424400e-06	1.828822e-09	1.042129e+01	1.168839e+02
2.070000e-06	1.489537e-06	2.055841e-09	1.089785e+01	1.318999e+02
2.080000e-06	1.554567e-06	2.287346e-09	1.137363e+01	1.468820e+02
2.090000e-06	1.619469e-06	2.518802e-09	1.184847e+01	1.617968e+02
2.100000e-06	1.684225e-06	2.742885e-09	1.232224e+01	1.766121e+02
2.110000e-06	1.748889e-06	2.962850e-09	1.279534e+01	1.912967e+02
2.120000e-06	1.813453e-06	3.179641e-09	1.326771e+01	2.058214e+02
2.130000e-06	1.877884e-06	3.395710e-09	1.373910e+01	2.201589e+02
2.140000e-06	1.942190e-06	3.609431e-09	1.420959e+01	2.342846e+02
2.150000e-06	2.006341e-06	3.822282e-09	1.467893e+01	2.481762e+02
2.160000e-06	2.070346e-06	4.029195e-09	1.514721e+01	2.618140e+02
2.170000e-06	2.134229e-06	4.229239e-09	1.561459e+01	2.751812e+02
2.180000e-06	2.197976e-06	4.423219e-09	1.608098e+01	2.882635e+02
2.190000e-06	2.261533e-06	4.610167e-09	1.654598e+01	3.010492e+02
2.200000e-06	2.324886e-06	4.792798e-09	1.700949e+01	3.135291e+02
2.210000e-06	2.388072e-06	4.974515e-09	1.747178e+01	3.256968e+02
2.220000e-06	2.451117e-06	5.155805e-09	1.793303e+01	3.375480e+02
2.230000e-06	2.514022e-06	5.332240e-09	1.839326e+01	3.490805e+02
2.240000e-06	2.576752e-06	5.502234e-09	1.885221e+01	3.602943e+02
2.250000e-06	2.639285e-06	5.665642e-09	1.930972e+01	3.711909e+02
2.260000e-06	2.701628e-06	5.824237e-09	1.976583e+01	3.817734e+02
2.270000e-06	2.763760e-06	5.978935e-09	2.022041e+01	3.920457e+02
2.280000e-06	2.825709e-06	6.128707e-09	2.067364e+01	4.020126e+02
2.290000e-06	2.887462e-06	6.273750e-09	2.112544e+01	4.116793e+02
2.300000e-06	2.948987e-06	6.419793e-09	2.157558e+01	4.210510e+02
2.310000e-06	3.010289e-06	6.565086e-09	2.202408e+01	4.301333e+02
2.320000e-06	3.071338e-06	6.704163e-09	2.247073e+01	4.389314e+02
2.330000e-06	3.132150e-06	6.833051e-09	2.291565e+01	4.474507e+02
2.340000e-06	3.192710e-06	6.954186e-09	2.335872e+01	4.556968e+02
2.350000e-06	3.252977e-06	7.071353e-09	2.379965e+01	4.636756e+02
2.360000e-06	3.312978e-06	7.181925e-09	2.423864e+01	4.713936e+02
2.370000e-06	3.372768e-06	7.283813e-09	2.467608e+01	4.788582e+02
2.380000e-06	3.432366e-06	7.383549e-09	2.511211e+01	4.860775e+02
2.390000e-06	3.491738e-06	7.488506e-09	2.554650e+01	4.930607e+02
2.400000e-06	3.550903e-06	7.594038e-09	2.597936e+01	4.998181e+02
2.410000e-06	3.609839e-06	7.695212e-09	2.641055e+01	5.063602e+02
2.420000e-06	3.668546e-06	7.792585e-09	2.684007e+01	5.126982e+02
2.430000e-06	3.726994e-06	7.888344e-09	2.726769e+01	5.188429e+02
2.440000e-06	3.785135e-06	7.980958e-09	2.769306e+01	5.248049e+02
2.450000e-06	3.842972e-06	8.066485e-09	2.811622e+01	5.305937e+02
2.460000e-06	3.900506e-06	8.146785e-09	2.853715e+01	5.362176e+02
2.470000e-06	3.957741e-06	8.226823e-09	2.895590e+01	5.416838e+02
2.480000e-06	4.014667e-06	8.308740e-09	2.937238e+01	5.469979e+02
2.490000e-06	4.071328e-06	8.391078e-09	2.978693e+01	5.521645e+02
2.500000e-06	4.127679e-06	8.471202e-09	3.019921e+01	5.571874e+02
2.510000e-06	4.183673e-06	8.548094e-09	3.060887e+01	5.620701e+02
2.520000e-06	4.239377e-06	8.622380e-09	3.101642e+01	5.668162e+02
2.530000e-06	4.294767e-06	8.693103e-09	3.142167e+01	5.714296e+02
2.540000e-06	4.349826e-06	8.758295e-09	3.182449e+01	5.759154e+02
2.550000e-06	4.404567e-06	8.817516e-09	3.222500e+01	5.802796e+02
2.560000e-06	4.458975e-06	8.877065e-09	3.262306e+01	5.845291e+02
2.570000e-06	4.513055e-06	8.940059e-09	3.301872e+01	5.886717e+02
2.580000e-06	4.566795e-06	9.000886e-09	3.341190e+01	5.927155e+02
2.590000e-06	4.620208e-06	9.058423e-09	3.380268e+01	5.966686e+02
2.600000e-06	4.673309e-06	9.115673e-09	3.419118e+01	6.005385e+02
2.610000e-06	4.726067e-06	9.173360e-09	3.457717e+01	6.043313e+02
2.620000e-06	4.778477e-06	9.229924e-09	3.496062e+01	6.080518e+02
2.630000e-06	4.830553e-06	9.283454e-09	3.534162e+01	6.117029e+02
2.640000e-06	4.882271e-06	9.334798e-09	3.572000e+01	6.152859e+02
2.650000e-06	4.933625e-06	9.385576e-09	3.609572e+01	6.188004e+02
2.660000e-06	4.984631e-06	9.434039e-09	3.646890e+01	6.222448e+02
2.670000e-06	5.035315e-06	9.480391e-09	3.683972e+01	6.256172e+02
2.680000e-06	5.085677e-06	9.524475e-09	3.720818e+01	6.289154e+02
2.690000e-06	5.135704e-06	9.567676e-09	3.757419e+01	6.321379e+02
2.700000e-06	5.185389e-06	9.612779e-09	3.793770e+01	6.352841e+02
2.710000e-06	5.234683e-06	9.657983e-09	3.829835e+01	6.383548e+02
2.720000e-06	5.283574e-06	9.701748e-09	3.865604e+01	6.413521e+02
2.730000e-06	5.332075e-06	9.743736e-09	3.901089e+01	6.442793e+02
2.740000e-06	5.380153e-06	9.784968e-09	3.936264e+01	6.471407e+02
2.750000e-06	5.427824e-06	9.826346e-09	3.971141e+01	6.499410e+02
2.760000e-06	5.475110e-06	9.865022e-09	4.005737e+01	6.526845e+02
2.770000e-06	5.522015e-06	9.901233e-09	4.040054e+01	6.553754e+02
2.780000e-06	5.568509e-06	9.939054e-09	4.074070e+01	6.580167e+02
2.790000e-06	5.614548e-06	9.978061e-09	4.107754e+01	6.606100e+02
2.800000e-06	5.660163e-06	1.001547e-08	4.141127e+01	6.631560e+02
2.810000e-06	5.705339e-06	1.005250e-08	4.174179e+01	6.656540e+02
2.820000e-06	5.750081e-06	1.008989e-08	4.206913e+01	6.681027e+02
2.830000e-06	5.794425e-06	1.012460e-08	4.239357e+01	6.705004e+02
2.840000e-06	5.838386e-06	1.015492e-08	4.271520e+01	6.728454e+02
2.850000e-06	5.881984e-06	1.018350e-08	4.303418e+01	6.751368e+02
2.860000e-06	5.925199e-06	1.021164e-08	4.335034e+01	6.773743e+02
2.870000e-06	5.967945e-06	1.023945e-08	4.366309e+01	6.795587e+02
2.880000e-06	6.010210e-06	1.027059e-08	4.397231e+01	6.816918e+02
2.890000e-06	6.052008e-06	1.030479e-08	4.427812e+01	6.837760e+02
2.900000e-06	6.093346e-06	1.033945e-08	4.458056e+01	6.858143e+02
2.910000e-06	6.134265e-06	1.037423e-08	4.487993e+01	6.878095e+02
2.920000e-06	6.174779e-06	1.040540e-08	4.517634e+01	6.897641e+02
2.930000e-06	6.214882e-06	1.043479e-08	4.546975e+01	6.916799e+02
2.940000e-06	6.254542e-06	1.045974e-08	4.575991e+01	6.935574e+02
2.950000e-06	6.293702e-06	1.048106e-08	4.604641e+01	6.953963e+02
2.960000e-06	6.332378e-06	1.050539e-08	4.632938e+01	6.971953e+02
2.970000e-06	6.370598e-06	1.053113e-08	4.660901e+01	6.989525e+02
2.980000e-06	6.408357e-06	1.055887e-08	4.688526e+01	7.006658e+02
2.990000e-06	6.445707e-06	1.058597e-08	4.715852e+01	7.023333e+02
3.000000e-06	6.482650e-06	1.061420e-08	4.742880e+01	7.039539e+02
3.010000e-06	6.519137e-06	1.064349e-08	4.769575e+01	7.055275e+02
3.020000e-06	6.555127e-06	1.066838e-08	4.795907e+01	7.070554e+02
3.030000e-06	6.590587e-06	1.068698e-08	4.821851e+01	7.085401e+02
3.040000e-06	6.625544e-06	1.070389e-08	4.847426e+01	7.099850e+02
3.050000e-06	6.660048e-06	1.072589e-08	4.872670e+01	7.113946e+02
3.060000e-06	6.694116e-06	1.074932e-08	4.897595e+01	7.127736e+02
3.070000e-06	6.727787e-06	1.077181e-08	4.922230e+01	7.141263e+02
3.080000e-06	6.761041e-06	1.079347e-08	4.946559e+01	7.154568e+02
3.090000e-06	6.793825e-06	1.081239e-08	4.970545e+01	7.167678e+02
3.100000e-06	6.826124e-06	1.083345e-08	4.994176e+01	7.180610e+02
3.110000e-06	6.857925e-06	1.085378e-08	5.017442e+01	7.193368e+02
3.120000e-06	6.889234e-06	1.087489e-08	5.040348e+01	7.205945e+02
3.130000e-06	6.920049e-06	1.089695e-08	5.062893e+01	7.218324e+02
3.140000e-06	6.950320e-06	1.092103e-08	5.085040e+01	7.230486e+02
3.150000e-06	6.980006e-06	1.094234e-08	5.106759e+01	7.242407e+02
3.160000e-06	7.009096e-06	1.095631e-08	5.128043e+01	7.254068e+02
3.170000e-06	7.037674e-06	1.096577e-08	5.148951e+01	7.265455e+02
3.180000e-06	7.065788e-06	1.097624e-08	5.169520e+01	7.276561e+02
3.190000e-06	7.093437e-06	1.099461e-08	5.189749e+01	7.287384e+02
3.200000e-06	7.120661e-06	1.101768e-08	5.209667e+01	7.297928e+02
3.210000e-06	7.147368e-06	1.104235e-08	5.229207e+01	7.308202e+02
3.220000e-06	7.173482e-06	1.106527e-08	5.248312e+01	7.318214e+02
3.230000e-06	7.199081e-06	1.108713e-08	5.267041e+01	7.327970e+02
3.240000e-06	7.224197e-06	1.110434e-08	5.285417e+01	7.337476e+02
3.250000e-06	7.248803e-06	1.111474e-08	5.303419e+01	7.346728e+02
3.260000e-06	7.272971e-06	1.112174e-08	5.321101e+01	7.355722e+02
3.270000e-06	7.296663e-06	1.113270e-08	5.338434e+01	7.364449e+02
3.280000e-06	7.319759e-06	1.114716e-08	5.355332e+01	7.372900e+02
3.290000e-06	7.342273e-06	1.116220e-08	5.371804e+01	7.381067e+02
3.300000e-06	7.364290e-06	1.117730e-08	5.387913e+01	7.388947e+02
3.310000e-06	7.385822e-06	1.119305e-08	5.403666e+01	7.396542e+02
3.320000e-06	7.406795e-06	1.120707e-08	5.419010e+01	7.403859e+02
3.330000e-06	7.427145e-06	1.121787e-08	5.433898e+01	7.410914e+02
3.340000e-06	7.446843e-06	1.122648e-08	5.448311e+01	7.417724e+02
3.350000e-06	7.465971e-06	1.123579e-08	5.462305e+01	7.424310e+02
3.360000e-06	7.484585e-06	1.124803e-08	5.475923e+01	7.430689e+02
3.370000e-06	7.502688e-06	1.126095e-08	5.489168e+01	7.436877e+02
3.380000e-06	7.520318e-06	1.127042e-08	5.502067e+01	7.442878e+02
3.390000e-06	7.537409e-06	1.127879e-08	5.514571e+01	7.448693e+02
3.400000e-06	7.553881e-06	1.129030e-08	5.526622e+01	7.454311e+02
3.410000e-06	7.569796e-06	1.130160e-08	5.538266e+01	7.459717e+02
3.420000e-06	7.585184e-06	1.131140e-08	5.549524e+01	7.464893e+02
3.430000e-06	7.600060e-06	1.131967e-08	5.560408e+01	7.469817e+02
3.440000e-06	7.614503e-06	1.132830e-08	5.570974e+01	7.474477e+02
3.450000e-06	7.628406e-06	1.133847e-08	5.581147e+01	7.478862e+02
3.460000e-06	7.641656e-06	1.134531e-08	5.590841e+01	7.482977e+02
3.470000e-06	7.654359e-06	1.134510e-08	5.600134e+01	7.486833e+02
3.480000e-06	7.666585e-06	1.134540e-08	5.609080e+01	7.490453e+02
3.490000e-06	7.678319e-06	1.135082e-08	5.617664e+01	7.493867e+02
3.500000e-06	7.689581e-06	1.136042e-08	5.625904e+01	7.497108e+02
3.510000e-06	7.700261e-06	1.137119e-08	5.633717e+01	7.500208e+02
3.520000e-06	7.710279e-06	1.138283e-08	5.641047e+01	7.503194e+02
3.530000e-06	7.719736e-06	1.139493e-08	5.647966e+01	7.506086e+02
3.540000e-06	7.728652e-06	1.140380e-08	5.654489e+01	7.508890e+02
3.550000e-06	7.737031e-06	1.140629e-08	5.660620e+01	7.511604e+02
3.560000e-06	7.744971e-06	1.140427e-08	5.666429e+01	7.514212e+02
3.570000e-06	7.752401e-06	1.140338e-08	5.671865e+01	7.516695e+02
3.580000e-06	7.759222e-06	1.140589e-08	5.676855e+01	7.519028e+02
3.590000e-06	7.765483e-06	1.141278e-08	5.681436e+01	7.521191e+02
3.600000e-06	7.771198e-06	1.142172e-08	5.685617e+01	7.523167e+02
3.610000e-06	7.776374e-06	1.143018e-08	5.689404e+01	7.524951e+02
3.620000e-06	7.780960e-06	1.143570e-08	5.692759e+01	7.526545e+02
3.630000e-06	7.784835e-06	1.143786e-08	5.695594e+01	7.527963e+02
3.640000e-06	7.788096e-06	1.143624e-08	5.697980e+01	7.529222e+02
3.650000e-06	7.790847e-06	1.143315e-08	5.699993e+01	7.530344e+02
3.660000e-06	7.793047e-06	1.143275e-08	5.701602e+01	7.531346e+02
3.670000e-06	7.794775e-06	1.143446e-08	5.702866e+01	7.532237e+02
3.680000e-06	7.795989e-06	1.143685e-08	5.703755e+01	7.533014e+02
3.690000e-06	7.796529e-06	1.144175e-08	5.704150e+01	7.533659e+02
3.700000e-06	7.796476e-06	1.144553e-08	5.704111e+01	7.534140e+02
3.710000e-06	7.795935e-06	1.144807e-08	5.703715e+01	7.534414e+02
3.720000e-06	7.794898e-06	1.144993e-08	5.702956e+01	7.534432e+02
3.730000e-06	7.793440e-06	1.144852e-08	5.701890e+01	7.534146e+02
3.740000e-06	7.791544e-06	1.144589e-08	5.700503e+01	7.533518e+02
3.750000e-06	7.789033e-06	1.144104e-08	5.698666e+01	7.532527e+02
3.760000e-06	7.785961e-06	1.143845e-08	5.696418e+01	7.531174e+02
3.770000e-06	7.782456e-06	1.144841e-08	5.693854e+01	7.529484e+02
3.780000e-06	7.778489e-06	1.146198e-08	5.690951e+01	7.527511e+02
3.790000e-06	7.773831e-06	1.139917e-08	5.687544e+01	7.525328e+02
3.800000e-06	7.767859e-06	1.137419e-08	5.683174e+01	7.523022e+02
3.810000e-06	7.760453e-06	1.142382e-08	5.677756e+01	7.520686e+02
3.820000e-06	7.752529e-06	1.150892e-08	5.671959e+01	7.518410e+02
3.830000e-06	7.745051e-06	1.145454e-08	5.666487e+01	7.516264e+02
3.840000e-06	7.737547e-06	1.129651e-08	5.660997e+01	7.514295e+02
3.850000e-06	7.728873e-06	1.146735e-08	5.654651e+01	7.512517e+02
3.860000e-06	7.719568e-06	1.149954e-08	5.647843e+01	7.510912e+02
3.870000e-06	7.710493e-06	1.132789e-08	5.641204e+01	7.509426e+02
3.880000e-06	7.700750e-06	1.138622e-08	5.634075e+01	7.507981e+02
3.890000e-06	7.689956e-06	1.152965e-08	5.626178e+01	7.506477e+02
3.900000e-06	7.678948e-06	1.139643e-08	5.618125e+01	7.504808e+02
3.910000e-06	7.667590e-06	1.133342e-08	5.609815e+01	7.502870e+02
3.920000e-06	7.655302e-06	1.156282e-08	5.600824e+01	7.500574e+02
3.930000e-06	7.642490e-06	1.144302e-08	5.591451e+01	7.497853e+02
3.940000e-06	7.629284e-06	1.126878e-08	5.581789e+01	7.494668e+02
3.950000e-06	7.615336e-06	1.149063e-08	5.571585e+01	7.491009e+02
3.960000e-06	7.600942e-06	1.149491e-08	5.561053e+01	7.486895e+02
3.970000e-06	7.586049e-06	1.132823e-08	5.550157e+01	7.482368e+02
3.980000e-06	7.570278e-06	1.143252e-08	5.538618e+01	7.477485e+02
3.990000e-06	7.554058e-06	1.143584e-08	5.526752e+01	7.472309e+02
4.000000e-06	7.537584e-06	1.136361e-08	5.514699e+01	7.466900e+02
4.010000e-06	7.520443e-06	1.142854e-08	5.502158e+01	7.461312e+02
4.020000e-06	7.502826e-06	1.135917e-08	5.489269e+01	7.455579e+02
4.030000e-06	7.484832e-06	1.131412e-08	5.476104e+01	7.449722e+02
4.040000e-06	7.466194e-06	1.143624e-08	5.462468e+01	7.443743e+02
4.050000e-06	7.447039e-06	1.136444e-08	5.448454e+01	7.437628e+02
4.060000e-06	7.427360e-06	1.129666e-08	5.434056e+01	7.431354e+02
4.070000e-06	7.407013e-06	1.137803e-08	5.419170e+01	7.424894e+02
4.080000e-06	7.386143e-06	1.132345e-08	5.403900e+01	7.418221e+02
4.090000e-06	7.364598e-06	1.130447e-08	5.388138e+01	7.411311e+02
4.100000e-06	7.342283e-06	1.134589e-08	5.371811e+01	7.404150e+02
4.110000e-06	7.319421e-06	1.126945e-08	5.355085e+01	7.396732e+02
4.120000e-06	7.296080e-06	1.127487e-08	5.338008e+01	7.389058e+02
4.130000e-06	7.272281e-06	1.130692e-08	5.320596e+01	7.381135e+02
4.140000e-06	7.248053e-06	1.125726e-08	5.302870e+01	7.372969e+02
4.150000e-06	7.223280e-06	1.123800e-08	5.284746e+01	7.364568e+02
4.160000e-06	7.197937e-06	1.125026e-08	5.266204e+01	7.355932e+02
4.170000e-06	7.172128e-06	1.124066e-08	5.247322e+01	7.347055e+02
4.180000e-06	7.145826e-06	1.123214e-08	5.228078e+01	7.337924e+02
4.190000e-06	7.118987e-06	1.120894e-08	5.208442e+01	7.328520e+02
4.200000e-06	7.091678e-06	1.118430e-08	5.188462e+01	7.318820e+02
4.210000e-06	7.063766e-06	1.116668e-08	5.168041e+01	7.308801e+02
4.220000e-06	7.035202e-06	1.116791e-08	5.147142e+01	7.298444e+02
4.230000e-06	7.006122e-06	1.115075e-08	5.125867e+01	7.287736e+02
4.240000e-06	6.976519e-06	1.111183e-08	5.104208e+01	7.276673e+02
4.250000e-06	6.946348e-06	1.111240e-08	5.082134e+01	7.265261e+02
4.260000e-06	6.915603e-06	1.110698e-08	5.059641e+01	7.253514e+02
4.270000e-06	6.884305e-06	1.107885e-08	5.036742e+01	7.241453e+02
4.280000e-06	6.852545e-06	1.105043e-08	5.013506e+01	7.229100e+02
4.290000e-06	6.820384e-06	1.102315e-08	4.989976e+01	7.216478e+02
4.300000e-06	6.787755e-06	1.102350e-08	4.966104e+01	7.203603e+02
4.310000e-06	6.754678e-06	1.101364e-08	4.941904e+01	7.190484e+02
4.320000e-06	6.721187e-06	1.097932e-08	4.917401e+01	7.177123e+02
4.330000e-06	6.687177e-06	1.096335e-08	4.892518e+01	7.163512e+02
4.340000e-06	6.652571e-06	1.095003e-08	4.867199e+01	7.149635e+02
4.350000e-06	6.617406e-06	1.093306e-08	4.841472e+01	7.135475e+02
4.360000e-06	6.581791e-06	1.090318e-08	4.815415e+01	7.121016e+02
4.370000e-06	6.545777e-06	1.087357e-08	4.789066e+01	7.106248e+02
4.380000e-06	6.509336e-06	1.085434e-08	4.762405e+01	7.091166e+02
4.390000e-06	6.472439e-06	1.083373e-08	4.735410e+01	7.075781e+02
4.400000e-06	6.435044e-06	1.080925e-08	4.708051e+01	7.060111e+02
4.410000e-06	6.397199e-06	1.077656e-08	4.680362e+01	7.044186e+02
4.420000e-06	6.358909e-06	1.075046e-08	4.652349e+01	7.028040e+02
4.430000e-06	6.320163e-06	1.073806e-08	4.624001e+01	7.011709e+02
4.440000e-06	6.281014e-06	1.071566e-08	4.595358e+01	6.995225e+02
4.450000e-06	6.241474e-06	1.068886e-08	4.566430e+01	6.978609e+02
4.460000e-06	6.201508e-06	1.066153e-08	4.537190e+01	6.961866e+02
4.470000e-06	6.161044e-06	1.064177e-08	4.507585e+01	6.944987e+02
4.480000e-06	6.120009e-06	1.062563e-08	4.477563e+01	6.927944e+02
4.490000e-06	6.078478e-06	1.059760e-08	4.447177e+01	6.910690e+02
4.500000e-06	6.036530e-06	1.056655e-08	4.416488e+01	6.893171e+02
4.510000e-06	5.994150e-06	1.053773e-08	4.385481e+01	6.875322e+02
4.520000e-06	5.951329e-06	1.051099e-08	4.354152e+01	6.857082e+02
4.530000e-06	5.908132e-06	1.047988e-08	4.322548e+01	6.838393e+02
4.540000e-06	5.864595e-06	1.044725e-08	4.290695e+01	6.819213e+02
4.550000e-06	5.820671e-06	1.042101e-08	4.258559e+01	6.799514e+02
4.560000e-06	5.776376e-06	1.039720e-08	4.226152e+01	6.779287e+02
4.570000e-06	5.731640e-06	1.037125e-08	4.193422e+01	6.758543e+02
4.580000e-06	5.686460e-06	1.033860e-08	4.160367e+01	6.737308e+02
4.590000e-06	5.640859e-06	1.030231e-08	4.127004e+01	6.715616e+02
4.600000e-06	5.594803e-06	1.027196e-08	4.093308e+01	6.693513e+02
4.610000e-06	5.548253e-06	1.023905e-08	4.059251e+01	6.671039e+02
4.620000e-06	5.501182e-06	1.020178e-08	4.024813e+01	6.648232e+02
4.630000e-06	5.453655e-06	1.016452e-08	3.990040e+01	6.625118e+02
4.640000e-06	5.405690e-06	1.013440e-08	3.954948e+01	6.601712e+02
4.650000e-06	5.357291e-06	1.010566e-08	3.919538e+01	6.578013e+02
4.660000e-06	5.308554e-06	1.007226e-08	3.883881e+01	6.554009e+02
4.670000e-06	5.259522e-06	1.003410e-08	3.848008e+01	6.529676e+02
4.680000e-06	5.210164e-06	9.995101e-09	3.811896e+01	6.504984e+02
4.690000e-06	5.160473e-06	9.957763e-09	3.775541e+01	6.479899e+02
4.700000e-06	5.110427e-06	9.916525e-09	3.738926e+01	6.454388e+02
4.710000e-06	5.060011e-06	9.870068e-09	3.702040e+01	6.428423e+02
4.720000e-06	5.009206e-06	9.825882e-09	3.664869e+01	6.401977e+02
4.730000e-06	4.958007e-06	9.790854e-09	3.627411e+01	6.375035e+02
4.740000e-06	4.906402e-06	9.756909e-09	3.589655e+01	6.347582e+02
4.750000e-06	4.854427e-06	9.716569e-09	3.551629e+01	6.319612e+02
4.760000e-06	4.802144e-06	9.669875e-09	3.513377e+01	6.291119e+02
4.770000e-06	4.749558e-06	9.623859e-09	3.474904e+01	6.262098e+02
4.780000e-06	4.696666e-06	9.581401e-09	3.436207e+01	6.232544e+02
4.790000e-06	4.643431e-06	9.535561e-09	3.397259e+01	6.202448e+02
4.800000e-06	4.589809e-06	9.484338e-09	3.358027e+01	6.171801e+02
4.810000e-06	4.535859e-06	9.433813e-09	3.318556e+01	6.140592e+02
4.820000e-06	4.481626e-06	9.385848e-09	3.278878e+01	6.108810e+02
4.830000e-06	4.427083e-06	9.338065e-09	3.238973e+01	6.076444e+02
4.840000e-06	4.372249e-06	9.284711e-09	3.198854e+01	6.043489e+02
4.850000e-06	4.317148e-06	9.228550e-09	3.158541e+01	6.009943e+02
4.860000e-06	4.261715e-06	9.176953e-09	3.117985e+01	5.975812e+02
4.870000e-06	4.205918e-06	9.129064e-09	3.077163e+01	5.941106e+02
4.880000e-06	4.149766e-06	9.075943e-09	3.036080e+01	5.905840e+02
4.890000e-06	4.093238e-06	9.018246e-09	2.994723e+01	5.870032e+02
4.900000e-06	4.036355e-06	8.962520e-09	2.953106e+01	5.833700e+02
4.910000e-06	3.979133e-06	8.910673e-09	2.911241e+01	5.796861e+02
4.920000e-06	3.921586e-06	8.858223e-09	2.869138e+01	5.759527e+02
4.930000e-06	3.863756e-06	8.800371e-09	2.826828e+01	5.721701e+02
4.940000e-06	3.805709e-06	8.741616e-09	2.784359e+01	5.683381e+02
4.950000e-06	3.747478e-06	8.684565e-09	2.741755e+01	5.644555e+02
4.960000e-06	3.689011e-06	8.626867e-09	2.698980e+01	5.605201e+02
4.970000e-06	3.630316e-06	8.564764e-09	2.656037e+01	5.565293e+02
4.980000e-06	3.571410e-06	8.499305e-09	2.612939e+01	5.524800e+02
4.990000e-06	3.512245e-06	8.435950e-09	2.569653e+01	5.483687e+02
5.000000e-06	3.452809e-06	8.374521e-09	2.526167e+01	5.441921e+02
5.010000e-06	3.393098e-06	8.311247e-09	2.482481e+01	5.399470e+02
5.020000e-06	3.333098e-06	8.244972e-09	2.438584e+01	5.356307e+02
5.030000e-06	3.272828e-06	8.177185e-09	2.394489e+01	5.312406e+02
5.040000e-06	3.212304e-06	8.109801e-09	2.350207e+01	5.267752e+02
5.050000e-06	3.151523e-06	8.042089e-09	2.305739e+01	5.222329e+02
5.060000e-06	3.090499e-06	7.973412e-09	2.261092e+01	5.176127e+02
5.070000e-06	3.029299e-06	7.903767e-09	2.216317e+01	5.129138e+02
5.080000e-06	2.967971e-06	7.834177e-09	2.171447e+01	5.081357e+02
5.090000e-06	2.906484e-06	7.763702e-09	2.126462e+01	5.032775e+02
5.100000e-06	2.844804e-06	7.689253e-09	2.081335e+01	4.983387e+02
5.110000e-06	2.782904e-06	7.610533e-09	2.036047e+01	4.933182e+02
5.120000e-06	2.720794e-06	7.529993e-09	1.990606e+01	4.882152e+02
5.130000e-06	2.658513e-06	7.450992e-09	1.945039e+01	4.830283e+02
5.140000e-06	2.596032e-06	7.370540e-09	1.899327e+01	4.777564e+02
5.150000e-06	2.533326e-06	7.286248e-09	1.853449e+01	4.723980e+02
5.160000e-06	2.470370e-06	7.200823e-09	1.807389e+01	4.669517e+02
5.170000e-06	2.407180e-06	7.116254e-09	1.761158e+01	4.614160e+02
5.180000e-06	2.343825e-06	7.030148e-09	1.714806e+01	4.557893e+02
5.190000e-06	2.280299e-06	6.940607e-09	1.668328e+01	4.500700e+02
5.200000e-06	2.216619e-06	6.846937e-09	1.621738e+01	4.442562e+02
5.210000e-06	2.152836e-06	6.753173e-09	1.575072e+01	4.383461e+02
5.220000e-06	2.088920e-06	6.660290e-09	1.528310e+01	4.323374e+02
5.230000e-06	2.024812e-06	6.568132e-09	1.481407e+01	4.262277e+02
5.240000e-06	1.960514e-06	6.474028e-09	1.434365e+01	4.200144e+02
5.250000e-06	1.896090e-06	6.381282e-09	1.387230e+01	4.136946e+02
5.260000e-06	1.831565e-06	6.288304e-09	1.340022e+01	4.072650e+02
5.270000e-06	1.766912e-06	6.188461e-09	1.292721e+01	4.007225e+02
5.280000e-06	1.702136e-06	6.085144e-09	1.245328e+01	3.940635e+02
5.290000e-06	1.637207e-06	5.975387e-09	1.197825e+01	3.872846e+02
5.300000e-06	1.572121e-06	5.867149e-09	1.150206e+01	3.803820e+02
5.310000e-06	1.506918e-06	5.756449e-09	1.102501e+01	3.733522e+02
5.320000e-06	1.441627e-06	5.644887e-09	1.054733e+01	3.661917e+02
5.330000e-06	1.376251e-06	5.533413e-09	1.006902e+01	3.588969e+02
5.340000e-06	1.310815e-06	5.425526e-09	9.590275e+00	3.514642e+02
5.350000e-06	1.245324e-06	5.319607e-09	9.111126e+00	3.438903e+02
5.360000e-06	1.179758e-06	5.209189e-09	8.631430e+00	3.361718e+02
5.370000e-06	1.114134e-06	5.092032e-09	8.151302e+00	3.283053e+02
5.380000e-06	1.048429e-06	4.969359e-09	7.670589e+00	3.202878e+02
5.390000e-06	9.826310e-07	4.843433e-09	7.189192e+00	3.121160e+02
5.400000e-06	9.167460e-07	4.715242e-09	6.707159e+00	3.037869e+02
5.410000e-06	8.507684e-07	4.584946e-09	6.224450e+00	2.952975e+02
5.420000e-06	7.847001e-07	4.454201e-09	5.741077e+00	2.866451e+02
5.430000e-06	7.185322e-07	4.324932e-09	5.256975e+00	2.778266e+02
5.440000e-06	6.522908e-07	4.192669e-09	4.772334e+00	2.688391e+02
5.450000e-06	5.860283e-07	4.053384e-09	4.287540e+00	2.596796e+02
5.460000e-06	5.197395e-07	3.906420e-09	3.802553e+00	2.503448e+02
5.470000e-06	4.534016e-07	3.756861e-09	3.317208e+00	2.408310e+02
5.480000e-06	3.870437e-07	3.606651e-09	2.831716e+00	2.311344e+02
5.490000e-06	3.206952e-07	3.458770e-09	2.346292e+00	2.212507e+02
5.500000e-06	2.543608e-07	3.308420e-09	1.860972e+00	2.111750e+02
5.510000e-06	1.880329e-07	3.158178e-09	1.375699e+00	2.009025e+02
5.520000e-06	1.217009e-07	3.006163e-09	8.903965e-01	1.904277e+02
5.530000e-06	5.534009e-08	2.848141e-09	4.048829e-01	1.797452e+02
5.540000e-06	-1.103923e-08	2.678902e-09	-8.076597e-02	1.688493e+02
5.550000e-06	-7.742236e-08	2.504256e-09	-5.664427e-01	1.577347e+02
5.560000e-06	-1.438252e-07	2.327305e-09	-1.052264e+00	1.463961e+02
5.570000e-06	-2.102350e-07	2.149016e-09	-1.538135e+00	1.348287e+02
5.580000e-06	-2.766442e-07	1.969278e-09	-2.024003e+00	1.230281e+02
5.590000e-06	-3.430379e-07	1.786527e-09	-2.509758e+00	1.109908e+02
5.600000e-06	-4.093835e-07	1.599545e-09	-2.995159e+00	9.871380e+01
5.610000e-06	-4.756363e-07	1.405733e-09	-3.479883e+00	8.619532e+01
5.620000e-06	-5.418199e-07	1.205171e-09	-3.964100e+00	7.343461e+01
5.630000e-06	-6.079492e-07	9.986752e-10	-4.447920e+00	6.043231e+01
5.640000e-06	-6.740227e-07	7.892245e-10	-4.931331e+00	4.719068e+01
5.650000e-06	-7.400215e-07	5.798114e-10	-5.414196e+00	3.371386e+01
5.660000e-06	-8.059416e-07	3.720196e-10	-5.896485e+00	2.000822e+01
5.670000e-06	-8.718214e-07	1.636084e-10	-6.378480e+00	6.082638e+00
5.680000e-06	-9.376758e-07	-4.788153e-11	-6.860288e+00	-8.051226e+00
5.690000e-06	-1.003484e-06	-2.662409e-10	-7.341762e+00	-2.237867e+01
5.700000e-06	-1.069217e-06	-4.913655e-10	-7.822679e+00	-3.688186e+01
5.710000e-06	-1.134882e-06	-7.229686e-10	-8.303100e+00	-5.153974e+01
5.720000e-06	-1.200458e-06	-9.569698e-10	-8.782869e+00	-6.632821e+01
5.730000e-06	-1.265937e-06	-1.187709e-09	-9.261932e+00	-8.122036e+01
5.740000e-06	-1.331356e-06	-1.414167e-09	-9.740561e+00	-9.618681e+01
5.750000e-06	-1.396690e-06	-1.641038e-09	-1.021856e+01	-1.111963e+02
5.760000e-06	-1.461878e-06	-1.868951e-09	-1.069549e+01	-1.262162e+02
5.770000e-06	-1.526909e-06	-2.097952e-09	-1.117128e+01	-1.412133e+02
5.780000e-06	-1.591801e-06	-2.329652e-09	-1.164604e+01	-1.561541e+02
5.790000e-06	-1.656600e-06	-2.561979e-09	-1.212013e+01	-1.710061e+02
5.800000e-06	-1.721317e-06	-2.792305e-09	-1.259362e+01	-1.857375e+02
5.810000e-06	-1.785940e-06	-3.018525e-09	-1.306641e+01	-2.003186e+02
5.820000e-06	-1.850468e-06	-3.240570e-09	-1.353852e+01	-2.147213e+02
5.830000e-06	-1.914882e-06	-3.456753e-09	-1.400979e+01	-2.289202e+02
5.840000e-06	-1.979148e-06	-3.668757e-09	-1.447998e+01	-2.428920e+02
5.850000e-06	-2.043262e-06	-3.878025e-09	-1.494906e+01	-2.566164e+02
5.860000e-06	-2.107177e-06	-4.083889e-09	-1.541667e+01	-2.700755e+02
5.870000e-06	-2.170869e-06	-4.290430e-09	-1.588266e+01	-2.832541e+02
5.880000e-06	-2.234391e-06	-4.493717e-09	-1.634741e+01	-2.961397e+02
5.890000e-06	-2.297779e-06	-4.694107e-09	-1.681117e+01	-3.087224e+02
5.900000e-06	-2.360991e-06	-4.888868e-09	-1.727365e+01	-3.209948e+02
5.910000e-06	-2.423979e-06	-5.076714e-09	-1.773448e+01	-3.329517e+02
5.920000e-06	-2.486786e-06	-5.257101e-09	-1.819399e+01	-3.445905e+02
5.930000e-06	-2.549406e-06	-5.428777e-09	-1.865214e+01	-3.559104e+02
5.940000e-06	-2.611852e-06	-5.592275e-09	-1.910901e+01	-3.669124e+02
5.950000e-06	-2.674113e-06	-5.750536e-09	-1.956453e+01	-3.775991e+02
5.960000e-06	-2.736189e-06	-5.909478e-09	-2.001869e+01	-3.879743e+02
5.970000e-06	-2.798077e-06	-6.068155e-09	-2.047148e+01	-3.980424e+02
5.980000e-06	-2.859763e-06	-6.222168e-09	-2.092279e+01	-4.078085e+02
5.990000e-06	-2.921243e-06	-6.367199e-09	-2.137260e+01	-4.172779e+02
6.000000e-06	-2.982498e-06	-6.505871e-09	-2.182075e+01	-4.264560e+02
6.010000e-06	-3.043555e-06	-6.639162e-09	-2.226747e+01	-4.353481e+02
6.020000e-06	-3.104389e-06	-6.770909e-09	-2.271254e+01	-4.439597e+02
6.030000e-06	-3.164975e-06	-6.899379e-09	-2.315580e+01	-4.522962e+02
6.040000e-06	-3.225314e-06	-7.026377e-09	-2.359726e+01	-4.603634e+02
6.050000e-06	-3.285404e-06	-7.150536e-09	-2.403690e+01	-4.681675e+02
6.060000e-06	-3.345279e-06	-7.269672e-09	-2.447496e+01	-4.757156e+02
6.070000e-06	-3.404927e-06	-7.382990e-09	-2.491136e+01	-4.830156e+02
6.080000e-06	-3.464319e-06	-7.493319e-09	-2.534589e+01	-4.900765e+02
6.090000e-06	-3.523490e-06	-7.600580e-09	-2.577880e+01	-4.969079e+02
6.100000e-06	-3.582430e-06	-7.705939e-09	-2.621002e+01	-5.035205e+02
6.110000e-06	-3.641117e-06	-7.809208e-09	-2.663939e+01	-5.099252e+02
6.120000e-06	-3.699555e-06	-7.908403e-09	-2.706693e+01	-5.161331e+02
6.130000e-06	-3.757758e-06	-8.004446e-09	-2.749276e+01	-5.221549e+02
6.140000e-06	-3.815707e-06	-8.092768e-09	-2.791674e+01	-5.280003e+02
6.150000e-06	-3.873312e-06	-8.173076e-09	-2.833819e+01	-5.336783e+02
6.160000e-06	-3.930579e-06	-8.249142e-09	-2.875717e+01	-5.391963e+02
6.170000e-06	-3.987574e-06	-8.327521e-09	-2.917416e+01	-5.445605e+02
6.180000e-06	-4.044269e-06	-8.406056e-09	-2.958896e+01	-5.497758e+02
6.190000e-06	-4.100626e-06	-8.484970e-09	-3.000128e+01	-5.548461e+02
6.200000e-06	-4.156646e-06	-8.562702e-09	-3.041114e+01	-5.597752e+02
6.210000e-06	-4.212346e-06	-8.640463e-09	-3.081865e+01	-5.645663e+02
6.220000e-06	-4.267755e-06	-8.716163e-09	-3.122404e+01	-5.692234e+02
6.230000e-06	-4.322879e-06	-8.786757e-09	-3.162735e+01	-5.737511e+02
6.240000e-06	-4.377743e-06	-8.853243e-09	-3.202874e+01	-5.781550e+02
6.250000e-06	-4.432310e-06	-8.917792e-09	-3.242797e+01	-5.824418e+02
6.260000e-06	-4.486500e-06	-8.981668e-09	-3.282444e+01	-5.866191e+02
6.270000e-06	-4.540352e-06	-9.044164e-09	-3.321844e+01	-5.906949e+02
6.280000e-06	-4.593895e-06	-9.106920e-09	-3.361017e+01	-5.946773e+02
6.290000e-06	-4.647063e-06	-9.169325e-09	-3.399916e+01	-5.985742e+02
6.300000e-06	-4.699858e-06	-9.231737e-09	-3.438542e+01	-6.023920e+02
6.310000e-06	-4.752351e-06	-9.293149e-09	-3.476947e+01	-6.061361e+02
6.320000e-06	-4.804520e-06	-9.352891e-09	-3.515116e+01	-6.098101e+02
6.330000e-06	-4.856341e-06	-9.409262e-09	-3.553030e+01	-6.134157e+02
6.340000e-06	-4.907889e-06	-9.464076e-09	-3.590743e+01	-6.169531e+02
6.350000e-06	-4.959165e-06	-9.518977e-09	-3.628258e+01	-6.204211e+02
6.360000e-06	-5.010101e-06	-9.574235e-09	-3.665525e+01	-6.238177e+02
6.370000e-06	-5.060689e-06	-9.628697e-09	-3.702536e+01	-6.271407e+02
6.380000e-06	-5.110904e-06	-9.682466e-09	-3.739274e+01	-6.303885e+02
6.390000e-06	-5.160705e-06	-9.736661e-09	-3.775710e+01	-6.335601e+02
6.400000e-06	-5.210100e-06	-9.790907e-09	-3.811849e+01	-6.366557e+02
6.410000e-06	-5.259095e-06	-9.841737e-09	-3.847695e+01	-6.396771e+02
6.420000e-06	-5.307712e-06	-9.886953e-09	-3.883264e+01	-6.426272e+02
6.430000e-06	-5.355977e-06	-9.930965e-09	-3.918577e+01	-6.455100e+02
6.440000e-06	-5.403825e-06	-9.974321e-09	-3.953583e+01	-6.483301e+02
6.450000e-06	-5.451228e-06	-1.001916e-08	-3.988265e+01	-6.510920e+02
6.460000e-06	-5.498211e-06	-1.006345e-08	-4.022639e+01	-6.538000e+02
6.470000e-06	-5.544781e-06	-1.010655e-08	-4.056711e+01	-6.564575e+02
6.480000e-06	-5.590931e-06	-1.014997e-08	-4.090475e+01	-6.590667e+02
6.490000e-06	-5.636620e-06	-1.019305e-08	-4.123903e+01	-6.616284e+02
6.500000e-06	-5.681857e-06	-1.023295e-08	-4.156999e+01	-6.641424e+02
6.510000e-06	-5.726664e-06	-1.026977e-08	-4.189781e+01	-6.666077e+02
6.520000e-06	-5.771007e-06	-1.030797e-08	-4.222224e+01	-6.690225e+02
6.530000e-06	-5.814929e-06	-1.034765e-08	-4.254358e+01	-6.713852e+02
6.540000e-06	-5.858465e-06	-1.038740e-08	-4.286210e+01	-6.736945e+02
6.550000e-06	-5.901605e-06	-1.042643e-08	-4.317772e+01	-6.759499e+02
6.560000e-06	-5.944374e-06	-1.046357e-08	-4.349063e+01	-6.781518e+02
6.570000e-06	-5.986743e-06	-1.049721e-08	-4.380062e+01	-6.803017e+02
6.580000e-06	-6.028689e-06	-1.052999e-08	-4.410751e+01	-6.824018e+02
6.590000e-06	-6.070204e-06	-1.056134e-08	-4.441124e+01	-6.844550e+02
6.600000e-06	-6.111262e-06	-1.059174e-08	-4.471163e+01	-6.864642e+02
6.610000e-06	-6.151883e-06	-1.062218e-08	-4.500883e+01	-6.884321e+02
6.620000e-06	-6.192046e-06	-1.065313e-08	-4.530267e+01	-6.903606e+02
6.630000e-06	-6.231767e-06	-1.068394e-08	-4.559328e+01	-6.922508e+02
6.640000e-06	-6.271062e-06	-1.071286e-08	-4.588078e+01	-6.941026e+02
6.650000e-06	-6.309950e-06	-1.073887e-08	-4.616529e+01	-6.959151e+02
6.660000e-06	-6.348440e-06	-1.076288e-08	-4.644689e+01	-6.976864e+02
6.670000e-06	-6.386489e-06	-1.078804e-08	-4.672527e+01	-6.994145e+02
6.680000e-06	-6.424038e-06	-1.081348e-08	-4.699999e+01	-7.010974e+02
6.690000e-06	-6.461059e-06	-1.083910e-08	-4.727084e+01	-7.027336e+02
6.700000e-06	-6.497629e-06	-1.086571e-08	-4.753840e+01	-7.043228e+02
6.710000e-06	-6.533743e-06	-1.089110e-08	-4.780262e+01	-7.058657e+02
6.720000e-06	-6.569395e-06	-1.091472e-08	-4.806346e+01	-7.073644e+02
6.730000e-06	-6.604647e-06	-1.093748e-08	-4.832137e+01	-7.088220e+02
6.740000e-06	-6.639470e-06	-1.095900e-08	-4.857615e+01	-7.102429e+02
6.750000e-06	-6.673793e-06	-1.097856e-08	-4.882726e+01	-7.116315e+02
6.760000e-06	-6.707586e-06	-1.099607e-08	-4.907450e+01	-7.129924e+02
6.770000e-06	-6.740922e-06	-1.101300e-08	-4.931839e+01	-7.143299e+02
6.780000e-06	-6.773837e-06	-1.103145e-08	-4.955921e+01	-7.156471e+02
6.790000e-06	-6.806296e-06	-1.105159e-08	-4.979669e+01	-7.169460e+02
6.800000e-06	-6.838279e-06	-1.106901e-08	-5.003068e+01	-7.182276e+02
6.810000e-06	-6.869740e-06	-1.108598e-08	-5.026086e+01	-7.194914e+02
6.820000e-06	-6.900634e-06	-1.110687e-08	-5.048689e+01	-7.207361e+02
6.830000e-06	-6.930974e-06	-1.112737e-08	-5.070886e+01	-7.219597e+02
6.840000e-06	-6.960775e-06	-1.114562e-08	-5.092690e+01	-7.231600e+02
6.850000e-06	-6.990037e-06	-1.116332e-08	-5.114099e+01	-7.243350e+02
6.860000e-06	-7.018822e-06	-1.117940e-08	-5.135158e+01	-7.254829e+02
6.870000e-06	-7.047133e-06	-1.119419e-08	-5.155872e+01	-7.266028e+02
6.880000e-06	-7.074907e-06	-1.120928e-08	-5.176192e+01	-7.276945e+02
6.890000e-06	-7.102167e-06	-1.122562e-08	-5.196136e+01	-7.287580e+02
6.900000e-06	-7.128970e-06	-1.123876e-08	-5.215746e+01	-7.297943e+02
6.910000e-06	-7.155297e-06	-1.125027e-08	-5.235008e+01	-7.308041e+02
6.920000e-06	-7.181155e-06	-1.126063e-08	-5.253926e+01	-7.317881e+02
6.930000e-06	-7.206533e-06	-1.127171e-08	-5.272493e+01	-7.327470e+02
6.940000e-06	-7.231318e-06	-1.128337e-08	-5.290627e+01	-7.336806e+02
6.950000e-06	-7.255524e-06	-1.129645e-08	-5.308336e+01	-7.345887e+02
6.960000e-06	-7.279242e-06	-1.131156e-08	-5.325689e+01	-7.354703e+02
6.970000e-06	-7.302447e-06	-1.132636e-08	-5.342667e+01	-7.363247e+02
6.980000e-06	-7.325147e-06	-1.134046e-08	-5.359274e+01	-7.371509e+02
6.990000e-06	-7.347377e-06	-1.135207e-08	-5.375538e+01	-7.379484e+02
7.000000e-06	-7.369049e-06	-1.135996e-08	-5.391394e+01	-7.387173e+02
7.010000e-06	-7.390091e-06	-1.136604e-08	-5.406789e+01	-7.394581e+02
7.020000e-06	-7.410525e-06	-1.137230e-08	-5.421739e+01	-7.401721e+02
7.030000e-06	-7.430401e-06	-1.137937e-08	-5.436281e+01	-7.408610e+02
7.040000e-06	-7.449660e-06	-1.139277e-08	-5.450371e+01	-7.415267e+02
7.050000e-06	-7.468293e-06	-1.140959e-08	-5.464003e+01	-7.421713e+02
7.060000e-06	-7.486411e-06	-1.142571e-08	-5.477259e+01	-7.427963e+02
7.070000e-06	-7.504096e-06	-1.143426e-08	-5.490198e+01	-7.434025e+02
7.080000e-06	-7.521343e-06	-1.143637e-08	-5.502816e+01	-7.439903e+02
7.090000e-06	-7.538087e-06	-1.143352e-08	-5.515067e+01	-7.445587e+02
7.100000e-06	-7.554343e-06	-1.143095e-08	-5.526960e+01	-7.451066e+02
7.110000e-06	-7.570118e-06	-1.143229e-08	-5.538501e+01	-7.456320e+02
7.120000e-06	-7.585282e-06	-1.144181e-08	-5.549596e+01	-7.461329e+02
7.130000e-06	-7.599857e-06	-1.145763e-08	-5.560259e+01	-7.466078e+02
7.140000e-06	-7.613947e-06	-1.147449e-08	-5.570568e+01	-7.470555e+02
7.150000e-06	-7.627524e-06	-1.148817e-08	-5.580501e+01	-7.474758e+02
7.160000e-06	-7.640595e-06	-1.149341e-08	-5.590064e+01	-7.478698e+02
7.170000e-06	-7.653163e-06	-1.149321e-08	-5.599260e+01	-7.482393e+02
7.180000e-06	-7.665132e-06	-1.149092e-08	-5.608016e+01	-7.485872e+02
7.190000e-06	-7.676491e-06	-1.148882e-08	-5.616327e+01	-7.489166e+02
7.200000e-06	-7.687316e-06	-1.148806e-08	-5.624246e+01	-7.492309e+02
7.210000e-06	-7.697592e-06	-1.149058e-08	-5.631765e+01	-7.495330e+02
7.220000e-06	-7.707360e-06	-1.149442e-08	-5.638911e+01	-7.498252e+02
7.230000e-06	-7.716619e-06	-1.150063e-08	-5.645686e+01	-7.501085e+02
7.240000e-06	-7.725269e-06	-1.150598e-08	-5.652014e+01	-7.503829e+02
7.250000e-06	-7.733349e-06	-1.150901e-08	-5.657925e+01	-7.506474e+02
7.260000e-06	-7.740917e-06	-1.151145e-08	-5.663462e+01	-7.509000e+02
7.270000e-06	-7.747959e-06	-1.151334e-08	-5.668615e+01	-7.511385e+02
7.280000e-06	-7.754540e-06	-1.151391e-08	-5.673430e+01	-7.513606e+02
7.290000e-06	-7.760566e-06	-1.151393e-08	-5.677838e+01	-7.515646e+02
7.300000e-06	-7.765885e-06	-1.151329e-08	-5.681730e+01	-7.517493e+02
7.310000e-06	-7.770555e-06	-1.151593e-08	-5.685147e+01	-7.519149e+02
7.320000e-06	-7.774642e-06	-1.152132e-08	-5.688137e+01	-7.520623e+02
7.330000e-06	-7.778189e-06	-1.152624e-08	-5.690732e+01	-7.521932e+02
7.340000e-06	-7.781254e-06	-1.152960e-08	-5.692974e+01	-7.523097e+02
7.350000e-06	-7.783758e-06	-1.153059e-08	-5.694806e+01	-7.524138e+02
7.360000e-06	-7.785644e-06	-1.153072e-08	-5.696186e+01	-7.525065e+02
7.370000e-06	-7.786978e-06	-1.152912e-08	-5.697162e+01	-7.525881e+02
7.380000e-06	-7.787819e-06	-1.152662e-08	-5.697777e+01	-7.526572e+02
