# Temperatura_=_20.0
# Concentracion g/m^3_=_10000.0
# C_Vs_to_Am_M_A/Vsm_=_65563218390.804596
# pendiente_HvsI_1/m_=_3716.3
# ordenada_HvsI_A/m_=_1297.0
# frecuencia_Hz_=_135395.90642278682

Tiempo_(s)	Campo_(V.s)	Magnetizacion_(V.s)	Campo_(kA/m)	Magnetizacion_(A/m)
0.000000e+00	-7.774782e-06	-1.143671e-08	-5.697753e+01	-7.478786e+02
1.000000e-08	-7.774799e-06	-1.143217e-08	-5.697765e+01	-7.478795e+02
2.000000e-08	-7.774293e-06	-1.142829e-08	-5.697395e+01	-7.478746e+02
3.000000e-08	-7.773195e-06	-1.142672e-08	-5.696590e+01	-7.478626e+02
4.000000e-08	-7.771593e-06	-1.142734e-08	-5.695416e+01	-7.478398e+02
5.000000e-08	-7.769569e-06	-1.142611e-08	-5.693932e+01	-7.478005e+02
6.000000e-08	-7.767066e-06	-1.142556e-08	-5.692098e+01	-7.477378e+02
7.000000e-08	-7.764070e-06	-1.142471e-08	-5.689903e+01	-7.476445e+02
8.000000e-08	-7.760639e-06	-1.141669e-08	-5.687388e+01	-7.475144e+02
9.000000e-08	-7.756589e-06	-1.140168e-08	-5.684420e+01	-7.473435e+02
1.000000e-07	-7.751609e-06	-1.141294e-08	-5.680770e+01	-7.471306e+02
1.100000e-07	-7.745399e-06	-1.144151e-08	-5.676219e+01	-7.468782e+02
1.200000e-07	-7.738006e-06	-1.142908e-08	-5.670801e+01	-7.465919e+02
1.300000e-07	-7.730079e-06	-1.138113e-08	-5.664992e+01	-7.462805e+02
1.400000e-07	-7.722197e-06	-1.133422e-08	-5.659216e+01	-7.459545e+02
1.500000e-07	-7.714196e-06	-1.142413e-08	-5.653352e+01	-7.456254e+02
1.600000e-07	-7.705483e-06	-1.144926e-08	-5.646967e+01	-7.453038e+02
1.700000e-07	-7.696243e-06	-1.128600e-08	-5.640195e+01	-7.449984e+02
1.800000e-07	-7.686884e-06	-1.135981e-08	-5.633337e+01	-7.447143e+02
1.900000e-07	-7.676817e-06	-1.146482e-08	-5.625959e+01	-7.444529e+02
2.000000e-07	-7.665936e-06	-1.131508e-08	-5.617985e+01	-7.442111e+02
2.100000e-07	-7.654827e-06	-1.133368e-08	-5.609844e+01	-7.439819e+02
2.200000e-07	-7.643277e-06	-1.144011e-08	-5.601379e+01	-7.437551e+02
2.300000e-07	-7.630951e-06	-1.132974e-08	-5.592347e+01	-7.435184e+02
2.400000e-07	-7.618229e-06	-1.129044e-08	-5.583023e+01	-7.432588e+02
2.500000e-07	-7.605134e-06	-1.140643e-08	-5.573426e+01	-7.429643e+02
2.600000e-07	-7.591250e-06	-1.136620e-08	-5.563251e+01	-7.426253e+02
2.700000e-07	-7.576728e-06	-1.127813e-08	-5.552609e+01	-7.422352e+02
2.800000e-07	-7.561702e-06	-1.133941e-08	-5.541597e+01	-7.417916e+02
2.900000e-07	-7.546069e-06	-1.134393e-08	-5.530141e+01	-7.412959e+02
3.000000e-07	-7.530033e-06	-1.128231e-08	-5.518388e+01	-7.407531e+02
3.100000e-07	-7.513506e-06	-1.131029e-08	-5.506277e+01	-7.401712e+02
3.200000e-07	-7.496225e-06	-1.127531e-08	-5.493612e+01	-7.395595e+02
3.300000e-07	-7.478495e-06	-1.125786e-08	-5.480618e+01	-7.389279e+02
3.400000e-07	-7.460363e-06	-1.129484e-08	-5.467331e+01	-7.382852e+02
3.500000e-07	-7.441585e-06	-1.124139e-08	-5.453569e+01	-7.376384e+02
3.600000e-07	-7.422249e-06	-1.121784e-08	-5.439399e+01	-7.369917e+02
3.700000e-07	-7.402329e-06	-1.124853e-08	-5.424801e+01	-7.363463e+02
3.800000e-07	-7.381667e-06	-1.121927e-08	-5.409658e+01	-7.357003e+02
3.900000e-07	-7.360379e-06	-1.120558e-08	-5.394057e+01	-7.350495e+02
4.000000e-07	-7.338539e-06	-1.121378e-08	-5.378052e+01	-7.343875e+02
4.100000e-07	-7.316156e-06	-1.116586e-08	-5.361648e+01	-7.337072e+02
4.200000e-07	-7.293247e-06	-1.116817e-08	-5.344859e+01	-7.330016e+02
4.300000e-07	-7.269717e-06	-1.117651e-08	-5.327616e+01	-7.322641e+02
4.400000e-07	-7.245633e-06	-1.113443e-08	-5.309965e+01	-7.314899e+02
4.500000e-07	-7.221111e-06	-1.111776e-08	-5.291995e+01	-7.306759e+02
4.600000e-07	-7.196154e-06	-1.112605e-08	-5.273705e+01	-7.298209e+02
4.700000e-07	-7.170739e-06	-1.110363e-08	-5.255080e+01	-7.289255e+02
4.800000e-07	-7.144807e-06	-1.109239e-08	-5.236076e+01	-7.279916e+02
4.900000e-07	-7.118270e-06	-1.107688e-08	-5.216628e+01	-7.270222e+02
5.000000e-07	-7.091176e-06	-1.105037e-08	-5.196772e+01	-7.260206e+02
5.100000e-07	-7.063617e-06	-1.103834e-08	-5.176575e+01	-7.249898e+02
5.200000e-07	-7.035566e-06	-1.103345e-08	-5.156018e+01	-7.239325e+02
5.300000e-07	-7.006978e-06	-1.100117e-08	-5.135067e+01	-7.228508e+02
5.400000e-07	-6.977831e-06	-1.097331e-08	-5.113707e+01	-7.217459e+02
5.500000e-07	-6.948074e-06	-1.097103e-08	-5.091900e+01	-7.206181e+02
5.600000e-07	-6.917698e-06	-1.096296e-08	-5.069639e+01	-7.194675e+02
5.700000e-07	-6.886764e-06	-1.093909e-08	-5.046969e+01	-7.182937e+02
5.800000e-07	-6.855346e-06	-1.090916e-08	-5.023944e+01	-7.170963e+02
5.900000e-07	-6.823464e-06	-1.088684e-08	-5.000579e+01	-7.158750e+02
6.000000e-07	-6.791089e-06	-1.087717e-08	-4.976853e+01	-7.146296e+02
6.100000e-07	-6.758221e-06	-1.085263e-08	-4.952765e+01	-7.133602e+02
6.200000e-07	-6.724886e-06	-1.081850e-08	-4.928336e+01	-7.120671e+02
6.300000e-07	-6.691135e-06	-1.080666e-08	-4.903601e+01	-7.107505e+02
6.400000e-07	-6.656989e-06	-1.079643e-08	-4.878577e+01	-7.094106e+02
6.500000e-07	-6.622392e-06	-1.077876e-08	-4.853223e+01	-7.080475e+02
6.600000e-07	-6.587299e-06	-1.075272e-08	-4.827505e+01	-7.066607e+02
6.700000e-07	-6.551705e-06	-1.072396e-08	-4.801420e+01	-7.052497e+02
6.800000e-07	-6.515652e-06	-1.069797e-08	-4.774999e+01	-7.038138e+02
6.900000e-07	-6.479083e-06	-1.068159e-08	-4.748199e+01	-7.023520e+02
7.000000e-07	-6.442007e-06	-1.065983e-08	-4.721028e+01	-7.008636e+02
7.100000e-07	-6.404518e-06	-1.062969e-08	-4.693554e+01	-6.993480e+02
7.200000e-07	-6.366607e-06	-1.060572e-08	-4.665771e+01	-6.978048e+02
7.300000e-07	-6.328307e-06	-1.059096e-08	-4.637703e+01	-6.962342e+02
7.400000e-07	-6.289613e-06	-1.056574e-08	-4.609346e+01	-6.946366e+02
7.500000e-07	-6.250473e-06	-1.053060e-08	-4.580662e+01	-6.930126e+02
7.600000e-07	-6.210818e-06	-1.049636e-08	-4.551601e+01	-6.913629e+02
7.700000e-07	-6.170659e-06	-1.047115e-08	-4.522170e+01	-6.896878e+02
7.800000e-07	-6.130033e-06	-1.044586e-08	-4.492398e+01	-6.879873e+02
7.900000e-07	-6.088957e-06	-1.041388e-08	-4.462295e+01	-6.862607e+02
8.000000e-07	-6.047448e-06	-1.038406e-08	-4.431876e+01	-6.845069e+02
8.100000e-07	-6.005491e-06	-1.036224e-08	-4.401127e+01	-6.827236e+02
8.200000e-07	-5.963111e-06	-1.034151e-08	-4.370069e+01	-6.809082e+02
8.300000e-07	-5.920263e-06	-1.031273e-08	-4.338667e+01	-6.790578e+02
8.400000e-07	-5.876939e-06	-1.027894e-08	-4.306918e+01	-6.771692e+02
8.500000e-07	-5.833229e-06	-1.024693e-08	-4.274885e+01	-6.752396e+02
8.600000e-07	-5.789181e-06	-1.021759e-08	-4.242604e+01	-6.732666e+02
8.700000e-07	-5.744797e-06	-1.018468e-08	-4.210078e+01	-6.712488e+02
8.800000e-07	-5.700023e-06	-1.014856e-08	-4.177264e+01	-6.691856e+02
8.900000e-07	-5.654817e-06	-1.011299e-08	-4.144135e+01	-6.670776e+02
9.000000e-07	-5.609165e-06	-1.008331e-08	-4.110680e+01	-6.649261e+02
9.100000e-07	-5.563000e-06	-1.005167e-08	-4.076847e+01	-6.627333e+02
9.200000e-07	-5.516312e-06	-1.001500e-08	-4.042632e+01	-6.605018e+02
9.300000e-07	-5.469178e-06	-9.977311e-09	-4.008090e+01	-6.582343e+02
9.400000e-07	-5.421662e-06	-9.943596e-09	-3.973268e+01	-6.559332e+02
9.500000e-07	-5.373771e-06	-9.908922e-09	-3.938171e+01	-6.536004e+02
9.600000e-07	-5.325472e-06	-9.870757e-09	-3.902775e+01	-6.512369e+02
9.700000e-07	-5.276843e-06	-9.830093e-09	-3.867137e+01	-6.488429e+02
9.800000e-07	-5.227869e-06	-9.792163e-09	-3.831246e+01	-6.464175e+02
9.900000e-07	-5.178473e-06	-9.758403e-09	-3.795047e+01	-6.439591e+02
1.000000e-06	-5.128688e-06	-9.723137e-09	-3.758561e+01	-6.414652e+02
1.010000e-06	-5.078570e-06	-9.681789e-09	-3.721832e+01	-6.389330e+02
1.020000e-06	-5.028167e-06	-9.640755e-09	-3.684895e+01	-6.363592e+02
1.030000e-06	-4.977464e-06	-9.602576e-09	-3.647737e+01	-6.337408e+02
1.040000e-06	-4.926399e-06	-9.560474e-09	-3.610314e+01	-6.310746e+02
1.050000e-06	-4.874914e-06	-9.513472e-09	-3.572583e+01	-6.283581e+02
1.060000e-06	-4.823080e-06	-9.467036e-09	-3.534596e+01	-6.255891e+02
1.070000e-06	-4.770889e-06	-9.425335e-09	-3.496348e+01	-6.227659e+02
1.080000e-06	-4.718245e-06	-9.384488e-09	-3.457768e+01	-6.198873e+02
1.090000e-06	-4.665238e-06	-9.341518e-09	-3.418922e+01	-6.169524e+02
1.100000e-06	-4.611970e-06	-9.296531e-09	-3.379885e+01	-6.139610e+02
1.110000e-06	-4.558417e-06	-9.251967e-09	-3.340638e+01	-6.109129e+02
1.120000e-06	-4.504537e-06	-9.207477e-09	-3.301152e+01	-6.078083e+02
1.130000e-06	-4.450318e-06	-9.159621e-09	-3.261418e+01	-6.046477e+02
1.140000e-06	-4.395766e-06	-9.107724e-09	-3.221439e+01	-6.014317e+02
1.150000e-06	-4.340933e-06	-9.055208e-09	-3.181255e+01	-5.981611e+02
1.160000e-06	-4.285834e-06	-9.003582e-09	-3.140876e+01	-5.948366e+02
1.170000e-06	-4.230392e-06	-8.951147e-09	-3.100245e+01	-5.914590e+02
1.180000e-06	-4.174539e-06	-8.894844e-09	-3.059313e+01	-5.880291e+02
1.190000e-06	-4.118273e-06	-8.840109e-09	-3.018078e+01	-5.845475e+02
1.200000e-06	-4.061646e-06	-8.790374e-09	-2.976579e+01	-5.810144e+02
1.210000e-06	-4.004668e-06	-8.743491e-09	-2.934823e+01	-5.774297e+02
1.220000e-06	-3.947418e-06	-8.693446e-09	-2.892867e+01	-5.737931e+02
1.230000e-06	-3.889930e-06	-8.636228e-09	-2.850737e+01	-5.701035e+02
1.240000e-06	-3.832148e-06	-8.574016e-09	-2.808391e+01	-5.663597e+02
1.250000e-06	-3.774051e-06	-8.511054e-09	-2.765815e+01	-5.625600e+02
1.260000e-06	-3.715673e-06	-8.448367e-09	-2.723033e+01	-5.587024e+02
1.270000e-06	-3.657100e-06	-8.384053e-09	-2.680108e+01	-5.547850e+02
1.280000e-06	-3.598339e-06	-8.323512e-09	-2.637045e+01	-5.508055e+02
1.290000e-06	-3.539323e-06	-8.267326e-09	-2.593794e+01	-5.467621e+02
1.300000e-06	-3.480032e-06	-8.211408e-09	-2.550343e+01	-5.426530e+02
1.310000e-06	-3.420505e-06	-8.153629e-09	-2.506718e+01	-5.384768e+02
1.320000e-06	-3.360754e-06	-8.090057e-09	-2.462930e+01	-5.342323e+02
1.330000e-06	-3.300767e-06	-8.021015e-09	-2.418969e+01	-5.299186e+02
1.340000e-06	-3.240526e-06	-7.949293e-09	-2.374821e+01	-5.255350e+02
1.350000e-06	-3.180015e-06	-7.873869e-09	-2.330476e+01	-5.210807e+02
1.360000e-06	-3.119232e-06	-7.797853e-09	-2.285930e+01	-5.165549e+02
1.370000e-06	-3.058193e-06	-7.724705e-09	-2.241198e+01	-5.119566e+02
1.380000e-06	-2.996979e-06	-7.654698e-09	-2.196337e+01	-5.072846e+02
1.390000e-06	-2.935657e-06	-7.587975e-09	-2.151398e+01	-5.025375e+02
1.400000e-06	-2.874175e-06	-7.517925e-09	-2.106341e+01	-4.977136e+02
1.410000e-06	-2.812466e-06	-7.447047e-09	-2.061117e+01	-4.928110e+02
1.420000e-06	-2.750477e-06	-7.372742e-09	-2.015689e+01	-4.878277e+02
1.430000e-06	-2.688223e-06	-7.295656e-09	-1.970066e+01	-4.827617e+02
1.440000e-06	-2.625758e-06	-7.214889e-09	-1.924288e+01	-4.776111e+02
1.450000e-06	-2.563099e-06	-7.128622e-09	-1.878368e+01	-4.723742e+02
1.460000e-06	-2.500288e-06	-7.042520e-09	-1.832337e+01	-4.670493e+02
1.470000e-06	-2.437338e-06	-6.960043e-09	-1.786204e+01	-4.616346e+02
1.480000e-06	-2.374206e-06	-6.880957e-09	-1.739938e+01	-4.561287e+02
1.490000e-06	-2.310891e-06	-6.802150e-09	-1.693538e+01	-4.505296e+02
1.500000e-06	-2.247422e-06	-6.721389e-09	-1.647024e+01	-4.448353e+02
1.510000e-06	-2.183821e-06	-6.637478e-09	-1.600414e+01	-4.390434e+02
1.520000e-06	-2.120081e-06	-6.547805e-09	-1.553702e+01	-4.331513e+02
1.530000e-06	-2.056180e-06	-6.450521e-09	-1.506872e+01	-4.271558e+02
1.540000e-06	-1.992134e-06	-6.351967e-09	-1.459936e+01	-4.210537e+02
1.550000e-06	-1.927960e-06	-6.252820e-09	-1.412906e+01	-4.148414e+02
1.560000e-06	-1.863639e-06	-6.155357e-09	-1.365769e+01	-4.085157e+02
1.570000e-06	-1.799200e-06	-6.057278e-09	-1.318545e+01	-4.020734e+02
1.580000e-06	-1.734669e-06	-5.962066e-09	-1.271253e+01	-3.955118e+02
1.590000e-06	-1.670029e-06	-5.866058e-09	-1.223881e+01	-3.888285e+02
1.600000e-06	-1.605269e-06	-5.768190e-09	-1.176422e+01	-3.820217e+02
1.610000e-06	-1.540381e-06	-5.664672e-09	-1.128869e+01	-3.750901e+02
1.620000e-06	-1.475339e-06	-5.550943e-09	-1.081203e+01	-3.680323e+02
1.630000e-06	-1.410137e-06	-5.433659e-09	-1.033420e+01	-3.608472e+02
1.640000e-06	-1.344839e-06	-5.316586e-09	-9.855658e+00	-3.535332e+02
1.650000e-06	-1.279480e-06	-5.203726e-09	-9.376675e+00	-3.460885e+02
1.660000e-06	-1.214027e-06	-5.088346e-09	-8.897002e+00	-3.385101e+02
1.670000e-06	-1.148505e-06	-4.971586e-09	-8.416822e+00	-3.307947e+02
1.680000e-06	-1.082898e-06	-4.854187e-09	-7.936027e+00	-3.229377e+02
1.690000e-06	-1.017189e-06	-4.734909e-09	-7.454473e+00	-3.149343e+02
1.700000e-06	-9.513949e-07	-4.612774e-09	-6.972302e+00	-3.067788e+02
1.710000e-06	-8.855115e-07	-4.485924e-09	-6.489475e+00	-2.984655e+02
1.720000e-06	-8.195673e-07	-4.352664e-09	-6.006203e+00	-2.899891e+02
1.730000e-06	-7.535954e-07	-4.215639e-09	-5.522728e+00	-2.813444e+02
1.740000e-06	-6.875838e-07	-4.079061e-09	-5.038961e+00	-2.725274e+02
1.750000e-06	-6.214893e-07	-3.940688e-09	-4.554587e+00	-2.635346e+02
1.760000e-06	-5.553518e-07	-3.798817e-09	-4.069898e+00	-2.543636e+02
1.770000e-06	-4.892011e-07	-3.654581e-09	-3.585112e+00	-2.450129e+02
1.780000e-06	-4.230343e-07	-3.508624e-09	-3.100209e+00	-2.354813e+02
1.790000e-06	-3.568583e-07	-3.361316e-09	-2.615238e+00	-2.257677e+02
1.800000e-06	-2.906989e-07	-3.209716e-09	-2.130389e+00	-2.158708e+02
1.810000e-06	-2.245532e-07	-3.054699e-09	-1.645639e+00	-2.057887e+02
1.820000e-06	-1.583814e-07	-2.899266e-09	-1.160699e+00	-1.955183e+02
1.830000e-06	-9.219745e-08	-2.739865e-09	-6.756695e-01	-1.850555e+02
1.840000e-06	-2.600906e-08	-2.574311e-09	-1.906075e-01	-1.743950e+02
1.850000e-06	4.020211e-08	-2.403210e-09	2.946213e-01	-1.635302e+02
1.860000e-06	1.064252e-07	-2.231582e-09	7.799374e-01	-1.524540e+02
1.870000e-06	1.726520e-07	-2.057664e-09	1.265281e+00	-1.411587e+02
1.880000e-06	2.388764e-07	-1.882584e-09	1.750607e+00	-1.296367e+02
1.890000e-06	3.050866e-07	-1.707034e-09	2.235828e+00	-1.178811e+02
1.900000e-06	3.712869e-07	-1.531776e-09	2.720978e+00	-1.058861e+02
1.910000e-06	4.374455e-07	-1.353248e-09	3.205822e+00	-9.364722e+01
1.920000e-06	5.035598e-07	-1.166327e-09	3.690340e+00	-8.116204e+01
1.930000e-06	5.696577e-07	-9.717207e-10	4.174739e+00	-6.843002e+01
1.940000e-06	6.357168e-07	-7.733897e-10	4.658853e+00	-5.545280e+01
1.950000e-06	7.017309e-07	-5.743678e-10	5.142638e+00	-4.223423e+01
1.960000e-06	7.676894e-07	-3.707348e-10	5.626016e+00	-2.878040e+01
1.970000e-06	8.336035e-07	-1.629214e-10	6.109068e+00	-1.509961e+01
1.980000e-06	8.995072e-07	4.822835e-11	6.592043e+00	-1.202487e+00
1.990000e-06	9.653519e-07	2.603270e-10	7.074586e+00	1.289798e+01
2.000000e-06	1.031121e-06	4.750718e-10	7.556575e+00	2.718628e+01
2.010000e-06	1.096846e-06	6.947399e-10	8.038243e+00	4.164424e+01
2.020000e-06	1.162501e-06	9.148581e-10	8.519393e+00	5.625090e+01
2.030000e-06	1.228031e-06	1.134142e-09	8.999634e+00	7.098246e+01
2.040000e-06	1.293436e-06	1.356782e-09	9.478952e+00	8.581228e+01
2.050000e-06	1.358699e-06	1.583857e-09	9.957235e+00	1.007111e+02
2.060000e-06	1.423804e-06	1.813102e-09	1.043436e+01	1.156476e+02
2.070000e-06	1.488733e-06	2.042938e-09	1.091018e+01	1.305885e+02
2.080000e-06	1.553504e-06	2.271620e-09	1.138486e+01	1.454996e+02
2.090000e-06	1.618180e-06	2.496802e-09	1.185884e+01	1.603467e+02
2.100000e-06	1.682775e-06	2.716598e-09	1.233222e+01	1.750960e+02
2.110000e-06	1.747297e-06	2.932642e-09	1.280508e+01	1.897154e+02
2.120000e-06	1.811743e-06	3.147393e-09	1.327737e+01	2.041749e+02
2.130000e-06	1.876103e-06	3.361636e-09	1.374903e+01	2.184472e+02
2.140000e-06	1.940376e-06	3.574692e-09	1.422006e+01	2.325083e+02
2.150000e-06	2.004525e-06	3.787790e-09	1.469017e+01	2.463373e+02
2.160000e-06	2.068503e-06	3.997996e-09	1.515904e+01	2.599167e+02
2.170000e-06	2.132271e-06	4.199753e-09	1.562636e+01	2.732318e+02
2.180000e-06	2.195834e-06	4.392635e-09	1.609218e+01	2.862705e+02
2.190000e-06	2.259239e-06	4.579199e-09	1.655684e+01	2.990230e+02
2.200000e-06	2.322474e-06	4.762004e-09	1.702026e+01	3.114812e+02
2.210000e-06	2.385530e-06	4.939834e-09	1.748237e+01	3.236385e+02
2.220000e-06	2.448452e-06	5.114749e-09	1.794349e+01	3.354894e+02
2.230000e-06	2.511249e-06	5.287678e-09	1.840370e+01	3.470296e+02
2.240000e-06	2.573900e-06	5.459538e-09	1.886284e+01	3.582559e+02
2.250000e-06	2.636380e-06	5.629901e-09	1.932073e+01	3.691661e+02
2.260000e-06	2.698636e-06	5.795464e-09	1.977697e+01	3.797593e+02
2.270000e-06	2.760646e-06	5.955095e-09	2.023141e+01	3.900363e+02
2.280000e-06	2.822420e-06	6.107441e-09	2.068412e+01	3.999991e+02
2.290000e-06	2.883967e-06	6.252842e-09	2.113516e+01	4.096513e+02
2.300000e-06	2.945306e-06	6.392329e-09	2.158469e+01	4.189980e+02
2.310000e-06	3.006477e-06	6.528067e-09	2.203298e+01	4.280452e+02
2.320000e-06	3.067437e-06	6.658698e-09	2.247972e+01	4.368001e+02
2.330000e-06	3.128108e-06	6.784885e-09	2.292436e+01	4.452704e+02
2.340000e-06	3.188472e-06	6.907792e-09	2.336673e+01	4.534645e+02
2.350000e-06	3.248586e-06	7.026655e-09	2.380728e+01	4.613904e+02
2.360000e-06	3.308525e-06	7.141200e-09	2.424654e+01	4.690565e+02
2.370000e-06	3.368257e-06	7.250836e-09	2.468429e+01	4.764711e+02
2.380000e-06	3.427771e-06	7.356723e-09	2.512043e+01	4.836426e+02
2.390000e-06	3.487063e-06	7.459740e-09	2.555496e+01	4.905793e+02
2.400000e-06	3.546128e-06	7.557734e-09	2.598782e+01	4.972903e+02
2.410000e-06	3.604940e-06	7.651942e-09	2.641882e+01	5.037847e+02
2.420000e-06	3.663516e-06	7.744897e-09	2.684810e+01	5.100725e+02
2.430000e-06	3.721837e-06	7.836715e-09	2.727550e+01	5.161643e+02
2.440000e-06	3.779892e-06	7.927213e-09	2.770096e+01	5.220711e+02
2.450000e-06	3.837677e-06	8.014499e-09	2.812443e+01	5.278040e+02
2.460000e-06	3.895113e-06	8.101562e-09	2.854535e+01	5.333740e+02
2.470000e-06	3.952236e-06	8.188434e-09	2.896398e+01	5.387914e+02
2.480000e-06	4.009098e-06	8.272096e-09	2.938069e+01	5.440657e+02
2.490000e-06	4.065654e-06	8.351404e-09	2.979517e+01	5.492048e+02
2.500000e-06	4.121902e-06	8.426488e-09	3.020738e+01	5.542152e+02
2.510000e-06	4.177862e-06	8.499648e-09	3.061749e+01	5.591015e+02
2.520000e-06	4.233440e-06	8.570161e-09	3.102479e+01	5.638669e+02
2.530000e-06	4.288650e-06	8.636739e-09	3.142939e+01	5.685135e+02
2.540000e-06	4.343605e-06	8.701918e-09	3.183213e+01	5.730424e+02
2.550000e-06	4.398305e-06	8.767346e-09	3.223300e+01	5.774545e+02
2.560000e-06	4.452668e-06	8.835068e-09	3.263140e+01	5.817510e+02
2.570000e-06	4.506626e-06	8.902678e-09	3.302683e+01	5.859337e+02
2.580000e-06	4.560245e-06	8.965158e-09	3.341978e+01	5.900056e+02
2.590000e-06	4.613589e-06	9.023041e-09	3.381071e+01	5.939708e+02
2.600000e-06	4.666615e-06	9.078594e-09	3.419931e+01	5.978346e+02
2.610000e-06	4.719298e-06	9.131136e-09	3.458540e+01	6.016033e+02
2.620000e-06	4.771604e-06	9.179578e-09	3.496873e+01	6.052835e+02
2.630000e-06	4.823538e-06	9.228649e-09	3.534932e+01	6.088822e+02
2.640000e-06	4.875149e-06	9.280717e-09	3.572755e+01	6.124055e+02
2.650000e-06	4.926419e-06	9.333755e-09	3.610329e+01	6.158590e+02
2.660000e-06	4.977319e-06	9.385633e-09	3.647631e+01	6.192468e+02
2.670000e-06	5.027887e-06	9.435704e-09	3.684690e+01	6.225718e+02
2.680000e-06	5.078152e-06	9.483186e-09	3.721526e+01	6.258353e+02
2.690000e-06	5.128120e-06	9.527297e-09	3.758145e+01	6.290376e+02
2.700000e-06	5.177752e-06	9.569946e-09	3.794518e+01	6.321780e+02
2.710000e-06	5.226967e-06	9.612578e-09	3.830585e+01	6.352554e+02
2.720000e-06	5.275755e-06	9.653883e-09	3.866340e+01	6.382686e+02
2.730000e-06	5.324173e-06	9.694108e-09	3.901823e+01	6.412166e+02
2.740000e-06	5.372171e-06	9.735955e-09	3.936998e+01	6.440991e+02
2.750000e-06	5.419721e-06	9.778390e-09	3.971845e+01	6.469163e+02
2.760000e-06	5.466926e-06	9.820157e-09	4.006439e+01	6.496690e+02
2.770000e-06	5.513776e-06	9.862939e-09	4.040774e+01	6.523588e+02
2.780000e-06	5.560203e-06	9.905224e-09	4.074798e+01	6.549873e+02
2.790000e-06	5.606161e-06	9.944180e-09	4.108478e+01	6.575561e+02
2.800000e-06	5.651652e-06	9.977545e-09	4.141816e+01	6.600670e+02
2.810000e-06	5.696744e-06	1.000798e-08	4.174861e+01	6.625210e+02
2.820000e-06	5.741420e-06	1.003943e-08	4.207602e+01	6.649192e+02
2.830000e-06	5.785663e-06	1.007118e-08	4.240026e+01	6.672623e+02
2.840000e-06	5.829523e-06	1.010245e-08	4.272169e+01	6.695506e+02
2.850000e-06	5.873026e-06	1.013360e-08	4.304050e+01	6.717849e+02
2.860000e-06	5.916120e-06	1.016812e-08	4.335631e+01	6.739662e+02
2.870000e-06	5.958743e-06	1.020281e-08	4.366868e+01	6.760960e+02
2.880000e-06	6.000904e-06	1.023335e-08	4.397765e+01	6.781764e+02
2.890000e-06	6.042589e-06	1.026199e-08	4.428314e+01	6.802102e+02
2.900000e-06	6.083821e-06	1.029164e-08	4.458531e+01	6.822005e+02
2.910000e-06	6.124663e-06	1.032212e-08	4.488462e+01	6.841506e+02
2.920000e-06	6.165130e-06	1.034988e-08	4.518118e+01	6.860635e+02
2.930000e-06	6.205231e-06	1.037632e-08	4.547507e+01	6.879415e+02
2.940000e-06	6.244876e-06	1.040351e-08	4.576561e+01	6.897863e+02
2.950000e-06	6.283986e-06	1.043080e-08	4.605222e+01	6.915981e+02
2.960000e-06	6.322559e-06	1.045921e-08	4.633490e+01	6.933762e+02
2.970000e-06	6.360661e-06	1.048716e-08	4.661413e+01	6.951188e+02
2.980000e-06	6.398369e-06	1.051353e-08	4.689048e+01	6.968232e+02
2.990000e-06	6.435667e-06	1.053854e-08	4.716381e+01	6.984866e+02
3.000000e-06	6.472565e-06	1.056536e-08	4.743422e+01	7.001064e+02
3.010000e-06	6.508997e-06	1.059237e-08	4.770121e+01	7.016807e+02
3.020000e-06	6.544879e-06	1.061542e-08	4.796418e+01	7.032087e+02
3.030000e-06	6.580242e-06	1.063465e-08	4.822334e+01	7.046912e+02
3.040000e-06	6.615123e-06	1.065361e-08	4.847896e+01	7.061304e+02
3.050000e-06	6.649556e-06	1.067590e-08	4.873130e+01	7.075299e+02
3.060000e-06	6.683589e-06	1.069988e-08	4.898071e+01	7.088943e+02
3.070000e-06	6.717252e-06	1.072353e-08	4.922742e+01	7.102287e+02
3.080000e-06	6.750469e-06	1.074541e-08	4.947085e+01	7.115381e+02
3.090000e-06	6.783216e-06	1.076781e-08	4.971083e+01	7.128267e+02
3.100000e-06	6.815459e-06	1.079022e-08	4.994712e+01	7.140978e+02
3.110000e-06	6.847179e-06	1.080917e-08	5.017958e+01	7.153529e+02
3.120000e-06	6.878398e-06	1.082598e-08	5.040837e+01	7.165921e+02
3.130000e-06	6.909115e-06	1.084147e-08	5.063348e+01	7.178140e+02
3.140000e-06	6.939340e-06	1.085729e-08	5.085498e+01	7.190161e+02
3.150000e-06	6.968977e-06	1.087459e-08	5.107218e+01	7.201953e+02
3.160000e-06	6.998019e-06	1.089374e-08	5.128502e+01	7.213483e+02
3.170000e-06	7.026541e-06	1.091369e-08	5.149404e+01	7.224723e+02
3.180000e-06	7.054571e-06	1.093403e-08	5.169946e+01	7.235655e+02
3.190000e-06	7.082139e-06	1.095757e-08	5.190149e+01	7.246271e+02
3.200000e-06	7.109287e-06	1.097989e-08	5.210044e+01	7.256576e+02
3.210000e-06	7.135954e-06	1.099601e-08	5.229587e+01	7.266584e+02
3.220000e-06	7.162051e-06	1.100864e-08	5.248712e+01	7.276317e+02
3.230000e-06	7.187598e-06	1.102267e-08	5.267434e+01	7.285797e+02
3.240000e-06	7.212664e-06	1.103708e-08	5.285804e+01	7.295045e+02
3.250000e-06	7.237280e-06	1.104974e-08	5.303844e+01	7.304074e+02
3.260000e-06	7.261445e-06	1.106197e-08	5.321554e+01	7.312889e+02
3.270000e-06	7.285109e-06	1.107784e-08	5.338895e+01	7.321481e+02
3.280000e-06	7.308171e-06	1.109692e-08	5.355797e+01	7.329835e+02
3.290000e-06	7.330635e-06	1.111343e-08	5.372260e+01	7.337928e+02
3.300000e-06	7.352588e-06	1.112544e-08	5.388348e+01	7.345734e+02
3.310000e-06	7.374058e-06	1.113527e-08	5.404082e+01	7.353234e+02
3.320000e-06	7.394970e-06	1.114328e-08	5.419408e+01	7.360412e+02
3.330000e-06	7.415208e-06	1.115128e-08	5.434239e+01	7.367266e+02
3.340000e-06	7.434806e-06	1.116081e-08	5.448601e+01	7.373809e+02
3.350000e-06	7.453888e-06	1.117317e-08	5.462585e+01	7.380064e+02
3.360000e-06	7.472474e-06	1.118973e-08	5.476206e+01	7.386063e+02
3.370000e-06	7.490547e-06	1.120800e-08	5.489451e+01	7.391847e+02
3.380000e-06	7.508125e-06	1.122304e-08	5.502333e+01	7.397452e+02
3.390000e-06	7.525152e-06	1.123283e-08	5.514811e+01	7.402909e+02
3.400000e-06	7.541557e-06	1.123960e-08	5.526834e+01	7.408239e+02
3.410000e-06	7.557414e-06	1.124595e-08	5.538455e+01	7.413447e+02
3.420000e-06	7.572756e-06	1.125115e-08	5.549698e+01	7.418521e+02
3.430000e-06	7.587595e-06	1.125526e-08	5.560573e+01	7.423437e+02
3.440000e-06	7.601980e-06	1.126220e-08	5.571115e+01	7.428161e+02
3.450000e-06	7.615824e-06	1.127385e-08	5.581261e+01	7.432658e+02
3.460000e-06	7.629043e-06	1.128532e-08	5.590948e+01	7.436893e+02
3.470000e-06	7.641711e-06	1.129292e-08	5.600232e+01	7.440842e+02
3.480000e-06	7.653919e-06	1.129853e-08	5.609178e+01	7.444499e+02
3.490000e-06	7.665632e-06	1.130440e-08	5.617762e+01	7.447873e+02
3.500000e-06	7.676851e-06	1.131121e-08	5.625984e+01	7.450993e+02
3.510000e-06	7.687539e-06	1.131758e-08	5.633817e+01	7.453901e+02
3.520000e-06	7.697564e-06	1.132466e-08	5.641164e+01	7.456650e+02
3.530000e-06	7.706999e-06	1.133157e-08	5.648078e+01	7.459294e+02
3.540000e-06	7.715933e-06	1.133792e-08	5.654626e+01	7.461880e+02
3.550000e-06	7.724329e-06	1.133956e-08	5.660779e+01	7.464441e+02
3.560000e-06	7.732257e-06	1.133974e-08	5.666588e+01	7.466993e+02
3.570000e-06	7.739695e-06	1.134486e-08	5.672039e+01	7.469529e+02
3.580000e-06	7.746544e-06	1.135405e-08	5.677059e+01	7.472019e+02
3.590000e-06	7.752812e-06	1.136432e-08	5.681652e+01	7.474418e+02
3.600000e-06	7.758488e-06	1.137224e-08	5.685811e+01	7.476671e+02
3.610000e-06	7.763596e-06	1.137973e-08	5.689555e+01	7.478720e+02
3.620000e-06	7.768152e-06	1.138421e-08	5.692894e+01	7.480514e+02
3.630000e-06	7.772012e-06	1.138478e-08	5.695723e+01	7.482019e+02
3.640000e-06	7.775247e-06	1.138043e-08	5.698094e+01	7.483218e+02
3.650000e-06	7.778011e-06	1.137594e-08	5.700119e+01	7.484120e+02
3.660000e-06	7.780208e-06	1.137647e-08	5.701729e+01	7.484752e+02
3.670000e-06	7.781879e-06	1.137875e-08	5.702954e+01	7.485159e+02
3.680000e-06	7.783025e-06	1.138419e-08	5.703794e+01	7.485394e+02
3.690000e-06	7.783511e-06	1.139065e-08	5.704150e+01	7.485507e+02
3.700000e-06	7.783436e-06	1.139585e-08	5.704095e+01	7.485538e+02
3.710000e-06	7.782888e-06	1.139922e-08	5.703693e+01	7.485508e+02
3.720000e-06	7.781840e-06	1.140180e-08	5.702925e+01	7.485415e+02
3.730000e-06	7.780354e-06	1.140053e-08	5.701836e+01	7.485228e+02
3.740000e-06	7.778434e-06	1.139548e-08	5.700429e+01	7.484898e+02
3.750000e-06	7.775906e-06	1.138798e-08	5.698577e+01	7.484357e+02
3.760000e-06	7.772818e-06	1.138121e-08	5.696313e+01	7.483534e+02
3.770000e-06	7.769340e-06	1.138865e-08	5.693765e+01	7.482361e+02
3.780000e-06	7.765407e-06	1.140454e-08	5.690882e+01	7.480791e+02
3.790000e-06	7.760700e-06	1.135807e-08	5.687433e+01	7.478802e+02
3.800000e-06	7.754652e-06	1.134119e-08	5.683000e+01	7.476405e+02
3.810000e-06	7.747187e-06	1.138292e-08	5.677530e+01	7.473646e+02
3.820000e-06	7.739250e-06	1.147735e-08	5.671713e+01	7.470605e+02
3.830000e-06	7.731807e-06	1.141146e-08	5.666258e+01	7.467381e+02
3.840000e-06	7.724302e-06	1.125261e-08	5.660759e+01	7.464088e+02
3.850000e-06	7.715611e-06	1.140408e-08	5.654389e+01	7.460836e+02
3.860000e-06	7.706288e-06	1.144324e-08	5.647557e+01	7.457720e+02
3.870000e-06	7.697168e-06	1.127208e-08	5.640874e+01	7.454805e+02
3.880000e-06	7.687375e-06	1.126527e-08	5.633697e+01	7.452116e+02
3.890000e-06	7.676547e-06	1.143213e-08	5.625762e+01	7.449639e+02
3.900000e-06	7.665500e-06	1.133773e-08	5.617665e+01	7.447316e+02
3.910000e-06	7.654087e-06	1.122697e-08	5.609301e+01	7.445053e+02
3.920000e-06	7.641780e-06	1.145783e-08	5.600282e+01	7.442733e+02
3.930000e-06	7.628958e-06	1.139378e-08	5.590885e+01	7.440227e+02
3.940000e-06	7.615740e-06	1.119115e-08	5.581199e+01	7.437411e+02
3.950000e-06	7.601804e-06	1.135617e-08	5.570986e+01	7.434178e+02
3.960000e-06	7.587402e-06	1.140238e-08	5.560431e+01	7.430452e+02
3.970000e-06	7.572516e-06	1.124407e-08	5.549522e+01	7.426195e+02
3.980000e-06	7.556796e-06	1.128626e-08	5.538002e+01	7.421408e+02
3.990000e-06	7.540630e-06	1.133038e-08	5.526154e+01	7.416129e+02
4.000000e-06	7.524191e-06	1.128253e-08	5.514107e+01	7.410431e+02
4.010000e-06	7.507105e-06	1.131515e-08	5.501585e+01	7.404402e+02
4.020000e-06	7.489508e-06	1.126370e-08	5.488690e+01	7.398142e+02
4.030000e-06	7.471504e-06	1.123299e-08	5.475496e+01	7.391743e+02
4.040000e-06	7.452866e-06	1.131914e-08	5.461837e+01	7.385283e+02
4.050000e-06	7.433676e-06	1.124360e-08	5.447773e+01	7.378813e+02
4.060000e-06	7.413947e-06	1.119582e-08	5.433314e+01	7.372355e+02
4.070000e-06	7.393603e-06	1.127409e-08	5.418406e+01	7.365901e+02
4.080000e-06	7.372790e-06	1.121753e-08	5.403152e+01	7.359415e+02
4.090000e-06	7.351299e-06	1.120083e-08	5.387403e+01	7.352839e+02
4.100000e-06	7.329017e-06	1.125654e-08	5.371074e+01	7.346106e+02
4.110000e-06	7.306220e-06	1.118886e-08	5.354367e+01	7.339142e+02
4.120000e-06	7.282966e-06	1.118077e-08	5.337326e+01	7.331880e+02
4.130000e-06	7.259218e-06	1.120706e-08	5.319921e+01	7.324265e+02
4.140000e-06	7.235009e-06	1.115956e-08	5.302180e+01	7.316260e+02
4.150000e-06	7.210279e-06	1.113921e-08	5.284057e+01	7.307847e+02
4.160000e-06	7.184986e-06	1.114310e-08	5.265521e+01	7.299026e+02
4.170000e-06	7.159182e-06	1.112030e-08	5.246610e+01	7.289812e+02
4.180000e-06	7.132881e-06	1.112783e-08	5.227335e+01	7.280233e+02
4.190000e-06	7.106071e-06	1.112308e-08	5.207688e+01	7.270321e+02
4.200000e-06	7.078722e-06	1.108786e-08	5.187645e+01	7.260107e+02
4.210000e-06	7.050740e-06	1.106683e-08	5.167138e+01	7.249620e+02
4.220000e-06	7.022186e-06	1.107560e-08	5.146213e+01	7.238883e+02
4.230000e-06	6.993143e-06	1.105771e-08	5.124928e+01	7.227910e+02
4.240000e-06	6.963601e-06	1.100621e-08	5.103278e+01	7.216708e+02
4.250000e-06	6.933508e-06	1.099590e-08	5.081225e+01	7.205278e+02
4.260000e-06	6.902852e-06	1.100069e-08	5.058759e+01	7.193618e+02
4.270000e-06	6.871683e-06	1.098438e-08	5.035916e+01	7.181724e+02
4.280000e-06	6.840014e-06	1.095511e-08	5.012707e+01	7.169590e+02
4.290000e-06	6.807867e-06	1.093393e-08	4.989148e+01	7.157217e+02
4.300000e-06	6.775269e-06	1.093816e-08	4.965260e+01	7.144603e+02
4.310000e-06	6.742238e-06	1.092329e-08	4.941052e+01	7.131750e+02
4.320000e-06	6.708714e-06	1.087776e-08	4.916484e+01	7.118663e+02
4.330000e-06	6.674676e-06	1.085691e-08	4.891540e+01	7.105341e+02
4.340000e-06	6.640156e-06	1.084240e-08	4.866242e+01	7.091788e+02
4.350000e-06	6.605111e-06	1.082359e-08	4.840559e+01	7.077999e+02
4.360000e-06	6.569563e-06	1.080467e-08	4.814507e+01	7.063971e+02
4.370000e-06	6.533585e-06	1.078395e-08	4.788141e+01	7.049696e+02
4.380000e-06	6.497163e-06	1.076277e-08	4.761449e+01	7.035165e+02
4.390000e-06	6.460266e-06	1.074262e-08	4.734409e+01	7.020371e+02
4.400000e-06	6.422932e-06	1.072450e-08	4.707049e+01	7.005306e+02
4.410000e-06	6.385170e-06	1.069360e-08	4.679375e+01	6.989966e+02
4.420000e-06	6.346921e-06	1.066066e-08	4.651344e+01	6.974351e+02
4.430000e-06	6.308237e-06	1.064495e-08	4.622994e+01	6.958465e+02
4.440000e-06	6.269130e-06	1.063137e-08	4.594335e+01	6.942312e+02
4.450000e-06	6.229594e-06	1.060789e-08	4.565361e+01	6.925900e+02
4.460000e-06	6.189639e-06	1.057730e-08	4.536080e+01	6.909233e+02
4.470000e-06	6.149236e-06	1.055427e-08	4.506470e+01	6.892313e+02
4.480000e-06	6.108305e-06	1.053987e-08	4.476474e+01	6.875136e+02
4.490000e-06	6.066850e-06	1.051413e-08	4.446094e+01	6.857690e+02
4.500000e-06	6.024976e-06	1.048174e-08	4.415407e+01	6.839958e+02
4.510000e-06	5.982679e-06	1.045303e-08	4.384409e+01	6.821915e+02
4.520000e-06	5.939940e-06	1.042798e-08	4.353088e+01	6.803531e+02
4.530000e-06	5.896792e-06	1.040039e-08	4.321467e+01	6.784776e+02
4.540000e-06	5.853307e-06	1.036829e-08	4.289599e+01	6.765619e+02
4.550000e-06	5.809492e-06	1.033705e-08	4.257489e+01	6.746036e+02
4.560000e-06	5.765288e-06	1.030936e-08	4.225094e+01	6.726008e+02
4.570000e-06	5.720644e-06	1.028363e-08	4.192377e+01	6.705528e+02
4.580000e-06	5.675562e-06	1.025538e-08	4.159338e+01	6.684596e+02
4.590000e-06	5.630023e-06	1.021999e-08	4.125965e+01	6.663224e+02
4.600000e-06	5.584003e-06	1.018357e-08	4.092239e+01	6.641431e+02
4.610000e-06	5.537500e-06	1.015290e-08	4.058160e+01	6.619243e+02
4.620000e-06	5.490534e-06	1.012320e-08	4.023741e+01	6.596685e+02
4.630000e-06	5.443132e-06	1.008706e-08	3.989002e+01	6.573783e+02
4.640000e-06	5.395244e-06	1.005081e-08	3.953907e+01	6.550559e+02
4.650000e-06	5.346930e-06	1.001977e-08	3.918500e+01	6.527026e+02
4.660000e-06	5.298285e-06	9.988217e-09	3.882851e+01	6.503188e+02
4.670000e-06	5.249331e-06	9.947682e-09	3.846975e+01	6.479040e+02
4.680000e-06	5.200036e-06	9.903002e-09	3.810849e+01	6.454569e+02
4.690000e-06	5.150353e-06	9.866544e-09	3.774439e+01	6.429751e+02
4.700000e-06	5.100323e-06	9.834205e-09	3.737774e+01	6.404560e+02
4.710000e-06	5.050008e-06	9.795531e-09	3.700901e+01	6.378965e+02
4.720000e-06	4.999335e-06	9.752869e-09	3.663765e+01	6.352932e+02
4.730000e-06	4.948236e-06	9.716501e-09	3.626317e+01	6.326433e+02
4.740000e-06	4.896721e-06	9.680757e-09	3.588564e+01	6.299439e+02
4.750000e-06	4.844834e-06	9.637343e-09	3.550539e+01	6.271926e+02
4.760000e-06	4.792629e-06	9.587523e-09	3.512281e+01	6.243877e+02
4.770000e-06	4.740104e-06	9.539765e-09	3.473787e+01	6.215276e+02
4.780000e-06	4.687220e-06	9.498909e-09	3.435032e+01	6.186116e+02
4.790000e-06	4.634012e-06	9.459201e-09	3.396038e+01	6.156390e+02
4.800000e-06	4.580549e-06	9.415668e-09	3.356858e+01	6.126098e+02
4.810000e-06	4.526789e-06	9.368110e-09	3.317460e+01	6.095240e+02
4.820000e-06	4.472640e-06	9.319630e-09	3.277777e+01	6.063820e+02
4.830000e-06	4.418125e-06	9.272328e-09	3.237825e+01	6.031844e+02
4.840000e-06	4.363328e-06	9.221403e-09	3.197667e+01	5.999319e+02
4.850000e-06	4.308262e-06	9.165059e-09	3.157312e+01	5.966253e+02
4.860000e-06	4.252900e-06	9.108375e-09	3.116740e+01	5.932653e+02
4.870000e-06	4.197182e-06	9.056511e-09	3.075907e+01	5.898528e+02
4.880000e-06	4.141108e-06	9.007581e-09	3.034813e+01	5.863884e+02
4.890000e-06	4.084694e-06	8.955356e-09	2.993470e+01	5.828724e+02
4.900000e-06	4.027935e-06	8.901724e-09	2.951874e+01	5.793050e+02
4.910000e-06	3.970890e-06	8.851502e-09	2.910069e+01	5.756857e+02
4.920000e-06	3.913527e-06	8.801668e-09	2.868030e+01	5.720139e+02
4.930000e-06	3.855848e-06	8.743742e-09	2.825760e+01	5.682884e+02
4.940000e-06	3.797917e-06	8.680171e-09	2.783305e+01	5.645075e+02
4.950000e-06	3.739746e-06	8.617860e-09	2.740674e+01	5.606695e+02
4.960000e-06	3.681347e-06	8.555731e-09	2.697877e+01	5.567722e+02
4.970000e-06	3.622728e-06	8.492744e-09	2.654918e+01	5.528136e+02
4.980000e-06	3.563865e-06	8.430892e-09	2.611780e+01	5.487917e+02
4.990000e-06	3.504752e-06	8.372019e-09	2.568459e+01	5.447047e+02
5.000000e-06	3.445370e-06	8.314114e-09	2.524941e+01	5.405510e+02
5.010000e-06	3.385735e-06	8.252934e-09	2.481238e+01	5.363294e+02
5.020000e-06	3.325888e-06	8.187770e-09	2.437379e+01	5.320389e+02
5.030000e-06	3.265786e-06	8.120055e-09	2.393333e+01	5.276787e+02
5.040000e-06	3.205374e-06	8.051517e-09	2.349060e+01	5.232480e+02
5.050000e-06	3.144674e-06	7.981794e-09	2.304576e+01	5.187462e+02
5.060000e-06	3.083748e-06	7.911400e-09	2.259926e+01	5.141722e+02
5.070000e-06	3.022645e-06	7.841086e-09	2.215147e+01	5.095249e+02
5.080000e-06	2.961386e-06	7.770892e-09	2.170254e+01	5.048031e+02
5.090000e-06	2.899948e-06	7.700544e-09	2.125228e+01	5.000050e+02
5.100000e-06	2.838330e-06	7.629610e-09	2.080071e+01	4.951288e+02
5.110000e-06	2.776551e-06	7.555750e-09	2.034797e+01	4.901726e+02
5.120000e-06	2.714586e-06	7.478156e-09	1.989386e+01	4.851344e+02
5.130000e-06	2.652364e-06	7.399805e-09	1.943786e+01	4.800122e+02
5.140000e-06	2.589863e-06	7.318626e-09	1.897982e+01	4.748043e+02
5.150000e-06	2.527143e-06	7.233523e-09	1.852018e+01	4.695089e+02
5.160000e-06	2.464245e-06	7.146450e-09	1.805923e+01	4.641243e+02
5.170000e-06	2.401189e-06	7.059503e-09	1.759712e+01	4.586490e+02
5.180000e-06	2.337995e-06	6.973190e-09	1.713401e+01	4.530812e+02
5.190000e-06	2.274668e-06	6.888805e-09	1.666992e+01	4.474189e+02
5.200000e-06	2.211155e-06	6.803049e-09	1.620446e+01	4.416598e+02
5.210000e-06	2.147415e-06	6.715474e-09	1.573734e+01	4.358015e+02
5.220000e-06	2.083533e-06	6.626862e-09	1.526918e+01	4.298408e+02
5.230000e-06	2.019538e-06	6.537346e-09	1.480020e+01	4.237746e+02
5.240000e-06	1.955392e-06	6.443735e-09	1.433010e+01	4.175994e+02
5.250000e-06	1.891136e-06	6.343499e-09	1.385920e+01	4.113119e+02
5.260000e-06	1.826748e-06	6.240908e-09	1.338733e+01	4.049088e+02
5.270000e-06	1.762176e-06	6.136806e-09	1.291412e+01	3.983872e+02
5.280000e-06	1.697473e-06	6.036503e-09	1.243994e+01	3.917447e+02
5.290000e-06	1.632668e-06	5.934486e-09	1.196501e+01	3.849793e+02
5.300000e-06	1.567749e-06	5.832764e-09	1.148926e+01	3.780894e+02
5.310000e-06	1.502702e-06	5.730258e-09	1.101256e+01	3.710738e+02
5.320000e-06	1.437528e-06	5.622700e-09	1.053493e+01	3.639313e+02
5.330000e-06	1.372262e-06	5.511254e-09	1.005663e+01	3.566605e+02
5.340000e-06	1.306933e-06	5.395890e-09	9.577864e+00	3.492596e+02
5.350000e-06	1.241528e-06	5.277581e-09	9.098543e+00	3.417261e+02
5.360000e-06	1.176036e-06	5.159610e-09	8.618588e+00	3.340568e+02
5.370000e-06	1.110479e-06	5.043366e-09	8.138153e+00	3.262476e+02
5.380000e-06	1.044813e-06	4.925218e-09	7.656921e+00	3.182936e+02
5.390000e-06	9.790288e-07	4.803463e-09	7.174817e+00	3.101894e+02
5.400000e-06	9.131496e-07	4.681085e-09	6.692021e+00	3.019294e+02
5.410000e-06	8.471904e-07	4.555296e-09	6.208639e+00	2.935079e+02
5.420000e-06	7.811897e-07	4.421206e-09	5.724953e+00	2.849198e+02
5.430000e-06	7.151504e-07	4.286257e-09	5.240983e+00	2.761607e+02
5.440000e-06	6.490710e-07	4.149891e-09	4.756720e+00	2.672268e+02
5.450000e-06	5.829615e-07	4.012107e-09	4.272236e+00	2.581154e+02
5.460000e-06	5.168122e-07	3.870865e-09	3.787461e+00	2.488248e+02
5.470000e-06	4.506402e-07	3.725704e-09	3.302519e+00	2.393536e+02
5.480000e-06	3.844689e-07	3.578707e-09	2.817582e+00	2.297008e+02
5.490000e-06	3.182943e-07	3.433314e-09	2.332621e+00	2.198652e+02
5.500000e-06	2.521311e-07	3.285581e-09	1.847744e+00	2.098451e+02
5.510000e-06	1.859713e-07	3.134174e-09	1.362892e+00	1.996378e+02
5.520000e-06	1.198012e-07	2.979790e-09	8.779637e-01	1.892398e+02
5.530000e-06	5.362825e-08	2.820494e-09	3.930149e-01	1.786458e+02
5.540000e-06	-1.256778e-08	2.654479e-09	-9.210301e-02	1.678499e+02
5.550000e-06	-7.878636e-08	2.479098e-09	-5.773862e-01	1.568450e+02
5.560000e-06	-1.450031e-07	2.300557e-09	-1.062656e+00	1.456236e+02
5.570000e-06	-2.111911e-07	2.125642e-09	-1.547715e+00	1.341780e+02
5.580000e-06	-2.773683e-07	1.951891e-09	-2.032695e+00	1.225010e+02
5.590000e-06	-3.435537e-07	1.773215e-09	-2.517735e+00	1.105863e+02
5.600000e-06	-4.097135e-07	1.587994e-09	-3.002588e+00	9.842913e+01
5.610000e-06	-4.758310e-07	1.396837e-09	-3.487130e+00	8.602623e+01
5.620000e-06	-5.419037e-07	1.199871e-09	-3.971344e+00	7.337642e+01
5.630000e-06	-6.079355e-07	9.945352e-10	-4.455258e+00	6.048062e+01
5.640000e-06	-6.739379e-07	7.854815e-10	-4.938957e+00	4.734194e+01
5.650000e-06	-7.399000e-07	5.773263e-10	-5.422360e+00	3.396573e+01
5.660000e-06	-8.058271e-07	3.705675e-10	-5.905508e+00	2.035953e+01
5.670000e-06	-8.717386e-07	1.625010e-10	-6.388540e+00	6.533202e+00
5.680000e-06	-9.376019e-07	-4.889359e-11	-6.871220e+00	-7.501075e+00
5.690000e-06	-1.003394e-06	-2.642099e-10	-7.353381e+00	-2.172864e+01
5.700000e-06	-1.069128e-06	-4.849825e-10	-7.835113e+00	-3.613223e+01
5.710000e-06	-1.134797e-06	-7.123253e-10	-8.316369e+00	-5.069183e+01
5.720000e-06	-1.200355e-06	-9.448688e-10	-8.796811e+00	-6.538457e+01
5.730000e-06	-1.265769e-06	-1.176482e-09	-9.276195e+00	-8.018475e+01
5.740000e-06	-1.331059e-06	-1.404872e-09	-9.754674e+00	-9.506399e+01
5.750000e-06	-1.396224e-06	-1.632198e-09	-1.023224e+01	-1.099915e+02
5.760000e-06	-1.461234e-06	-1.860039e-09	-1.070866e+01	-1.249347e+02
5.770000e-06	-1.526125e-06	-2.086793e-09	-1.118421e+01	-1.398596e+02
5.780000e-06	-1.590918e-06	-2.312473e-09	-1.165905e+01	-1.547318e+02
5.790000e-06	-1.655611e-06	-2.538582e-09	-1.213316e+01	-1.695174e+02
5.800000e-06	-1.720207e-06	-2.764347e-09	-1.260655e+01	-1.841835e+02
5.810000e-06	-1.784708e-06	-2.989802e-09	-1.307924e+01	-1.986995e+02
5.820000e-06	-1.849140e-06	-3.212943e-09	-1.355143e+01	-2.130370e+02
5.830000e-06	-1.913449e-06	-3.431448e-09	-1.402272e+01	-2.271710e+02
5.840000e-06	-1.977570e-06	-3.647116e-09	-1.449263e+01	-2.410794e+02
5.850000e-06	-2.041527e-06	-3.859589e-09	-1.496134e+01	-2.547438e+02
5.860000e-06	-2.105314e-06	-4.066711e-09	-1.542880e+01	-2.681484e+02
5.870000e-06	-2.168918e-06	-4.269396e-09	-1.589493e+01	-2.812804e+02
5.880000e-06	-2.232366e-06	-4.469618e-09	-1.635990e+01	-2.941293e+02
5.890000e-06	-2.295599e-06	-4.665607e-09	-1.682331e+01	-3.066864e+02
5.900000e-06	-2.358606e-06	-4.856974e-09	-1.728506e+01	-3.189447e+02
5.910000e-06	-2.421459e-06	-5.043256e-09	-1.774568e+01	-3.308982e+02
5.920000e-06	-2.484189e-06	-5.224381e-09	-1.820539e+01	-3.425425e+02
5.930000e-06	-2.546733e-06	-5.399771e-09	-1.866375e+01	-3.538736e+02
5.940000e-06	-2.609051e-06	-5.566708e-09	-1.912044e+01	-3.648893e+02
5.950000e-06	-2.671192e-06	-5.727467e-09	-1.957584e+01	-3.755882e+02
5.960000e-06	-2.733129e-06	-5.884867e-09	-2.002975e+01	-3.859705e+02
5.970000e-06	-2.794839e-06	-6.041372e-09	-2.048199e+01	-3.960377e+02
5.980000e-06	-2.856357e-06	-6.190711e-09	-2.093283e+01	-4.057929e+02
5.990000e-06	-2.917698e-06	-6.334702e-09	-2.138236e+01	-4.152408e+02
6.000000e-06	-2.978896e-06	-6.473982e-09	-2.183086e+01	-4.243870e+02
6.010000e-06	-3.039922e-06	-6.608657e-09	-2.227808e+01	-4.332385e+02
6.020000e-06	-3.100691e-06	-6.741893e-09	-2.272343e+01	-4.418028e+02
6.030000e-06	-3.161129e-06	-6.870385e-09	-2.316635e+01	-4.500881e+02
6.040000e-06	-3.221264e-06	-6.993611e-09	-2.360705e+01	-4.581024e+02
6.050000e-06	-3.281180e-06	-7.114621e-09	-2.404614e+01	-4.658542e+02
6.060000e-06	-3.340909e-06	-7.235586e-09	-2.448387e+01	-4.733518e+02
6.070000e-06	-3.400444e-06	-7.354535e-09	-2.492017e+01	-4.806033e+02
6.080000e-06	-3.459757e-06	-7.468798e-09	-2.535485e+01	-4.876173e+02
6.090000e-06	-3.518825e-06	-7.575233e-09	-2.578772e+01	-4.944025e+02
6.100000e-06	-3.577616e-06	-7.675727e-09	-2.621857e+01	-5.009680e+02
6.110000e-06	-3.636142e-06	-7.770735e-09	-2.664749e+01	-5.073236e+02
6.120000e-06	-3.694455e-06	-7.861695e-09	-2.707483e+01	-5.134795e+02
6.130000e-06	-3.752561e-06	-7.951707e-09	-2.750066e+01	-5.194468e+02
6.140000e-06	-3.810414e-06	-8.041078e-09	-2.792464e+01	-5.252364e+02
6.150000e-06	-3.867951e-06	-8.128871e-09	-2.834630e+01	-5.308595e+02
6.160000e-06	-3.925092e-06	-8.214345e-09	-2.876505e+01	-5.363266e+02
6.170000e-06	-3.981876e-06	-8.296348e-09	-2.918120e+01	-5.416477e+02
6.180000e-06	-4.038405e-06	-8.374560e-09	-2.959547e+01	-5.468310e+02
6.190000e-06	-4.094671e-06	-8.449804e-09	-3.000782e+01	-5.518837e+02
6.200000e-06	-4.150609e-06	-8.524211e-09	-3.041776e+01	-5.568109e+02
6.210000e-06	-4.206209e-06	-8.595956e-09	-3.082522e+01	-5.616164e+02
6.220000e-06	-4.261525e-06	-8.664996e-09	-3.123061e+01	-5.663024e+02
6.230000e-06	-4.316578e-06	-8.734369e-09	-3.163407e+01	-5.708704e+02
6.240000e-06	-4.371347e-06	-8.806415e-09	-3.203544e+01	-5.753213e+02
6.250000e-06	-4.425832e-06	-8.879423e-09	-3.243473e+01	-5.796562e+02
6.260000e-06	-4.479961e-06	-8.948877e-09	-3.283141e+01	-5.838765e+02
6.270000e-06	-4.533689e-06	-9.013031e-09	-3.322516e+01	-5.879849e+02
6.280000e-06	-4.587095e-06	-9.074853e-09	-3.361655e+01	-5.919852e+02
6.290000e-06	-4.640209e-06	-9.134925e-09	-3.400579e+01	-5.958821e+02
6.300000e-06	-4.692980e-06	-9.191933e-09	-3.439253e+01	-5.996818e+02
6.310000e-06	-4.745356e-06	-9.247948e-09	-3.477636e+01	-6.033908e+02
6.320000e-06	-4.797385e-06	-9.303663e-09	-3.515766e+01	-6.070159e+02
6.330000e-06	-4.849136e-06	-9.360356e-09	-3.553692e+01	-6.105636e+02
6.340000e-06	-4.900580e-06	-9.418516e-09	-3.591392e+01	-6.140399e+02
6.350000e-06	-4.951718e-06	-9.478993e-09	-3.628869e+01	-6.174492e+02
6.360000e-06	-5.002529e-06	-9.537695e-09	-3.666106e+01	-6.207949e+02
6.370000e-06	-5.052962e-06	-9.592914e-09	-3.703066e+01	-6.240788e+02
6.380000e-06	-5.103053e-06	-9.645581e-09	-3.739775e+01	-6.273015e+02
6.390000e-06	-5.152810e-06	-9.695676e-09	-3.776239e+01	-6.304627e+02
6.400000e-06	-5.202131e-06	-9.742521e-09	-3.812384e+01	-6.335612e+02
6.410000e-06	-5.251009e-06	-9.785997e-09	-3.848204e+01	-6.365959e+02
6.420000e-06	-5.299543e-06	-9.828555e-09	-3.883773e+01	-6.395657e+02
6.430000e-06	-5.347728e-06	-9.872770e-09	-3.919085e+01	-6.424700e+02
6.440000e-06	-5.395529e-06	-9.918294e-09	-3.954116e+01	-6.453089e+02
6.450000e-06	-5.442888e-06	-9.967381e-09	-3.988823e+01	-6.480830e+02
6.460000e-06	-5.489774e-06	-1.001755e-08	-4.023184e+01	-6.507936e+02
6.470000e-06	-5.536226e-06	-1.006564e-08	-4.057226e+01	-6.534423e+02
6.480000e-06	-5.582264e-06	-1.011072e-08	-4.090965e+01	-6.560308e+02
6.490000e-06	-5.627879e-06	-1.015002e-08	-4.124394e+01	-6.585609e+02
6.500000e-06	-5.673029e-06	-1.018342e-08	-4.157482e+01	-6.610337e+02
6.510000e-06	-5.717726e-06	-1.021416e-08	-4.190238e+01	-6.634505e+02
6.520000e-06	-5.761978e-06	-1.024643e-08	-4.222668e+01	-6.658118e+02
6.530000e-06	-5.805781e-06	-1.028205e-08	-4.254770e+01	-6.681183e+02
6.540000e-06	-5.849207e-06	-1.032286e-08	-4.286594e+01	-6.703705e+02
6.550000e-06	-5.892249e-06	-1.036726e-08	-4.318138e+01	-6.725693e+02
6.560000e-06	-5.934922e-06	-1.041088e-08	-4.349410e+01	-6.747161e+02
6.570000e-06	-5.977223e-06	-1.044833e-08	-4.380410e+01	-6.768127e+02
6.580000e-06	-6.019091e-06	-1.047927e-08	-4.411094e+01	-6.788617e+02
6.590000e-06	-6.060516e-06	-1.050610e-08	-4.441452e+01	-6.808662e+02
6.600000e-06	-6.101479e-06	-1.053195e-08	-4.471472e+01	-6.828293e+02
6.610000e-06	-6.142003e-06	-1.055466e-08	-4.501170e+01	-6.847542e+02
6.620000e-06	-6.182103e-06	-1.057770e-08	-4.530557e+01	-6.866436e+02
6.630000e-06	-6.221749e-06	-1.060614e-08	-4.559612e+01	-6.884994e+02
6.640000e-06	-6.260970e-06	-1.063986e-08	-4.588355e+01	-6.903222e+02
6.650000e-06	-6.299814e-06	-1.067370e-08	-4.616822e+01	-6.921117e+02
6.660000e-06	-6.338248e-06	-1.070450e-08	-4.644988e+01	-6.938664e+02
6.670000e-06	-6.376229e-06	-1.073360e-08	-4.672822e+01	-6.955839e+02
6.680000e-06	-6.413721e-06	-1.076091e-08	-4.700298e+01	-6.972613e+02
6.690000e-06	-6.450703e-06	-1.078347e-08	-4.727401e+01	-6.988959e+02
6.700000e-06	-6.487194e-06	-1.079981e-08	-4.754143e+01	-7.004855e+02
6.710000e-06	-6.523193e-06	-1.081491e-08	-4.780525e+01	-7.020289e+02
6.720000e-06	-6.558749e-06	-1.083397e-08	-4.806582e+01	-7.035264e+02
6.730000e-06	-6.593903e-06	-1.085582e-08	-4.832345e+01	-7.049797e+02
6.740000e-06	-6.628602e-06	-1.088003e-08	-4.857774e+01	-7.063919e+02
6.750000e-06	-6.662824e-06	-1.090650e-08	-4.882854e+01	-7.077675e+02
6.760000e-06	-6.696576e-06	-1.093149e-08	-4.907589e+01	-7.091113e+02
6.770000e-06	-6.729883e-06	-1.095389e-08	-4.931998e+01	-7.104284e+02
6.780000e-06	-6.762738e-06	-1.097193e-08	-4.956076e+01	-7.117236e+02
6.790000e-06	-6.795123e-06	-1.098819e-08	-4.979809e+01	-7.130002e+02
6.800000e-06	-6.827078e-06	-1.100262e-08	-5.003227e+01	-7.142606e+02
6.810000e-06	-6.858525e-06	-1.101769e-08	-5.026273e+01	-7.155052e+02
6.820000e-06	-6.889352e-06	-1.103366e-08	-5.048865e+01	-7.167331e+02
6.830000e-06	-6.919580e-06	-1.104900e-08	-5.071018e+01	-7.179421e+02
6.840000e-06	-6.949275e-06	-1.106574e-08	-5.092780e+01	-7.191293e+02
6.850000e-06	-6.978497e-06	-1.108666e-08	-5.114195e+01	-7.202913e+02
6.860000e-06	-7.007250e-06	-1.110944e-08	-5.135267e+01	-7.214252e+02
6.870000e-06	-7.035496e-06	-1.112940e-08	-5.155967e+01	-7.225289e+02
6.880000e-06	-7.063199e-06	-1.114624e-08	-5.176269e+01	-7.236010e+02
6.890000e-06	-7.090411e-06	-1.116041e-08	-5.196211e+01	-7.246418e+02
6.900000e-06	-7.117182e-06	-1.116874e-08	-5.215830e+01	-7.256523e+02
6.910000e-06	-7.143477e-06	-1.117347e-08	-5.235100e+01	-7.266344e+02
6.920000e-06	-7.169296e-06	-1.117863e-08	-5.254022e+01	-7.275906e+02
6.930000e-06	-7.194646e-06	-1.118806e-08	-5.272600e+01	-7.285229e+02
6.940000e-06	-7.219405e-06	-1.120238e-08	-5.290745e+01	-7.294330e+02
6.950000e-06	-7.243551e-06	-1.122190e-08	-5.308440e+01	-7.303217e+02
6.960000e-06	-7.267205e-06	-1.124408e-08	-5.325774e+01	-7.311885e+02
6.970000e-06	-7.290379e-06	-1.126202e-08	-5.342758e+01	-7.320320e+02
6.980000e-06	-7.313049e-06	-1.127551e-08	-5.359372e+01	-7.328503e+02
6.990000e-06	-7.335226e-06	-1.128478e-08	-5.375624e+01	-7.336407e+02
7.000000e-06	-7.356830e-06	-1.129142e-08	-5.391456e+01	-7.344011e+02
7.010000e-06	-7.377784e-06	-1.129308e-08	-5.406812e+01	-7.351297e+02
7.020000e-06	-7.398156e-06	-1.129492e-08	-5.421742e+01	-7.358259e+02
7.030000e-06	-7.417958e-06	-1.129996e-08	-5.436255e+01	-7.364903e+02
7.040000e-06	-7.437144e-06	-1.130961e-08	-5.450315e+01	-7.371251e+02
7.050000e-06	-7.455747e-06	-1.132361e-08	-5.463948e+01	-7.377331e+02
7.060000e-06	-7.473852e-06	-1.133843e-08	-5.477216e+01	-7.383182e+02
7.070000e-06	-7.491500e-06	-1.135047e-08	-5.490150e+01	-7.388843e+02
7.080000e-06	-7.508712e-06	-1.135888e-08	-5.502763e+01	-7.394347e+02
7.090000e-06	-7.525473e-06	-1.136172e-08	-5.515046e+01	-7.399718e+02
7.100000e-06	-7.541731e-06	-1.135903e-08	-5.526961e+01	-7.404966e+02
7.110000e-06	-7.557484e-06	-1.135613e-08	-5.538506e+01	-7.410087e+02
7.120000e-06	-7.572640e-06	-1.135900e-08	-5.549613e+01	-7.415059e+02
7.130000e-06	-7.587177e-06	-1.136813e-08	-5.560267e+01	-7.419851e+02
7.140000e-06	-7.601230e-06	-1.138058e-08	-5.570565e+01	-7.424428e+02
7.150000e-06	-7.614801e-06	-1.139338e-08	-5.580511e+01	-7.428753e+02
7.160000e-06	-7.627868e-06	-1.140165e-08	-5.590087e+01	-7.432799e+02
7.170000e-06	-7.640425e-06	-1.140780e-08	-5.599289e+01	-7.436553e+02
7.180000e-06	-7.652378e-06	-1.141179e-08	-5.608049e+01	-7.440019e+02
7.190000e-06	-7.663720e-06	-1.141251e-08	-5.616361e+01	-7.443220e+02
7.200000e-06	-7.674528e-06	-1.141031e-08	-5.624281e+01	-7.446193e+02
7.210000e-06	-7.684790e-06	-1.140925e-08	-5.631803e+01	-7.448989e+02
7.220000e-06	-7.694532e-06	-1.141044e-08	-5.638941e+01	-7.451662e+02
7.230000e-06	-7.703741e-06	-1.141296e-08	-5.645691e+01	-7.454262e+02
7.240000e-06	-7.712295e-06	-1.141521e-08	-5.651959e+01	-7.456829e+02
7.250000e-06	-7.720278e-06	-1.141849e-08	-5.657810e+01	-7.459384e+02
7.260000e-06	-7.727792e-06	-1.142506e-08	-5.663316e+01	-7.461927e+02
7.270000e-06	-7.734792e-06	-1.143178e-08	-5.668446e+01	-7.464437e+02
7.280000e-06	-7.741303e-06	-1.143541e-08	-5.673218e+01	-7.466872e+02
7.290000e-06	-7.747241e-06	-1.143444e-08	-5.677570e+01	-7.469180e+02
7.300000e-06	-7.752497e-06	-1.143072e-08	-5.681421e+01	-7.471303e+02
7.310000e-06	-7.757133e-06	-1.142873e-08	-5.684818e+01	-7.473187e+02
7.320000e-06	-7.761196e-06	-1.142821e-08	-5.687797e+01	-7.474791e+02
7.330000e-06	-7.764737e-06	-1.142818e-08	-5.690392e+01	-7.476092e+02
7.340000e-06	-7.767826e-06	-1.143136e-08	-5.692655e+01	-7.477091e+02
7.350000e-06	-7.770331e-06	-1.143787e-08	-5.694491e+01	-7.477808e+02
7.360000e-06	-7.772186e-06	-1.144408e-08	-5.695850e+01	-7.478285e+02
7.370000e-06	-7.773508e-06	-1.144500e-08	-5.696819e+01	-7.478571e+02
7.380000e-06	-7.774354e-06	-1.144150e-08	-5.697439e+01	-7.478720e+02
