# Temperatura_=_20.0
# Concentracion g/m^3_=_10000.0
# C_Vs_to_Am_M_A/Vsm_=_65563218390.804596
# pendiente_HvsI_1/m_=_3716.3
# ordenada_HvsI_A/m_=_1297.0
# frecuencia_Hz_=_135403.98585520362

Tiempo_(s)	Campo_(V.s)	Magnetizacion_(V.s)	Campo_(kA/m)	Magnetizacion_(A/m)
0.000000e+00	-7.830393e-06	-1.146130e-08	-5.697246e+01	-7.493384e+02
1.000000e-08	-7.830437e-06	-1.145936e-08	-5.697278e+01	-7.493369e+02
2.000000e-08	-7.829944e-06	-1.145760e-08	-5.696920e+01	-7.493160e+02
3.000000e-08	-7.828851e-06	-1.145588e-08	-5.696124e+01	-7.492775e+02
4.000000e-08	-7.827252e-06	-1.145408e-08	-5.694960e+01	-7.492237e+02
5.000000e-08	-7.825230e-06	-1.145236e-08	-5.693490e+01	-7.491566e+02
6.000000e-08	-7.822709e-06	-1.145065e-08	-5.691656e+01	-7.490784e+02
7.000000e-08	-7.819670e-06	-1.144980e-08	-5.689444e+01	-7.489909e+02
8.000000e-08	-7.816167e-06	-1.144998e-08	-5.686896e+01	-7.488951e+02
9.000000e-08	-7.812070e-06	-1.144111e-08	-5.683915e+01	-7.487915e+02
1.000000e-07	-7.807083e-06	-1.143348e-08	-5.680286e+01	-7.486796e+02
1.100000e-07	-7.800866e-06	-1.143569e-08	-5.675763e+01	-7.485583e+02
1.200000e-07	-7.793481e-06	-1.144332e-08	-5.670390e+01	-7.484255e+02
1.300000e-07	-7.785534e-06	-1.144414e-08	-5.664608e+01	-7.482790e+02
1.400000e-07	-7.777547e-06	-1.141688e-08	-5.658796e+01	-7.481157e+02
1.500000e-07	-7.769417e-06	-1.140797e-08	-5.652881e+01	-7.479329e+02
1.600000e-07	-7.760690e-06	-1.143638e-08	-5.646531e+01	-7.477281e+02
1.700000e-07	-7.751467e-06	-1.142242e-08	-5.639821e+01	-7.474992e+02
1.800000e-07	-7.742011e-06	-1.138336e-08	-5.632941e+01	-7.472449e+02
1.900000e-07	-7.731912e-06	-1.140086e-08	-5.625594e+01	-7.469649e+02
2.000000e-07	-7.721034e-06	-1.140653e-08	-5.617679e+01	-7.466598e+02
2.100000e-07	-7.709797e-06	-1.138236e-08	-5.609503e+01	-7.463309e+02
2.200000e-07	-7.698126e-06	-1.139902e-08	-5.601011e+01	-7.459802e+02
2.300000e-07	-7.685771e-06	-1.138500e-08	-5.592022e+01	-7.456101e+02
2.400000e-07	-7.672970e-06	-1.135352e-08	-5.582708e+01	-7.452231e+02
2.500000e-07	-7.659696e-06	-1.138316e-08	-5.573051e+01	-7.448211e+02
2.600000e-07	-7.645699e-06	-1.138798e-08	-5.562866e+01	-7.444055e+02
2.700000e-07	-7.631076e-06	-1.133854e-08	-5.552227e+01	-7.439768e+02
2.800000e-07	-7.615910e-06	-1.134425e-08	-5.541193e+01	-7.435345e+02
2.900000e-07	-7.600184e-06	-1.136717e-08	-5.529750e+01	-7.430771e+02
3.000000e-07	-7.584009e-06	-1.133188e-08	-5.517982e+01	-7.426021e+02
3.100000e-07	-7.567325e-06	-1.131987e-08	-5.505843e+01	-7.421065e+02
3.200000e-07	-7.549945e-06	-1.132870e-08	-5.493197e+01	-7.415870e+02
3.300000e-07	-7.532051e-06	-1.130650e-08	-5.480178e+01	-7.410406e+02
3.400000e-07	-7.513690e-06	-1.129863e-08	-5.466819e+01	-7.404647e+02
3.500000e-07	-7.494729e-06	-1.130207e-08	-5.453023e+01	-7.398578e+02
3.600000e-07	-7.475217e-06	-1.127384e-08	-5.438827e+01	-7.392192e+02
3.700000e-07	-7.455097e-06	-1.125650e-08	-5.424188e+01	-7.385496e+02
3.800000e-07	-7.434284e-06	-1.126574e-08	-5.409045e+01	-7.378510e+02
3.900000e-07	-7.412831e-06	-1.125791e-08	-5.393436e+01	-7.371257e+02
4.000000e-07	-7.390805e-06	-1.122973e-08	-5.377410e+01	-7.363771e+02
4.100000e-07	-7.368241e-06	-1.121931e-08	-5.360993e+01	-7.356082e+02
4.200000e-07	-7.345125e-06	-1.121655e-08	-5.344174e+01	-7.348219e+02
4.300000e-07	-7.321415e-06	-1.119525e-08	-5.326924e+01	-7.340201e+02
4.400000e-07	-7.297170e-06	-1.117682e-08	-5.309283e+01	-7.332037e+02
4.500000e-07	-7.272497e-06	-1.116503e-08	-5.291331e+01	-7.323723e+02
4.600000e-07	-7.247404e-06	-1.115179e-08	-5.273074e+01	-7.315244e+02
4.700000e-07	-7.221850e-06	-1.114623e-08	-5.254482e+01	-7.306573e+02
4.800000e-07	-7.195744e-06	-1.113706e-08	-5.235488e+01	-7.297676e+02
4.900000e-07	-7.169045e-06	-1.111310e-08	-5.216061e+01	-7.288519e+02
5.000000e-07	-7.141779e-06	-1.109667e-08	-5.196224e+01	-7.279067e+02
5.100000e-07	-7.114008e-06	-1.108412e-08	-5.176018e+01	-7.269295e+02
5.200000e-07	-7.085767e-06	-1.106527e-08	-5.155471e+01	-7.259186e+02
5.300000e-07	-7.056987e-06	-1.104509e-08	-5.134530e+01	-7.248739e+02
5.400000e-07	-7.027624e-06	-1.102637e-08	-5.113166e+01	-7.237964e+02
5.500000e-07	-6.997663e-06	-1.101303e-08	-5.091367e+01	-7.226882e+02
5.600000e-07	-6.967105e-06	-1.099913e-08	-5.069134e+01	-7.215525e+02
5.700000e-07	-6.935978e-06	-1.097877e-08	-5.046486e+01	-7.203927e+02
5.800000e-07	-6.904295e-06	-1.095626e-08	-5.023435e+01	-7.192121e+02
5.900000e-07	-6.872138e-06	-1.094058e-08	-5.000038e+01	-7.180134e+02
6.000000e-07	-6.839500e-06	-1.092339e-08	-4.976291e+01	-7.167982e+02
6.100000e-07	-6.806398e-06	-1.089860e-08	-4.952206e+01	-7.155667e+02
6.200000e-07	-6.772897e-06	-1.087689e-08	-4.927832e+01	-7.143177e+02
6.300000e-07	-6.738962e-06	-1.086259e-08	-4.903141e+01	-7.130487e+02
6.400000e-07	-6.704594e-06	-1.084631e-08	-4.878136e+01	-7.117559e+02
6.500000e-07	-6.669771e-06	-1.082366e-08	-4.852799e+01	-7.104350e+02
6.600000e-07	-6.634443e-06	-1.079586e-08	-4.827096e+01	-7.090817e+02
6.700000e-07	-6.598577e-06	-1.077082e-08	-4.801000e+01	-7.076918e+02
6.800000e-07	-6.562208e-06	-1.075158e-08	-4.774538e+01	-7.062625e+02
6.900000e-07	-6.525369e-06	-1.073012e-08	-4.747735e+01	-7.047921e+02
7.000000e-07	-6.488046e-06	-1.070557e-08	-4.720580e+01	-7.032806e+02
7.100000e-07	-6.450284e-06	-1.068259e-08	-4.693105e+01	-7.017293e+02
7.200000e-07	-6.412124e-06	-1.066190e-08	-4.665341e+01	-7.001413e+02
7.300000e-07	-6.373568e-06	-1.063755e-08	-4.637287e+01	-6.985203e+02
7.400000e-07	-6.334557e-06	-1.060836e-08	-4.608904e+01	-6.968707e+02
7.500000e-07	-6.295093e-06	-1.057688e-08	-4.580191e+01	-6.951967e+02
7.600000e-07	-6.255184e-06	-1.054873e-08	-4.551154e+01	-6.935018e+02
7.700000e-07	-6.214774e-06	-1.052256e-08	-4.521752e+01	-6.917885e+02
7.800000e-07	-6.173902e-06	-1.049635e-08	-4.492014e+01	-6.900576e+02
7.900000e-07	-6.132618e-06	-1.046851e-08	-4.461977e+01	-6.883081e+02
8.000000e-07	-6.090851e-06	-1.044169e-08	-4.431588e+01	-6.865375e+02
8.100000e-07	-6.048561e-06	-1.041575e-08	-4.400819e+01	-6.847419e+02
8.200000e-07	-6.005825e-06	-1.038816e-08	-4.369725e+01	-6.829164e+02
8.300000e-07	-5.962686e-06	-1.035710e-08	-4.338338e+01	-6.810556e+02
8.400000e-07	-5.919107e-06	-1.032395e-08	-4.306631e+01	-6.791543e+02
8.500000e-07	-5.875105e-06	-1.029364e-08	-4.274615e+01	-6.772079e+02
8.600000e-07	-5.830735e-06	-1.026140e-08	-4.242333e+01	-6.752131e+02
8.700000e-07	-5.786002e-06	-1.022514e-08	-4.209786e+01	-6.731680e+02
8.800000e-07	-5.740862e-06	-1.018997e-08	-4.176943e+01	-6.710723e+02
8.900000e-07	-5.695259e-06	-1.016049e-08	-4.143763e+01	-6.689275e+02
9.000000e-07	-5.649190e-06	-1.013059e-08	-4.110244e+01	-6.667365e+02
9.100000e-07	-5.602651e-06	-1.009553e-08	-4.076383e+01	-6.645029e+02
9.200000e-07	-5.555636e-06	-1.005602e-08	-4.042176e+01	-6.622312e+02
9.300000e-07	-5.508222e-06	-1.001865e-08	-4.007678e+01	-6.599258e+02
9.400000e-07	-5.460422e-06	-9.981270e-09	-3.972900e+01	-6.575903e+02
9.500000e-07	-5.412175e-06	-9.942713e-09	-3.937797e+01	-6.552276e+02
9.600000e-07	-5.363513e-06	-9.904425e-09	-3.902391e+01	-6.528392e+02
9.700000e-07	-5.314455e-06	-9.867976e-09	-3.866697e+01	-6.504250e+02
9.800000e-07	-5.265036e-06	-9.831849e-09	-3.830741e+01	-6.479833e+02
9.900000e-07	-5.215272e-06	-9.793220e-09	-3.794533e+01	-6.455111e+02
1.000000e-06	-5.165149e-06	-9.754020e-09	-3.758065e+01	-6.430042e+02
1.010000e-06	-5.114734e-06	-9.713520e-09	-3.721384e+01	-6.404576e+02
1.020000e-06	-5.064028e-06	-9.673580e-09	-3.684491e+01	-6.378663e+02
1.030000e-06	-5.012955e-06	-9.631439e-09	-3.647331e+01	-6.352250e+02
1.040000e-06	-4.961471e-06	-9.586495e-09	-3.609872e+01	-6.325295e+02
1.050000e-06	-4.909554e-06	-9.541809e-09	-3.572099e+01	-6.297764e+02
1.060000e-06	-4.857253e-06	-9.500114e-09	-3.534046e+01	-6.269635e+02
1.070000e-06	-4.804623e-06	-9.458156e-09	-3.495753e+01	-6.240899e+02
1.080000e-06	-4.751652e-06	-9.413108e-09	-3.457212e+01	-6.211562e+02
1.090000e-06	-4.698328e-06	-9.365763e-09	-3.418415e+01	-6.181640e+02
1.100000e-06	-4.644662e-06	-9.319328e-09	-3.379369e+01	-6.151157e+02
1.110000e-06	-4.590700e-06	-9.274503e-09	-3.340107e+01	-6.120143e+02
1.120000e-06	-4.536405e-06	-9.227489e-09	-3.300603e+01	-6.088628e+02
1.130000e-06	-4.481748e-06	-9.176925e-09	-3.260835e+01	-6.056640e+02
1.140000e-06	-4.426742e-06	-9.126333e-09	-3.220814e+01	-6.024199e+02
1.150000e-06	-4.371437e-06	-9.076518e-09	-3.180575e+01	-5.991317e+02
1.160000e-06	-4.315858e-06	-9.025977e-09	-3.140137e+01	-5.957995e+02
1.170000e-06	-4.259961e-06	-8.972370e-09	-3.099467e+01	-5.924222e+02
1.180000e-06	-4.203665e-06	-8.916912e-09	-3.058507e+01	-5.889979e+02
1.190000e-06	-4.146986e-06	-8.863872e-09	-3.017268e+01	-5.855237e+02
1.200000e-06	-4.089931e-06	-8.812565e-09	-2.975757e+01	-5.819963e+02
1.210000e-06	-4.032514e-06	-8.760816e-09	-2.933981e+01	-5.784125e+02
1.220000e-06	-3.974811e-06	-8.707319e-09	-2.891998e+01	-5.747690e+02
1.230000e-06	-3.916836e-06	-8.651878e-09	-2.849816e+01	-5.710632e+02
1.240000e-06	-3.858593e-06	-8.592773e-09	-2.807439e+01	-5.672932e+02
1.250000e-06	-3.800091e-06	-8.530896e-09	-2.764875e+01	-5.634582e+02
1.260000e-06	-3.741346e-06	-8.468063e-09	-2.722133e+01	-5.595581e+02
1.270000e-06	-3.682371e-06	-8.405842e-09	-2.679223e+01	-5.555936e+02
1.280000e-06	-3.623207e-06	-8.344489e-09	-2.636177e+01	-5.515658e+02
1.290000e-06	-3.563828e-06	-8.283920e-09	-2.592974e+01	-5.474763e+02
1.300000e-06	-3.504178e-06	-8.224469e-09	-2.549574e+01	-5.433263e+02
1.310000e-06	-3.444270e-06	-8.163523e-09	-2.505986e+01	-5.391165e+02
1.320000e-06	-3.384120e-06	-8.097837e-09	-2.462222e+01	-5.348469e+02
1.330000e-06	-3.323705e-06	-8.027573e-09	-2.418265e+01	-5.305163e+02
1.340000e-06	-3.263008e-06	-7.956222e-09	-2.374103e+01	-5.261227e+02
1.350000e-06	-3.202034e-06	-7.885851e-09	-2.329739e+01	-5.216630e+02
1.360000e-06	-3.140782e-06	-7.816787e-09	-2.285174e+01	-5.171331e+02
1.370000e-06	-3.079304e-06	-7.747451e-09	-2.240443e+01	-5.125287e+02
1.380000e-06	-3.017633e-06	-7.676896e-09	-2.195573e+01	-5.078453e+02
1.390000e-06	-2.955753e-06	-7.605970e-09	-2.150550e+01	-5.030785e+02
1.400000e-06	-2.893692e-06	-7.533076e-09	-2.105396e+01	-4.982247e+02
1.410000e-06	-2.831471e-06	-7.456560e-09	-2.060125e+01	-4.932813e+02
1.420000e-06	-2.769040e-06	-7.377248e-09	-2.014701e+01	-4.882464e+02
1.430000e-06	-2.706381e-06	-7.297378e-09	-1.969112e+01	-4.831196e+02
1.440000e-06	-2.643511e-06	-7.215767e-09	-1.923369e+01	-4.779011e+02
1.450000e-06	-2.580441e-06	-7.135193e-09	-1.877480e+01	-4.725920e+02
1.460000e-06	-2.517201e-06	-7.053922e-09	-1.831468e+01	-4.671933e+02
1.470000e-06	-2.453820e-06	-6.974180e-09	-1.785353e+01	-4.617064e+02
1.480000e-06	-2.390267e-06	-6.894111e-09	-1.739113e+01	-4.561318e+02
1.490000e-06	-2.326530e-06	-6.811020e-09	-1.692739e+01	-4.504692e+02
1.500000e-06	-2.262627e-06	-6.726132e-09	-1.646245e+01	-4.447172e+02
1.510000e-06	-2.198552e-06	-6.635378e-09	-1.599625e+01	-4.388734e+02
1.520000e-06	-2.134312e-06	-6.540459e-09	-1.552885e+01	-4.329339e+02
1.530000e-06	-2.069945e-06	-6.441868e-09	-1.506053e+01	-4.268940e+02
1.540000e-06	-2.005451e-06	-6.347107e-09	-1.459129e+01	-4.207482e+02
1.550000e-06	-1.940809e-06	-6.255210e-09	-1.412096e+01	-4.144909e+02
1.560000e-06	-1.876012e-06	-6.163082e-09	-1.364951e+01	-4.081163e+02
1.570000e-06	-1.811076e-06	-6.068767e-09	-1.317704e+01	-4.016193e+02
1.580000e-06	-1.746053e-06	-5.971025e-09	-1.270395e+01	-3.949953e+02
1.590000e-06	-1.680900e-06	-5.867828e-09	-1.222991e+01	-3.882408e+02
1.600000e-06	-1.615614e-06	-5.757960e-09	-1.175490e+01	-3.813531e+02
1.610000e-06	-1.550235e-06	-5.644127e-09	-1.127922e+01	-3.743304e+02
1.620000e-06	-1.484740e-06	-5.527242e-09	-1.080269e+01	-3.671717e+02
1.630000e-06	-1.419127e-06	-5.412382e-09	-1.032530e+01	-3.598764e+02
1.640000e-06	-1.353405e-06	-5.299404e-09	-9.847117e+00	-3.524441e+02
1.650000e-06	-1.287585e-06	-5.189536e-09	-9.368223e+00	-3.448742e+02
1.660000e-06	-1.221690e-06	-5.077508e-09	-8.888789e+00	-3.371657e+02
1.670000e-06	-1.155724e-06	-4.960490e-09	-8.408833e+00	-3.293171e+02
1.680000e-06	-1.089687e-06	-4.838804e-09	-7.928355e+00	-3.213264e+02
1.690000e-06	-1.023582e-06	-4.710640e-09	-7.447392e+00	-3.131908e+02
1.700000e-06	-9.573945e-07	-4.579688e-09	-6.965821e+00	-3.049070e+02
1.710000e-06	-8.911047e-07	-4.446494e-09	-6.483510e+00	-2.964711e+02
1.720000e-06	-8.247440e-07	-4.314254e-09	-6.000681e+00	-2.878793e+02
1.730000e-06	-7.583245e-07	-4.182440e-09	-5.517426e+00	-2.791273e+02
1.740000e-06	-6.918243e-07	-4.049478e-09	-5.033583e+00	-2.702110e+02
1.750000e-06	-6.252931e-07	-3.912880e-09	-4.549515e+00	-2.611261e+02
1.760000e-06	-5.587186e-07	-3.769133e-09	-4.065131e+00	-2.518684e+02
1.770000e-06	-4.920734e-07	-3.620084e-09	-3.580233e+00	-2.424336e+02
1.780000e-06	-4.254208e-07	-3.469392e-09	-3.095281e+00	-2.328174e+02
1.790000e-06	-3.587909e-07	-3.317461e-09	-2.610495e+00	-2.230151e+02
1.800000e-06	-2.921736e-07	-3.164093e-09	-2.125800e+00	-2.130217e+02
1.810000e-06	-2.255498e-07	-3.008970e-09	-1.641058e+00	-2.028318e+02
1.820000e-06	-1.589141e-07	-2.851522e-09	-1.156229e+00	-1.924396e+02
1.830000e-06	-9.227620e-08	-2.689266e-09	-6.713842e-01	-1.818389e+02
1.840000e-06	-2.564107e-08	-2.522524e-09	-1.865596e-01	-1.710236e+02
1.850000e-06	4.099575e-08	-2.353049e-09	2.982773e-01	-1.599873e+02
1.860000e-06	1.076867e-07	-2.181820e-09	7.835083e-01	-1.487239e+02
1.870000e-06	1.744156e-07	-2.008506e-09	1.269015e+00	-1.372277e+02
1.880000e-06	2.411147e-07	-1.832168e-09	1.754305e+00	-1.254937e+02
1.890000e-06	3.077844e-07	-1.650994e-09	2.239381e+00	-1.135178e+02
1.900000e-06	3.744258e-07	-1.464666e-09	2.724252e+00	-1.012969e+02
1.910000e-06	4.410350e-07	-1.277510e-09	3.208887e+00	-8.882897e+01
1.920000e-06	5.076000e-07	-1.088187e-09	3.693201e+00	-7.611347e+01
1.930000e-06	5.741299e-07	-8.970999e-10	4.177261e+00	-6.315112e+01
1.940000e-06	6.406094e-07	-6.985779e-10	4.660953e+00	-4.994423e+01
1.950000e-06	7.070318e-07	-4.963841e-10	5.144230e+00	-3.649679e+01
1.960000e-06	7.734078e-07	-2.896162e-10	5.627169e+00	-2.281472e+01
1.970000e-06	8.397518e-07	-7.721680e-11	6.109876e+00	-8.906070e+00
1.980000e-06	9.060709e-07	1.397887e-10	6.592401e+00	5.218662e+00
1.990000e-06	9.723286e-07	3.628073e-10	7.074479e+00	1.954627e+01
2.000000e-06	1.038510e-06	5.837265e-10	7.556002e+00	3.406058e+01
2.010000e-06	1.104632e-06	8.018842e-10	8.037091e+00	4.874224e+01
2.020000e-06	1.170660e-06	1.018577e-09	8.517504e+00	6.356867e+01
2.030000e-06	1.236591e-06	1.238717e-09	8.997202e+00	7.851406e+01
2.040000e-06	1.302465e-06	1.466145e-09	9.476492e+00	9.354964e+01
2.050000e-06	1.368227e-06	1.700238e-09	9.954961e+00	1.086440e+02
2.060000e-06	1.433845e-06	1.935287e-09	1.043239e+01	1.237637e+02
2.070000e-06	1.499329e-06	2.169801e-09	1.090884e+01	1.388739e+02
2.080000e-06	1.564675e-06	2.404008e-09	1.138428e+01	1.539392e+02
2.090000e-06	1.629915e-06	2.632833e-09	1.185895e+01	1.689242e+02
2.100000e-06	1.695069e-06	2.850158e-09	1.233301e+01	1.837945e+02
2.110000e-06	1.760108e-06	3.062651e-09	1.280621e+01	1.985176e+02
2.120000e-06	1.825026e-06	3.276560e-09	1.327855e+01	2.130629e+02
2.130000e-06	1.889844e-06	3.493402e-09	1.375015e+01	2.274026e+02
2.140000e-06	1.954543e-06	3.710128e-09	1.422089e+01	2.415121e+02
2.150000e-06	2.019084e-06	3.923457e-09	1.469047e+01	2.553695e+02
2.160000e-06	2.083453e-06	4.133771e-09	1.515881e+01	2.689564e+02
2.170000e-06	2.147685e-06	4.338077e-09	1.562615e+01	2.822571e+02
2.180000e-06	2.211806e-06	4.533178e-09	1.609268e+01	2.952587e+02
2.190000e-06	2.275769e-06	4.718100e-09	1.655807e+01	3.079511e+02
2.200000e-06	2.339537e-06	4.898346e-09	1.702203e+01	3.203263e+02
2.210000e-06	2.403091e-06	5.077796e-09	1.748444e+01	3.323787e+02
2.220000e-06	2.466431e-06	5.253896e-09	1.794528e+01	3.441045e+02
2.230000e-06	2.529617e-06	5.423185e-09	1.840502e+01	3.555020e+02
2.240000e-06	2.592665e-06	5.590426e-09	1.886374e+01	3.665711e+02
2.250000e-06	2.655549e-06	5.758138e-09	1.932127e+01	3.773134e+02
2.260000e-06	2.718238e-06	5.923916e-09	1.977739e+01	3.877321e+02
2.270000e-06	2.780708e-06	6.081947e-09	2.023191e+01	3.978316e+02
2.280000e-06	2.842968e-06	6.231335e-09	2.068490e+01	4.076176e+02
2.290000e-06	2.905061e-06	6.374629e-09	2.113668e+01	4.170967e+02
2.300000e-06	2.966964e-06	6.511052e-09	2.158707e+01	4.262763e+02
2.310000e-06	3.028613e-06	6.639065e-09	2.203562e+01	4.351640e+02
2.320000e-06	3.090009e-06	6.760769e-09	2.248232e+01	4.437677e+02
2.330000e-06	3.151173e-06	6.881990e-09	2.292734e+01	4.520955e+02
2.340000e-06	3.212126e-06	7.005113e-09	2.337082e+01	4.601552e+02
2.350000e-06	3.272784e-06	7.127379e-09	2.381216e+01	4.679542e+02
2.360000e-06	3.333100e-06	7.244035e-09	2.425101e+01	4.755003e+02
2.370000e-06	3.393191e-06	7.354534e-09	2.468822e+01	4.828009e+02
2.380000e-06	3.453083e-06	7.460130e-09	2.512398e+01	4.898635e+02
2.390000e-06	3.512754e-06	7.559556e-09	2.555814e+01	4.966962e+02
2.400000e-06	3.572235e-06	7.655111e-09	2.599091e+01	5.033073e+02
2.410000e-06	3.631483e-06	7.747014e-09	2.642198e+01	5.097056e+02
2.420000e-06	3.690476e-06	7.838962e-09	2.685121e+01	5.159008e+02
2.430000e-06	3.749217e-06	7.933020e-09	2.727860e+01	5.219026e+02
2.440000e-06	3.807671e-06	8.023798e-09	2.770390e+01	5.277216e+02
2.450000e-06	3.865868e-06	8.111597e-09	2.812733e+01	5.333680e+02
2.460000e-06	3.923791e-06	8.194835e-09	2.854876e+01	5.388521e+02
2.470000e-06	3.981352e-06	8.278866e-09	2.896757e+01	5.441837e+02
2.480000e-06	4.038559e-06	8.361092e-09	2.938379e+01	5.493716e+02
2.490000e-06	4.095507e-06	8.438443e-09	2.979814e+01	5.544239e+02
2.500000e-06	4.152230e-06	8.512525e-09	3.021084e+01	5.593473e+02
2.510000e-06	4.208612e-06	8.584142e-09	3.062106e+01	5.641474e+02
2.520000e-06	4.264614e-06	8.655162e-09	3.102852e+01	5.688288e+02
2.530000e-06	4.320301e-06	8.721905e-09	3.143370e+01	5.733951e+02
2.540000e-06	4.375687e-06	8.786564e-09	3.183667e+01	5.778492e+02
2.550000e-06	4.430751e-06	8.852706e-09	3.223731e+01	5.821934e+02
2.560000e-06	4.485515e-06	8.920990e-09	3.263576e+01	5.864300e+02
2.570000e-06	4.539932e-06	8.989548e-09	3.303168e+01	5.905614e+02
2.580000e-06	4.593935e-06	9.051321e-09	3.342461e+01	5.945901e+02
2.590000e-06	4.647601e-06	9.105412e-09	3.381506e+01	5.985188e+02
2.600000e-06	4.700976e-06	9.157721e-09	3.420341e+01	6.023507e+02
2.610000e-06	4.754026e-06	9.208499e-09	3.458940e+01	6.060892e+02
2.620000e-06	4.806707e-06	9.258406e-09	3.497269e+01	6.097374e+02
2.630000e-06	4.858985e-06	9.307513e-09	3.535305e+01	6.132990e+02
2.640000e-06	4.910907e-06	9.359082e-09	3.573083e+01	6.167769e+02
2.650000e-06	4.962538e-06	9.413134e-09	3.610649e+01	6.201742e+02
2.660000e-06	5.013862e-06	9.464756e-09	3.647991e+01	6.234932e+02
2.670000e-06	5.064829e-06	9.513304e-09	3.685074e+01	6.267363e+02
2.680000e-06	5.115408e-06	9.560034e-09	3.721875e+01	6.299053e+02
2.690000e-06	5.165673e-06	9.603832e-09	3.758446e+01	6.330021e+02
2.700000e-06	5.215644e-06	9.645401e-09	3.794804e+01	6.360285e+02
2.710000e-06	5.265235e-06	9.684314e-09	3.830885e+01	6.389862e+02
2.720000e-06	5.314374e-06	9.722371e-09	3.866638e+01	6.418774e+02
2.730000e-06	5.363092e-06	9.760695e-09	3.902084e+01	6.447045e+02
2.740000e-06	5.411466e-06	9.800732e-09	3.937281e+01	6.474698e+02
2.750000e-06	5.459455e-06	9.842537e-09	3.972196e+01	6.501762e+02
2.760000e-06	5.507032e-06	9.884152e-09	4.006812e+01	6.528261e+02
2.770000e-06	5.554192e-06	9.925505e-09	4.041125e+01	6.554222e+02
2.780000e-06	5.600926e-06	9.963759e-09	4.075128e+01	6.579666e+02
2.790000e-06	5.647262e-06	9.996890e-09	4.108842e+01	6.604610e+02
2.800000e-06	5.693159e-06	1.002751e-08	4.142235e+01	6.629067e+02
2.810000e-06	5.738594e-06	1.005941e-08	4.175293e+01	6.653044e+02
2.820000e-06	5.783629e-06	1.009277e-08	4.208059e+01	6.676542e+02
2.830000e-06	5.828219e-06	1.012729e-08	4.240502e+01	6.699562e+02
2.840000e-06	5.872364e-06	1.016121e-08	4.272622e+01	6.722100e+02
2.850000e-06	5.916158e-06	1.019591e-08	4.304485e+01	6.744153e+02
2.860000e-06	5.959578e-06	1.022885e-08	4.336076e+01	6.765721e+02
2.870000e-06	6.002522e-06	1.025801e-08	4.367321e+01	6.786808e+02
2.880000e-06	6.044970e-06	1.028557e-08	4.398206e+01	6.807419e+02
2.890000e-06	6.087018e-06	1.031541e-08	4.428799e+01	6.827568e+02
2.900000e-06	6.128637e-06	1.034713e-08	4.459081e+01	6.847270e+02
2.910000e-06	6.169779e-06	1.037596e-08	4.489015e+01	6.866542e+02
2.920000e-06	6.210511e-06	1.040053e-08	4.518651e+01	6.885402e+02
2.930000e-06	6.250823e-06	1.042590e-08	4.547981e+01	6.903867e+02
2.940000e-06	6.290699e-06	1.045408e-08	4.576994e+01	6.921950e+02
2.950000e-06	6.330089e-06	1.048292e-08	4.605653e+01	6.939659e+02
2.960000e-06	6.368981e-06	1.051206e-08	4.633950e+01	6.956997e+02
2.970000e-06	6.407428e-06	1.053952e-08	4.661924e+01	6.973961e+02
2.980000e-06	6.445384e-06	1.056558e-08	4.689540e+01	6.990545e+02
2.990000e-06	6.482881e-06	1.058993e-08	4.716822e+01	7.006739e+02
3.000000e-06	6.519994e-06	1.061126e-08	4.743824e+01	7.022532e+02
3.010000e-06	6.556656e-06	1.063179e-08	4.770499e+01	7.037916e+02
3.020000e-06	6.592785e-06	1.065299e-08	4.796786e+01	7.052888e+02
3.030000e-06	6.628428e-06	1.067478e-08	4.822719e+01	7.067446e+02
3.040000e-06	6.663588e-06	1.069807e-08	4.848301e+01	7.081601e+02
3.050000e-06	6.698288e-06	1.072205e-08	4.873548e+01	7.095364e+02
3.060000e-06	6.732564e-06	1.074443e-08	4.898486e+01	7.108758e+02
3.070000e-06	6.766453e-06	1.076513e-08	4.923143e+01	7.121808e+02
3.080000e-06	6.799915e-06	1.078314e-08	4.947490e+01	7.134542e+02
3.090000e-06	6.832861e-06	1.079851e-08	4.971461e+01	7.146989e+02
3.100000e-06	6.865330e-06	1.081595e-08	4.995084e+01	7.159177e+02
3.110000e-06	6.897314e-06	1.083712e-08	5.018356e+01	7.171130e+02
3.120000e-06	6.928801e-06	1.086040e-08	5.041265e+01	7.182870e+02
3.130000e-06	6.959807e-06	1.088140e-08	5.063824e+01	7.194411e+02
3.140000e-06	6.990319e-06	1.089991e-08	5.086024e+01	7.205763e+02
3.150000e-06	7.020217e-06	1.091750e-08	5.107777e+01	7.216929e+02
3.160000e-06	7.049502e-06	1.093479e-08	5.129085e+01	7.227911e+02
3.170000e-06	7.078237e-06	1.095017e-08	5.149992e+01	7.238705e+02
3.180000e-06	7.106448e-06	1.096320e-08	5.170518e+01	7.249305e+02
3.190000e-06	7.134209e-06	1.097950e-08	5.190716e+01	7.259705e+02
3.200000e-06	7.161538e-06	1.099959e-08	5.210600e+01	7.269896e+02
3.210000e-06	7.188355e-06	1.101850e-08	5.230112e+01	7.279870e+02
3.220000e-06	7.214632e-06	1.103363e-08	5.249230e+01	7.289619e+02
3.230000e-06	7.240416e-06	1.104834e-08	5.267990e+01	7.299133e+02
3.240000e-06	7.265675e-06	1.106472e-08	5.286368e+01	7.308403e+02
3.250000e-06	7.290419e-06	1.107902e-08	5.304371e+01	7.317419e+02
3.260000e-06	7.314720e-06	1.109048e-08	5.322052e+01	7.326171e+02
3.270000e-06	7.338543e-06	1.110345e-08	5.339385e+01	7.334649e+02
3.280000e-06	7.361788e-06	1.111918e-08	5.356298e+01	7.342846e+02
3.290000e-06	7.384456e-06	1.113559e-08	5.372791e+01	7.350756e+02
3.300000e-06	7.406574e-06	1.115144e-08	5.388883e+01	7.358376e+02
3.310000e-06	7.428160e-06	1.116282e-08	5.404589e+01	7.365709e+02
3.320000e-06	7.449194e-06	1.117150e-08	5.419893e+01	7.372761e+02
3.330000e-06	7.469604e-06	1.118040e-08	5.434743e+01	7.379544e+02
3.340000e-06	7.489369e-06	1.118978e-08	5.449123e+01	7.386075e+02
3.350000e-06	7.508542e-06	1.120050e-08	5.463074e+01	7.392374e+02
3.360000e-06	7.527188e-06	1.121366e-08	5.476640e+01	7.398462e+02
3.370000e-06	7.545344e-06	1.122901e-08	5.489850e+01	7.404361e+02
3.380000e-06	7.563018e-06	1.124250e-08	5.502709e+01	7.410092e+02
3.390000e-06	7.580161e-06	1.125246e-08	5.515182e+01	7.415671e+02
3.400000e-06	7.596722e-06	1.125890e-08	5.527232e+01	7.421108e+02
3.410000e-06	7.612725e-06	1.126484e-08	5.538875e+01	7.426407e+02
3.420000e-06	7.628182e-06	1.127095e-08	5.550121e+01	7.431565e+02
3.430000e-06	7.643107e-06	1.127848e-08	5.560981e+01	7.436573e+02
3.440000e-06	7.657577e-06	1.128809e-08	5.571508e+01	7.441416e+02
3.450000e-06	7.671530e-06	1.130089e-08	5.581661e+01	7.446075e+02
3.460000e-06	7.684869e-06	1.131276e-08	5.591366e+01	7.450533e+02
3.470000e-06	7.697621e-06	1.131829e-08	5.600644e+01	7.454771e+02
3.480000e-06	7.709867e-06	1.132160e-08	5.609554e+01	7.458775e+02
3.490000e-06	7.721637e-06	1.132688e-08	5.618117e+01	7.462536e+02
3.500000e-06	7.732887e-06	1.133499e-08	5.626303e+01	7.466051e+02
3.510000e-06	7.743559e-06	1.134353e-08	5.634067e+01	7.469325e+02
3.520000e-06	7.753634e-06	1.134967e-08	5.641398e+01	7.472369e+02
3.530000e-06	7.763126e-06	1.135454e-08	5.648304e+01	7.475200e+02
3.540000e-06	7.772074e-06	1.135882e-08	5.654814e+01	7.477836e+02
3.550000e-06	7.780502e-06	1.136100e-08	5.660946e+01	7.480300e+02
3.560000e-06	7.788414e-06	1.136290e-08	5.666703e+01	7.482612e+02
3.570000e-06	7.795844e-06	1.136839e-08	5.672109e+01	7.484790e+02
3.580000e-06	7.802711e-06	1.137871e-08	5.677105e+01	7.486848e+02
3.590000e-06	7.808977e-06	1.138768e-08	5.681664e+01	7.488792e+02
3.600000e-06	7.814702e-06	1.139426e-08	5.685830e+01	7.490623e+02
3.610000e-06	7.819874e-06	1.139754e-08	5.689592e+01	7.492336e+02
3.620000e-06	7.824437e-06	1.140052e-08	5.692913e+01	7.493920e+02
3.630000e-06	7.828308e-06	1.140153e-08	5.695729e+01	7.495360e+02
3.640000e-06	7.831551e-06	1.140205e-08	5.698089e+01	7.496638e+02
3.650000e-06	7.834300e-06	1.140310e-08	5.700089e+01	7.497737e+02
3.660000e-06	7.836516e-06	1.140290e-08	5.701701e+01	7.498640e+02
3.670000e-06	7.838201e-06	1.140514e-08	5.702927e+01	7.499336e+02
3.680000e-06	7.839351e-06	1.140664e-08	5.703764e+01	7.499816e+02
3.690000e-06	7.839882e-06	1.140884e-08	5.704150e+01	7.500080e+02
3.700000e-06	7.839851e-06	1.141160e-08	5.704128e+01	7.500133e+02
3.710000e-06	7.839302e-06	1.141324e-08	5.703728e+01	7.499987e+02
3.720000e-06	7.838232e-06	1.141451e-08	5.702950e+01	7.499659e+02
3.730000e-06	7.836720e-06	1.141513e-08	5.701850e+01	7.499169e+02
3.740000e-06	7.834748e-06	1.141233e-08	5.700415e+01	7.498541e+02
3.750000e-06	7.832212e-06	1.140750e-08	5.698569e+01	7.497794e+02
3.760000e-06	7.829144e-06	1.140290e-08	5.696338e+01	7.496948e+02
3.770000e-06	7.825643e-06	1.140101e-08	5.693790e+01	7.496017e+02
3.780000e-06	7.821651e-06	1.141016e-08	5.690886e+01	7.495007e+02
3.790000e-06	7.816852e-06	1.141213e-08	5.687394e+01	7.493917e+02
3.800000e-06	7.810731e-06	1.140296e-08	5.682940e+01	7.492737e+02
3.810000e-06	7.803292e-06	1.139845e-08	5.677528e+01	7.491451e+02
3.820000e-06	7.795397e-06	1.141342e-08	5.671784e+01	7.490034e+02
3.830000e-06	7.787812e-06	1.143401e-08	5.666265e+01	7.488460e+02
3.840000e-06	7.780082e-06	1.139052e-08	5.660641e+01	7.486701e+02
3.850000e-06	7.771365e-06	1.137810e-08	5.654298e+01	7.484729e+02
3.860000e-06	7.762083e-06	1.141701e-08	5.647545e+01	7.482522e+02
3.870000e-06	7.752810e-06	1.140901e-08	5.640798e+01	7.480065e+02
3.880000e-06	7.742947e-06	1.138533e-08	5.633622e+01	7.477351e+02
3.890000e-06	7.732177e-06	1.138920e-08	5.625786e+01	7.474382e+02
3.900000e-06	7.721049e-06	1.138971e-08	5.617690e+01	7.471170e+02
3.910000e-06	7.709517e-06	1.137817e-08	5.609299e+01	7.467734e+02
3.920000e-06	7.697203e-06	1.139659e-08	5.600339e+01	7.464095e+02
3.930000e-06	7.684355e-06	1.137930e-08	5.590992e+01	7.460279e+02
3.940000e-06	7.671040e-06	1.132876e-08	5.581304e+01	7.456307e+02
3.950000e-06	7.657057e-06	1.135991e-08	5.571130e+01	7.452195e+02
3.960000e-06	7.642583e-06	1.137692e-08	5.560599e+01	7.447952e+02
3.970000e-06	7.627558e-06	1.131168e-08	5.549667e+01	7.443577e+02
3.980000e-06	7.611769e-06	1.131791e-08	5.538180e+01	7.439055e+02
3.990000e-06	7.595518e-06	1.135516e-08	5.526356e+01	7.434367e+02
4.000000e-06	7.578922e-06	1.132805e-08	5.514281e+01	7.429483e+02
4.010000e-06	7.561723e-06	1.131527e-08	5.501767e+01	7.424372e+02
4.020000e-06	7.544012e-06	1.132131e-08	5.488881e+01	7.419001e+02
4.030000e-06	7.525858e-06	1.129159e-08	5.475672e+01	7.413343e+02
4.040000e-06	7.507099e-06	1.127882e-08	5.462024e+01	7.407378e+02
4.050000e-06	7.487772e-06	1.128826e-08	5.447962e+01	7.401097e+02
4.060000e-06	7.467902e-06	1.126757e-08	5.433504e+01	7.394504e+02
4.070000e-06	7.447451e-06	1.124762e-08	5.418625e+01	7.387612e+02
4.080000e-06	7.426417e-06	1.125470e-08	5.403321e+01	7.380445e+02
4.090000e-06	7.404687e-06	1.125901e-08	5.387510e+01	7.373033e+02
4.100000e-06	7.382212e-06	1.123360e-08	5.371158e+01	7.365408e+02
4.110000e-06	7.359176e-06	1.121743e-08	5.354398e+01	7.357600e+02
4.120000e-06	7.335726e-06	1.122343e-08	5.337336e+01	7.349633e+02
4.130000e-06	7.311843e-06	1.120194e-08	5.319959e+01	7.341517e+02
4.140000e-06	7.287455e-06	1.117613e-08	5.302215e+01	7.333255e+02
4.150000e-06	7.262491e-06	1.116659e-08	5.284052e+01	7.324834e+02
4.160000e-06	7.236977e-06	1.115118e-08	5.265488e+01	7.316230e+02
4.170000e-06	7.210942e-06	1.114734e-08	5.246545e+01	7.307413e+02
4.180000e-06	7.184430e-06	1.114497e-08	5.227256e+01	7.298346e+02
4.190000e-06	7.157454e-06	1.112252e-08	5.207628e+01	7.288996e+02
4.200000e-06	7.129940e-06	1.110861e-08	5.187610e+01	7.279333e+02
4.210000e-06	7.101857e-06	1.109843e-08	5.167177e+01	7.269338e+02
4.220000e-06	7.073183e-06	1.108245e-08	5.146314e+01	7.259003e+02
4.230000e-06	7.043949e-06	1.106297e-08	5.125044e+01	7.248335e+02
4.240000e-06	7.014184e-06	1.103669e-08	5.103388e+01	7.237353e+02
4.250000e-06	6.983817e-06	1.102571e-08	5.081294e+01	7.226084e+02
4.260000e-06	6.952867e-06	1.102175e-08	5.058775e+01	7.214563e+02
4.270000e-06	6.921442e-06	1.100086e-08	5.035911e+01	7.202823e+02
4.280000e-06	6.889566e-06	1.097494e-08	5.012718e+01	7.190894e+02
4.290000e-06	6.857235e-06	1.096128e-08	4.989194e+01	7.178796e+02
4.300000e-06	6.824459e-06	1.095228e-08	4.965348e+01	7.166536e+02
4.310000e-06	6.791238e-06	1.093119e-08	4.941176e+01	7.154107e+02
4.320000e-06	6.757505e-06	1.090446e-08	4.916633e+01	7.141487e+02
4.330000e-06	6.723213e-06	1.088336e-08	4.891683e+01	7.128643e+02
4.340000e-06	6.688400e-06	1.086662e-08	4.866354e+01	7.115533e+02
4.350000e-06	6.653084e-06	1.084872e-08	4.840658e+01	7.102113e+02
4.360000e-06	6.617281e-06	1.082468e-08	4.814609e+01	7.088340e+02
4.370000e-06	6.581044e-06	1.080539e-08	4.788243e+01	7.074181e+02
4.380000e-06	6.544352e-06	1.079192e-08	4.761547e+01	7.059615e+02
4.390000e-06	6.507149e-06	1.077155e-08	4.734479e+01	7.044636e+02
4.400000e-06	6.469466e-06	1.074446e-08	4.707061e+01	7.029254e+02
4.410000e-06	6.431390e-06	1.071637e-08	4.679358e+01	7.013492e+02
4.420000e-06	6.392906e-06	1.069118e-08	4.651358e+01	6.997387e+02
4.430000e-06	6.353978e-06	1.066910e-08	4.623034e+01	6.980982e+02
4.440000e-06	6.314627e-06	1.064529e-08	4.594404e+01	6.964319e+02
4.450000e-06	6.274837e-06	1.062189e-08	4.565453e+01	6.947437e+02
4.460000e-06	6.234566e-06	1.059867e-08	4.536153e+01	6.930364e+02
4.470000e-06	6.193788e-06	1.057429e-08	4.506483e+01	6.913113e+02
4.480000e-06	6.152535e-06	1.054908e-08	4.476469e+01	6.895682e+02
4.490000e-06	6.110805e-06	1.052096e-08	4.446106e+01	6.878051e+02
4.500000e-06	6.068639e-06	1.049190e-08	4.415427e+01	6.860183e+02
4.510000e-06	6.026079e-06	1.046308e-08	4.384461e+01	6.842034e+02
4.520000e-06	5.983076e-06	1.043561e-08	4.353173e+01	6.823550e+02
4.530000e-06	5.939632e-06	1.040814e-08	4.321564e+01	6.804678e+02
4.540000e-06	5.895788e-06	1.038200e-08	4.289664e+01	6.785369e+02
4.550000e-06	5.851571e-06	1.035757e-08	4.257493e+01	6.765585e+02
4.560000e-06	5.806956e-06	1.033111e-08	4.225031e+01	6.745302e+02
4.570000e-06	5.761900e-06	1.030325e-08	4.192249e+01	6.724514e+02
4.580000e-06	5.716420e-06	1.027037e-08	4.159159e+01	6.703227e+02
4.590000e-06	5.670536e-06	1.023539e-08	4.125775e+01	6.681467e+02
4.600000e-06	5.624186e-06	1.020050e-08	4.092052e+01	6.659269e+02
4.610000e-06	5.577318e-06	1.016412e-08	4.057952e+01	6.636674e+02
4.620000e-06	5.529958e-06	1.012836e-08	4.023493e+01	6.613728e+02
4.630000e-06	5.482165e-06	1.009517e-08	3.988720e+01	6.590469e+02
4.640000e-06	5.433944e-06	1.006471e-08	3.953635e+01	6.566931e+02
4.650000e-06	5.385301e-06	1.003124e-08	3.918244e+01	6.543132e+02
4.660000e-06	5.336327e-06	9.995989e-09	3.882611e+01	6.519077e+02
4.670000e-06	5.287029e-06	9.959517e-09	3.846742e+01	6.494755e+02
4.680000e-06	5.237363e-06	9.922103e-09	3.810607e+01	6.470139e+02
4.690000e-06	5.187317e-06	9.884975e-09	3.774194e+01	6.445191e+02
4.700000e-06	5.136907e-06	9.847758e-09	3.737517e+01	6.419863e+02
4.710000e-06	5.086181e-06	9.809460e-09	3.700609e+01	6.394105e+02
4.720000e-06	5.035120e-06	9.772266e-09	3.663458e+01	6.367864e+02
4.730000e-06	4.983649e-06	9.735594e-09	3.626009e+01	6.341095e+02
4.740000e-06	4.931781e-06	9.696131e-09	3.588270e+01	6.313759e+02
4.750000e-06	4.879551e-06	9.650599e-09	3.550269e+01	6.285831e+02
4.760000e-06	4.826964e-06	9.602118e-09	3.512008e+01	6.257297e+02
4.770000e-06	4.774008e-06	9.554917e-09	3.473478e+01	6.228160e+02
4.780000e-06	4.720675e-06	9.509589e-09	3.434674e+01	6.198430e+02
4.790000e-06	4.667031e-06	9.466098e-09	3.395643e+01	6.168131e+02
4.800000e-06	4.613127e-06	9.423119e-09	3.356424e+01	6.137290e+02
4.810000e-06	4.558922e-06	9.380059e-09	3.316986e+01	6.105939e+02
4.820000e-06	4.504383e-06	9.334593e-09	3.277304e+01	6.074107e+02
4.830000e-06	4.449510e-06	9.284917e-09	3.237379e+01	6.041815e+02
4.840000e-06	4.394337e-06	9.230258e-09	3.197236e+01	6.009080e+02
4.850000e-06	4.338873e-06	9.175069e-09	3.156882e+01	5.975905e+02
4.860000e-06	4.283060e-06	9.120262e-09	3.116274e+01	5.942285e+02
4.870000e-06	4.226863e-06	9.069987e-09	3.075386e+01	5.908201e+02
4.880000e-06	4.170271e-06	9.020044e-09	3.034211e+01	5.873629e+02
4.890000e-06	4.113343e-06	8.969948e-09	2.992791e+01	5.838536e+02
4.900000e-06	4.056124e-06	8.919731e-09	2.951159e+01	5.802890e+02
4.910000e-06	3.998621e-06	8.863628e-09	2.909321e+01	5.766657e+02
4.920000e-06	3.940841e-06	8.805233e-09	2.867282e+01	5.729809e+02
4.930000e-06	3.882766e-06	8.743480e-09	2.825027e+01	5.692325e+02
4.940000e-06	3.824442e-06	8.683727e-09	2.782592e+01	5.654193e+02
4.950000e-06	3.765910e-06	8.625559e-09	2.740005e+01	5.615408e+02
4.960000e-06	3.707152e-06	8.566447e-09	2.697254e+01	5.575977e+02
4.970000e-06	3.648142e-06	8.508210e-09	2.654319e+01	5.535908e+02
4.980000e-06	3.588867e-06	8.448775e-09	2.611192e+01	5.495218e+02
4.990000e-06	3.529306e-06	8.386458e-09	2.567856e+01	5.453918e+02
5.000000e-06	3.469463e-06	8.322831e-09	2.524316e+01	5.412019e+02
5.010000e-06	3.409361e-06	8.257295e-09	2.480587e+01	5.369523e+02
5.020000e-06	3.348989e-06	8.190311e-09	2.436661e+01	5.326423e+02
5.030000e-06	3.288360e-06	8.121276e-09	2.392549e+01	5.282700e+02
5.040000e-06	3.227474e-06	8.053044e-09	2.348250e+01	5.238327e+02
5.050000e-06	3.166343e-06	7.985950e-09	2.303771e+01	5.193267e+02
5.060000e-06	3.105013e-06	7.918834e-09	2.259149e+01	5.147477e+02
5.070000e-06	3.043497e-06	7.852248e-09	2.214391e+01	5.100911e+02
5.080000e-06	2.981799e-06	7.780681e-09	2.169501e+01	5.053526e+02
5.090000e-06	2.919937e-06	7.704860e-09	2.124491e+01	5.005282e+02
5.100000e-06	2.857878e-06	7.628565e-09	2.079338e+01	4.956149e+02
5.110000e-06	2.795607e-06	7.552375e-09	2.034031e+01	4.906106e+02
5.120000e-06	2.733121e-06	7.472618e-09	1.988567e+01	4.855145e+02
5.130000e-06	2.670401e-06	7.393119e-09	1.942934e+01	4.803265e+02
5.140000e-06	2.607476e-06	7.315292e-09	1.897150e+01	4.750474e+02
5.150000e-06	2.544328e-06	7.238090e-09	1.851205e+01	4.696785e+02
5.160000e-06	2.480952e-06	7.157193e-09	1.805094e+01	4.642209e+02
5.170000e-06	2.417400e-06	7.069038e-09	1.758855e+01	4.586755e+02
5.180000e-06	2.353688e-06	6.975735e-09	1.712499e+01	4.530423e+02
5.190000e-06	2.289809e-06	6.881590e-09	1.666022e+01	4.473204e+02
5.200000e-06	2.225818e-06	6.787938e-09	1.619463e+01	4.415076e+02
5.210000e-06	2.161742e-06	6.696107e-09	1.572843e+01	4.356005e+02
5.220000e-06	2.097507e-06	6.607795e-09	1.526107e+01	4.295946e+02
5.230000e-06	2.033094e-06	6.520799e-09	1.479241e+01	4.234848e+02
5.240000e-06	1.968507e-06	6.432988e-09	1.432248e+01	4.172653e+02
5.250000e-06	1.903758e-06	6.340351e-09	1.385138e+01	4.109304e+02
5.260000e-06	1.838913e-06	6.240345e-09	1.337958e+01	4.044748e+02
5.270000e-06	1.773966e-06	6.134964e-09	1.290704e+01	3.978936e+02
5.280000e-06	1.708876e-06	6.027996e-09	1.243346e+01	3.911829e+02
5.290000e-06	1.643634e-06	5.918313e-09	1.195877e+01	3.843398e+02
5.300000e-06	1.578236e-06	5.810075e-09	1.148295e+01	3.773623e+02
5.310000e-06	1.512701e-06	5.705098e-09	1.100613e+01	3.702491e+02
5.320000e-06	1.447031e-06	5.601040e-09	1.052832e+01	3.629994e+02
5.330000e-06	1.381236e-06	5.494897e-09	1.004961e+01	3.556128e+02
5.340000e-06	1.315362e-06	5.385254e-09	9.570323e+00	3.480888e+02
5.350000e-06	1.249439e-06	5.270224e-09	9.090681e+00	3.404267e+02
5.360000e-06	1.183474e-06	5.149292e-09	8.610732e+00	3.326250e+02
5.370000e-06	1.117421e-06	5.025366e-09	8.130146e+00	3.246820e+02
5.380000e-06	1.051264e-06	4.898127e-09	7.648797e+00	3.165951e+02
5.390000e-06	9.850243e-07	4.768274e-09	7.166851e+00	3.083610e+02
5.400000e-06	9.186849e-07	4.637817e-09	6.684178e+00	2.999763e+02
5.410000e-06	8.522567e-07	4.508567e-09	6.200859e+00	2.914370e+02
5.420000e-06	7.857817e-07	4.381031e-09	5.717200e+00	2.827389e+02
5.430000e-06	7.192819e-07	4.253874e-09	5.233359e+00	2.738778e+02
5.440000e-06	6.527202e-07	4.121781e-09	4.749069e+00	2.648495e+02
5.450000e-06	5.860890e-07	3.983613e-09	4.264273e+00	2.556499e+02
5.460000e-06	5.194249e-07	3.840509e-09	3.779238e+00	2.462746e+02
5.470000e-06	4.527451e-07	3.691623e-09	3.294088e+00	2.367194e+02
5.480000e-06	3.860787e-07	3.538194e-09	2.809036e+00	2.269797e+02
5.490000e-06	3.194180e-07	3.384832e-09	2.324025e+00	2.170506e+02
5.500000e-06	2.527643e-07	3.233398e-09	1.839066e+00	2.069268e+02
5.510000e-06	1.860956e-07	3.082944e-09	1.353996e+00	1.966027e+02
5.520000e-06	1.193907e-07	2.928756e-09	8.686640e-01	1.860723e+02
5.530000e-06	5.268234e-08	2.768041e-09	3.833068e-01	1.753293e+02
5.540000e-06	-1.404464e-08	2.600868e-09	-1.021861e-01	1.643673e+02
5.550000e-06	-8.077134e-08	2.426264e-09	-5.876771e-01	1.531803e+02
5.560000e-06	-1.474819e-07	2.245418e-09	-1.073051e+00	1.417623e+02
5.570000e-06	-2.141997e-07	2.061104e-09	-1.558477e+00	1.301080e+02
5.580000e-06	-2.809127e-07	1.877102e-09	-2.043868e+00	1.182132e+02
5.590000e-06	-3.476146e-07	1.693549e-09	-2.529178e+00	1.060742e+02
5.600000e-06	-4.143044e-07	1.507411e-09	-3.014401e+00	9.368882e+01
5.610000e-06	-4.809528e-07	1.315510e-09	-3.499322e+00	8.105586e+01
5.620000e-06	-5.475337e-07	1.116746e-09	-3.983752e+00	6.817563e+01
5.630000e-06	-6.140527e-07	9.115592e-10	-4.467732e+00	5.504991e+01
5.640000e-06	-6.805028e-07	6.997547e-10	-4.951210e+00	4.168211e+01
5.650000e-06	-7.469079e-07	4.841285e-10	-5.434361e+00	2.807748e+01
5.660000e-06	-8.132812e-07	2.710878e-10	-5.917281e+00	1.424333e+01
5.670000e-06	-8.796162e-07	6.008553e-11	-6.399921e+00	1.893157e-01
5.680000e-06	-9.458773e-07	-1.542598e-10	-6.882025e+00	-1.407230e+01
5.690000e-06	-1.012086e-06	-3.748330e-10	-7.363743e+00	-2.852635e+01
5.700000e-06	-1.078239e-06	-6.003233e-10	-7.845067e+00	-4.315456e+01
5.710000e-06	-1.144310e-06	-8.288528e-10	-8.325786e+00	-5.793543e+01
5.720000e-06	-1.210319e-06	-1.060604e-09	-8.806052e+00	-7.284421e+01
5.730000e-06	-1.276219e-06	-1.292906e-09	-9.285532e+00	-8.785308e+01
5.740000e-06	-1.342003e-06	-1.523891e-09	-9.764162e+00	-1.029315e+02
5.750000e-06	-1.407667e-06	-1.753918e-09	-1.024192e+01	-1.180465e+02
5.760000e-06	-1.473170e-06	-1.983432e-09	-1.071851e+01	-1.331638e+02
5.770000e-06	-1.538539e-06	-2.213046e-09	-1.119412e+01	-1.482480e+02
5.780000e-06	-1.603790e-06	-2.443372e-09	-1.166888e+01	-1.632636e+02
5.790000e-06	-1.668929e-06	-2.673399e-09	-1.214281e+01	-1.781759e+02
5.800000e-06	-1.733981e-06	-2.901797e-09	-1.261611e+01	-1.929515e+02
5.810000e-06	-1.798936e-06	-3.128234e-09	-1.308872e+01	-2.075593e+02
5.820000e-06	-1.863767e-06	-3.352434e-09	-1.356042e+01	-2.219704e+02
5.830000e-06	-1.928462e-06	-3.572907e-09	-1.403113e+01	-2.361592e+02
5.840000e-06	-1.993040e-06	-3.786996e-09	-1.450098e+01	-2.501029e+02
5.850000e-06	-2.057477e-06	-3.995838e-09	-1.496981e+01	-2.637818e+02
5.860000e-06	-2.121745e-06	-4.201515e-09	-1.543742e+01	-2.771794e+02
5.870000e-06	-2.185834e-06	-4.403997e-09	-1.590372e+01	-2.902820e+02
5.880000e-06	-2.249742e-06	-4.603476e-09	-1.636870e+01	-3.030784e+02
5.890000e-06	-2.313466e-06	-4.798489e-09	-1.683234e+01	-3.155601e+02
5.900000e-06	-2.377009e-06	-4.987109e-09	-1.729467e+01	-3.277206e+02
5.910000e-06	-2.440378e-06	-5.169697e-09	-1.775573e+01	-3.395555e+02
5.920000e-06	-2.503570e-06	-5.346621e-09	-1.821550e+01	-3.510625e+02
5.930000e-06	-2.566569e-06	-5.517360e-09	-1.867387e+01	-3.622410e+02
5.940000e-06	-2.629373e-06	-5.682353e-09	-1.913083e+01	-3.730920e+02
5.950000e-06	-2.692008e-06	-5.843821e-09	-1.958654e+01	-3.836180e+02
5.960000e-06	-2.754467e-06	-6.000841e-09	-2.004098e+01	-3.938233e+02
5.970000e-06	-2.816710e-06	-6.153698e-09	-2.049385e+01	-4.037131e+02
5.980000e-06	-2.878706e-06	-6.302307e-09	-2.094492e+01	-4.132938e+02
5.990000e-06	-2.940444e-06	-6.443175e-09	-2.139411e+01	-4.225723e+02
6.000000e-06	-3.001987e-06	-6.577129e-09	-2.184189e+01	-4.315564e+02
6.010000e-06	-3.063358e-06	-6.707862e-09	-2.228841e+01	-4.402539e+02
6.020000e-06	-3.124512e-06	-6.839754e-09	-2.273336e+01	-4.486728e+02
6.030000e-06	-3.185403e-06	-6.970806e-09	-2.317639e+01	-4.568210e+02
6.040000e-06	-3.246015e-06	-7.097688e-09	-2.361740e+01	-4.647060e+02
6.050000e-06	-3.306391e-06	-7.220478e-09	-2.405668e+01	-4.723356e+02
6.060000e-06	-3.366566e-06	-7.337347e-09	-2.449450e+01	-4.797171e+02
6.070000e-06	-3.426532e-06	-7.448190e-09	-2.493080e+01	-4.868582e+02
6.080000e-06	-3.486274e-06	-7.552662e-09	-2.536548e+01	-4.937666e+02
6.090000e-06	-3.545796e-06	-7.651518e-09	-2.579854e+01	-5.004506e+02
6.100000e-06	-3.605059e-06	-7.749009e-09	-2.622973e+01	-5.069188e+02
6.110000e-06	-3.664070e-06	-7.846284e-09	-2.665908e+01	-5.131806e+02
6.120000e-06	-3.722758e-06	-7.941338e-09	-2.708609e+01	-5.192457e+02
6.130000e-06	-3.781144e-06	-8.033164e-09	-2.751089e+01	-5.251245e+02
6.140000e-06	-3.839323e-06	-8.123567e-09	-2.793419e+01	-5.308273e+02
6.150000e-06	-3.897225e-06	-8.210462e-09	-2.835548e+01	-5.363644e+02
6.160000e-06	-3.954817e-06	-8.290524e-09	-2.877450e+01	-5.417457e+02
6.170000e-06	-4.012135e-06	-8.365912e-09	-2.919154e+01	-5.469806e+02
6.180000e-06	-4.069180e-06	-8.439206e-09	-2.960659e+01	-5.520772e+02
6.190000e-06	-4.125903e-06	-8.513328e-09	-3.001929e+01	-5.570429e+02
6.200000e-06	-4.182307e-06	-8.586923e-09	-3.042968e+01	-5.618835e+02
6.210000e-06	-4.238391e-06	-8.658700e-09	-3.083773e+01	-5.666041e+02
6.220000e-06	-4.294121e-06	-8.729532e-09	-3.124321e+01	-5.712084e+02
6.230000e-06	-4.349522e-06	-8.801371e-09	-3.164630e+01	-5.756995e+02
6.240000e-06	-4.404623e-06	-8.872621e-09	-3.204721e+01	-5.800801e+02
6.250000e-06	-4.459413e-06	-8.939093e-09	-3.244585e+01	-5.843523e+02
6.260000e-06	-4.513853e-06	-9.001757e-09	-3.284194e+01	-5.885185e+02
6.270000e-06	-4.567962e-06	-9.064078e-09	-3.323563e+01	-5.925811e+02
6.280000e-06	-4.621748e-06	-9.128287e-09	-3.362697e+01	-5.965428e+02
6.290000e-06	-4.675181e-06	-9.190262e-09	-3.401573e+01	-6.004066e+02
6.300000e-06	-4.728303e-06	-9.247631e-09	-3.440224e+01	-6.041758e+02
6.310000e-06	-4.781119e-06	-9.304265e-09	-3.478652e+01	-6.078538e+02
6.320000e-06	-4.833537e-06	-9.359577e-09	-3.516791e+01	-6.114438e+02
6.330000e-06	-4.885588e-06	-9.415310e-09	-3.554662e+01	-6.149493e+02
6.340000e-06	-4.937376e-06	-9.471283e-09	-3.592342e+01	-6.183731e+02
6.350000e-06	-4.988871e-06	-9.528290e-09	-3.629809e+01	-6.217180e+02
6.360000e-06	-5.040041e-06	-9.587837e-09	-3.667038e+01	-6.249861e+02
6.370000e-06	-5.090857e-06	-9.641655e-09	-3.704012e+01	-6.281796e+02
6.380000e-06	-5.141282e-06	-9.691620e-09	-3.740700e+01	-6.313003e+02
6.390000e-06	-5.191349e-06	-9.738304e-09	-3.777127e+01	-6.343499e+02
6.400000e-06	-5.241023e-06	-9.783248e-09	-3.813269e+01	-6.373303e+02
6.410000e-06	-5.290239e-06	-9.825178e-09	-3.849078e+01	-6.402434e+02
6.420000e-06	-5.339049e-06	-9.864692e-09	-3.884591e+01	-6.430916e+02
6.430000e-06	-5.387536e-06	-9.908200e-09	-3.919870e+01	-6.458772e+02
6.440000e-06	-5.435661e-06	-9.956273e-09	-3.954884e+01	-6.486029e+02
6.450000e-06	-5.483340e-06	-1.000565e-08	-3.989575e+01	-6.512713e+02
6.460000e-06	-5.530589e-06	-1.005406e-08	-4.023953e+01	-6.538851e+02
6.470000e-06	-5.577439e-06	-1.009987e-08	-4.058039e+01	-6.564465e+02
6.480000e-06	-5.623851e-06	-1.014173e-08	-4.091808e+01	-6.589574e+02
6.490000e-06	-5.669781e-06	-1.017812e-08	-4.125226e+01	-6.614192e+02
6.500000e-06	-5.715239e-06	-1.020879e-08	-4.158300e+01	-6.638328e+02
6.510000e-06	-5.760259e-06	-1.023777e-08	-4.191055e+01	-6.661986e+02
6.520000e-06	-5.804842e-06	-1.027112e-08	-4.223493e+01	-6.685165e+02
6.530000e-06	-5.848989e-06	-1.031268e-08	-4.255614e+01	-6.707864e+02
6.540000e-06	-5.892710e-06	-1.035602e-08	-4.287424e+01	-6.730079e+02
6.550000e-06	-5.936066e-06	-1.039623e-08	-4.318970e+01	-6.751808e+02
6.560000e-06	-5.979020e-06	-1.043244e-08	-4.350222e+01	-6.773055e+02
6.570000e-06	-6.021549e-06	-1.046508e-08	-4.381166e+01	-6.793823e+02
6.580000e-06	-6.063707e-06	-1.049420e-08	-4.411839e+01	-6.814125e+02
6.590000e-06	-6.105431e-06	-1.052193e-08	-4.442196e+01	-6.833974e+02
6.600000e-06	-6.146655e-06	-1.054841e-08	-4.472190e+01	-6.853387e+02
6.610000e-06	-6.187415e-06	-1.057579e-08	-4.501846e+01	-6.872382e+02
6.620000e-06	-6.227764e-06	-1.060502e-08	-4.531204e+01	-6.890977e+02
6.630000e-06	-6.267665e-06	-1.063547e-08	-4.560235e+01	-6.909186e+02
6.640000e-06	-6.307115e-06	-1.066686e-08	-4.588938e+01	-6.927019e+02
6.650000e-06	-6.346158e-06	-1.069638e-08	-4.617345e+01	-6.944480e+02
6.660000e-06	-6.384819e-06	-1.072219e-08	-4.645474e+01	-6.961569e+02
6.670000e-06	-6.423032e-06	-1.074623e-08	-4.673277e+01	-6.978281e+02
6.680000e-06	-6.460736e-06	-1.076954e-08	-4.700710e+01	-6.994606e+02
6.690000e-06	-6.497989e-06	-1.079240e-08	-4.727814e+01	-7.010533e+02
6.700000e-06	-6.534776e-06	-1.081526e-08	-4.754580e+01	-7.026055e+02
6.710000e-06	-6.571051e-06	-1.083771e-08	-4.780973e+01	-7.041164e+02
6.720000e-06	-6.606882e-06	-1.085977e-08	-4.807043e+01	-7.055859e+02
6.730000e-06	-6.642313e-06	-1.088378e-08	-4.832821e+01	-7.070147e+02
6.740000e-06	-6.677265e-06	-1.090921e-08	-4.858252e+01	-7.084039e+02
6.750000e-06	-6.711720e-06	-1.093030e-08	-4.883320e+01	-7.097553e+02
6.760000e-06	-6.745693e-06	-1.094861e-08	-4.908039e+01	-7.110715e+02
6.770000e-06	-6.779191e-06	-1.096584e-08	-4.932412e+01	-7.123550e+02
6.780000e-06	-6.812234e-06	-1.098225e-08	-4.956453e+01	-7.136089e+02
6.790000e-06	-6.844818e-06	-1.099921e-08	-4.980160e+01	-7.148360e+02
6.800000e-06	-6.876942e-06	-1.101644e-08	-5.003533e+01	-7.160390e+02
6.810000e-06	-6.908524e-06	-1.103500e-08	-5.026512e+01	-7.172199e+02
6.820000e-06	-6.939560e-06	-1.105421e-08	-5.049093e+01	-7.183805e+02
6.830000e-06	-6.970039e-06	-1.107044e-08	-5.071269e+01	-7.195218e+02
6.840000e-06	-6.999936e-06	-1.108460e-08	-5.093021e+01	-7.206446e+02
6.850000e-06	-7.029336e-06	-1.109923e-08	-5.114412e+01	-7.217490e+02
6.860000e-06	-7.058306e-06	-1.111545e-08	-5.135490e+01	-7.228347e+02
6.870000e-06	-7.086802e-06	-1.113181e-08	-5.156223e+01	-7.239012e+02
6.880000e-06	-7.114719e-06	-1.114693e-08	-5.176535e+01	-7.249479e+02
6.890000e-06	-7.142109e-06	-1.116256e-08	-5.196464e+01	-7.259741e+02
6.900000e-06	-7.169014e-06	-1.117595e-08	-5.216039e+01	-7.269788e+02
6.910000e-06	-7.195430e-06	-1.118898e-08	-5.235259e+01	-7.279613e+02
6.920000e-06	-7.221378e-06	-1.120173e-08	-5.254139e+01	-7.289206e+02
6.930000e-06	-7.246847e-06	-1.121455e-08	-5.272669e+01	-7.298558e+02
6.940000e-06	-7.271744e-06	-1.122703e-08	-5.290784e+01	-7.307660e+02
6.950000e-06	-7.296091e-06	-1.124117e-08	-5.308498e+01	-7.316501e+02
6.960000e-06	-7.319942e-06	-1.125423e-08	-5.325852e+01	-7.325071e+02
6.970000e-06	-7.343257e-06	-1.126599e-08	-5.342815e+01	-7.333362e+02
6.980000e-06	-7.366060e-06	-1.128055e-08	-5.359406e+01	-7.341368e+02
6.990000e-06	-7.388337e-06	-1.129130e-08	-5.375615e+01	-7.349085e+02
7.000000e-06	-7.410059e-06	-1.129816e-08	-5.391419e+01	-7.356513e+02
7.010000e-06	-7.431201e-06	-1.130298e-08	-5.406802e+01	-7.363657e+02
7.020000e-06	-7.451773e-06	-1.130877e-08	-5.421769e+01	-7.370528e+02
7.030000e-06	-7.471768e-06	-1.131598e-08	-5.436318e+01	-7.377141e+02
7.040000e-06	-7.491085e-06	-1.132606e-08	-5.450372e+01	-7.383515e+02
7.050000e-06	-7.509765e-06	-1.133936e-08	-5.463964e+01	-7.389670e+02
7.060000e-06	-7.527957e-06	-1.135405e-08	-5.477200e+01	-7.395630e+02
7.070000e-06	-7.545693e-06	-1.136498e-08	-5.490104e+01	-7.401415e+02
7.080000e-06	-7.562982e-06	-1.137043e-08	-5.502683e+01	-7.407043e+02
7.090000e-06	-7.579798e-06	-1.137088e-08	-5.514918e+01	-7.412526e+02
7.100000e-06	-7.596119e-06	-1.137041e-08	-5.526793e+01	-7.417871e+02
7.110000e-06	-7.611949e-06	-1.137353e-08	-5.538311e+01	-7.423077e+02
7.120000e-06	-7.627202e-06	-1.138128e-08	-5.549408e+01	-7.428136e+02
7.130000e-06	-7.641828e-06	-1.139122e-08	-5.560050e+01	-7.433035e+02
7.140000e-06	-7.655930e-06	-1.140161e-08	-5.570310e+01	-7.437758e+02
7.150000e-06	-7.669550e-06	-1.141288e-08	-5.580220e+01	-7.442285e+02
7.160000e-06	-7.682651e-06	-1.142143e-08	-5.589752e+01	-7.446598e+02
7.170000e-06	-7.695221e-06	-1.142603e-08	-5.598898e+01	-7.450681e+02
7.180000e-06	-7.707186e-06	-1.142659e-08	-5.607603e+01	-7.454523e+02
7.190000e-06	-7.718563e-06	-1.142670e-08	-5.615881e+01	-7.458120e+02
7.200000e-06	-7.729426e-06	-1.142690e-08	-5.623784e+01	-7.461474e+02
7.210000e-06	-7.739744e-06	-1.142809e-08	-5.631292e+01	-7.464593e+02
7.220000e-06	-7.749526e-06	-1.143151e-08	-5.638409e+01	-7.467492e+02
7.230000e-06	-7.758806e-06	-1.143749e-08	-5.645161e+01	-7.470191e+02
7.240000e-06	-7.767489e-06	-1.144440e-08	-5.651479e+01	-7.472710e+02
7.250000e-06	-7.775576e-06	-1.144920e-08	-5.657362e+01	-7.475070e+02
7.260000e-06	-7.783142e-06	-1.145298e-08	-5.662867e+01	-7.477291e+02
7.270000e-06	-7.790175e-06	-1.145481e-08	-5.667984e+01	-7.479388e+02
7.280000e-06	-7.796713e-06	-1.145523e-08	-5.672741e+01	-7.481369e+02
7.290000e-06	-7.802699e-06	-1.145273e-08	-5.677096e+01	-7.483238e+02
7.300000e-06	-7.808020e-06	-1.144807e-08	-5.680968e+01	-7.484991e+02
7.310000e-06	-7.812724e-06	-1.144701e-08	-5.684391e+01	-7.486620e+02
7.320000e-06	-7.816885e-06	-1.144846e-08	-5.687418e+01	-7.488109e+02
7.330000e-06	-7.820476e-06	-1.145096e-08	-5.690030e+01	-7.489443e+02
7.340000e-06	-7.823522e-06	-1.145220e-08	-5.692247e+01	-7.490604e+02
7.350000e-06	-7.825982e-06	-1.145445e-08	-5.694037e+01	-7.491573e+02
7.360000e-06	-7.827827e-06	-1.146003e-08	-5.695379e+01	-7.492339e+02
7.370000e-06	-7.829137e-06	-1.146245e-08	-5.696332e+01	-7.492891e+02
7.380000e-06	-7.829956e-06	-1.146222e-08	-5.696928e+01	-7.493227e+02
