# Temperatura_=_20.0
# Concentracion g/m^3_=_10000.0
# C_Vs_to_Am_M_A/Vsm_=_65563218390.804596
# pendiente_HvsI_1/m_=_3716.3
# ordenada_HvsI_A/m_=_1297.0
# frecuencia_Hz_=_135406.97181287967

Tiempo_(s)	Campo_(V.s)	Magnetizacion_(V.s)	Campo_(kA/m)	Magnetizacion_(A/m)
0.000000e+00	-7.826427e-06	-1.158137e-08	-5.697124e+01	-7.547796e+02
1.000000e-08	-7.826067e-06	-1.157701e-08	-5.696862e+01	-7.547870e+02
2.000000e-08	-7.825133e-06	-1.157642e-08	-5.696182e+01	-7.547823e+02
3.000000e-08	-7.823625e-06	-1.158100e-08	-5.695084e+01	-7.547664e+02
4.000000e-08	-7.821688e-06	-1.158714e-08	-5.693674e+01	-7.547399e+02
5.000000e-08	-7.819278e-06	-1.159247e-08	-5.691920e+01	-7.547020e+02
6.000000e-08	-7.816327e-06	-1.159270e-08	-5.689772e+01	-7.546504e+02
7.000000e-08	-7.812945e-06	-1.158428e-08	-5.687310e+01	-7.545812e+02
8.000000e-08	-7.809009e-06	-1.156182e-08	-5.684445e+01	-7.544892e+02
9.000000e-08	-7.804222e-06	-1.154807e-08	-5.680960e+01	-7.543679e+02
1.000000e-07	-7.798287e-06	-1.157168e-08	-5.676640e+01	-7.542102e+02
1.100000e-07	-7.791067e-06	-1.156608e-08	-5.671384e+01	-7.540095e+02
1.200000e-07	-7.783094e-06	-1.152059e-08	-5.665580e+01	-7.537600e+02
1.300000e-07	-7.775093e-06	-1.146876e-08	-5.659756e+01	-7.534576e+02
1.400000e-07	-7.767080e-06	-1.156036e-08	-5.653923e+01	-7.531009e+02
1.500000e-07	-7.758451e-06	-1.161896e-08	-5.647642e+01	-7.526911e+02
1.600000e-07	-7.749222e-06	-1.145842e-08	-5.640924e+01	-7.522326e+02
1.700000e-07	-7.739852e-06	-1.147971e-08	-5.634103e+01	-7.517322e+02
1.800000e-07	-7.729958e-06	-1.160148e-08	-5.626901e+01	-7.511992e+02
1.900000e-07	-7.719145e-06	-1.150386e-08	-5.619030e+01	-7.506442e+02
2.000000e-07	-7.707951e-06	-1.143331e-08	-5.610881e+01	-7.500781e+02
2.100000e-07	-7.696438e-06	-1.153595e-08	-5.602501e+01	-7.495112e+02
2.200000e-07	-7.684132e-06	-1.153284e-08	-5.593542e+01	-7.489519e+02
2.300000e-07	-7.671364e-06	-1.139099e-08	-5.584249e+01	-7.484063e+02
2.400000e-07	-7.658296e-06	-1.146473e-08	-5.574735e+01	-7.478773e+02
2.500000e-07	-7.644488e-06	-1.146643e-08	-5.564684e+01	-7.473646e+02
2.600000e-07	-7.629990e-06	-1.131965e-08	-5.554130e+01	-7.468648e+02
2.700000e-07	-7.614990e-06	-1.135960e-08	-5.543212e+01	-7.463719e+02
2.800000e-07	-7.599361e-06	-1.140992e-08	-5.531835e+01	-7.458785e+02
2.900000e-07	-7.583237e-06	-1.132189e-08	-5.520098e+01	-7.453761e+02
3.000000e-07	-7.566678e-06	-1.132664e-08	-5.508044e+01	-7.448567e+02
3.100000e-07	-7.549390e-06	-1.133724e-08	-5.495459e+01	-7.443135e+02
3.200000e-07	-7.531555e-06	-1.129977e-08	-5.482477e+01	-7.437415e+02
3.300000e-07	-7.513364e-06	-1.134645e-08	-5.469235e+01	-7.431383e+02
3.400000e-07	-7.494582e-06	-1.133860e-08	-5.455563e+01	-7.425036e+02
3.500000e-07	-7.475182e-06	-1.130057e-08	-5.441441e+01	-7.418393e+02
3.600000e-07	-7.455244e-06	-1.130787e-08	-5.426927e+01	-7.411490e+02
3.700000e-07	-7.434569e-06	-1.129173e-08	-5.411877e+01	-7.404368e+02
3.800000e-07	-7.413214e-06	-1.125040e-08	-5.396332e+01	-7.397070e+02
3.900000e-07	-7.391354e-06	-1.126479e-08	-5.380419e+01	-7.389632e+02
4.000000e-07	-7.368921e-06	-1.122004e-08	-5.364090e+01	-7.382074e+02
4.100000e-07	-7.345960e-06	-1.120383e-08	-5.347375e+01	-7.374400e+02
4.200000e-07	-7.322405e-06	-1.122661e-08	-5.330229e+01	-7.366595e+02
4.300000e-07	-7.298265e-06	-1.120970e-08	-5.312657e+01	-7.358628e+02
4.400000e-07	-7.273670e-06	-1.118509e-08	-5.294753e+01	-7.350456e+02
4.500000e-07	-7.248622e-06	-1.118632e-08	-5.276520e+01	-7.342034e+02
4.600000e-07	-7.223144e-06	-1.117270e-08	-5.257973e+01	-7.333318e+02
4.700000e-07	-7.197203e-06	-1.115420e-08	-5.239090e+01	-7.324271e+02
4.800000e-07	-7.170656e-06	-1.113017e-08	-5.219765e+01	-7.314873e+02
4.900000e-07	-7.143486e-06	-1.109319e-08	-5.199988e+01	-7.305121e+02
5.000000e-07	-7.115813e-06	-1.107744e-08	-5.179844e+01	-7.295027e+02
5.100000e-07	-7.087675e-06	-1.107711e-08	-5.159361e+01	-7.284619e+02
5.200000e-07	-7.059051e-06	-1.106384e-08	-5.138524e+01	-7.273935e+02
5.300000e-07	-7.029858e-06	-1.103787e-08	-5.117274e+01	-7.263016e+02
5.400000e-07	-7.000011e-06	-1.103771e-08	-5.095547e+01	-7.251900e+02
5.500000e-07	-6.969545e-06	-1.103366e-08	-5.073371e+01	-7.240614e+02
5.600000e-07	-6.938518e-06	-1.100958e-08	-5.050785e+01	-7.229172e+02
5.700000e-07	-6.906942e-06	-1.097095e-08	-5.027799e+01	-7.217572e+02
5.800000e-07	-6.874866e-06	-1.093593e-08	-5.004450e+01	-7.205795e+02
5.900000e-07	-6.842321e-06	-1.091757e-08	-4.980760e+01	-7.193810e+02
6.000000e-07	-6.809330e-06	-1.090113e-08	-4.956744e+01	-7.181575e+02
6.100000e-07	-6.775903e-06	-1.087851e-08	-4.932411e+01	-7.169050e+02
6.200000e-07	-6.742036e-06	-1.086991e-08	-4.907758e+01	-7.156199e+02
6.300000e-07	-6.707737e-06	-1.086344e-08	-4.882791e+01	-7.142995e+02
6.400000e-07	-6.673018e-06	-1.085129e-08	-4.857518e+01	-7.129429e+02
6.500000e-07	-6.637814e-06	-1.082600e-08	-4.831892e+01	-7.115506e+02
6.600000e-07	-6.602051e-06	-1.078673e-08	-4.805859e+01	-7.101251e+02
6.700000e-07	-6.565786e-06	-1.075319e-08	-4.779460e+01	-7.086698e+02
6.800000e-07	-6.529064e-06	-1.073369e-08	-4.752729e+01	-7.071892e+02
6.900000e-07	-6.491868e-06	-1.071335e-08	-4.725653e+01	-7.056876e+02
7.000000e-07	-6.454223e-06	-1.068402e-08	-4.698250e+01	-7.041688e+02
7.100000e-07	-6.416196e-06	-1.065999e-08	-4.670568e+01	-7.026353e+02
7.200000e-07	-6.377765e-06	-1.064654e-08	-4.642593e+01	-7.010879e+02
7.300000e-07	-6.338874e-06	-1.062783e-08	-4.614283e+01	-6.995254e+02
7.400000e-07	-6.299520e-06	-1.059960e-08	-4.585636e+01	-6.979448e+02
7.500000e-07	-6.259706e-06	-1.056715e-08	-4.556654e+01	-6.963415e+02
7.600000e-07	-6.219401e-06	-1.053793e-08	-4.527315e+01	-6.947097e+02
7.700000e-07	-6.178614e-06	-1.051035e-08	-4.497624e+01	-6.930435e+02
7.800000e-07	-6.137387e-06	-1.048212e-08	-4.467614e+01	-6.913371e+02
7.900000e-07	-6.095714e-06	-1.045341e-08	-4.437278e+01	-6.895856e+02
8.000000e-07	-6.053575e-06	-1.042598e-08	-4.406604e+01	-6.877856e+02
8.100000e-07	-6.010978e-06	-1.040469e-08	-4.375597e+01	-6.859358e+02
8.200000e-07	-5.967919e-06	-1.038299e-08	-4.344252e+01	-6.840361e+02
8.300000e-07	-5.924401e-06	-1.035357e-08	-4.312574e+01	-6.820887e+02
8.400000e-07	-5.880485e-06	-1.031984e-08	-4.280606e+01	-6.800966e+02
8.500000e-07	-5.836230e-06	-1.028769e-08	-4.248391e+01	-6.780639e+02
8.600000e-07	-5.791609e-06	-1.025614e-08	-4.215910e+01	-6.759945e+02
8.700000e-07	-5.746584e-06	-1.021653e-08	-4.183135e+01	-6.738922e+02
8.800000e-07	-5.701155e-06	-1.017315e-08	-4.150066e+01	-6.717599e+02
8.900000e-07	-5.655275e-06	-1.013841e-08	-4.116668e+01	-6.695995e+02
9.000000e-07	-5.608882e-06	-1.010969e-08	-4.082897e+01	-6.674115e+02
9.100000e-07	-5.561988e-06	-1.008513e-08	-4.048761e+01	-6.651953e+02
9.200000e-07	-5.514681e-06	-1.005192e-08	-4.014325e+01	-6.629494e+02
9.300000e-07	-5.466961e-06	-1.001972e-08	-3.979588e+01	-6.606715e+02
9.400000e-07	-5.418818e-06	-9.985055e-09	-3.944543e+01	-6.583593e+02
9.500000e-07	-5.370293e-06	-9.945041e-09	-3.909220e+01	-6.560103e+02
9.600000e-07	-5.321395e-06	-9.898154e-09	-3.873625e+01	-6.536224e+02
9.700000e-07	-5.272100e-06	-9.851042e-09	-3.837742e+01	-6.511937e+02
9.800000e-07	-5.222430e-06	-9.817144e-09	-3.801585e+01	-6.487230e+02
9.900000e-07	-5.172405e-06	-9.789024e-09	-3.765170e+01	-6.462093e+02
1.000000e-06	-5.122060e-06	-9.756530e-09	-3.728522e+01	-6.436517e+02
1.010000e-06	-5.071435e-06	-9.719966e-09	-3.691671e+01	-6.410492e+02
1.020000e-06	-5.020429e-06	-9.682192e-09	-3.654542e+01	-6.384007e+02
1.030000e-06	-4.968989e-06	-9.642878e-09	-3.617097e+01	-6.357045e+02
1.040000e-06	-4.917179e-06	-9.597376e-09	-3.579383e+01	-6.329587e+02
1.050000e-06	-4.865035e-06	-9.545736e-09	-3.541425e+01	-6.301608e+02
1.060000e-06	-4.812531e-06	-9.497540e-09	-3.503206e+01	-6.273083e+02
1.070000e-06	-4.759615e-06	-9.454815e-09	-3.464687e+01	-6.243986e+02
1.080000e-06	-4.706336e-06	-9.417973e-09	-3.425903e+01	-6.214297e+02
1.090000e-06	-4.652760e-06	-9.376718e-09	-3.386903e+01	-6.183999e+02
1.100000e-06	-4.598842e-06	-9.330697e-09	-3.347654e+01	-6.153083e+02
1.110000e-06	-4.544632e-06	-9.281742e-09	-3.308193e+01	-6.121551e+02
1.120000e-06	-4.490091e-06	-9.234750e-09	-3.268491e+01	-6.089409e+02
1.130000e-06	-4.435193e-06	-9.184746e-09	-3.228529e+01	-6.056673e+02
1.140000e-06	-4.380012e-06	-9.131667e-09	-3.188361e+01	-6.023360e+02
1.150000e-06	-4.324563e-06	-9.078269e-09	-3.147997e+01	-5.989490e+02
1.160000e-06	-4.268821e-06	-9.024574e-09	-3.107421e+01	-5.955078e+02
1.170000e-06	-4.212626e-06	-8.969333e-09	-3.066515e+01	-5.920135e+02
1.180000e-06	-4.155995e-06	-8.910489e-09	-3.025291e+01	-5.884666e+02
1.190000e-06	-4.099047e-06	-8.851238e-09	-2.983836e+01	-5.848667e+02
1.200000e-06	-4.041773e-06	-8.797267e-09	-2.942145e+01	-5.812125e+02
1.210000e-06	-3.984179e-06	-8.748337e-09	-2.900220e+01	-5.775025e+02
1.220000e-06	-3.926280e-06	-8.694227e-09	-2.858073e+01	-5.737347e+02
1.230000e-06	-3.868096e-06	-8.633353e-09	-2.815719e+01	-5.699072e+02
1.240000e-06	-3.809656e-06	-8.571310e-09	-2.773179e+01	-5.660185e+02
1.250000e-06	-3.750951e-06	-8.509068e-09	-2.730446e+01	-5.620675e+02
1.260000e-06	-3.692029e-06	-8.443790e-09	-2.687554e+01	-5.580539e+02
1.270000e-06	-3.632896e-06	-8.379249e-09	-2.644509e+01	-5.539781e+02
1.280000e-06	-3.573526e-06	-8.316059e-09	-2.601291e+01	-5.498408e+02
1.290000e-06	-3.513933e-06	-8.256504e-09	-2.557912e+01	-5.456434e+02
1.300000e-06	-3.454131e-06	-8.196391e-09	-2.514380e+01	-5.413868e+02
1.310000e-06	-3.394127e-06	-8.130009e-09	-2.470701e+01	-5.370718e+02
1.320000e-06	-3.333822e-06	-8.061487e-09	-2.426803e+01	-5.326986e+02
1.330000e-06	-3.273159e-06	-7.993466e-09	-2.382645e+01	-5.282664e+02
1.340000e-06	-3.212228e-06	-7.922918e-09	-2.338290e+01	-5.237733e+02
1.350000e-06	-3.151081e-06	-7.847944e-09	-2.293780e+01	-5.192168e+02
1.360000e-06	-3.089740e-06	-7.772251e-09	-2.249127e+01	-5.145932e+02
1.370000e-06	-3.028222e-06	-7.698587e-09	-2.204346e+01	-5.098986e+02
1.380000e-06	-2.966486e-06	-7.626524e-09	-2.159407e+01	-5.051289e+02
1.390000e-06	-2.904520e-06	-7.553649e-09	-2.114299e+01	-5.002801e+02
1.400000e-06	-2.842366e-06	-7.479134e-09	-2.069055e+01	-4.953488e+02
1.410000e-06	-2.780040e-06	-7.402991e-09	-2.023686e+01	-4.903322e+02
1.420000e-06	-2.717483e-06	-7.326165e-09	-1.978149e+01	-4.852285e+02
1.430000e-06	-2.654689e-06	-7.248427e-09	-1.932439e+01	-4.800362e+02
1.440000e-06	-2.591734e-06	-7.167744e-09	-1.886612e+01	-4.747548e+02
1.450000e-06	-2.528604e-06	-7.083503e-09	-1.840657e+01	-4.693838e+02
1.460000e-06	-2.465265e-06	-6.998600e-09	-1.794551e+01	-4.639228e+02
1.470000e-06	-2.401711e-06	-6.914372e-09	-1.748287e+01	-4.583711e+02
1.480000e-06	-2.337925e-06	-6.827965e-09	-1.701856e+01	-4.527273e+02
1.490000e-06	-2.273936e-06	-6.741901e-09	-1.655276e+01	-4.469892e+02
1.500000e-06	-2.209833e-06	-6.656312e-09	-1.608613e+01	-4.411541e+02
1.510000e-06	-2.145627e-06	-6.569682e-09	-1.561875e+01	-4.352184e+02
1.520000e-06	-2.081303e-06	-6.480942e-09	-1.515052e+01	-4.291780e+02
1.530000e-06	-2.016898e-06	-6.386030e-09	-1.468169e+01	-4.230288e+02
1.540000e-06	-1.952361e-06	-6.286383e-09	-1.421191e+01	-4.167665e+02
1.550000e-06	-1.887699e-06	-6.183887e-09	-1.374121e+01	-4.103872e+02
1.560000e-06	-1.822911e-06	-6.079283e-09	-1.326959e+01	-4.038877e+02
1.570000e-06	-1.757968e-06	-5.979261e-09	-1.279685e+01	-3.972650e+02
1.580000e-06	-1.692879e-06	-5.879947e-09	-1.232305e+01	-3.905170e+02
1.590000e-06	-1.627659e-06	-5.781035e-09	-1.184829e+01	-3.836420e+02
1.600000e-06	-1.562322e-06	-5.678264e-09	-1.137268e+01	-3.766384e+02
1.610000e-06	-1.496833e-06	-5.565094e-09	-1.089596e+01	-3.695044e+02
1.620000e-06	-1.431199e-06	-5.448754e-09	-1.041819e+01	-3.622383e+02
1.630000e-06	-1.365502e-06	-5.329730e-09	-9.939956e+00	-3.548374e+02
1.640000e-06	-1.299774e-06	-5.211819e-09	-9.461499e+00	-3.472988e+02
1.650000e-06	-1.233942e-06	-5.092080e-09	-8.982288e+00	-3.396186e+02
1.660000e-06	-1.168013e-06	-4.973638e-09	-8.502366e+00	-3.317926e+02
1.670000e-06	-1.102028e-06	-4.857134e-09	-8.022040e+00	-3.238163e+02
1.680000e-06	-1.035948e-06	-4.736609e-09	-7.541020e+00	-3.156851e+02
1.690000e-06	-9.697806e-07	-4.609445e-09	-7.059365e+00	-3.073948e+02
1.700000e-06	-9.035713e-07	-4.476977e-09	-6.577404e+00	-2.989415e+02
1.710000e-06	-8.373078e-07	-4.342730e-09	-6.095050e+00	-2.903224e+02
1.720000e-06	-7.709588e-07	-4.207739e-09	-5.612073e+00	-2.815349e+02
1.730000e-06	-7.045394e-07	-4.070573e-09	-5.128583e+00	-2.725776e+02
1.740000e-06	-6.380627e-07	-3.929819e-09	-4.644677e+00	-2.634493e+02
1.750000e-06	-5.715446e-07	-3.786460e-09	-4.160468e+00	-2.541487e+02
1.760000e-06	-5.049801e-07	-3.639703e-09	-3.675923e+00	-2.446747e+02
1.770000e-06	-4.383531e-07	-3.490400e-09	-3.190922e+00	-2.350253e+02
1.780000e-06	-3.717051e-07	-3.338835e-09	-2.705769e+00	-2.251975e+02
1.790000e-06	-3.050901e-07	-3.183654e-09	-2.220855e+00	-2.151873e+02
1.800000e-06	-2.385007e-07	-3.024038e-09	-1.736128e+00	-2.049893e+02
1.810000e-06	-1.719161e-07	-2.864000e-09	-1.251436e+00	-1.945970e+02
1.820000e-06	-1.053094e-07	-2.701954e-09	-7.665832e-01	-1.840029e+02
1.830000e-06	-3.866104e-08	-2.533969e-09	-2.814269e-01	-1.731990e+02
1.840000e-06	2.799583e-08	-2.362305e-09	2.037912e-01	-1.621770e+02
1.850000e-06	9.465794e-08	-2.190366e-09	6.890475e-01	-1.509292e+02
1.860000e-06	1.613096e-07	-2.016670e-09	1.174228e+00	-1.394484e+02
1.870000e-06	2.279601e-07	-1.841936e-09	1.659400e+00	-1.277286e+02
1.880000e-06	2.946293e-07	-1.659420e-09	2.144708e+00	-1.157651e+02
1.890000e-06	3.613023e-07	-1.470781e-09	2.630043e+00	-1.035551e+02
1.900000e-06	4.279611e-07	-1.280871e-09	3.115275e+00	-9.109684e+01
1.910000e-06	4.945458e-07	-1.087323e-09	3.599968e+00	-7.839054e+01
1.920000e-06	5.610535e-07	-8.911384e-10	4.084100e+00	-6.543772e+01
1.930000e-06	6.275179e-07	-6.892139e-10	4.567918e+00	-5.224135e+01
1.940000e-06	6.939135e-07	-4.878800e-10	5.051234e+00	-3.880582e+01
1.950000e-06	7.602280e-07	-2.869197e-10	5.533960e+00	-2.513701e+01
1.960000e-06	8.265056e-07	-8.219180e-11	6.016417e+00	-1.124247e+01
1.970000e-06	8.927468e-07	1.304489e-10	6.498609e+00	2.868282e+00
1.980000e-06	9.589461e-07	3.533078e-10	6.980497e+00	1.718347e+01
1.990000e-06	1.025115e-06	5.809207e-10	7.462160e+00	3.168863e+01
2.000000e-06	1.091203e-06	8.086223e-10	7.943239e+00	4.636632e+01
2.010000e-06	1.157179e-06	1.035669e-09	8.423503e+00	6.119587e+01
2.020000e-06	1.223083e-06	1.262037e-09	8.903241e+00	7.615325e+01
2.030000e-06	1.288920e-06	1.488728e-09	9.382491e+00	9.121120e+01
2.040000e-06	1.354609e-06	1.714223e-09	9.860662e+00	1.063395e+02
2.050000e-06	1.420167e-06	1.939369e-09	1.033788e+01	1.215053e+02
2.060000e-06	1.485637e-06	2.169121e-09	1.081446e+01	1.366741e+02
2.070000e-06	1.550959e-06	2.402744e-09	1.128996e+01	1.518102e+02
2.080000e-06	1.616161e-06	2.636783e-09	1.176459e+01	1.668779e+02
2.090000e-06	1.681277e-06	2.866119e-09	1.223859e+01	1.818417e+02
2.100000e-06	1.746264e-06	3.089992e-09	1.271165e+01	1.966679e+02
2.110000e-06	1.811137e-06	3.308912e-09	1.318388e+01	2.113247e+02
2.120000e-06	1.875919e-06	3.522765e-09	1.365546e+01	2.257827e+02
2.130000e-06	1.940598e-06	3.735436e-09	1.412627e+01	2.400158e+02
2.140000e-06	2.005144e-06	3.946404e-09	1.459613e+01	2.540006e+02
2.150000e-06	2.069553e-06	4.152424e-09	1.506498e+01	2.677170e+02
2.160000e-06	2.133828e-06	4.352610e-09	1.553286e+01	2.811481e+02
2.170000e-06	2.197921e-06	4.546163e-09	1.599942e+01	2.942796e+02
2.180000e-06	2.261821e-06	4.737246e-09	1.646457e+01	3.071002e+02
2.190000e-06	2.325551e-06	4.926506e-09	1.692848e+01	3.196010e+02
2.200000e-06	2.389073e-06	5.111729e-09	1.739088e+01	3.317755e+02
2.210000e-06	2.452453e-06	5.289357e-09	1.785224e+01	3.436195e+02
2.220000e-06	2.515696e-06	5.461060e-09	1.831261e+01	3.551308e+02
2.230000e-06	2.578750e-06	5.627107e-09	1.877161e+01	3.663094e+02
2.240000e-06	2.641646e-06	5.789027e-09	1.922944e+01	3.771569e+02
2.250000e-06	2.704375e-06	5.947166e-09	1.968607e+01	3.876767e+02
2.260000e-06	2.766900e-06	6.104244e-09	2.014121e+01	3.978736e+02
2.270000e-06	2.829208e-06	6.259198e-09	2.059477e+01	4.077539e+02
2.280000e-06	2.891279e-06	6.407272e-09	2.104661e+01	4.173246e+02
2.290000e-06	2.953111e-06	6.548283e-09	2.149671e+01	4.265934e+02
2.300000e-06	3.014738e-06	6.682210e-09	2.194531e+01	4.355684e+02
2.310000e-06	3.076130e-06	6.808834e-09	2.239220e+01	4.442579e+02
2.320000e-06	3.137275e-06	6.930172e-09	2.283730e+01	4.526698e+02
2.330000e-06	3.198154e-06	7.050238e-09	2.328046e+01	4.608121e+02
2.340000e-06	3.258783e-06	7.166960e-09	2.372179e+01	4.686924e+02
2.350000e-06	3.319208e-06	7.280086e-09	2.416165e+01	4.763182e+02
2.360000e-06	3.379390e-06	7.387964e-09	2.459973e+01	4.836969e+02
2.370000e-06	3.439360e-06	7.491022e-09	2.503628e+01	4.908361e+02
2.380000e-06	3.499108e-06	7.592900e-09	2.547120e+01	4.977436e+02
2.390000e-06	3.558566e-06	7.694257e-09	2.590402e+01	5.044278e+02
2.400000e-06	3.617799e-06	7.792375e-09	2.633520e+01	5.108978e+02
2.410000e-06	3.676829e-06	7.886097e-09	2.676489e+01	5.171629e+02
2.420000e-06	3.735606e-06	7.978024e-09	2.719276e+01	5.232335e+02
2.430000e-06	3.794116e-06	8.069789e-09	2.761867e+01	5.291197e+02
2.440000e-06	3.852291e-06	8.158306e-09	2.804214e+01	5.348322e+02
2.450000e-06	3.910172e-06	8.242253e-09	2.846348e+01	5.403813e+02
2.460000e-06	3.967807e-06	8.323663e-09	2.888302e+01	5.457767e+02
2.470000e-06	4.025131e-06	8.405645e-09	2.930031e+01	5.510274e+02
2.480000e-06	4.082165e-06	8.486186e-09	2.971548e+01	5.561413e+02
2.490000e-06	4.138900e-06	8.560935e-09	3.012847e+01	5.611251e+02
2.500000e-06	4.195288e-06	8.632186e-09	3.053894e+01	5.659846e+02
2.510000e-06	4.251329e-06	8.703459e-09	3.094687e+01	5.707243e+02
2.520000e-06	4.307017e-06	8.772351e-09	3.135225e+01	5.753478e+02
2.530000e-06	4.362391e-06	8.838600e-09	3.175534e+01	5.798580e+02
2.540000e-06	4.417481e-06	8.902651e-09	3.215635e+01	5.842576e+02
2.550000e-06	4.472278e-06	8.967585e-09	3.255524e+01	5.885490e+02
2.560000e-06	4.526728e-06	9.034398e-09	3.295160e+01	5.927347e+02
2.570000e-06	4.580809e-06	9.096599e-09	3.334527e+01	5.968174e+02
2.580000e-06	4.634544e-06	9.152635e-09	3.373643e+01	6.008002e+02
2.590000e-06	4.687971e-06	9.206168e-09	3.412534e+01	6.046865e+02
2.600000e-06	4.741105e-06	9.262274e-09	3.451212e+01	6.084800e+02
2.610000e-06	4.793825e-06	9.318693e-09	3.489589e+01	6.121844e+02
2.620000e-06	4.846147e-06	9.371646e-09	3.527676e+01	6.158034e+02
2.630000e-06	4.898168e-06	9.422795e-09	3.565544e+01	6.193409e+02
2.640000e-06	4.949869e-06	9.473873e-09	3.603179e+01	6.228000e+02
2.650000e-06	5.001216e-06	9.524273e-09	3.640556e+01	6.261840e+02
2.660000e-06	5.052195e-06	9.572496e-09	3.677666e+01	6.294956e+02
2.670000e-06	5.102795e-06	9.618847e-09	3.714499e+01	6.327372e+02
2.680000e-06	5.153070e-06	9.664931e-09	3.751096e+01	6.359111e+02
2.690000e-06	5.203068e-06	9.711101e-09	3.787491e+01	6.390191e+02
2.700000e-06	5.252740e-06	9.757377e-09	3.823649e+01	6.420631e+02
2.710000e-06	5.301980e-06	9.800864e-09	3.859493e+01	6.450449e+02
2.720000e-06	5.350768e-06	9.842068e-09	3.895007e+01	6.479662e+02
2.730000e-06	5.399185e-06	9.884244e-09	3.930251e+01	6.508287e+02
2.740000e-06	5.447225e-06	9.925589e-09	3.965221e+01	6.536337e+02
2.750000e-06	5.494837e-06	9.962578e-09	3.999880e+01	6.563826e+02
2.760000e-06	5.542063e-06	9.998237e-09	4.034257e+01	6.590764e+02
2.770000e-06	5.588917e-06	1.003540e-08	4.068364e+01	6.617156e+02
2.780000e-06	5.635322e-06	1.007225e-08	4.102143e+01	6.643008e+02
2.790000e-06	5.681214e-06	1.010986e-08	4.135550e+01	6.668318e+02
2.800000e-06	5.726665e-06	1.014690e-08	4.168635e+01	6.693086e+02
2.810000e-06	5.771728e-06	1.018124e-08	4.201438e+01	6.717308e+02
2.820000e-06	5.816369e-06	1.021399e-08	4.233934e+01	6.740983e+02
2.830000e-06	5.860599e-06	1.024486e-08	4.266131e+01	6.764113e+02
2.840000e-06	5.904436e-06	1.027588e-08	4.298041e+01	6.786702e+02
2.850000e-06	5.947891e-06	1.030601e-08	4.329673e+01	6.808761e+02
2.860000e-06	5.990904e-06	1.033322e-08	4.360984e+01	6.830306e+02
2.870000e-06	6.033430e-06	1.036233e-08	4.391940e+01	6.851358e+02
2.880000e-06	6.075491e-06	1.039460e-08	4.422557e+01	6.871942e+02
2.890000e-06	6.117121e-06	1.042972e-08	4.452862e+01	6.892086e+02
2.900000e-06	6.158320e-06	1.046339e-08	4.482852e+01	6.911816e+02
2.910000e-06	6.199082e-06	1.049292e-08	4.512524e+01	6.931155e+02
2.920000e-06	6.239475e-06	1.051978e-08	4.541927e+01	6.950120e+02
2.930000e-06	6.279460e-06	1.054333e-08	4.571034e+01	6.968720e+02
2.940000e-06	6.318936e-06	1.056576e-08	4.599770e+01	6.986955e+02
2.950000e-06	6.357915e-06	1.058837e-08	4.628144e+01	7.004817e+02
2.960000e-06	6.396429e-06	1.061277e-08	4.656180e+01	7.022289e+02
2.970000e-06	6.434467e-06	1.064025e-08	4.683869e+01	7.039350e+02
2.980000e-06	6.472046e-06	1.066715e-08	4.711223e+01	7.055975e+02
2.990000e-06	6.509213e-06	1.069266e-08	4.738279e+01	7.072141e+02
3.000000e-06	6.545912e-06	1.071831e-08	4.764993e+01	7.087831e+02
3.010000e-06	6.582121e-06	1.074296e-08	4.791351e+01	7.103037e+02
3.020000e-06	6.617826e-06	1.076505e-08	4.817342e+01	7.117760e+02
3.030000e-06	6.653018e-06	1.078411e-08	4.842959e+01	7.132014e+02
3.040000e-06	6.687778e-06	1.080414e-08	4.868263e+01	7.145826e+02
3.050000e-06	6.722128e-06	1.082606e-08	4.893267e+01	7.159234e+02
3.060000e-06	6.756104e-06	1.084869e-08	4.917999e+01	7.172282e+02
3.070000e-06	6.789655e-06	1.086805e-08	4.942422e+01	7.185021e+02
3.080000e-06	6.822711e-06	1.088501e-08	4.966484e+01	7.197498e+02
3.090000e-06	6.855283e-06	1.090576e-08	4.990195e+01	7.209759e+02
3.100000e-06	6.887345e-06	1.092880e-08	5.013534e+01	7.221841e+02
3.110000e-06	6.918899e-06	1.095183e-08	5.036503e+01	7.233768e+02
3.120000e-06	6.949947e-06	1.097102e-08	5.059104e+01	7.245554e+02
3.130000e-06	6.980481e-06	1.098620e-08	5.081331e+01	7.257197e+02
3.140000e-06	7.010430e-06	1.100089e-08	5.103132e+01	7.268686e+02
3.150000e-06	7.039775e-06	1.101674e-08	5.124493e+01	7.279997e+02
3.160000e-06	7.068583e-06	1.103075e-08	5.145464e+01	7.291104e+02
3.170000e-06	7.096908e-06	1.104388e-08	5.166082e+01	7.301977e+02
3.180000e-06	7.124774e-06	1.106524e-08	5.186367e+01	7.312587e+02
3.190000e-06	7.152192e-06	1.108953e-08	5.206325e+01	7.322913e+02
3.200000e-06	7.179104e-06	1.111144e-08	5.225915e+01	7.332938e+02
3.210000e-06	7.205465e-06	1.112461e-08	5.245105e+01	7.342660e+02
3.220000e-06	7.231325e-06	1.113435e-08	5.263929e+01	7.352082e+02
3.230000e-06	7.256701e-06	1.114929e-08	5.282401e+01	7.361216e+02
3.240000e-06	7.281593e-06	1.116537e-08	5.300520e+01	7.370084e+02
3.250000e-06	7.306018e-06	1.117936e-08	5.318300e+01	7.378708e+02
3.260000e-06	7.329975e-06	1.119271e-08	5.335740e+01	7.387112e+02
3.270000e-06	7.353339e-06	1.120806e-08	5.352747e+01	7.395318e+02
3.280000e-06	7.376093e-06	1.122198e-08	5.369310e+01	7.403340e+02
3.290000e-06	7.398324e-06	1.123576e-08	5.385493e+01	7.411188e+02
3.300000e-06	7.420034e-06	1.124609e-08	5.401297e+01	7.418866e+02
3.310000e-06	7.441169e-06	1.125622e-08	5.416681e+01	7.426366e+02
3.320000e-06	7.461670e-06	1.126791e-08	5.431605e+01	7.433680e+02
3.330000e-06	7.481533e-06	1.128337e-08	5.446064e+01	7.440794e+02
3.340000e-06	7.500785e-06	1.129704e-08	5.460078e+01	7.447692e+02
3.350000e-06	7.519537e-06	1.131034e-08	5.473728e+01	7.454361e+02
3.360000e-06	7.537842e-06	1.132658e-08	5.487053e+01	7.460793e+02
3.370000e-06	7.555657e-06	1.134008e-08	5.500021e+01	7.466981e+02
3.380000e-06	7.572902e-06	1.134811e-08	5.512574e+01	7.472928e+02
3.390000e-06	7.589529e-06	1.135365e-08	5.524678e+01	7.478638e+02
3.400000e-06	7.605619e-06	1.136012e-08	5.536390e+01	7.484121e+02
3.410000e-06	7.621198e-06	1.136685e-08	5.547731e+01	7.489388e+02
3.420000e-06	7.636256e-06	1.137521e-08	5.558692e+01	7.494451e+02
3.430000e-06	7.650839e-06	1.138151e-08	5.569308e+01	7.499319e+02
3.440000e-06	7.664922e-06	1.139154e-08	5.579559e+01	7.503994e+02
3.450000e-06	7.678381e-06	1.140218e-08	5.589356e+01	7.508479e+02
3.460000e-06	7.691236e-06	1.140777e-08	5.598713e+01	7.512766e+02
3.470000e-06	7.703590e-06	1.140962e-08	5.607706e+01	7.516847e+02
3.480000e-06	7.715470e-06	1.141336e-08	5.616355e+01	7.520710e+02
3.490000e-06	7.726866e-06	1.142140e-08	5.624650e+01	7.524343e+02
3.500000e-06	7.737700e-06	1.143252e-08	5.632536e+01	7.527737e+02
3.510000e-06	7.747898e-06	1.144624e-08	5.639960e+01	7.530885e+02
3.520000e-06	7.757491e-06	1.145886e-08	5.646943e+01	7.533789e+02
3.530000e-06	7.766542e-06	1.146609e-08	5.653531e+01	7.536457e+02
3.540000e-06	7.775082e-06	1.146535e-08	5.659748e+01	7.538902e+02
3.550000e-06	7.783148e-06	1.145897e-08	5.665620e+01	7.541146e+02
3.560000e-06	7.790682e-06	1.145489e-08	5.671104e+01	7.543209e+02
3.570000e-06	7.797643e-06	1.145698e-08	5.676171e+01	7.545115e+02
3.580000e-06	7.804037e-06	1.146524e-08	5.680825e+01	7.546886e+02
3.590000e-06	7.809845e-06	1.147765e-08	5.685053e+01	7.548537e+02
3.600000e-06	7.815117e-06	1.148968e-08	5.688891e+01	7.550077e+02
3.610000e-06	7.819839e-06	1.149633e-08	5.692328e+01	7.551507e+02
3.620000e-06	7.823861e-06	1.149451e-08	5.695256e+01	7.552823e+02
3.630000e-06	7.827242e-06	1.148891e-08	5.697717e+01	7.554014e+02
3.640000e-06	7.830103e-06	1.148109e-08	5.699800e+01	7.555066e+02
3.650000e-06	7.832411e-06	1.147406e-08	5.701480e+01	7.555966e+02
3.660000e-06	7.834194e-06	1.147506e-08	5.702778e+01	7.556704e+02
3.670000e-06	7.835417e-06	1.148195e-08	5.703668e+01	7.557276e+02
3.680000e-06	7.836017e-06	1.149094e-08	5.704105e+01	7.557682e+02
3.690000e-06	7.836079e-06	1.149782e-08	5.704150e+01	7.557932e+02
3.700000e-06	7.835643e-06	1.149731e-08	5.703832e+01	7.558041e+02
3.710000e-06	7.834703e-06	1.149596e-08	5.703148e+01	7.558022e+02
3.720000e-06	7.833308e-06	1.148939e-08	5.702133e+01	7.557891e+02
3.730000e-06	7.831437e-06	1.148292e-08	5.700771e+01	7.557653e+02
3.740000e-06	7.828972e-06	1.147805e-08	5.698976e+01	7.557304e+02
3.750000e-06	7.825962e-06	1.147867e-08	5.696785e+01	7.556826e+02
3.760000e-06	7.822534e-06	1.149389e-08	5.694290e+01	7.556183e+02
3.770000e-06	7.818671e-06	1.151491e-08	5.691478e+01	7.555326e+02
3.780000e-06	7.814125e-06	1.148593e-08	5.688169e+01	7.554192e+02
3.790000e-06	7.808342e-06	1.144025e-08	5.683959e+01	7.552713e+02
3.800000e-06	7.801075e-06	1.145937e-08	5.678669e+01	7.550820e+02
3.810000e-06	7.793096e-06	1.155095e-08	5.672861e+01	7.548451e+02
3.820000e-06	7.785464e-06	1.150503e-08	5.667305e+01	7.545563e+02
3.830000e-06	7.777924e-06	1.136815e-08	5.661817e+01	7.542132e+02
3.840000e-06	7.769388e-06	1.144663e-08	5.655604e+01	7.538164e+02
3.850000e-06	7.760033e-06	1.162048e-08	5.648793e+01	7.533695e+02
3.860000e-06	7.750816e-06	1.154530e-08	5.642084e+01	7.528788e+02
3.870000e-06	7.741185e-06	1.146962e-08	5.635073e+01	7.523531e+02
3.880000e-06	7.730461e-06	1.167020e-08	5.627267e+01	7.518025e+02
3.890000e-06	7.719367e-06	1.157612e-08	5.619191e+01	7.512382e+02
3.900000e-06	7.708051e-06	1.137542e-08	5.610954e+01	7.506706e+02
3.910000e-06	7.695915e-06	1.155615e-08	5.602120e+01	7.501088e+02
3.920000e-06	7.683155e-06	1.154294e-08	5.592831e+01	7.495594e+02
3.930000e-06	7.670004e-06	1.130711e-08	5.583258e+01	7.490262e+02
3.940000e-06	7.656145e-06	1.138962e-08	5.573170e+01	7.485096e+02
3.950000e-06	7.641763e-06	1.152437e-08	5.562700e+01	7.480071e+02
3.960000e-06	7.626922e-06	1.139182e-08	5.551897e+01	7.475132e+02
3.970000e-06	7.611221e-06	1.135123e-08	5.540468e+01	7.470207e+02
3.980000e-06	7.594981e-06	1.144738e-08	5.528647e+01	7.465213e+02
3.990000e-06	7.578505e-06	1.141411e-08	5.516653e+01	7.460069e+02
4.000000e-06	7.561419e-06	1.140548e-08	5.504216e+01	7.454702e+02
4.010000e-06	7.543789e-06	1.137728e-08	5.491382e+01	7.449058e+02
4.020000e-06	7.525750e-06	1.134549e-08	5.478251e+01	7.443106e+02
4.030000e-06	7.507062e-06	1.139650e-08	5.464647e+01	7.436836e+02
4.040000e-06	7.487811e-06	1.135464e-08	5.450634e+01	7.430265e+02
4.050000e-06	7.468069e-06	1.131814e-08	5.436263e+01	7.423423e+02
4.060000e-06	7.447694e-06	1.136113e-08	5.421431e+01	7.416352e+02
4.070000e-06	7.426768e-06	1.130017e-08	5.406198e+01	7.409094e+02
4.080000e-06	7.405173e-06	1.127104e-08	5.390478e+01	7.401689e+02
4.090000e-06	7.382833e-06	1.132017e-08	5.374217e+01	7.394160e+02
4.100000e-06	7.359939e-06	1.126127e-08	5.357551e+01	7.386516e+02
4.110000e-06	7.336546e-06	1.123968e-08	5.340523e+01	7.378746e+02
4.120000e-06	7.312671e-06	1.126800e-08	5.323143e+01	7.370824e+02
4.130000e-06	7.288353e-06	1.124107e-08	5.305442e+01	7.362708e+02
4.140000e-06	7.263543e-06	1.122792e-08	5.287381e+01	7.354353e+02
4.150000e-06	7.238146e-06	1.121149e-08	5.268894e+01	7.345714e+02
4.160000e-06	7.212247e-06	1.117867e-08	5.250041e+01	7.336753e+02
4.170000e-06	7.185883e-06	1.119351e-08	5.230850e+01	7.327444e+02
4.180000e-06	7.158990e-06	1.118251e-08	5.211274e+01	7.317780e+02
4.190000e-06	7.131563e-06	1.113969e-08	5.191309e+01	7.307769e+02
4.200000e-06	7.103571e-06	1.112341e-08	5.170932e+01	7.297437e+02
4.210000e-06	7.074995e-06	1.113507e-08	5.150131e+01	7.286819e+02
4.220000e-06	7.045874e-06	1.113327e-08	5.128932e+01	7.275955e+02
4.230000e-06	7.016243e-06	1.109254e-08	5.107364e+01	7.264885e+02
4.240000e-06	6.986036e-06	1.106904e-08	5.085374e+01	7.253640e+02
4.250000e-06	6.955244e-06	1.106854e-08	5.062960e+01	7.242237e+02
4.260000e-06	6.923919e-06	1.105010e-08	5.040158e+01	7.230678e+02
4.270000e-06	6.892090e-06	1.101683e-08	5.016988e+01	7.218948e+02
4.280000e-06	6.859822e-06	1.098608e-08	4.993499e+01	7.207018e+02
4.290000e-06	6.827123e-06	1.098003e-08	4.969696e+01	7.194850e+02
4.300000e-06	6.794021e-06	1.097540e-08	4.945600e+01	7.182402e+02
4.310000e-06	6.760481e-06	1.094655e-08	4.921185e+01	7.169635e+02
4.320000e-06	6.726429e-06	1.092764e-08	4.896398e+01	7.156521e+02
4.330000e-06	6.691822e-06	1.090708e-08	4.871206e+01	7.143046e+02
4.340000e-06	6.656647e-06	1.088799e-08	4.845601e+01	7.129211e+02
4.350000e-06	6.620966e-06	1.087229e-08	4.819628e+01	7.115036e+02
4.360000e-06	6.584867e-06	1.084211e-08	4.793350e+01	7.100554e+02
4.370000e-06	6.548303e-06	1.081172e-08	4.766734e+01	7.085808e+02
4.380000e-06	6.511216e-06	1.079091e-08	4.739737e+01	7.070840e+02
4.390000e-06	6.473669e-06	1.077722e-08	4.712405e+01	7.055693e+02
4.400000e-06	6.435729e-06	1.075421e-08	4.684787e+01	7.040393e+02
4.410000e-06	6.397347e-06	1.072608e-08	4.656847e+01	7.024954e+02
4.420000e-06	6.358499e-06	1.071313e-08	4.628569e+01	7.009369e+02
4.430000e-06	6.319234e-06	1.069963e-08	4.599986e+01	6.993613e+02
4.440000e-06	6.279552e-06	1.067639e-08	4.571101e+01	6.977642e+02
4.450000e-06	6.239422e-06	1.064436e-08	4.541889e+01	6.961401e+02
4.460000e-06	6.198801e-06	1.061192e-08	4.512319e+01	6.944831e+02
4.470000e-06	6.157656e-06	1.059108e-08	4.482368e+01	6.927873e+02
4.480000e-06	6.115986e-06	1.057008e-08	4.452035e+01	6.910474e+02
4.490000e-06	6.073875e-06	1.054371e-08	4.421381e+01	6.892598e+02
4.500000e-06	6.031392e-06	1.051418e-08	4.390456e+01	6.874225e+02
4.510000e-06	5.988492e-06	1.048814e-08	4.359228e+01	6.855352e+02
4.520000e-06	5.945108e-06	1.046448e-08	4.327648e+01	6.835995e+02
4.530000e-06	5.901359e-06	1.043482e-08	4.295801e+01	6.816183e+02
4.540000e-06	5.857311e-06	1.039878e-08	4.263737e+01	6.795953e+02
4.550000e-06	5.812858e-06	1.036404e-08	4.231378e+01	6.775347e+02
4.560000e-06	5.767962e-06	1.033732e-08	4.198697e+01	6.754404e+02
4.570000e-06	5.722631e-06	1.030587e-08	4.165699e+01	6.733154e+02
4.580000e-06	5.676835e-06	1.026899e-08	4.132362e+01	6.711620e+02
4.590000e-06	5.630544e-06	1.023703e-08	4.098665e+01	6.689809e+02
4.600000e-06	5.583753e-06	1.021243e-08	4.064605e+01	6.667719e+02
4.610000e-06	5.536482e-06	1.018835e-08	4.030195e+01	6.645336e+02
4.620000e-06	5.488765e-06	1.015545e-08	3.995460e+01	6.622640e+02
4.630000e-06	5.440607e-06	1.011892e-08	3.960404e+01	6.599606e+02
4.640000e-06	5.392075e-06	1.008276e-08	3.925076e+01	6.576211e+02
4.650000e-06	5.343201e-06	1.004513e-08	3.889499e+01	6.552431e+02
4.660000e-06	5.293964e-06	1.000410e-08	3.853657e+01	6.528247e+02
4.670000e-06	5.244368e-06	9.961399e-09	3.817555e+01	6.503647e+02
4.680000e-06	5.194432e-06	9.926344e-09	3.781204e+01	6.478618e+02
4.690000e-06	5.144144e-06	9.898844e-09	3.744598e+01	6.453153e+02
4.700000e-06	5.093518e-06	9.867999e-09	3.707746e+01	6.427242e+02
4.710000e-06	5.042512e-06	9.827995e-09	3.670617e+01	6.400873e+02
4.720000e-06	4.991099e-06	9.782596e-09	3.633191e+01	6.374033e+02
4.730000e-06	4.939336e-06	9.738453e-09	3.595511e+01	6.346701e+02
4.740000e-06	4.887229e-06	9.690102e-09	3.557581e+01	6.318854e+02
4.750000e-06	4.834742e-06	9.637416e-09	3.519374e+01	6.290468e+02
4.760000e-06	4.781855e-06	9.586805e-09	3.480876e+01	6.261517e+02
4.770000e-06	4.728630e-06	9.545822e-09	3.442131e+01	6.231978e+02
4.780000e-06	4.675112e-06	9.509669e-09	3.403174e+01	6.201833e+02
4.790000e-06	4.621294e-06	9.467980e-09	3.363998e+01	6.171073e+02
4.800000e-06	4.567139e-06	9.420706e-09	3.324577e+01	6.139694e+02
4.810000e-06	4.512645e-06	9.369360e-09	3.284908e+01	6.107704e+02
4.820000e-06	4.457840e-06	9.316723e-09	3.245014e+01	6.075115e+02
4.830000e-06	4.402753e-06	9.261274e-09	3.204914e+01	6.041945e+02
4.840000e-06	4.347414e-06	9.204133e-09	3.164631e+01	6.008212e+02
4.850000e-06	4.291722e-06	9.150911e-09	3.124092e+01	5.973935e+02
4.860000e-06	4.235620e-06	9.102486e-09	3.083252e+01	5.939125e+02
4.870000e-06	4.179198e-06	9.052639e-09	3.042181e+01	5.903788e+02
4.880000e-06	4.122474e-06	8.998489e-09	3.000890e+01	5.867922e+02
4.890000e-06	4.065408e-06	8.942468e-09	2.959350e+01	5.831517e+02
4.900000e-06	4.007969e-06	8.886996e-09	2.917537e+01	5.794559e+02
4.910000e-06	3.950194e-06	8.831394e-09	2.875481e+01	5.757027e+02
4.920000e-06	3.892147e-06	8.772486e-09	2.833227e+01	5.718904e+02
4.930000e-06	3.833887e-06	8.711581e-09	2.790817e+01	5.680171e+02
4.940000e-06	3.775418e-06	8.651879e-09	2.748256e+01	5.640818e+02
4.950000e-06	3.716713e-06	8.589883e-09	2.705523e+01	5.600838e+02
4.960000e-06	3.657747e-06	8.525855e-09	2.662599e+01	5.560235e+02
4.970000e-06	3.598540e-06	8.458258e-09	2.619500e+01	5.519015e+02
4.980000e-06	3.539075e-06	8.393222e-09	2.576214e+01	5.477190e+02
4.990000e-06	3.479342e-06	8.333079e-09	2.532732e+01	5.434771e+02
5.000000e-06	3.419373e-06	8.275462e-09	2.489078e+01	5.391768e+02
5.010000e-06	3.359120e-06	8.216013e-09	2.445219e+01	5.348182e+02
5.020000e-06	3.298554e-06	8.147484e-09	2.401130e+01	5.304009e+02
5.030000e-06	3.237714e-06	8.076003e-09	2.356842e+01	5.259233e+02
5.040000e-06	3.176712e-06	8.007193e-09	2.312437e+01	5.213829e+02
5.050000e-06	3.115504e-06	7.936296e-09	2.267882e+01	5.167764e+02
5.060000e-06	3.054054e-06	7.862693e-09	2.223150e+01	5.121000e+02
5.070000e-06	2.992440e-06	7.790056e-09	2.178299e+01	5.073495e+02
5.080000e-06	2.930645e-06	7.720313e-09	2.133317e+01	5.025208e+02
5.090000e-06	2.868633e-06	7.653210e-09	2.088176e+01	4.976105e+02
5.100000e-06	2.806390e-06	7.581732e-09	2.042867e+01	4.926155e+02
5.110000e-06	2.743943e-06	7.504870e-09	1.997410e+01	4.875337e+02
5.120000e-06	2.681336e-06	7.425174e-09	1.951836e+01	4.823637e+02
5.130000e-06	2.618535e-06	7.344057e-09	1.906122e+01	4.771046e+02
5.140000e-06	2.555457e-06	7.257852e-09	1.860204e+01	4.717561e+02
5.150000e-06	2.492155e-06	7.167074e-09	1.814125e+01	4.663177e+02
5.160000e-06	2.428686e-06	7.078116e-09	1.767924e+01	4.607888e+02
5.170000e-06	2.365033e-06	6.992959e-09	1.721589e+01	4.551681e+02
5.180000e-06	2.301207e-06	6.907651e-09	1.675127e+01	4.494539e+02
5.190000e-06	2.237224e-06	6.819263e-09	1.628552e+01	4.436434e+02
5.200000e-06	2.173119e-06	6.731681e-09	1.581888e+01	4.377332e+02
5.210000e-06	2.108901e-06	6.645814e-09	1.535141e+01	4.317194e+02
5.220000e-06	2.044531e-06	6.553535e-09	1.488284e+01	4.255978e+02
5.230000e-06	1.980003e-06	6.454344e-09	1.441312e+01	4.193642e+02
5.240000e-06	1.915330e-06	6.352071e-09	1.394234e+01	4.130145e+02
5.250000e-06	1.850495e-06	6.251113e-09	1.347038e+01	4.065453e+02
5.260000e-06	1.785505e-06	6.150212e-09	1.299730e+01	3.999537e+02
5.270000e-06	1.720383e-06	6.048707e-09	1.252326e+01	3.932373e+02
5.280000e-06	1.655109e-06	5.945155e-09	1.204810e+01	3.863942e+02
5.290000e-06	1.589693e-06	5.842932e-09	1.157192e+01	3.794229e+02
5.300000e-06	1.524157e-06	5.743180e-09	1.109486e+01	3.723217e+02
5.310000e-06	1.458512e-06	5.635443e-09	1.061701e+01	3.650888e+02
5.320000e-06	1.392794e-06	5.519967e-09	1.013862e+01	3.577220e+02
5.330000e-06	1.327017e-06	5.401701e-09	9.659809e+00	3.502181e+02
5.340000e-06	1.261164e-06	5.284216e-09	9.180444e+00	3.425737e+02
5.350000e-06	1.195242e-06	5.166057e-09	8.700573e+00	3.347846e+02
5.360000e-06	1.129264e-06	5.045509e-09	8.220298e+00	3.268463e+02
5.370000e-06	1.063202e-06	4.925287e-09	7.739408e+00	3.187543e+02
5.380000e-06	9.970488e-07	4.805519e-09	7.257860e+00	3.105041e+02
5.390000e-06	9.307973e-07	4.682257e-09	6.775592e+00	3.020920e+02
5.400000e-06	8.644840e-07	4.550931e-09	6.292875e+00	2.935146e+02
5.410000e-06	7.981334e-07	4.413420e-09	5.809886e+00	2.847694e+02
5.420000e-06	7.317124e-07	4.276487e-09	5.326385e+00	2.758547e+02
5.430000e-06	6.652380e-07	4.139147e-09	4.842495e+00	2.667692e+02
5.440000e-06	5.987016e-07	3.998568e-09	4.358154e+00	2.575119e+02
5.450000e-06	5.320934e-07	3.853921e-09	3.873290e+00	2.480814e+02
5.460000e-06	4.655014e-07	3.707862e-09	3.388544e+00	2.384761e+02
5.470000e-06	3.989084e-07	3.562161e-09	2.903791e+00	2.286933e+02
5.480000e-06	3.322802e-07	3.415537e-09	2.418781e+00	2.187291e+02
5.490000e-06	2.656713e-07	3.265166e-09	1.933912e+00	2.085787e+02
5.500000e-06	1.990719e-07	3.110000e-09	1.449112e+00	1.982356e+02
5.510000e-06	1.324557e-07	2.953396e-09	9.641903e-01	1.876927e+02
5.520000e-06	6.580454e-08	2.793063e-09	4.790138e-01	1.769421e+02
5.530000e-06	-8.569950e-10	2.626594e-09	-6.238360e-03	1.659754e+02
5.540000e-06	-6.750935e-08	2.452359e-09	-4.914236e-01	1.547848e+02
5.550000e-06	-1.341693e-07	2.271199e-09	-9.766642e-01	1.433629e+02
5.560000e-06	-2.008013e-07	2.090170e-09	-1.461701e+00	1.317033e+02
5.570000e-06	-2.674061e-07	1.906591e-09	-1.946541e+00	1.198011e+02
5.580000e-06	-3.340417e-07	1.718233e-09	-2.431604e+00	1.076530e+02
5.590000e-06	-4.006746e-07	1.527091e-09	-2.916648e+00	9.525684e+01
5.600000e-06	-4.672446e-07	1.334290e-09	-3.401233e+00	8.261249e+01
5.610000e-06	-5.337645e-07	1.136909e-09	-3.885454e+00	6.972110e+01
5.620000e-06	-6.002187e-07	9.306714e-10	-4.369197e+00	5.658529e+01
5.630000e-06	-6.666096e-07	7.213895e-10	-4.852479e+00	4.320908e+01
5.640000e-06	-7.329438e-07	5.096130e-10	-5.335349e+00	2.959798e+01
5.650000e-06	-7.992247e-07	2.986944e-10	-5.817830e+00	1.575909e+01
5.660000e-06	-8.654952e-07	8.651115e-11	-6.300236e+00	1.701401e+00
5.670000e-06	-9.317156e-07	-1.312452e-10	-6.782276e+00	-1.256390e+01
5.680000e-06	-9.978620e-07	-3.542164e-10	-7.263778e+00	-2.702305e+01
5.690000e-06	-1.063978e-06	-5.820499e-10	-7.745063e+00	-4.165940e+01
5.700000e-06	-1.130056e-06	-8.112476e-10	-8.226062e+00	-5.645308e+01
5.710000e-06	-1.196044e-06	-1.042499e-09	-8.706415e+00	-7.138091e+01
5.720000e-06	-1.261932e-06	-1.271317e-09	-9.186037e+00	-8.641642e+01
5.730000e-06	-1.327708e-06	-1.497524e-09	-9.664841e+00	-1.015301e+02
5.740000e-06	-1.393386e-06	-1.725871e-09	-1.014293e+01	-1.166897e+02
5.750000e-06	-1.458968e-06	-1.958229e-09	-1.062033e+01	-1.318610e+02
5.760000e-06	-1.524401e-06	-2.193571e-09	-1.109664e+01	-1.470087e+02
5.770000e-06	-1.589711e-06	-2.430067e-09	-1.157205e+01	-1.620968e+02
5.780000e-06	-1.654907e-06	-2.663151e-09	-1.204663e+01	-1.770898e+02
5.790000e-06	-1.719971e-06	-2.892468e-09	-1.252025e+01	-1.919534e+02
5.800000e-06	-1.784935e-06	-3.115973e-09	-1.299315e+01	-2.066553e+02
5.810000e-06	-1.849781e-06	-3.335812e-09	-1.346519e+01	-2.211656e+02
5.820000e-06	-1.914487e-06	-3.552940e-09	-1.393621e+01	-2.354572e+02
5.830000e-06	-1.979070e-06	-3.770573e-09	-1.440633e+01	-2.495061e+02
5.840000e-06	-2.043542e-06	-3.987034e-09	-1.487564e+01	-2.632913e+02
5.850000e-06	-2.107845e-06	-4.200445e-09	-1.534373e+01	-2.767951e+02
5.860000e-06	-2.171962e-06	-4.409944e-09	-1.581045e+01	-2.900027e+02
5.870000e-06	-2.235851e-06	-4.614081e-09	-1.627552e+01	-3.029019e+02
5.880000e-06	-2.299499e-06	-4.814374e-09	-1.673884e+01	-3.154833e+02
5.890000e-06	-2.363001e-06	-5.006040e-09	-1.720109e+01	-3.277398e+02
5.900000e-06	-2.426341e-06	-5.187286e-09	-1.766217e+01	-3.396667e+02
5.910000e-06	-2.489480e-06	-5.358402e-09	-1.812178e+01	-3.512613e+02
5.920000e-06	-2.552424e-06	-5.525099e-09	-1.857997e+01	-3.625229e+02
5.930000e-06	-2.615223e-06	-5.690918e-09	-1.903710e+01	-3.734529e+02
5.940000e-06	-2.677864e-06	-5.855373e-09	-1.949309e+01	-3.840542e+02
5.950000e-06	-2.740324e-06	-6.015733e-09	-1.994776e+01	-3.943313e+02
5.960000e-06	-2.802639e-06	-6.174770e-09	-2.040137e+01	-4.042901e+02
5.970000e-06	-2.864724e-06	-6.330184e-09	-2.085331e+01	-4.139375e+02
5.980000e-06	-2.926522e-06	-6.474639e-09	-2.130316e+01	-4.232810e+02
5.990000e-06	-2.988099e-06	-6.605259e-09	-2.175139e+01	-4.323287e+02
6.000000e-06	-3.049504e-06	-6.729874e-09	-2.219838e+01	-4.410887e+02
6.010000e-06	-3.110685e-06	-6.857018e-09	-2.264374e+01	-4.495693e+02
6.020000e-06	-3.171592e-06	-6.988026e-09	-2.308710e+01	-4.577782e+02
6.030000e-06	-3.232249e-06	-7.118577e-09	-2.352864e+01	-4.657233e+02
6.040000e-06	-3.292622e-06	-7.245216e-09	-2.396812e+01	-4.734120e+02
6.050000e-06	-3.352742e-06	-7.365994e-09	-2.440575e+01	-4.808518e+02
6.060000e-06	-3.412670e-06	-7.485845e-09	-2.484199e+01	-4.880501e+02
6.070000e-06	-3.472414e-06	-7.599722e-09	-2.527689e+01	-4.950147e+02
6.080000e-06	-3.531921e-06	-7.699897e-09	-2.571006e+01	-5.017539e+02
6.090000e-06	-3.591166e-06	-7.794895e-09	-2.614133e+01	-5.082765e+02
6.100000e-06	-3.650202e-06	-7.892738e-09	-2.657107e+01	-5.145919e+02
6.110000e-06	-3.709008e-06	-7.988251e-09	-2.699914e+01	-5.207101e+02
6.120000e-06	-3.767526e-06	-8.076271e-09	-2.742511e+01	-5.266414e+02
6.130000e-06	-3.825764e-06	-8.161669e-09	-2.784904e+01	-5.323964e+02
6.140000e-06	-3.883734e-06	-8.247921e-09	-2.827103e+01	-5.379854e+02
6.150000e-06	-3.941407e-06	-8.331562e-09	-2.869085e+01	-5.434183e+02
6.160000e-06	-3.998743e-06	-8.412386e-09	-2.910822e+01	-5.487043e+02
6.170000e-06	-4.055752e-06	-8.490491e-09	-2.952320e+01	-5.538517e+02
6.180000e-06	-4.112471e-06	-8.570443e-09	-2.993608e+01	-5.588675e+02
6.190000e-06	-4.168890e-06	-8.651983e-09	-3.034678e+01	-5.637576e+02
6.200000e-06	-4.225002e-06	-8.729460e-09	-3.075523e+01	-5.685268e+02
6.210000e-06	-4.280787e-06	-8.801092e-09	-3.116131e+01	-5.731790e+02
6.220000e-06	-4.336252e-06	-8.870234e-09	-3.156506e+01	-5.777173e+02
6.230000e-06	-4.391410e-06	-8.933992e-09	-3.196657e+01	-5.821443e+02
6.240000e-06	-4.446265e-06	-8.995403e-09	-3.236589e+01	-5.864625e+02
6.250000e-06	-4.500830e-06	-9.059681e-09	-3.276308e+01	-5.906743e+02
6.260000e-06	-4.555043e-06	-9.127779e-09	-3.315771e+01	-5.947824e+02
6.270000e-06	-4.608862e-06	-9.200123e-09	-3.354948e+01	-5.987899e+02
6.280000e-06	-4.662309e-06	-9.267765e-09	-3.393854e+01	-6.027000e+02
6.290000e-06	-4.715418e-06	-9.332062e-09	-3.432514e+01	-6.065163e+02
6.300000e-06	-4.768224e-06	-9.388835e-09	-3.470953e+01	-6.102426e+02
6.310000e-06	-4.820691e-06	-9.438907e-09	-3.509146e+01	-6.138826e+02
6.320000e-06	-4.872818e-06	-9.486300e-09	-3.547091e+01	-6.174401e+02
6.330000e-06	-4.924643e-06	-9.536572e-09	-3.584816e+01	-6.209185e+02
6.340000e-06	-4.976172e-06	-9.591082e-09	-3.622326e+01	-6.243210e+02
6.350000e-06	-5.027364e-06	-9.651187e-09	-3.659590e+01	-6.276504e+02
6.360000e-06	-5.078202e-06	-9.711668e-09	-3.696597e+01	-6.309093e+02
6.370000e-06	-5.128664e-06	-9.771504e-09	-3.733330e+01	-6.340998e+02
6.380000e-06	-5.178753e-06	-9.824959e-09	-3.769791e+01	-6.372241e+02
6.390000e-06	-5.228481e-06	-9.873485e-09	-3.805990e+01	-6.402839e+02
6.400000e-06	-5.277817e-06	-9.914549e-09	-3.841904e+01	-6.432811e+02
6.410000e-06	-5.326737e-06	-9.948166e-09	-3.877514e+01	-6.462174e+02
6.420000e-06	-5.375260e-06	-9.981772e-09	-3.912835e+01	-6.490944e+02
6.430000e-06	-5.423384e-06	-1.001927e-08	-3.947867e+01	-6.519136e+02
6.440000e-06	-5.471071e-06	-1.007003e-08	-3.982580e+01	-6.546764e+02
6.450000e-06	-5.518368e-06	-1.012600e-08	-4.017009e+01	-6.573839e+02
6.460000e-06	-5.565289e-06	-1.018402e-08	-4.051164e+01	-6.600367e+02
6.470000e-06	-5.611784e-06	-1.023718e-08	-4.085010e+01	-6.626353e+02
6.480000e-06	-5.657831e-06	-1.027921e-08	-4.118528e+01	-6.651799e+02
6.490000e-06	-5.703372e-06	-1.030966e-08	-4.151680e+01	-6.676702e+02
6.500000e-06	-5.748464e-06	-1.033539e-08	-4.184503e+01	-6.701060e+02
6.510000e-06	-5.793151e-06	-1.036101e-08	-4.217033e+01	-6.724872e+02
6.520000e-06	-5.837365e-06	-1.039434e-08	-4.249218e+01	-6.748138e+02
6.530000e-06	-5.881135e-06	-1.043477e-08	-4.281079e+01	-6.770861e+02
6.540000e-06	-5.924515e-06	-1.047815e-08	-4.312657e+01	-6.793051e+02
6.550000e-06	-5.967481e-06	-1.052201e-08	-4.343934e+01	-6.814722e+02
6.560000e-06	-6.010055e-06	-1.056210e-08	-4.374924e+01	-6.835895e+02
6.570000e-06	-6.052263e-06	-1.059808e-08	-4.405650e+01	-6.856594e+02
6.580000e-06	-6.094091e-06	-1.062542e-08	-4.436097e+01	-6.876845e+02
6.590000e-06	-6.135476e-06	-1.064816e-08	-4.466223e+01	-6.896676e+02
6.600000e-06	-6.176332e-06	-1.067061e-08	-4.495963e+01	-6.916111e+02
6.610000e-06	-6.216744e-06	-1.069658e-08	-4.525381e+01	-6.935167e+02
6.620000e-06	-6.256755e-06	-1.072703e-08	-4.554506e+01	-6.953858e+02
6.630000e-06	-6.296286e-06	-1.076115e-08	-4.583282e+01	-6.972185e+02
6.640000e-06	-6.335372e-06	-1.079464e-08	-4.611734e+01	-6.990141e+02
6.650000e-06	-6.374066e-06	-1.082587e-08	-4.639901e+01	-7.007712e+02
6.660000e-06	-6.412351e-06	-1.085537e-08	-4.667769e+01	-7.024878e+02
6.670000e-06	-6.450198e-06	-1.088231e-08	-4.695320e+01	-7.041613e+02
6.680000e-06	-6.487574e-06	-1.090468e-08	-4.722527e+01	-7.057896e+02
6.690000e-06	-6.524436e-06	-1.092455e-08	-4.749360e+01	-7.073706e+02
6.700000e-06	-6.560794e-06	-1.094374e-08	-4.775827e+01	-7.089033e+02
6.710000e-06	-6.596699e-06	-1.096136e-08	-4.801963e+01	-7.103876e+02
6.720000e-06	-6.632170e-06	-1.098064e-08	-4.827784e+01	-7.118245e+02
6.730000e-06	-6.667178e-06	-1.100329e-08	-4.853267e+01	-7.132164e+02
6.740000e-06	-6.701687e-06	-1.103047e-08	-4.878387e+01	-7.145669e+02
6.750000e-06	-6.735748e-06	-1.105550e-08	-4.903181e+01	-7.158802e+02
6.760000e-06	-6.769342e-06	-1.107549e-08	-4.927636e+01	-7.171613e+02
6.770000e-06	-6.802472e-06	-1.109356e-08	-4.951752e+01	-7.184151e+02
6.780000e-06	-6.835168e-06	-1.110875e-08	-4.975552e+01	-7.196462e+02
6.790000e-06	-6.867410e-06	-1.112226e-08	-4.999022e+01	-7.208586e+02
6.800000e-06	-6.899132e-06	-1.113646e-08	-5.022114e+01	-7.220550e+02
6.810000e-06	-6.930268e-06	-1.115032e-08	-5.044779e+01	-7.232370e+02
6.820000e-06	-6.960816e-06	-1.116560e-08	-5.067016e+01	-7.244050e+02
6.830000e-06	-6.990792e-06	-1.118359e-08	-5.088836e+01	-7.255578e+02
6.840000e-06	-7.020263e-06	-1.120564e-08	-5.110290e+01	-7.266936e+02
6.850000e-06	-7.049272e-06	-1.122837e-08	-5.131406e+01	-7.278097e+02
6.860000e-06	-7.077816e-06	-1.124790e-08	-5.152184e+01	-7.289031e+02
6.870000e-06	-7.105826e-06	-1.126586e-08	-5.172574e+01	-7.299709e+02
6.880000e-06	-7.133290e-06	-1.128211e-08	-5.192566e+01	-7.310107e+02
6.890000e-06	-7.160265e-06	-1.129237e-08	-5.212202e+01	-7.320208e+02
6.900000e-06	-7.186732e-06	-1.129881e-08	-5.231468e+01	-7.330005e+02
6.910000e-06	-7.212721e-06	-1.130758e-08	-5.250386e+01	-7.339501e+02
6.920000e-06	-7.238229e-06	-1.132083e-08	-5.268954e+01	-7.348706e+02
6.930000e-06	-7.263215e-06	-1.133563e-08	-5.287142e+01	-7.357638e+02
6.940000e-06	-7.287660e-06	-1.135107e-08	-5.304937e+01	-7.366320e+02
6.950000e-06	-7.311535e-06	-1.136770e-08	-5.322316e+01	-7.374777e+02
6.960000e-06	-7.334909e-06	-1.138522e-08	-5.339331e+01	-7.383030e+02
6.970000e-06	-7.357832e-06	-1.140095e-08	-5.356017e+01	-7.391096e+02
6.980000e-06	-7.380291e-06	-1.141137e-08	-5.372366e+01	-7.398988e+02
6.990000e-06	-7.402155e-06	-1.141770e-08	-5.388282e+01	-7.406708e+02
7.000000e-06	-7.423369e-06	-1.142040e-08	-5.403724e+01	-7.414253e+02
7.010000e-06	-7.444016e-06	-1.142367e-08	-5.418754e+01	-7.421615e+02
7.020000e-06	-7.464099e-06	-1.142733e-08	-5.433373e+01	-7.428779e+02
7.030000e-06	-7.483572e-06	-1.143488e-08	-5.447548e+01	-7.435732e+02
7.040000e-06	-7.502412e-06	-1.144950e-08	-5.461262e+01	-7.442460e+02
7.050000e-06	-7.520704e-06	-1.146993e-08	-5.474578e+01	-7.448951e+02
7.060000e-06	-7.538514e-06	-1.148926e-08	-5.487542e+01	-7.455200e+02
7.070000e-06	-7.555878e-06	-1.149802e-08	-5.500182e+01	-7.461207e+02
7.080000e-06	-7.572774e-06	-1.149476e-08	-5.512481e+01	-7.466975e+02
7.090000e-06	-7.589165e-06	-1.148844e-08	-5.524413e+01	-7.472514e+02
7.100000e-06	-7.605087e-06	-1.148884e-08	-5.536003e+01	-7.477834e+02
7.110000e-06	-7.620440e-06	-1.149461e-08	-5.547179e+01	-7.482947e+02
7.120000e-06	-7.635189e-06	-1.150223e-08	-5.557915e+01	-7.487862e+02
7.130000e-06	-7.649404e-06	-1.151471e-08	-5.568263e+01	-7.492585e+02
7.140000e-06	-7.663074e-06	-1.153217e-08	-5.578214e+01	-7.497118e+02
7.150000e-06	-7.676230e-06	-1.154645e-08	-5.587791e+01	-7.501455e+02
7.160000e-06	-7.688939e-06	-1.155324e-08	-5.597042e+01	-7.505588e+02
7.170000e-06	-7.701071e-06	-1.155628e-08	-5.605873e+01	-7.509507e+02
7.180000e-06	-7.712552e-06	-1.155823e-08	-5.614230e+01	-7.513198e+02
7.190000e-06	-7.723504e-06	-1.155373e-08	-5.622203e+01	-7.516652e+02
7.200000e-06	-7.733936e-06	-1.154558e-08	-5.629797e+01	-7.519861e+02
7.210000e-06	-7.743825e-06	-1.154252e-08	-5.636995e+01	-7.522826e+02
7.220000e-06	-7.753195e-06	-1.154853e-08	-5.643816e+01	-7.525551e+02
7.230000e-06	-7.761990e-06	-1.155888e-08	-5.650218e+01	-7.528050e+02
7.240000e-06	-7.770191e-06	-1.156762e-08	-5.656188e+01	-7.530342e+02
7.250000e-06	-7.777848e-06	-1.157370e-08	-5.661762e+01	-7.532448e+02
7.260000e-06	-7.784986e-06	-1.157773e-08	-5.666958e+01	-7.534391e+02
7.270000e-06	-7.791633e-06	-1.157922e-08	-5.671796e+01	-7.536194e+02
7.280000e-06	-7.797775e-06	-1.157446e-08	-5.676267e+01	-7.537873e+02
7.290000e-06	-7.803288e-06	-1.156526e-08	-5.680280e+01	-7.539440e+02
7.300000e-06	-7.808103e-06	-1.156079e-08	-5.683785e+01	-7.540898e+02
7.310000e-06	-7.812320e-06	-1.156349e-08	-5.686855e+01	-7.542243e+02
7.320000e-06	-7.815997e-06	-1.157020e-08	-5.689532e+01	-7.543466e+02
7.330000e-06	-7.819188e-06	-1.157921e-08	-5.691854e+01	-7.544554e+02
7.340000e-06	-7.821788e-06	-1.158801e-08	-5.693747e+01	-7.545493e+02
7.350000e-06	-7.823727e-06	-1.159533e-08	-5.695158e+01	-7.546272e+02
7.360000e-06	-7.825130e-06	-1.159881e-08	-5.696180e+01	-7.546885e+02
7.370000e-06	-7.826054e-06	-1.159600e-08	-5.696852e+01	-7.547332e+02
7.380000e-06	-7.826442e-06	-1.158862e-08	-5.697134e+01	-7.547620e+02
