# Temperatura_=_20.0
# Concentracion g/m^3_=_10000.0
# C_Vs_to_Am_M_A/Vsm_=_65563218390.804596
# pendiente_HvsI_1/m_=_3716.3
# ordenada_HvsI_A/m_=_1297.0
# frecuencia_Hz_=_135402.3345581114

Tiempo_(s)	Campo_(V.s)	Magnetizacion_(V.s)	Campo_(kA/m)	Magnetizacion_(A/m)
0.000000e+00	-7.827580e-06	-1.150147e-08	-5.697514e+01	-7.513268e+02
1.000000e-08	-7.827573e-06	-1.149903e-08	-5.697508e+01	-7.513743e+02
2.000000e-08	-7.827050e-06	-1.149552e-08	-5.697128e+01	-7.513925e+02
3.000000e-08	-7.825873e-06	-1.149714e-08	-5.696271e+01	-7.513766e+02
4.000000e-08	-7.824196e-06	-1.150114e-08	-5.695050e+01	-7.513234e+02
5.000000e-08	-7.822122e-06	-1.150023e-08	-5.693541e+01	-7.512318e+02
6.000000e-08	-7.819558e-06	-1.149741e-08	-5.691675e+01	-7.511034e+02
7.000000e-08	-7.816496e-06	-1.149192e-08	-5.689446e+01	-7.509431e+02
8.000000e-08	-7.812932e-06	-1.147108e-08	-5.686852e+01	-7.507587e+02
9.000000e-08	-7.808709e-06	-1.144217e-08	-5.683778e+01	-7.505602e+02
1.000000e-07	-7.803560e-06	-1.150528e-08	-5.680030e+01	-7.503594e+02
1.100000e-07	-7.797143e-06	-1.156578e-08	-5.675360e+01	-7.501681e+02
1.200000e-07	-7.789542e-06	-1.152914e-08	-5.669827e+01	-7.499969e+02
1.300000e-07	-7.781458e-06	-1.136165e-08	-5.663942e+01	-7.498542e+02
1.400000e-07	-7.773498e-06	-1.135567e-08	-5.658148e+01	-7.497446e+02
1.500000e-07	-7.765391e-06	-1.162198e-08	-5.652248e+01	-7.496682e+02
1.600000e-07	-7.756505e-06	-1.148884e-08	-5.645780e+01	-7.496207e+02
1.700000e-07	-7.747211e-06	-1.123949e-08	-5.639015e+01	-7.495932e+02
1.800000e-07	-7.737798e-06	-1.151796e-08	-5.632163e+01	-7.495731e+02
1.900000e-07	-7.727516e-06	-1.159049e-08	-5.624679e+01	-7.495452e+02
2.000000e-07	-7.716458e-06	-1.127845e-08	-5.616631e+01	-7.494934e+02
2.100000e-07	-7.705245e-06	-1.140715e-08	-5.608469e+01	-7.494020e+02
2.200000e-07	-7.693519e-06	-1.158842e-08	-5.599933e+01	-7.492576e+02
2.300000e-07	-7.681039e-06	-1.125870e-08	-5.590850e+01	-7.490499e+02
2.400000e-07	-7.668219e-06	-1.135987e-08	-5.581519e+01	-7.487728e+02
2.500000e-07	-7.654896e-06	-1.158920e-08	-5.571821e+01	-7.484247e+02
2.600000e-07	-7.640737e-06	-1.132595e-08	-5.561515e+01	-7.480084e+02
2.700000e-07	-7.626034e-06	-1.128172e-08	-5.550813e+01	-7.475305e+02
2.800000e-07	-7.610782e-06	-1.147556e-08	-5.539711e+01	-7.470003e+02
2.900000e-07	-7.594907e-06	-1.134414e-08	-5.528156e+01	-7.464285e+02
3.000000e-07	-7.578699e-06	-1.129570e-08	-5.516359e+01	-7.458261e+02
3.100000e-07	-7.561908e-06	-1.141230e-08	-5.504137e+01	-7.452031e+02
3.200000e-07	-7.544328e-06	-1.127136e-08	-5.491341e+01	-7.445675e+02
3.300000e-07	-7.526378e-06	-1.132853e-08	-5.478275e+01	-7.439248e+02
3.400000e-07	-7.508029e-06	-1.141585e-08	-5.464920e+01	-7.432775e+02
3.500000e-07	-7.489004e-06	-1.125231e-08	-5.451072e+01	-7.426258e+02
3.600000e-07	-7.469420e-06	-1.124107e-08	-5.436817e+01	-7.419674e+02
3.700000e-07	-7.449260e-06	-1.134324e-08	-5.422143e+01	-7.412986e+02
3.800000e-07	-7.428348e-06	-1.123841e-08	-5.406922e+01	-7.406150e+02
3.900000e-07	-7.406796e-06	-1.125704e-08	-5.391235e+01	-7.399121e+02
4.000000e-07	-7.384688e-06	-1.126145e-08	-5.375143e+01	-7.391862e+02
4.100000e-07	-7.362030e-06	-1.118082e-08	-5.358651e+01	-7.384344e+02
4.200000e-07	-7.338804e-06	-1.123273e-08	-5.341745e+01	-7.376550e+02
4.300000e-07	-7.314965e-06	-1.125195e-08	-5.324393e+01	-7.368475e+02
4.400000e-07	-7.290634e-06	-1.115789e-08	-5.306683e+01	-7.360124e+02
4.500000e-07	-7.265924e-06	-1.115730e-08	-5.288697e+01	-7.351504e+02
4.600000e-07	-7.240763e-06	-1.119194e-08	-5.270383e+01	-7.342627e+02
4.700000e-07	-7.215126e-06	-1.115009e-08	-5.251722e+01	-7.333498e+02
4.800000e-07	-7.188967e-06	-1.112813e-08	-5.232682e+01	-7.324122e+02
4.900000e-07	-7.162196e-06	-1.110641e-08	-5.213196e+01	-7.314495e+02
5.000000e-07	-7.134867e-06	-1.108962e-08	-5.193304e+01	-7.304611e+02
5.100000e-07	-7.107066e-06	-1.109446e-08	-5.173068e+01	-7.294457e+02
5.200000e-07	-7.078776e-06	-1.109443e-08	-5.152477e+01	-7.284023e+02
5.300000e-07	-7.049883e-06	-1.103452e-08	-5.131446e+01	-7.273299e+02
5.400000e-07	-7.020414e-06	-1.101997e-08	-5.109996e+01	-7.262281e+02
5.500000e-07	-6.990381e-06	-1.103324e-08	-5.088136e+01	-7.250971e+02
5.600000e-07	-6.959732e-06	-1.101591e-08	-5.065827e+01	-7.239376e+02
5.700000e-07	-6.928529e-06	-1.098091e-08	-5.043115e+01	-7.227510e+02
5.800000e-07	-6.896815e-06	-1.095062e-08	-5.020031e+01	-7.215390e+02
5.900000e-07	-6.864639e-06	-1.093431e-08	-4.996611e+01	-7.203032e+02
6.000000e-07	-6.832008e-06	-1.093974e-08	-4.972859e+01	-7.190450e+02
6.100000e-07	-6.798920e-06	-1.090717e-08	-4.948776e+01	-7.177652e+02
6.200000e-07	-6.765393e-06	-1.086488e-08	-4.924373e+01	-7.164639e+02
6.300000e-07	-6.731381e-06	-1.086331e-08	-4.899616e+01	-7.151404e+02
6.400000e-07	-6.696921e-06	-1.086296e-08	-4.874533e+01	-7.137933e+02
6.500000e-07	-6.662025e-06	-1.083865e-08	-4.849133e+01	-7.124208e+02
6.600000e-07	-6.626593e-06	-1.079602e-08	-4.823343e+01	-7.110207e+02
6.700000e-07	-6.590681e-06	-1.076723e-08	-4.797203e+01	-7.095913e+02
6.800000e-07	-6.554294e-06	-1.075284e-08	-4.770718e+01	-7.081313e+02
6.900000e-07	-6.517392e-06	-1.074031e-08	-4.743858e+01	-7.066398e+02
7.000000e-07	-6.480027e-06	-1.070851e-08	-4.716661e+01	-7.051174e+02
7.100000e-07	-6.442232e-06	-1.067659e-08	-4.689151e+01	-7.035649e+02
7.200000e-07	-6.404007e-06	-1.066548e-08	-4.661328e+01	-7.019842e+02
7.300000e-07	-6.365328e-06	-1.065686e-08	-4.633175e+01	-7.003775e+02
7.400000e-07	-6.326250e-06	-1.062120e-08	-4.604730e+01	-6.987467e+02
7.500000e-07	-6.286787e-06	-1.057909e-08	-4.576006e+01	-6.970938e+02
7.600000e-07	-6.246818e-06	-1.054897e-08	-4.546914e+01	-6.954197e+02
7.700000e-07	-6.206330e-06	-1.053295e-08	-4.517443e+01	-6.937244e+02
7.800000e-07	-6.165437e-06	-1.050978e-08	-4.487679e+01	-6.920070e+02
7.900000e-07	-6.124131e-06	-1.046881e-08	-4.457613e+01	-6.902654e+02
8.000000e-07	-6.082297e-06	-1.043702e-08	-4.427163e+01	-6.884966e+02
8.100000e-07	-6.039958e-06	-1.042136e-08	-4.396345e+01	-6.866970e+02
8.200000e-07	-5.997203e-06	-1.040205e-08	-4.365224e+01	-6.848630e+02
8.300000e-07	-5.954001e-06	-1.036668e-08	-4.333779e+01	-6.829909e+02
8.400000e-07	-5.910334e-06	-1.032796e-08	-4.301995e+01	-6.810777e+02
8.500000e-07	-5.866290e-06	-1.030289e-08	-4.269936e+01	-6.791210e+02
8.600000e-07	-5.821900e-06	-1.027850e-08	-4.237626e+01	-6.771196e+02
8.700000e-07	-5.777120e-06	-1.023900e-08	-4.205032e+01	-6.750730e+02
8.800000e-07	-5.731920e-06	-1.019232e-08	-4.172131e+01	-6.729818e+02
8.900000e-07	-5.686302e-06	-1.015671e-08	-4.138927e+01	-6.708474e+02
9.000000e-07	-5.640251e-06	-1.013287e-08	-4.105408e+01	-6.686714e+02
9.100000e-07	-5.593684e-06	-1.010309e-08	-4.071513e+01	-6.664559e+02
9.200000e-07	-5.546650e-06	-1.006225e-08	-4.037278e+01	-6.642029e+02
9.300000e-07	-5.499207e-06	-1.002733e-08	-4.002745e+01	-6.619143e+02
9.400000e-07	-5.451301e-06	-1.000100e-08	-3.967876e+01	-6.595916e+02
9.500000e-07	-5.402967e-06	-9.968441e-09	-3.932694e+01	-6.572359e+02
9.600000e-07	-5.354261e-06	-9.922139e-09	-3.897243e+01	-6.548479e+02
9.700000e-07	-5.305212e-06	-9.872799e-09	-3.861540e+01	-6.524277e+02
9.800000e-07	-5.255844e-06	-9.836208e-09	-3.825607e+01	-6.499751e+02
9.900000e-07	-5.206053e-06	-9.806847e-09	-3.789365e+01	-6.474894e+02
1.000000e-06	-5.155873e-06	-9.768590e-09	-3.752840e+01	-6.449692e+02
1.010000e-06	-5.105443e-06	-9.723472e-09	-3.716133e+01	-6.424130e+02
1.020000e-06	-5.054700e-06	-9.687757e-09	-3.679199e+01	-6.398184e+02
1.030000e-06	-5.003542e-06	-9.657915e-09	-3.641962e+01	-6.371828e+02
1.040000e-06	-4.951988e-06	-9.618685e-09	-3.604437e+01	-6.345030e+02
1.050000e-06	-4.900092e-06	-9.566231e-09	-3.566663e+01	-6.317756e+02
1.060000e-06	-4.847836e-06	-9.515702e-09	-3.528628e+01	-6.289967e+02
1.070000e-06	-4.795206e-06	-9.475643e-09	-3.490319e+01	-6.261629e+02
1.080000e-06	-4.742185e-06	-9.436280e-09	-3.451726e+01	-6.232707e+02
1.090000e-06	-4.688780e-06	-9.386915e-09	-3.412854e+01	-6.203176e+02
1.100000e-06	-4.635062e-06	-9.335247e-09	-3.373754e+01	-6.173018e+02
1.110000e-06	-4.581020e-06	-9.293200e-09	-3.334418e+01	-6.142226e+02
1.120000e-06	-4.526662e-06	-9.256272e-09	-3.294852e+01	-6.110804e+02
1.130000e-06	-4.472011e-06	-9.209195e-09	-3.255073e+01	-6.078767e+02
1.140000e-06	-4.417009e-06	-9.151584e-09	-3.215038e+01	-6.046140e+02
1.150000e-06	-4.361710e-06	-9.097769e-09	-3.174787e+01	-6.012951e+02
1.160000e-06	-4.306125e-06	-9.051990e-09	-3.134328e+01	-5.979231e+02
1.170000e-06	-4.250201e-06	-9.001462e-09	-3.093623e+01	-5.945008e+02
1.180000e-06	-4.193877e-06	-8.941016e-09	-3.052626e+01	-5.910302e+02
1.190000e-06	-4.137110e-06	-8.881691e-09	-3.011306e+01	-5.875121e+02
1.200000e-06	-4.080000e-06	-8.832297e-09	-2.969737e+01	-5.839462e+02
1.210000e-06	-4.022595e-06	-8.786989e-09	-2.927954e+01	-5.803309e+02
1.220000e-06	-3.964889e-06	-8.734041e-09	-2.885951e+01	-5.766636e+02
1.230000e-06	-3.906954e-06	-8.674357e-09	-2.843781e+01	-5.729407e+02
1.240000e-06	-3.848788e-06	-8.615904e-09	-2.801444e+01	-5.691585e+02
1.250000e-06	-3.790301e-06	-8.558359e-09	-2.758872e+01	-5.653136e+02
1.260000e-06	-3.731511e-06	-8.493780e-09	-2.716080e+01	-5.614031e+02
1.270000e-06	-3.672479e-06	-8.423272e-09	-2.673112e+01	-5.574253e+02
1.280000e-06	-3.613238e-06	-8.359198e-09	-2.629992e+01	-5.533796e+02
1.290000e-06	-3.553805e-06	-8.301895e-09	-2.586732e+01	-5.492665e+02
1.300000e-06	-3.494142e-06	-8.245300e-09	-2.543305e+01	-5.450876e+02
1.310000e-06	-3.434199e-06	-8.184887e-09	-2.499674e+01	-5.408451e+02
1.320000e-06	-3.373997e-06	-8.119315e-09	-2.455854e+01	-5.365409e+02
1.330000e-06	-3.313509e-06	-8.052743e-09	-2.411826e+01	-5.321765e+02
1.340000e-06	-3.252740e-06	-7.984151e-09	-2.367594e+01	-5.277523e+02
1.350000e-06	-3.191733e-06	-7.910440e-09	-2.323188e+01	-5.232671e+02
1.360000e-06	-3.130492e-06	-7.833890e-09	-2.278613e+01	-5.187182e+02
1.370000e-06	-3.069069e-06	-7.761374e-09	-2.233904e+01	-5.141013e+02
1.380000e-06	-3.007464e-06	-7.692105e-09	-2.189063e+01	-5.094110e+02
1.390000e-06	-2.945664e-06	-7.620741e-09	-2.144080e+01	-5.046410e+02
1.400000e-06	-2.883678e-06	-7.544550e-09	-2.098963e+01	-4.997851e+02
1.410000e-06	-2.821503e-06	-7.467645e-09	-2.053706e+01	-4.948379e+02
1.420000e-06	-2.759161e-06	-7.392174e-09	-2.008329e+01	-4.897951e+02
1.430000e-06	-2.696610e-06	-7.316483e-09	-1.962800e+01	-4.846542e+02
1.440000e-06	-2.633797e-06	-7.236540e-09	-1.917080e+01	-4.794146e+02
1.450000e-06	-2.570721e-06	-7.153976e-09	-1.871168e+01	-4.740777e+02
1.460000e-06	-2.507401e-06	-7.072298e-09	-1.825079e+01	-4.686461e+02
1.470000e-06	-2.443906e-06	-6.989742e-09	-1.778862e+01	-4.631235e+02
1.480000e-06	-2.380238e-06	-6.901791e-09	-1.732520e+01	-4.575137e+02
1.490000e-06	-2.316384e-06	-6.810661e-09	-1.686042e+01	-4.518198e+02
1.500000e-06	-2.252369e-06	-6.722811e-09	-1.639447e+01	-4.460437e+02
1.510000e-06	-2.188235e-06	-6.639070e-09	-1.592765e+01	-4.401853e+02
1.520000e-06	-2.123998e-06	-6.552916e-09	-1.546009e+01	-4.342422e+02
1.530000e-06	-2.059633e-06	-6.460829e-09	-1.499159e+01	-4.282101e+02
1.540000e-06	-1.995142e-06	-6.366436e-09	-1.452218e+01	-4.220825e+02
1.550000e-06	-1.930527e-06	-6.273105e-09	-1.405186e+01	-4.158516e+02
1.560000e-06	-1.865784e-06	-6.178675e-09	-1.358060e+01	-4.095091e+02
1.570000e-06	-1.800886e-06	-6.078020e-09	-1.310823e+01	-4.030466e+02
1.580000e-06	-1.735833e-06	-5.973032e-09	-1.263473e+01	-3.964565e+02
1.590000e-06	-1.670653e-06	-5.868731e-09	-1.216030e+01	-3.897328e+02
1.600000e-06	-1.605358e-06	-5.768844e-09	-1.168503e+01	-3.828710e+02
1.610000e-06	-1.539965e-06	-5.664420e-09	-1.120905e+01	-3.758684e+02
1.620000e-06	-1.474467e-06	-5.548976e-09	-1.073230e+01	-3.687241e+02
1.630000e-06	-1.408876e-06	-5.434192e-09	-1.025488e+01	-3.614384e+02
1.640000e-06	-1.343240e-06	-5.325804e-09	-9.777130e+00	-3.540122e+02
1.650000e-06	-1.277542e-06	-5.215855e-09	-9.298932e+00	-3.464466e+02
1.660000e-06	-1.211746e-06	-5.095645e-09	-8.820019e+00	-3.387420e+02
1.670000e-06	-1.145863e-06	-4.969993e-09	-8.340469e+00	-3.308979e+02
1.680000e-06	-1.079893e-06	-4.845693e-09	-7.860287e+00	-3.229125e+02
1.690000e-06	-1.013818e-06	-4.721465e-09	-7.379347e+00	-3.147825e+02
1.700000e-06	-9.476728e-07	-4.592531e-09	-6.897890e+00	-3.065033e+02
1.710000e-06	-8.814496e-07	-4.458134e-09	-6.415866e+00	-2.980694e+02
1.720000e-06	-8.151203e-07	-4.326057e-09	-5.933071e+00	-2.894745e+02
1.730000e-06	-7.486971e-07	-4.197766e-09	-5.449593e+00	-2.807121e+02
1.740000e-06	-6.822061e-07	-4.066142e-09	-4.965620e+00	-2.717761e+02
1.750000e-06	-6.156797e-07	-3.924115e-09	-4.481389e+00	-2.626606e+02
1.760000e-06	-5.490820e-07	-3.775497e-09	-3.996641e+00	-2.533606e+02
1.770000e-06	-4.824038e-07	-3.626664e-09	-3.511305e+00	-2.438716e+02
1.780000e-06	-4.156908e-07	-3.477321e-09	-3.025717e+00	-2.341897e+02
1.790000e-06	-3.489975e-07	-3.322211e-09	-2.540271e+00	-2.243112e+02
1.800000e-06	-2.823176e-07	-3.163884e-09	-2.054924e+00	-2.142327e+02
1.810000e-06	-2.155959e-07	-3.007832e-09	-1.569273e+00	-2.039505e+02
1.820000e-06	-1.488595e-07	-2.853084e-09	-1.083514e+00	-1.934604e+02
1.830000e-06	-8.213075e-08	-2.692093e-09	-5.978106e-01	-1.827583e+02
1.840000e-06	-1.538445e-08	-2.521405e-09	-1.119799e-01	-1.718392e+02
1.850000e-06	5.137934e-08	-2.348139e-09	3.739783e-01	-1.606986e+02
1.860000e-06	1.181586e-07	-2.175789e-09	8.600490e-01	-1.493317e+02
1.870000e-06	1.849092e-07	-2.000557e-09	1.345911e+00	-1.377345e+02
1.880000e-06	2.516260e-07	-1.819103e-09	1.831527e+00	-1.259036e+02
1.890000e-06	3.183623e-07	-1.635888e-09	2.317285e+00	-1.138366e+02
1.900000e-06	3.851055e-07	-1.453437e-09	2.803093e+00	-1.015324e+02
1.910000e-06	4.518139e-07	-1.266952e-09	3.288649e+00	-8.899094e+01
1.920000e-06	5.184699e-07	-1.074133e-09	3.773822e+00	-7.621323e+01
1.930000e-06	5.850441e-07	-8.771597e-10	4.258400e+00	-6.320135e+01
1.940000e-06	6.515165e-07	-6.805471e-10	4.742237e+00	-4.995828e+01
1.950000e-06	7.179148e-07	-4.838579e-10	5.225535e+00	-3.648788e+01
1.960000e-06	7.842415e-07	-2.804310e-10	5.708312e+00	-2.279497e+01
1.970000e-06	8.504955e-07	-6.834652e-11	6.190559e+00	-8.885545e+00
1.980000e-06	9.167181e-07	1.498124e-10	6.672578e+00	5.232766e+00
1.990000e-06	9.828881e-07	3.707897e-10	7.154214e+00	1.955022e+01
2.000000e-06	1.048979e-06	5.928202e-10	7.635274e+00	3.405434e+01
2.010000e-06	1.114986e-06	8.160036e-10	8.115723e+00	4.872927e+01
2.020000e-06	1.180893e-06	1.037633e-09	8.595448e+00	6.355532e+01
2.030000e-06	1.246685e-06	1.256159e-09	9.074330e+00	7.850861e+01
2.040000e-06	1.312395e-06	1.477345e-09	9.552616e+00	9.356104e+01
2.050000e-06	1.378033e-06	1.705848e-09	1.003038e+01	1.086805e+02
2.060000e-06	1.443539e-06	1.939226e-09	1.050719e+01	1.238317e+02
2.070000e-06	1.508927e-06	2.174319e-09	1.098313e+01	1.389768e+02
2.080000e-06	1.574227e-06	2.408953e-09	1.145843e+01	1.540766e+02
2.090000e-06	1.639448e-06	2.640019e-09	1.193316e+01	1.690922e+02
2.100000e-06	1.704557e-06	2.864666e-09	1.240708e+01	1.839859e+02
2.110000e-06	1.769528e-06	3.082481e-09	1.287999e+01	1.987224e+02
2.120000e-06	1.834369e-06	3.296357e-09	1.335195e+01	2.132701e+02
2.130000e-06	1.899098e-06	3.508516e-09	1.382309e+01	2.276013e+02
2.140000e-06	1.963703e-06	3.718155e-09	1.429333e+01	2.416930e+02
2.150000e-06	2.028182e-06	3.926172e-09	1.476267e+01	2.555264e+02
2.160000e-06	2.092545e-06	4.132697e-09	1.523115e+01	2.690866e+02
2.170000e-06	2.156744e-06	4.336769e-09	1.569844e+01	2.823623e+02
2.180000e-06	2.220773e-06	4.536217e-09	1.616449e+01	2.953449e+02
2.190000e-06	2.284657e-06	4.727956e-09	1.662948e+01	3.080276e+02
2.200000e-06	2.348382e-06	4.910551e-09	1.709332e+01	3.204050e+02
2.210000e-06	2.411927e-06	5.087297e-09	1.755586e+01	3.324725e+02
2.220000e-06	2.475277e-06	5.259456e-09	1.801696e+01	3.442263e+02
2.230000e-06	2.538411e-06	5.425184e-09	1.847650e+01	3.556627e+02
2.240000e-06	2.601344e-06	5.589873e-09	1.893458e+01	3.667790e+02
2.250000e-06	2.664092e-06	5.756369e-09	1.939131e+01	3.775733e+02
2.260000e-06	2.726629e-06	5.920803e-09	1.984650e+01	3.880450e+02
2.270000e-06	2.788957e-06	6.080668e-09	2.030017e+01	3.981950e+02
2.280000e-06	2.851113e-06	6.234962e-09	2.075259e+01	4.080261e+02
2.290000e-06	2.913081e-06	6.383165e-09	2.120364e+01	4.175429e+02
2.300000e-06	2.974826e-06	6.522522e-09	2.165307e+01	4.267517e+02
2.310000e-06	3.036372e-06	6.652258e-09	2.210105e+01	4.356602e+02
2.320000e-06	3.097713e-06	6.774990e-09	2.254753e+01	4.442774e+02
2.330000e-06	3.158816e-06	6.894618e-09	2.299229e+01	4.526125e+02
2.340000e-06	3.219706e-06	7.013097e-09	2.343549e+01	4.606754e+02
2.350000e-06	3.280375e-06	7.128468e-09	2.387709e+01	4.684756e+02
2.360000e-06	3.340801e-06	7.242200e-09	2.431692e+01	4.760220e+02
2.370000e-06	3.400946e-06	7.354285e-09	2.475470e+01	4.833234e+02
2.380000e-06	3.460786e-06	7.462729e-09	2.519026e+01	4.903878e+02
2.390000e-06	3.520374e-06	7.565014e-09	2.562398e+01	4.972232e+02
2.400000e-06	3.579767e-06	7.659329e-09	2.605629e+01	5.038375e+02
2.410000e-06	3.638935e-06	7.750073e-09	2.648696e+01	5.102392e+02
2.420000e-06	3.697863e-06	7.839997e-09	2.691589e+01	5.164370e+02
2.430000e-06	3.756508e-06	7.927465e-09	2.734275e+01	5.224404e+02
2.440000e-06	3.814848e-06	8.015294e-09	2.776739e+01	5.282598e+02
2.450000e-06	3.872912e-06	8.101066e-09	2.819003e+01	5.339058e+02
2.460000e-06	3.930688e-06	8.187496e-09	2.861057e+01	5.393893e+02
2.470000e-06	3.988185e-06	8.273941e-09	2.902907e+01	5.447209e+02
2.480000e-06	4.045375e-06	8.356105e-09	2.944534e+01	5.499105e+02
2.490000e-06	4.102248e-06	8.434072e-09	2.985931e+01	5.549668e+02
2.500000e-06	4.158832e-06	8.506468e-09	3.027117e+01	5.598970e+02
2.510000e-06	4.215076e-06	8.578254e-09	3.068056e+01	5.647067e+02
2.520000e-06	4.270951e-06	8.648662e-09	3.108726e+01	5.693997e+02
2.530000e-06	4.326563e-06	8.714849e-09	3.149205e+01	5.739786e+02
2.540000e-06	4.381915e-06	8.777860e-09	3.189494e+01	5.784445e+02
2.550000e-06	4.436944e-06	8.841056e-09	3.229548e+01	5.827983e+02
2.560000e-06	4.491661e-06	8.907061e-09	3.269375e+01	5.870405e+02
2.570000e-06	4.546017e-06	8.972549e-09	3.308940e+01	5.911720e+02
2.580000e-06	4.600009e-06	9.032842e-09	3.348239e+01	5.951947e+02
2.590000e-06	4.653663e-06	9.091057e-09	3.387293e+01	5.991114e+02
2.600000e-06	4.706969e-06	9.147241e-09	3.426094e+01	6.029262e+02
2.610000e-06	4.759908e-06	9.201660e-09	3.464626e+01	6.066442e+02
2.620000e-06	4.812448e-06	9.250759e-09	3.502869e+01	6.102713e+02
2.630000e-06	4.864648e-06	9.299491e-09	3.540864e+01	6.138138e+02
2.640000e-06	4.916546e-06	9.350225e-09	3.578639e+01	6.172782e+02
2.650000e-06	4.968118e-06	9.399718e-09	3.616178e+01	6.206703e+02
2.660000e-06	5.019349e-06	9.447894e-09	3.653468e+01	6.239951e+02
2.670000e-06	5.070194e-06	9.492488e-09	3.690476e+01	6.272566e+02
2.680000e-06	5.120710e-06	9.538120e-09	3.727246e+01	6.304575e+02
2.690000e-06	5.170941e-06	9.582031e-09	3.763808e+01	6.335993e+02
2.700000e-06	5.220779e-06	9.625759e-09	3.800084e+01	6.366825e+02
2.710000e-06	5.270197e-06	9.669770e-09	3.836054e+01	6.397068e+02
2.720000e-06	5.319264e-06	9.714294e-09	3.871769e+01	6.426713e+02
2.730000e-06	5.367964e-06	9.758935e-09	3.907216e+01	6.455752e+02
2.740000e-06	5.416250e-06	9.799539e-09	3.942363e+01	6.484176e+02
2.750000e-06	5.464115e-06	9.834465e-09	3.977202e+01	6.511982e+02
2.760000e-06	5.511571e-06	9.866647e-09	4.011744e+01	6.539171e+02
2.770000e-06	5.558618e-06	9.899475e-09	4.045989e+01	6.565749e+02
2.780000e-06	5.605207e-06	9.935278e-09	4.079900e+01	6.591729e+02
2.790000e-06	5.651364e-06	9.974985e-09	4.113497e+01	6.617126e+02
2.800000e-06	5.697139e-06	1.001627e-08	4.146815e+01	6.641959e+02
2.810000e-06	5.742532e-06	1.005725e-08	4.179856e+01	6.666247e+02
2.820000e-06	5.787493e-06	1.009600e-08	4.212582e+01	6.690009e+02
2.830000e-06	5.832017e-06	1.012935e-08	4.244989e+01	6.713261e+02
2.840000e-06	5.876162e-06	1.015560e-08	4.277121e+01	6.736018e+02
2.850000e-06	5.919912e-06	1.017920e-08	4.308966e+01	6.758291e+02
2.860000e-06	5.963217e-06	1.020519e-08	4.340487e+01	6.780089e+02
2.870000e-06	6.006063e-06	1.023419e-08	4.371674e+01	6.801416e+02
2.880000e-06	6.048498e-06	1.026557e-08	4.402561e+01	6.822276e+02
2.890000e-06	6.090509e-06	1.030260e-08	4.433140e+01	6.842670e+02
2.900000e-06	6.132034e-06	1.034103e-08	4.463365e+01	6.862598e+02
2.910000e-06	6.173125e-06	1.037655e-08	4.493274e+01	6.882058e+02
2.920000e-06	6.213837e-06	1.040378e-08	4.522908e+01	6.901048e+02
2.930000e-06	6.254106e-06	1.042415e-08	4.552218e+01	6.919567e+02
2.940000e-06	6.293871e-06	1.044439e-08	4.581162e+01	6.937611e+02
2.950000e-06	6.333188e-06	1.046593e-08	4.609781e+01	6.955182e+02
2.960000e-06	6.372050e-06	1.049188e-08	4.638067e+01	6.972280e+02
2.970000e-06	6.410414e-06	1.051910e-08	4.665991e+01	6.988912e+02
2.980000e-06	6.448311e-06	1.054869e-08	4.693575e+01	7.005086e+02
2.990000e-06	6.485790e-06	1.058038e-08	4.720856e+01	7.020817e+02
3.000000e-06	6.522808e-06	1.061019e-08	4.747800e+01	7.036124e+02
3.010000e-06	6.559314e-06	1.063373e-08	4.774372e+01	7.051032e+02
3.020000e-06	6.595389e-06	1.065076e-08	4.800630e+01	7.065568e+02
3.030000e-06	6.630985e-06	1.066649e-08	4.826540e+01	7.079763e+02
3.040000e-06	6.666051e-06	1.068521e-08	4.852063e+01	7.093648e+02
3.050000e-06	6.700682e-06	1.070606e-08	4.877270e+01	7.107253e+02
3.060000e-06	6.734924e-06	1.072850e-08	4.902195e+01	7.120603e+02
3.070000e-06	6.768712e-06	1.075172e-08	4.926788e+01	7.133720e+02
3.080000e-06	6.801999e-06	1.077465e-08	4.951017e+01	7.146619e+02
3.090000e-06	6.834847e-06	1.079794e-08	4.974927e+01	7.159308e+02
3.100000e-06	6.867228e-06	1.081867e-08	4.998496e+01	7.171791e+02
3.110000e-06	6.899075e-06	1.083840e-08	5.021677e+01	7.184065e+02
3.120000e-06	6.930434e-06	1.085831e-08	5.044502e+01	7.196126e+02
3.130000e-06	6.961270e-06	1.087584e-08	5.066946e+01	7.207968e+02
3.140000e-06	6.991541e-06	1.089110e-08	5.088980e+01	7.219586e+02
3.150000e-06	7.021282e-06	1.090601e-08	5.110628e+01	7.230976e+02
3.160000e-06	7.050473e-06	1.092320e-08	5.131876e+01	7.242137e+02
3.170000e-06	7.079113e-06	1.094216e-08	5.152722e+01	7.253071e+02
3.180000e-06	7.107262e-06	1.096092e-08	5.173211e+01	7.263781e+02
3.190000e-06	7.134978e-06	1.098220e-08	5.193385e+01	7.274270e+02
3.200000e-06	7.162229e-06	1.100271e-08	5.213220e+01	7.284538e+02
3.210000e-06	7.188956e-06	1.101942e-08	5.232674e+01	7.294585e+02
3.220000e-06	7.215166e-06	1.103132e-08	5.251752e+01	7.304403e+02
3.230000e-06	7.240837e-06	1.104264e-08	5.270437e+01	7.313981e+02
3.240000e-06	7.265970e-06	1.105720e-08	5.288731e+01	7.323305e+02
3.250000e-06	7.290650e-06	1.107423e-08	5.306694e+01	7.332356e+02
3.260000e-06	7.314900e-06	1.109157e-08	5.324345e+01	7.341118e+02
3.270000e-06	7.338616e-06	1.110728e-08	5.341608e+01	7.349575e+02
3.280000e-06	7.361752e-06	1.112218e-08	5.358448e+01	7.357720e+02
3.290000e-06	7.384335e-06	1.113556e-08	5.374886e+01	7.365550e+02
3.300000e-06	7.406377e-06	1.114895e-08	5.390930e+01	7.373075e+02
3.310000e-06	7.427914e-06	1.115989e-08	5.406606e+01	7.380310e+02
3.320000e-06	7.448876e-06	1.116886e-08	5.421864e+01	7.387282e+02
3.330000e-06	7.469174e-06	1.117895e-08	5.436638e+01	7.394020e+02
3.340000e-06	7.488840e-06	1.119009e-08	5.450953e+01	7.400556e+02
3.350000e-06	7.507940e-06	1.120116e-08	5.464855e+01	7.406920e+02
3.360000e-06	7.526531e-06	1.121379e-08	5.478387e+01	7.413133e+02
3.370000e-06	7.544641e-06	1.122875e-08	5.491569e+01	7.419209e+02
3.380000e-06	7.562288e-06	1.124324e-08	5.504414e+01	7.425150e+02
3.390000e-06	7.579372e-06	1.125408e-08	5.516849e+01	7.430946e+02
3.400000e-06	7.595832e-06	1.126146e-08	5.528829e+01	7.436578e+02
3.410000e-06	7.611737e-06	1.126862e-08	5.540407e+01	7.442021e+02
3.420000e-06	7.627115e-06	1.127748e-08	5.551600e+01	7.447246e+02
3.430000e-06	7.641995e-06	1.128781e-08	5.562430e+01	7.452228e+02
3.440000e-06	7.656395e-06	1.129794e-08	5.572912e+01	7.456949e+02
3.450000e-06	7.670197e-06	1.130876e-08	5.582958e+01	7.461400e+02
3.460000e-06	7.683388e-06	1.131696e-08	5.592560e+01	7.465584e+02
3.470000e-06	7.696079e-06	1.132075e-08	5.601797e+01	7.469517e+02
3.480000e-06	7.708289e-06	1.132342e-08	5.610684e+01	7.473225e+02
3.490000e-06	7.719996e-06	1.132812e-08	5.619206e+01	7.476739e+02
3.500000e-06	7.731224e-06	1.133611e-08	5.627378e+01	7.480093e+02
3.510000e-06	7.741867e-06	1.134742e-08	5.635125e+01	7.483320e+02
3.520000e-06	7.751842e-06	1.135809e-08	5.642386e+01	7.486444e+02
3.530000e-06	7.761252e-06	1.136470e-08	5.649235e+01	7.489479e+02
3.540000e-06	7.770122e-06	1.136809e-08	5.655691e+01	7.492429e+02
3.550000e-06	7.778483e-06	1.136753e-08	5.661777e+01	7.495284e+02
3.560000e-06	7.786389e-06	1.136698e-08	5.667532e+01	7.498030e+02
3.570000e-06	7.793759e-06	1.136958e-08	5.672896e+01	7.500645e+02
3.580000e-06	7.800553e-06	1.137917e-08	5.677841e+01	7.503107e+02
3.590000e-06	7.806766e-06	1.139447e-08	5.682364e+01	7.505399e+02
3.600000e-06	7.812401e-06	1.140921e-08	5.686465e+01	7.507513e+02
3.610000e-06	7.817489e-06	1.142019e-08	5.690168e+01	7.509448e+02
3.620000e-06	7.821948e-06	1.142399e-08	5.693414e+01	7.511211e+02
3.630000e-06	7.825723e-06	1.142126e-08	5.696162e+01	7.512819e+02
3.640000e-06	7.828919e-06	1.141542e-08	5.698488e+01	7.514288e+02
3.650000e-06	7.831584e-06	1.140865e-08	5.700428e+01	7.515634e+02
3.660000e-06	7.833688e-06	1.140560e-08	5.701960e+01	7.516863e+02
3.670000e-06	7.835306e-06	1.141020e-08	5.703137e+01	7.517970e+02
3.680000e-06	7.836334e-06	1.141868e-08	5.703885e+01	7.518933e+02
3.690000e-06	7.836698e-06	1.142905e-08	5.704150e+01	7.519719e+02
3.700000e-06	7.836532e-06	1.143689e-08	5.704029e+01	7.520281e+02
3.710000e-06	7.835883e-06	1.144304e-08	5.703557e+01	7.520567e+02
3.720000e-06	7.834745e-06	1.144319e-08	5.702729e+01	7.520527e+02
3.730000e-06	7.833195e-06	1.143382e-08	5.701601e+01	7.520123e+02
3.740000e-06	7.831166e-06	1.142589e-08	5.700124e+01	7.519335e+02
3.750000e-06	7.828515e-06	1.141775e-08	5.698194e+01	7.518170e+02
3.760000e-06	7.825364e-06	1.141794e-08	5.695900e+01	7.516667e+02
3.770000e-06	7.821796e-06	1.145465e-08	5.693303e+01	7.514894e+02
3.780000e-06	7.817765e-06	1.146679e-08	5.690370e+01	7.512944e+02
3.790000e-06	7.812896e-06	1.133930e-08	5.686825e+01	7.510931e+02
3.800000e-06	7.806584e-06	1.129073e-08	5.682231e+01	7.508974e+02
3.810000e-06	7.798905e-06	1.146068e-08	5.676642e+01	7.507185e+02
3.820000e-06	7.790940e-06	1.161252e-08	5.670844e+01	7.505657e+02
3.830000e-06	7.783556e-06	1.141090e-08	5.665470e+01	7.504448e+02
3.840000e-06	7.775911e-06	1.117744e-08	5.659905e+01	7.503577e+02
3.850000e-06	7.766921e-06	1.157214e-08	5.653361e+01	7.503014e+02
3.860000e-06	7.757528e-06	1.157661e-08	5.646524e+01	7.502685e+02
3.870000e-06	7.748360e-06	1.117078e-08	5.639851e+01	7.502476e+02
3.880000e-06	7.738287e-06	1.140861e-08	5.632519e+01	7.502241e+02
3.890000e-06	7.727292e-06	1.166784e-08	5.624516e+01	7.501821e+02
3.900000e-06	7.716225e-06	1.131233e-08	5.616461e+01	7.501057e+02
3.910000e-06	7.704652e-06	1.134830e-08	5.608037e+01	7.499804e+02
3.920000e-06	7.692145e-06	1.173678e-08	5.598934e+01	7.497947e+02
3.930000e-06	7.679277e-06	1.138981e-08	5.589568e+01	7.495411e+02
3.940000e-06	7.665922e-06	1.118738e-08	5.579847e+01	7.492166e+02
3.950000e-06	7.651791e-06	1.159868e-08	5.569561e+01	7.488226e+02
3.960000e-06	7.637316e-06	1.150097e-08	5.559025e+01	7.483644e+02
3.970000e-06	7.622228e-06	1.126245e-08	5.548042e+01	7.478505e+02
3.980000e-06	7.606224e-06	1.148740e-08	5.536394e+01	7.472914e+02
3.990000e-06	7.589917e-06	1.143310e-08	5.524524e+01	7.466981e+02
4.000000e-06	7.573279e-06	1.136999e-08	5.512414e+01	7.460810e+02
4.010000e-06	7.555911e-06	1.147116e-08	5.499772e+01	7.454490e+02
4.020000e-06	7.538130e-06	1.129791e-08	5.486830e+01	7.448082e+02
4.030000e-06	7.519934e-06	1.131885e-08	5.473585e+01	7.441624e+02
4.040000e-06	7.501053e-06	1.150731e-08	5.459842e+01	7.435124e+02
4.050000e-06	7.481649e-06	1.131301e-08	5.445719e+01	7.428566e+02
4.060000e-06	7.461687e-06	1.127380e-08	5.431188e+01	7.421918e+02
4.070000e-06	7.441086e-06	1.140841e-08	5.416193e+01	7.415138e+02
4.080000e-06	7.419972e-06	1.128468e-08	5.400825e+01	7.408178e+02
4.090000e-06	7.398160e-06	1.130918e-08	5.384949e+01	7.401000e+02
4.100000e-06	7.375598e-06	1.136673e-08	5.368526e+01	7.393571e+02
4.110000e-06	7.352555e-06	1.124112e-08	5.351754e+01	7.385871e+02
4.120000e-06	7.329065e-06	1.128810e-08	5.334656e+01	7.377891e+02
4.130000e-06	7.305092e-06	1.132996e-08	5.317206e+01	7.369631e+02
4.140000e-06	7.280650e-06	1.123919e-08	5.299416e+01	7.361101e+02
4.150000e-06	7.255679e-06	1.122665e-08	5.281240e+01	7.352309e+02
4.160000e-06	7.230146e-06	1.124647e-08	5.262655e+01	7.343264e+02
4.170000e-06	7.204073e-06	1.123124e-08	5.243677e+01	7.333971e+02
4.180000e-06	7.177536e-06	1.122025e-08	5.224361e+01	7.324429e+02
4.190000e-06	7.150503e-06	1.119038e-08	5.204685e+01	7.314632e+02
4.200000e-06	7.122895e-06	1.115932e-08	5.184590e+01	7.304570e+02
4.210000e-06	7.094722e-06	1.115429e-08	5.164083e+01	7.294231e+02
4.220000e-06	7.065987e-06	1.118027e-08	5.143168e+01	7.283605e+02
4.230000e-06	7.036692e-06	1.114437e-08	5.121845e+01	7.272686e+02
4.240000e-06	7.006826e-06	1.109222e-08	5.100106e+01	7.261473e+02
4.250000e-06	6.976343e-06	1.110246e-08	5.077918e+01	7.249973e+02
4.260000e-06	6.945336e-06	1.109295e-08	5.055349e+01	7.238196e+02
4.270000e-06	6.913883e-06	1.106541e-08	5.032454e+01	7.226159e+02
4.280000e-06	6.881923e-06	1.102842e-08	5.009192e+01	7.213880e+02
4.290000e-06	6.849500e-06	1.100198e-08	4.985592e+01	7.201372e+02
4.300000e-06	6.816663e-06	1.102730e-08	4.961690e+01	7.188646e+02
4.310000e-06	6.783391e-06	1.100815e-08	4.937472e+01	7.175706e+02
4.320000e-06	6.749604e-06	1.094989e-08	4.912880e+01	7.162547e+02
4.330000e-06	6.715269e-06	1.093662e-08	4.887888e+01	7.149157e+02
4.340000e-06	6.680405e-06	1.093562e-08	4.862511e+01	7.135519e+02
4.350000e-06	6.645008e-06	1.092098e-08	4.836747e+01	7.121613e+02
4.360000e-06	6.609151e-06	1.088307e-08	4.810648e+01	7.107419e+02
4.370000e-06	6.572877e-06	1.085441e-08	4.784244e+01	7.092922e+02
4.380000e-06	6.536108e-06	1.083798e-08	4.757481e+01	7.078113e+02
4.390000e-06	6.498833e-06	1.081814e-08	4.730350e+01	7.062992e+02
4.400000e-06	6.461118e-06	1.078986e-08	4.702897e+01	7.047566e+02
4.410000e-06	6.422975e-06	1.075065e-08	4.675134e+01	7.031852e+02
4.420000e-06	6.384384e-06	1.073372e-08	4.647045e+01	7.015869e+02
4.430000e-06	6.345402e-06	1.073359e-08	4.618671e+01	6.999640e+02
4.440000e-06	6.306034e-06	1.071325e-08	4.590016e+01	6.983184e+02
4.450000e-06	6.266200e-06	1.067989e-08	4.561021e+01	6.966513e+02
4.460000e-06	6.225896e-06	1.064195e-08	4.531685e+01	6.949633e+02
4.470000e-06	6.185134e-06	1.062098e-08	4.502016e+01	6.932535e+02
4.480000e-06	6.143859e-06	1.060543e-08	4.471972e+01	6.915203e+02
4.490000e-06	6.102075e-06	1.057008e-08	4.441559e+01	6.897610e+02
4.500000e-06	6.059885e-06	1.053390e-08	4.410849e+01	6.879721e+02
4.510000e-06	6.017281e-06	1.051188e-08	4.379839e+01	6.861501e+02
4.520000e-06	5.974186e-06	1.049695e-08	4.348471e+01	6.842911e+02
4.530000e-06	5.930660e-06	1.046820e-08	4.316790e+01	6.823920e+02
4.540000e-06	5.886798e-06	1.043338e-08	4.284864e+01	6.804500e+02
4.550000e-06	5.842585e-06	1.040764e-08	4.252682e+01	6.784637e+02
4.560000e-06	5.797988e-06	1.038495e-08	4.220221e+01	6.764322e+02
4.570000e-06	5.752941e-06	1.035232e-08	4.187432e+01	6.743558e+02
4.580000e-06	5.707458e-06	1.030884e-08	4.154326e+01	6.722357e+02
4.590000e-06	5.661489e-06	1.027102e-08	4.120866e+01	6.700734e+02
4.600000e-06	5.615013e-06	1.024584e-08	4.087037e+01	6.678709e+02
4.610000e-06	5.568057e-06	1.022146e-08	4.052859e+01	6.656302e+02
4.620000e-06	5.520648e-06	1.018953e-08	4.018351e+01	6.633534e+02
4.630000e-06	5.472845e-06	1.015126e-08	3.983556e+01	6.610419e+02
4.640000e-06	5.424589e-06	1.011891e-08	3.948432e+01	6.586972e+02
4.650000e-06	5.375943e-06	1.008727e-08	3.913024e+01	6.563200e+02
4.660000e-06	5.326929e-06	1.004638e-08	3.877348e+01	6.539106e+02
4.670000e-06	5.277534e-06	9.998063e-09	3.841394e+01	6.514690e+02
4.680000e-06	5.227798e-06	9.955271e-09	3.805193e+01	6.489945e+02
4.690000e-06	5.177708e-06	9.923936e-09	3.768733e+01	6.464860e+02
4.700000e-06	5.127297e-06	9.890402e-09	3.732040e+01	6.439421e+02
4.710000e-06	5.076609e-06	9.848191e-09	3.695146e+01	6.413606e+02
4.720000e-06	5.025581e-06	9.809032e-09	3.658004e+01	6.387391e+02
4.730000e-06	4.974133e-06	9.779239e-09	3.620556e+01	6.360745e+02
4.740000e-06	4.922261e-06	9.743417e-09	3.582800e+01	6.333634e+02
4.750000e-06	4.870019e-06	9.693801e-09	3.544774e+01	6.306021e+02
4.760000e-06	4.817389e-06	9.639848e-09	3.506465e+01	6.277870e+02
4.770000e-06	4.764375e-06	9.594375e-09	3.467878e+01	6.249147e+02
4.780000e-06	4.711039e-06	9.554725e-09	3.429056e+01	6.219823e+02
4.790000e-06	4.657411e-06	9.510305e-09	3.390021e+01	6.189876e+02
4.800000e-06	4.603507e-06	9.462637e-09	3.350786e+01	6.159295e+02
4.810000e-06	4.549310e-06	9.418550e-09	3.311337e+01	6.128083e+02
4.820000e-06	4.494741e-06	9.377309e-09	3.271617e+01	6.096249e+02
4.830000e-06	4.439810e-06	9.329847e-09	3.231634e+01	6.063816e+02
4.840000e-06	4.384598e-06	9.272955e-09	3.191447e+01	6.030812e+02
4.850000e-06	4.329072e-06	9.214077e-09	3.151031e+01	5.997266e+02
4.860000e-06	4.273194e-06	9.158978e-09	3.110358e+01	5.963209e+02
4.870000e-06	4.216986e-06	9.105804e-09	3.069446e+01	5.928663e+02
4.880000e-06	4.160465e-06	9.050908e-09	3.028306e+01	5.893640e+02
4.890000e-06	4.103584e-06	8.997553e-09	2.986903e+01	5.858143e+02
4.900000e-06	4.046396e-06	8.947880e-09	2.945278e+01	5.822158e+02
4.910000e-06	3.988933e-06	8.900425e-09	2.903452e+01	5.785662e+02
4.920000e-06	3.931156e-06	8.849436e-09	2.861397e+01	5.748623e+02
4.930000e-06	3.873086e-06	8.789088e-09	2.819129e+01	5.711003e+02
4.940000e-06	3.814774e-06	8.726367e-09	2.776685e+01	5.672768e+02
4.950000e-06	3.756213e-06	8.663323e-09	2.734060e+01	5.633885e+02
4.960000e-06	3.697356e-06	8.597162e-09	2.691220e+01	5.594333e+02
4.970000e-06	3.638237e-06	8.527495e-09	2.648188e+01	5.554102e+02
4.980000e-06	3.578897e-06	8.463315e-09	2.604996e+01	5.513195e+02
4.990000e-06	3.519344e-06	8.407727e-09	2.561649e+01	5.471624e+02
5.000000e-06	3.459534e-06	8.354128e-09	2.518114e+01	5.429409e+02
5.010000e-06	3.399445e-06	8.296511e-09	2.474377e+01	5.386572e+02
5.020000e-06	3.339132e-06	8.232483e-09	2.430476e+01	5.343128e+02
5.030000e-06	3.278597e-06	8.164500e-09	2.386414e+01	5.299086e+02
5.040000e-06	3.217805e-06	8.091823e-09	2.342166e+01	5.254440e+02
5.050000e-06	3.156731e-06	8.014062e-09	2.297711e+01	5.209169e+02
5.060000e-06	3.095387e-06	7.936999e-09	2.253061e+01	5.163233e+02
5.070000e-06	3.033823e-06	7.866447e-09	2.208250e+01	5.116581e+02
5.080000e-06	2.972072e-06	7.799719e-09	2.163302e+01	5.069154e+02
5.090000e-06	2.910160e-06	7.732470e-09	2.118238e+01	5.020889e+02
5.100000e-06	2.848076e-06	7.662779e-09	2.073048e+01	4.971727e+02
5.110000e-06	2.785788e-06	7.591700e-09	2.027710e+01	4.921622e+02
5.120000e-06	2.723277e-06	7.516049e-09	1.982210e+01	4.870542e+02
5.130000e-06	2.660558e-06	7.436986e-09	1.936558e+01	4.818476e+02
5.140000e-06	2.597604e-06	7.351873e-09	1.890736e+01	4.765429e+02
5.150000e-06	2.534408e-06	7.263096e-09	1.844737e+01	4.711426e+02
5.160000e-06	2.471018e-06	7.174814e-09	1.798596e+01	4.656499e+02
5.170000e-06	2.407477e-06	7.086516e-09	1.752347e+01	4.600689e+02
5.180000e-06	2.343794e-06	6.998157e-09	1.705993e+01	4.544028e+02
5.190000e-06	2.279961e-06	6.909938e-09	1.659530e+01	4.486541e+02
5.200000e-06	2.216031e-06	6.825465e-09	1.612997e+01	4.428233e+02
5.210000e-06	2.151975e-06	6.741866e-09	1.566372e+01	4.369089e+02
5.220000e-06	2.087750e-06	6.652994e-09	1.519625e+01	4.309072e+02
5.230000e-06	2.023347e-06	6.558260e-09	1.472748e+01	4.248122e+02
5.240000e-06	1.958755e-06	6.459568e-09	1.425732e+01	4.186168e+02
5.250000e-06	1.894008e-06	6.359757e-09	1.378604e+01	4.123125e+02
5.260000e-06	1.829110e-06	6.259322e-09	1.331367e+01	4.058909e+02
5.270000e-06	1.764054e-06	6.157343e-09	1.284014e+01	3.993442e+02
5.280000e-06	1.698854e-06	6.056065e-09	1.236556e+01	3.926657e+02
5.290000e-06	1.633518e-06	5.952786e-09	1.189000e+01	3.858503e+02
5.300000e-06	1.568056e-06	5.849697e-09	1.141351e+01	3.788949e+02
5.310000e-06	1.502449e-06	5.742941e-09	1.093598e+01	3.717979e+02
5.320000e-06	1.436737e-06	5.632572e-09	1.045768e+01	3.645593e+02
5.330000e-06	1.370987e-06	5.521126e-09	9.979096e+00	3.571799e+02
5.340000e-06	1.305152e-06	5.409614e-09	9.499900e+00	3.496608e+02
5.350000e-06	1.239265e-06	5.296394e-09	9.020321e+00	3.420026e+02
5.360000e-06	1.173340e-06	5.177147e-09	8.540467e+00	3.342052e+02
5.370000e-06	1.107344e-06	5.054271e-09	8.060103e+00	3.262672e+02
5.380000e-06	1.041271e-06	4.930102e-09	7.579172e+00	3.181859e+02
5.390000e-06	9.751048e-07	4.804678e-09	7.097562e+00	3.099571e+02
5.400000e-06	9.088605e-07	4.677574e-09	6.615384e+00	3.015755e+02
5.410000e-06	8.425263e-07	4.549543e-09	6.132553e+00	2.930350e+02
5.420000e-06	7.761058e-07	4.420976e-09	5.649094e+00	2.843292e+02
5.430000e-06	7.096176e-07	4.291038e-09	5.165142e+00	2.754518e+02
5.440000e-06	6.430627e-07	4.154882e-09	4.680704e+00	2.663968e+02
5.450000e-06	5.764654e-07	4.013729e-09	4.195957e+00	2.571589e+02
5.460000e-06	5.098316e-07	3.870386e-09	3.710946e+00	2.477334e+02
5.470000e-06	4.431684e-07	3.724146e-09	3.225720e+00	2.381163e+02
5.480000e-06	3.765327e-07	3.572165e-09	2.740694e+00	2.283038e+02
5.490000e-06	3.099074e-07	3.419323e-09	2.255744e+00	2.182925e+02
5.500000e-06	2.432564e-07	3.267375e-09	1.770607e+00	2.080786e+02
5.510000e-06	1.766201e-07	3.114088e-09	1.285577e+00	1.976584e+02
5.520000e-06	1.099996e-07	2.958003e-09	8.006617e-01	1.870275e+02
5.530000e-06	4.334666e-08	2.797230e-09	3.155102e-01	1.761813e+02
5.540000e-06	-2.331848e-08	2.628953e-09	-1.697298e-01	1.651151e+02
5.550000e-06	-8.999859e-08	2.453034e-09	-6.550788e-01	1.538242e+02
5.560000e-06	-1.567088e-07	2.270628e-09	-1.140647e+00	1.423042e+02
5.570000e-06	-2.234048e-07	2.084536e-09	-1.626112e+00	1.305516e+02
5.580000e-06	-2.900920e-07	1.897770e-09	-2.111512e+00	1.185636e+02
5.590000e-06	-3.567696e-07	1.710068e-09	-2.596843e+00	1.063386e+02
5.600000e-06	-4.233905e-07	1.520997e-09	-3.081761e+00	9.387622e+01
5.610000e-06	-4.899605e-07	1.328426e-09	-3.566308e+00	8.117712e+01
5.620000e-06	-5.564889e-07	1.131157e-09	-4.050553e+00	6.824307e+01
5.630000e-06	-6.229463e-07	9.272116e-10	-4.534282e+00	5.507675e+01
5.640000e-06	-6.893548e-07	7.175552e-10	-5.017653e+00	4.168171e+01
5.650000e-06	-7.557379e-07	5.035207e-10	-5.500840e+00	2.806242e+01
5.660000e-06	-8.220587e-07	2.882114e-10	-5.983574e+00	1.422447e+01
5.670000e-06	-8.883114e-07	7.264329e-11	-6.465812e+00	1.748882e-01
5.680000e-06	-9.545424e-07	-1.460581e-10	-6.947893e+00	-1.407736e+01
5.690000e-06	-1.020750e-06	-3.685256e-10	-7.429801e+00	-2.852078e+01
5.700000e-06	-1.086879e-06	-5.934646e-10	-7.911137e+00	-4.314070e+01
5.710000e-06	-1.152932e-06	-8.218769e-10	-8.391924e+00	-5.791876e+01
5.720000e-06	-1.218927e-06	-1.052613e-09	-8.872288e+00	-7.283249e+01
5.730000e-06	-1.284825e-06	-1.282022e-09	-9.351940e+00	-8.785519e+01
5.740000e-06	-1.350601e-06	-1.510750e-09	-9.830709e+00	-1.029560e+02
5.750000e-06	-1.416244e-06	-1.741661e-09	-1.030851e+01	-1.181007e+02
5.760000e-06	-1.481769e-06	-1.974630e-09	-1.078545e+01	-1.332520e+02
5.770000e-06	-1.547188e-06	-2.208345e-09	-1.126162e+01	-1.483713e+02
5.780000e-06	-1.612477e-06	-2.441036e-09	-1.173684e+01	-1.634192e+02
5.790000e-06	-1.677641e-06	-2.672522e-09	-1.221116e+01	-1.783575e+02
5.800000e-06	-1.742671e-06	-2.900999e-09	-1.268450e+01	-1.931500e+02
5.810000e-06	-1.807602e-06	-3.124556e-09	-1.315712e+01	-2.077639e+02
5.820000e-06	-1.872464e-06	-3.344843e-09	-1.362923e+01	-2.221700e+02
5.830000e-06	-1.937156e-06	-3.562210e-09	-1.410011e+01	-2.363438e+02
5.840000e-06	-2.001638e-06	-3.777641e-09	-1.456946e+01	-2.502650e+02
5.850000e-06	-2.065951e-06	-3.991628e-09	-1.503757e+01	-2.639176e+02
5.860000e-06	-2.130086e-06	-4.200860e-09	-1.550440e+01	-2.772892e+02
5.870000e-06	-2.194032e-06	-4.404889e-09	-1.596985e+01	-2.903702e+02
5.880000e-06	-2.257830e-06	-4.605820e-09	-1.643422e+01	-3.031535e+02
5.890000e-06	-2.321489e-06	-4.801486e-09	-1.689758e+01	-3.156331e+02
5.900000e-06	-2.384972e-06	-4.989452e-09	-1.735966e+01	-3.278044e+02
5.910000e-06	-2.448267e-06	-5.170223e-09	-1.782037e+01	-3.396631e+02
5.920000e-06	-2.511398e-06	-5.345955e-09	-1.827988e+01	-3.512056e+02
5.930000e-06	-2.574366e-06	-5.517972e-09	-1.873821e+01	-3.624288e+02
5.940000e-06	-2.637143e-06	-5.684317e-09	-1.919515e+01	-3.733305e+02
5.950000e-06	-2.699740e-06	-5.846421e-09	-1.965078e+01	-3.839096e+02
5.960000e-06	-2.762137e-06	-6.006390e-09	-2.010495e+01	-3.941666e+02
5.970000e-06	-2.824337e-06	-6.163325e-09	-2.055770e+01	-4.041035e+02
5.980000e-06	-2.886329e-06	-6.315020e-09	-2.100892e+01	-4.137244e+02
5.990000e-06	-2.948101e-06	-6.456723e-09	-2.145854e+01	-4.230350e+02
6.000000e-06	-3.009670e-06	-6.589525e-09	-2.190669e+01	-4.320426e+02
6.010000e-06	-3.070985e-06	-6.718686e-09	-2.235299e+01	-4.407558e+02
6.020000e-06	-3.131996e-06	-6.847589e-09	-2.279707e+01	-4.491838e+02
6.030000e-06	-3.192726e-06	-6.974547e-09	-2.323911e+01	-4.573363e+02
6.040000e-06	-3.253240e-06	-7.099483e-09	-2.367958e+01	-4.652230e+02
6.050000e-06	-3.313532e-06	-7.224252e-09	-2.411843e+01	-4.728529e+02
6.060000e-06	-3.373609e-06	-7.346165e-09	-2.455572e+01	-4.802350e+02
6.070000e-06	-3.433509e-06	-7.463591e-09	-2.499172e+01	-4.873774e+02
6.080000e-06	-3.493209e-06	-7.572493e-09	-2.542625e+01	-4.942882e+02
6.090000e-06	-3.552683e-06	-7.672964e-09	-2.585915e+01	-5.009753e+02
6.100000e-06	-3.611921e-06	-7.771008e-09	-2.629034e+01	-5.074468e+02
6.110000e-06	-3.670877e-06	-7.867959e-09	-2.671946e+01	-5.137115e+02
6.120000e-06	-3.729534e-06	-7.962224e-09	-2.714641e+01	-5.197786e+02
6.130000e-06	-3.787939e-06	-8.052810e-09	-2.757153e+01	-5.256581e+02
6.140000e-06	-3.846057e-06	-8.140380e-09	-2.799456e+01	-5.313606e+02
6.150000e-06	-3.903831e-06	-8.226684e-09	-2.841508e+01	-5.368970e+02
6.160000e-06	-3.961284e-06	-8.310158e-09	-2.883326e+01	-5.422781e+02
6.170000e-06	-4.018461e-06	-8.389508e-09	-2.924945e+01	-5.475139e+02
6.180000e-06	-4.075392e-06	-8.464962e-09	-2.966383e+01	-5.526136e+02
6.190000e-06	-4.132026e-06	-8.539686e-09	-3.007606e+01	-5.575851e+02
6.200000e-06	-4.188358e-06	-8.615836e-09	-3.048609e+01	-5.624344e+02
6.210000e-06	-4.244410e-06	-8.689230e-09	-3.089407e+01	-5.671659e+02
6.220000e-06	-4.300143e-06	-8.758257e-09	-3.129974e+01	-5.717826e+02
6.230000e-06	-4.355554e-06	-8.827223e-09	-3.170307e+01	-5.762860e+02
6.240000e-06	-4.410643e-06	-8.897451e-09	-3.210404e+01	-5.806771e+02
6.250000e-06	-4.465383e-06	-8.965094e-09	-3.250248e+01	-5.849563e+02
6.260000e-06	-4.519758e-06	-9.030342e-09	-3.289827e+01	-5.891245e+02
6.270000e-06	-4.573789e-06	-9.094945e-09	-3.329155e+01	-5.931831e+02
6.280000e-06	-4.627519e-06	-9.159397e-09	-3.368263e+01	-5.971347e+02
6.290000e-06	-4.680939e-06	-9.221491e-09	-3.407147e+01	-6.009829e+02
6.300000e-06	-4.734021e-06	-9.280813e-09	-3.445784e+01	-6.047324e+02
6.310000e-06	-4.786752e-06	-9.336447e-09	-3.484165e+01	-6.083891e+02
6.320000e-06	-4.839120e-06	-9.390202e-09	-3.522283e+01	-6.119590e+02
6.330000e-06	-4.891173e-06	-9.446045e-09	-3.560171e+01	-6.154487e+02
6.340000e-06	-4.942934e-06	-9.503127e-09	-3.597847e+01	-6.188642e+02
6.350000e-06	-4.994371e-06	-9.558127e-09	-3.635286e+01	-6.222109e+02
6.360000e-06	-5.045427e-06	-9.612624e-09	-3.672449e+01	-6.254931e+02
6.370000e-06	-5.096081e-06	-9.666996e-09	-3.709319e+01	-6.287139e+02
6.380000e-06	-5.146412e-06	-9.719037e-09	-3.745953e+01	-6.318752e+02
6.390000e-06	-5.196423e-06	-9.771315e-09	-3.782356e+01	-6.349779e+02
6.400000e-06	-5.246064e-06	-9.821780e-09	-3.818488e+01	-6.380218e+02
6.410000e-06	-5.295277e-06	-9.868742e-09	-3.854309e+01	-6.410063e+02
6.420000e-06	-5.344072e-06	-9.912814e-09	-3.889826e+01	-6.439305e+02
6.430000e-06	-5.392504e-06	-9.957019e-09	-3.925078e+01	-6.467934e+02
6.440000e-06	-5.440480e-06	-1.000088e-08	-3.959999e+01	-6.495945e+02
6.450000e-06	-5.488004e-06	-1.004604e-08	-3.994590e+01	-6.523339e+02
6.460000e-06	-5.535151e-06	-1.009317e-08	-4.028908e+01	-6.550119e+02
6.470000e-06	-5.581910e-06	-1.014132e-08	-4.062943e+01	-6.576296e+02
6.480000e-06	-5.628245e-06	-1.018872e-08	-4.096669e+01	-6.601885e+02
6.490000e-06	-5.674113e-06	-1.023132e-08	-4.130055e+01	-6.626903e+02
6.500000e-06	-5.719527e-06	-1.026782e-08	-4.163111e+01	-6.651370e+02
6.510000e-06	-5.764520e-06	-1.030121e-08	-4.195860e+01	-6.675305e+02
6.520000e-06	-5.809076e-06	-1.033363e-08	-4.228291e+01	-6.698724e+02
6.530000e-06	-5.853171e-06	-1.036587e-08	-4.260387e+01	-6.721645e+02
6.540000e-06	-5.896824e-06	-1.040176e-08	-4.292161e+01	-6.744077e+02
6.550000e-06	-5.940076e-06	-1.043909e-08	-4.323643e+01	-6.766032e+02
6.560000e-06	-5.982934e-06	-1.047891e-08	-4.354839e+01	-6.787515e+02
6.570000e-06	-6.025370e-06	-1.051867e-08	-4.385727e+01	-6.808530e+02
6.580000e-06	-6.067409e-06	-1.055557e-08	-4.416326e+01	-6.829078e+02
6.590000e-06	-6.108998e-06	-1.058740e-08	-4.446598e+01	-6.849161e+02
6.600000e-06	-6.150128e-06	-1.061614e-08	-4.476535e+01	-6.868777e+02
6.610000e-06	-6.190882e-06	-1.064121e-08	-4.506199e+01	-6.887923e+02
6.620000e-06	-6.231209e-06	-1.066566e-08	-4.535552e+01	-6.906599e+02
6.630000e-06	-6.271076e-06	-1.069225e-08	-4.564571e+01	-6.924801e+02
6.640000e-06	-6.310501e-06	-1.071865e-08	-4.593267e+01	-6.942528e+02
6.650000e-06	-6.349538e-06	-1.074554e-08	-4.621681e+01	-6.959783e+02
6.660000e-06	-6.388174e-06	-1.077337e-08	-4.649803e+01	-6.976569e+02
6.670000e-06	-6.426327e-06	-1.080118e-08	-4.677574e+01	-6.992893e+02
6.680000e-06	-6.464011e-06	-1.082571e-08	-4.705004e+01	-7.008770e+02
6.690000e-06	-6.501217e-06	-1.084785e-08	-4.732085e+01	-7.024215e+02
6.700000e-06	-6.537941e-06	-1.086930e-08	-4.758815e+01	-7.039252e+02
6.710000e-06	-6.574184e-06	-1.089014e-08	-4.785196e+01	-7.053909e+02
6.720000e-06	-6.609977e-06	-1.091086e-08	-4.811249e+01	-7.068213e+02
6.730000e-06	-6.645350e-06	-1.093202e-08	-4.836996e+01	-7.082198e+02
6.740000e-06	-6.680241e-06	-1.095222e-08	-4.862392e+01	-7.095892e+02
6.750000e-06	-6.714643e-06	-1.097176e-08	-4.887433e+01	-7.109324e+02
6.760000e-06	-6.748567e-06	-1.098887e-08	-4.912125e+01	-7.122516e+02
6.770000e-06	-6.781991e-06	-1.100711e-08	-4.936453e+01	-7.135485e+02
6.780000e-06	-6.814934e-06	-1.102781e-08	-4.960432e+01	-7.148243e+02
6.790000e-06	-6.847400e-06	-1.104932e-08	-4.984063e+01	-7.160794e+02
6.800000e-06	-6.879359e-06	-1.106851e-08	-5.007325e+01	-7.173138e+02
6.810000e-06	-6.910821e-06	-1.108595e-08	-5.030226e+01	-7.185270e+02
6.820000e-06	-6.941797e-06	-1.110111e-08	-5.052772e+01	-7.197185e+02
6.830000e-06	-6.972206e-06	-1.111226e-08	-5.074907e+01	-7.208878e+02
6.840000e-06	-7.002038e-06	-1.112316e-08	-5.096621e+01	-7.220343e+02
6.850000e-06	-7.031379e-06	-1.113912e-08	-5.117977e+01	-7.231580e+02
6.860000e-06	-7.060221e-06	-1.115872e-08	-5.138970e+01	-7.242589e+02
6.870000e-06	-7.088534e-06	-1.118077e-08	-5.159579e+01	-7.253373e+02
6.880000e-06	-7.116343e-06	-1.120032e-08	-5.179821e+01	-7.263934e+02
6.890000e-06	-7.143622e-06	-1.121749e-08	-5.199676e+01	-7.274275e+02
6.900000e-06	-7.170381e-06	-1.123385e-08	-5.219154e+01	-7.284396e+02
6.910000e-06	-7.196682e-06	-1.124689e-08	-5.238297e+01	-7.294290e+02
6.920000e-06	-7.222546e-06	-1.125445e-08	-5.257123e+01	-7.303949e+02
6.930000e-06	-7.247924e-06	-1.125832e-08	-5.275595e+01	-7.313359e+02
6.940000e-06	-7.272738e-06	-1.126502e-08	-5.293657e+01	-7.322502e+02
6.950000e-06	-7.296988e-06	-1.127544e-08	-5.311308e+01	-7.331362e+02
6.960000e-06	-7.320703e-06	-1.128974e-08	-5.328569e+01	-7.339922e+02
6.970000e-06	-7.343924e-06	-1.130691e-08	-5.345471e+01	-7.348170e+02
6.980000e-06	-7.366653e-06	-1.132664e-08	-5.362015e+01	-7.356104e+02
6.990000e-06	-7.388838e-06	-1.134391e-08	-5.378164e+01	-7.363729e+02
7.000000e-06	-7.410463e-06	-1.135573e-08	-5.393904e+01	-7.371057e+02
7.010000e-06	-7.431494e-06	-1.135910e-08	-5.409212e+01	-7.378113e+02
7.020000e-06	-7.451943e-06	-1.135937e-08	-5.424096e+01	-7.384925e+02
7.030000e-06	-7.471828e-06	-1.136036e-08	-5.438570e+01	-7.391525e+02
7.040000e-06	-7.491078e-06	-1.136578e-08	-5.452581e+01	-7.397942e+02
7.050000e-06	-7.509709e-06	-1.137725e-08	-5.466143e+01	-7.404203e+02
7.060000e-06	-7.527837e-06	-1.139204e-08	-5.479338e+01	-7.410323e+02
7.070000e-06	-7.545499e-06	-1.140685e-08	-5.492193e+01	-7.416309e+02
7.080000e-06	-7.562718e-06	-1.141651e-08	-5.504727e+01	-7.422154e+02
7.090000e-06	-7.579474e-06	-1.142023e-08	-5.516923e+01	-7.427843e+02
7.100000e-06	-7.595720e-06	-1.142069e-08	-5.528748e+01	-7.433351e+02
7.110000e-06	-7.611472e-06	-1.141970e-08	-5.540214e+01	-7.438652e+02
7.120000e-06	-7.626640e-06	-1.142189e-08	-5.551254e+01	-7.443717e+02
7.130000e-06	-7.641201e-06	-1.142893e-08	-5.561853e+01	-7.448526e+02
7.140000e-06	-7.655266e-06	-1.143860e-08	-5.572090e+01	-7.453066e+02
7.150000e-06	-7.668817e-06	-1.144864e-08	-5.581954e+01	-7.457338e+02
7.160000e-06	-7.681858e-06	-1.145716e-08	-5.591446e+01	-7.461351e+02
7.170000e-06	-7.694392e-06	-1.146451e-08	-5.600569e+01	-7.465130e+02
7.180000e-06	-7.706312e-06	-1.146851e-08	-5.609245e+01	-7.468704e+02
7.190000e-06	-7.717612e-06	-1.147076e-08	-5.617470e+01	-7.472107e+02
7.200000e-06	-7.728372e-06	-1.147279e-08	-5.625302e+01	-7.475373e+02
7.210000e-06	-7.738595e-06	-1.147484e-08	-5.632744e+01	-7.478529e+02
7.220000e-06	-7.748322e-06	-1.147606e-08	-5.639823e+01	-7.481592e+02
7.230000e-06	-7.757531e-06	-1.147793e-08	-5.646526e+01	-7.484570e+02
7.240000e-06	-7.766091e-06	-1.147936e-08	-5.652757e+01	-7.487457e+02
7.250000e-06	-7.774068e-06	-1.148122e-08	-5.658564e+01	-7.490241e+02
7.260000e-06	-7.781541e-06	-1.148493e-08	-5.664003e+01	-7.492901e+02
7.270000e-06	-7.788501e-06	-1.148980e-08	-5.669069e+01	-7.495416e+02
7.280000e-06	-7.794997e-06	-1.149394e-08	-5.673797e+01	-7.497766e+02
7.290000e-06	-7.800913e-06	-1.149572e-08	-5.678103e+01	-7.499939e+02
7.300000e-06	-7.806111e-06	-1.149533e-08	-5.681887e+01	-7.501932e+02
7.310000e-06	-7.810729e-06	-1.149412e-08	-5.685248e+01	-7.503751e+02
7.320000e-06	-7.814788e-06	-1.149319e-08	-5.688203e+01	-7.505408e+02
7.330000e-06	-7.818245e-06	-1.149204e-08	-5.690719e+01	-7.506921e+02
7.340000e-06	-7.821222e-06	-1.149323e-08	-5.692886e+01	-7.508306e+02
7.350000e-06	-7.823585e-06	-1.149744e-08	-5.694606e+01	-7.509573e+02
7.360000e-06	-7.825308e-06	-1.150175e-08	-5.695860e+01	-7.510722e+02
7.370000e-06	-7.826518e-06	-1.150439e-08	-5.696741e+01	-7.511735e+02
7.380000e-06	-7.827239e-06	-1.150433e-08	-5.697265e+01	-7.512584e+02
