# Temperatura_=_20.0
# Concentracion g/m^3_=_10000.0
# C_Vs_to_Am_M_A/Vsm_=_65563218390.804596
# pendiente_HvsI_1/m_=_3716.3
# ordenada_HvsI_A/m_=_1297.0
# frecuencia_Hz_=_81165.10695193606
# Promedio de 29 ciclos

Tiempo_(s)	Campo_(V.s)	Magnetizacion_(V.s)	Campo_(kA/m)	Magnetizacion_(A/m)
0.000000e+00	-4.128697e-09	-8.344681e-09	-3.100636e+01	-5.449604e+02
1.000000e-08	-4.128895e-09	-8.385099e-09	-3.100784e+01	-5.451199e+02
2.000000e-08	-4.129004e-09	-8.403205e-09	-3.100867e+01	-5.452721e+02
3.000000e-08	-4.129038e-09	-8.403786e-09	-3.100892e+01	-5.454139e+02
4.000000e-08	-4.129023e-09	-8.372789e-09	-3.100881e+01	-5.455425e+02
5.000000e-08	-4.128936e-09	-8.339086e-09	-3.100815e+01	-5.456555e+02
6.000000e-08	-4.128772e-09	-8.377847e-09	-3.100692e+01	-5.457514e+02
7.000000e-08	-4.128556e-09	-8.292486e-09	-3.100530e+01	-5.458287e+02
8.000000e-08	-4.128277e-09	-8.220398e-09	-3.100320e+01	-5.458870e+02
9.000000e-08	-4.127921e-09	-8.262025e-09	-3.100053e+01	-5.459263e+02
1.000000e-07	-4.127478e-09	-8.269364e-09	-3.099720e+01	-5.459471e+02
1.100000e-07	-4.126957e-09	-8.335441e-09	-3.099329e+01	-5.459505e+02
1.200000e-07	-4.126365e-09	-8.341164e-09	-3.098885e+01	-5.459379e+02
1.300000e-07	-4.125695e-09	-8.323230e-09	-3.098382e+01	-5.459112e+02
1.400000e-07	-4.124935e-09	-8.309324e-09	-3.097810e+01	-5.458723e+02
1.500000e-07	-4.124049e-09	-8.301549e-09	-3.097145e+01	-5.458233e+02
1.600000e-07	-4.123047e-09	-8.407292e-09	-3.096393e+01	-5.457661e+02
1.700000e-07	-4.121934e-09	-8.340317e-09	-3.095557e+01	-5.457026e+02
1.800000e-07	-4.120707e-09	-8.241015e-09	-3.094635e+01	-5.456344e+02
1.900000e-07	-4.119353e-09	-8.267216e-09	-3.093619e+01	-5.455627e+02
2.000000e-07	-4.117844e-09	-8.346070e-09	-3.092486e+01	-5.454885e+02
2.100000e-07	-4.116160e-09	-8.365031e-09	-3.091221e+01	-5.454120e+02
2.200000e-07	-4.114317e-09	-8.221804e-09	-3.089837e+01	-5.453333e+02
2.300000e-07	-4.112299e-09	-8.246580e-09	-3.088321e+01	-5.452517e+02
2.400000e-07	-4.110085e-09	-8.332895e-09	-3.086659e+01	-5.451662e+02
2.500000e-07	-4.107714e-09	-8.357904e-09	-3.084878e+01	-5.450754e+02
2.600000e-07	-4.105160e-09	-8.295007e-09	-3.082960e+01	-5.449777e+02
2.700000e-07	-4.102415e-09	-8.218391e-09	-3.080898e+01	-5.448709e+02
2.800000e-07	-4.099440e-09	-8.278802e-09	-3.078664e+01	-5.447530e+02
2.900000e-07	-4.096281e-09	-8.289036e-09	-3.076291e+01	-5.446218e+02
3.000000e-07	-4.093008e-09	-8.297746e-09	-3.073834e+01	-5.444751e+02
3.100000e-07	-4.089593e-09	-8.241334e-09	-3.071269e+01	-5.443110e+02
3.200000e-07	-4.086040e-09	-8.210201e-09	-3.068601e+01	-5.441275e+02
3.300000e-07	-4.082348e-09	-8.251803e-09	-3.065828e+01	-5.439232e+02
3.400000e-07	-4.078553e-09	-8.276198e-09	-3.062978e+01	-5.436971e+02
3.500000e-07	-4.074664e-09	-8.288694e-09	-3.060057e+01	-5.434483e+02
3.600000e-07	-4.070694e-09	-8.194692e-09	-3.057076e+01	-5.431767e+02
3.700000e-07	-4.066660e-09	-8.186306e-09	-3.054046e+01	-5.428825e+02
3.800000e-07	-4.062562e-09	-8.236195e-09	-3.050969e+01	-5.425661e+02
3.900000e-07	-4.058413e-09	-8.254016e-09	-3.047853e+01	-5.422287e+02
4.000000e-07	-4.054210e-09	-8.192589e-09	-3.044697e+01	-5.418716e+02
4.100000e-07	-4.049953e-09	-8.118200e-09	-3.041499e+01	-5.414966e+02
4.200000e-07	-4.045651e-09	-8.196332e-09	-3.038269e+01	-5.411057e+02
4.300000e-07	-4.041306e-09	-8.237387e-09	-3.035005e+01	-5.407009e+02
4.400000e-07	-4.036909e-09	-8.201252e-09	-3.031704e+01	-5.402845e+02
4.500000e-07	-4.032442e-09	-8.122941e-09	-3.028349e+01	-5.398588e+02
4.600000e-07	-4.027898e-09	-8.126522e-09	-3.024937e+01	-5.394260e+02
4.700000e-07	-4.023265e-09	-8.184409e-09	-3.021457e+01	-5.389884e+02
4.800000e-07	-4.018562e-09	-8.152340e-09	-3.017925e+01	-5.385479e+02
4.900000e-07	-4.013763e-09	-8.119537e-09	-3.014321e+01	-5.381065e+02
5.000000e-07	-4.008829e-09	-8.094499e-09	-3.010616e+01	-5.376658e+02
5.100000e-07	-4.003798e-09	-8.130322e-09	-3.006837e+01	-5.372271e+02
5.200000e-07	-3.998646e-09	-8.145347e-09	-3.002968e+01	-5.367917e+02
5.300000e-07	-3.993371e-09	-8.117765e-09	-2.999007e+01	-5.363605e+02
5.400000e-07	-3.987995e-09	-8.087317e-09	-2.994970e+01	-5.359342e+02
5.500000e-07	-3.982501e-09	-8.058639e-09	-2.990844e+01	-5.355133e+02
5.600000e-07	-3.976885e-09	-8.097935e-09	-2.986626e+01	-5.350981e+02
5.700000e-07	-3.971144e-09	-8.095815e-09	-2.982314e+01	-5.346887e+02
5.800000e-07	-3.965303e-09	-8.060779e-09	-2.977928e+01	-5.342850e+02
5.900000e-07	-3.959357e-09	-8.025752e-09	-2.973462e+01	-5.338871e+02
6.000000e-07	-3.953317e-09	-8.039440e-09	-2.968927e+01	-5.334946e+02
6.100000e-07	-3.947208e-09	-8.072833e-09	-2.964339e+01	-5.331073e+02
6.200000e-07	-3.941027e-09	-8.035058e-09	-2.959696e+01	-5.327247e+02
6.300000e-07	-3.934762e-09	-8.013910e-09	-2.954992e+01	-5.323465e+02
6.400000e-07	-3.928397e-09	-8.016033e-09	-2.950211e+01	-5.319723e+02
6.500000e-07	-3.921924e-09	-8.044460e-09	-2.945350e+01	-5.316014e+02
6.600000e-07	-3.915338e-09	-8.033244e-09	-2.940404e+01	-5.312335e+02
6.700000e-07	-3.908680e-09	-7.985975e-09	-2.935404e+01	-5.308680e+02
6.800000e-07	-3.901939e-09	-7.969853e-09	-2.930342e+01	-5.305043e+02
6.900000e-07	-3.895097e-09	-7.968325e-09	-2.925204e+01	-5.301417e+02
7.000000e-07	-3.888150e-09	-7.988076e-09	-2.919986e+01	-5.297796e+02
7.100000e-07	-3.881058e-09	-7.969128e-09	-2.914660e+01	-5.294172e+02
7.200000e-07	-3.873824e-09	-7.955384e-09	-2.909228e+01	-5.290537e+02
7.300000e-07	-3.866462e-09	-7.963308e-09	-2.903699e+01	-5.286884e+02
7.400000e-07	-3.858978e-09	-7.972020e-09	-2.898078e+01	-5.283203e+02
7.500000e-07	-3.851406e-09	-7.966473e-09	-2.892392e+01	-5.279484e+02
7.600000e-07	-3.843737e-09	-7.922293e-09	-2.886632e+01	-5.275719e+02
7.700000e-07	-3.835973e-09	-7.908910e-09	-2.880802e+01	-5.271897e+02
7.800000e-07	-3.828131e-09	-7.910609e-09	-2.874912e+01	-5.268008e+02
7.900000e-07	-3.820214e-09	-7.918255e-09	-2.868966e+01	-5.264042e+02
8.000000e-07	-3.812223e-09	-7.907765e-09	-2.862965e+01	-5.259988e+02
8.100000e-07	-3.804173e-09	-7.888741e-09	-2.856920e+01	-5.255837e+02
8.200000e-07	-3.796068e-09	-7.898054e-09	-2.850833e+01	-5.251580e+02
8.300000e-07	-3.787905e-09	-7.898795e-09	-2.844702e+01	-5.247206e+02
8.400000e-07	-3.779693e-09	-7.889821e-09	-2.838535e+01	-5.242707e+02
8.500000e-07	-3.771441e-09	-7.854007e-09	-2.832338e+01	-5.238074e+02
8.600000e-07	-3.763148e-09	-7.835182e-09	-2.826110e+01	-5.233299e+02
8.700000e-07	-3.754801e-09	-7.837061e-09	-2.819841e+01	-5.228375e+02
8.800000e-07	-3.746407e-09	-7.830846e-09	-2.813537e+01	-5.223295e+02
8.900000e-07	-3.737964e-09	-7.823719e-09	-2.807197e+01	-5.218051e+02
9.000000e-07	-3.729458e-09	-7.808384e-09	-2.800809e+01	-5.212639e+02
9.100000e-07	-3.720851e-09	-7.814694e-09	-2.794345e+01	-5.207052e+02
9.200000e-07	-3.712150e-09	-7.812284e-09	-2.787811e+01	-5.201287e+02
9.300000e-07	-3.703386e-09	-7.794130e-09	-2.781229e+01	-5.195338e+02
9.400000e-07	-3.694508e-09	-7.767678e-09	-2.774562e+01	-5.189202e+02
9.500000e-07	-3.685503e-09	-7.744498e-09	-2.767799e+01	-5.182877e+02
9.600000e-07	-3.676382e-09	-7.741743e-09	-2.760949e+01	-5.176361e+02
9.700000e-07	-3.667142e-09	-7.728900e-09	-2.754010e+01	-5.169654e+02
9.800000e-07	-3.657759e-09	-7.717934e-09	-2.746963e+01	-5.162757e+02
9.900000e-07	-3.648191e-09	-7.704904e-09	-2.739778e+01	-5.155671e+02
1.000000e-06	-3.638473e-09	-7.700481e-09	-2.732480e+01	-5.148401e+02
1.010000e-06	-3.628579e-09	-7.696675e-09	-2.725049e+01	-5.140953e+02
1.020000e-06	-3.618497e-09	-7.676016e-09	-2.717478e+01	-5.133332e+02
1.030000e-06	-3.608240e-09	-7.655065e-09	-2.709775e+01	-5.125549e+02
1.040000e-06	-3.597829e-09	-7.631763e-09	-2.701956e+01	-5.117615e+02
1.050000e-06	-3.587290e-09	-7.620821e-09	-2.694041e+01	-5.109541e+02
1.060000e-06	-3.576573e-09	-7.604336e-09	-2.685993e+01	-5.101343e+02
1.070000e-06	-3.565711e-09	-7.586234e-09	-2.677835e+01	-5.093035e+02
1.080000e-06	-3.554682e-09	-7.576251e-09	-2.669552e+01	-5.084635e+02
1.090000e-06	-3.543486e-09	-7.568429e-09	-2.661144e+01	-5.076159e+02
1.100000e-06	-3.532156e-09	-7.563807e-09	-2.652636e+01	-5.067625e+02
1.110000e-06	-3.520708e-09	-7.543464e-09	-2.644038e+01	-5.059051e+02
1.120000e-06	-3.509164e-09	-7.522959e-09	-2.635369e+01	-5.050454e+02
1.130000e-06	-3.497514e-09	-7.503618e-09	-2.626620e+01	-5.041850e+02
1.140000e-06	-3.485750e-09	-7.488924e-09	-2.617785e+01	-5.033254e+02
1.150000e-06	-3.473875e-09	-7.476095e-09	-2.608867e+01	-5.024678e+02
1.160000e-06	-3.461936e-09	-7.455681e-09	-2.599901e+01	-5.016133e+02
1.170000e-06	-3.449904e-09	-7.442975e-09	-2.590865e+01	-5.007628e+02
1.180000e-06	-3.437784e-09	-7.432329e-09	-2.581763e+01	-4.999168e+02
1.190000e-06	-3.425599e-09	-7.425711e-09	-2.572612e+01	-4.990756e+02
1.200000e-06	-3.413354e-09	-7.412184e-09	-2.563416e+01	-4.982392e+02
1.210000e-06	-3.401060e-09	-7.395712e-09	-2.554183e+01	-4.974074e+02
1.220000e-06	-3.388694e-09	-7.383316e-09	-2.544896e+01	-4.965798e+02
1.230000e-06	-3.376245e-09	-7.366387e-09	-2.535547e+01	-4.957557e+02
1.240000e-06	-3.363713e-09	-7.349546e-09	-2.526136e+01	-4.949341e+02
1.250000e-06	-3.351094e-09	-7.328965e-09	-2.516659e+01	-4.941143e+02
1.260000e-06	-3.338405e-09	-7.314460e-09	-2.507129e+01	-4.932950e+02
1.270000e-06	-3.325660e-09	-7.304784e-09	-2.497558e+01	-4.924753e+02
1.280000e-06	-3.312798e-09	-7.297872e-09	-2.487899e+01	-4.916540e+02
1.290000e-06	-3.299792e-09	-7.291056e-09	-2.478131e+01	-4.908300e+02
1.300000e-06	-3.286717e-09	-7.276932e-09	-2.468312e+01	-4.900025e+02
1.310000e-06	-3.273571e-09	-7.264064e-09	-2.458439e+01	-4.891706e+02
1.320000e-06	-3.260316e-09	-7.249358e-09	-2.448485e+01	-4.883336e+02
1.330000e-06	-3.246959e-09	-7.233030e-09	-2.438454e+01	-4.874910e+02
1.340000e-06	-3.233511e-09	-7.212064e-09	-2.428354e+01	-4.866423e+02
1.350000e-06	-3.219943e-09	-7.193114e-09	-2.418165e+01	-4.857874e+02
1.360000e-06	-3.206262e-09	-7.182345e-09	-2.407891e+01	-4.849259e+02
1.370000e-06	-3.192505e-09	-7.171378e-09	-2.397560e+01	-4.840580e+02
1.380000e-06	-3.178685e-09	-7.158857e-09	-2.387181e+01	-4.831835e+02
1.390000e-06	-3.164783e-09	-7.142565e-09	-2.376740e+01	-4.823026e+02
1.400000e-06	-3.150781e-09	-7.131518e-09	-2.366225e+01	-4.814153e+02
1.410000e-06	-3.136700e-09	-7.120483e-09	-2.355650e+01	-4.805215e+02
1.420000e-06	-3.122531e-09	-7.103833e-09	-2.345009e+01	-4.796211e+02
1.430000e-06	-3.108293e-09	-7.085595e-09	-2.334317e+01	-4.787139e+02
1.440000e-06	-3.094012e-09	-7.067673e-09	-2.323592e+01	-4.777994e+02
1.450000e-06	-3.079669e-09	-7.056251e-09	-2.312820e+01	-4.768771e+02
1.460000e-06	-3.065270e-09	-7.042930e-09	-2.302006e+01	-4.759464e+02
1.470000e-06	-3.050769e-09	-7.026610e-09	-2.291116e+01	-4.750062e+02
1.480000e-06	-3.036180e-09	-7.009192e-09	-2.280160e+01	-4.740555e+02
1.490000e-06	-3.021516e-09	-6.994305e-09	-2.269147e+01	-4.730931e+02
1.500000e-06	-3.006726e-09	-6.982663e-09	-2.258040e+01	-4.721177e+02
1.510000e-06	-2.991862e-09	-6.964837e-09	-2.246877e+01	-4.711279e+02
1.520000e-06	-2.976932e-09	-6.944670e-09	-2.235665e+01	-4.701224e+02
1.530000e-06	-2.961907e-09	-6.924622e-09	-2.224381e+01	-4.690996e+02
1.540000e-06	-2.946761e-09	-6.907985e-09	-2.213006e+01	-4.680583e+02
1.550000e-06	-2.931483e-09	-6.889718e-09	-2.201533e+01	-4.669971e+02
1.560000e-06	-2.916113e-09	-6.867068e-09	-2.189990e+01	-4.659151e+02
1.570000e-06	-2.900628e-09	-6.847124e-09	-2.178361e+01	-4.648113e+02
1.580000e-06	-2.885004e-09	-6.828125e-09	-2.166627e+01	-4.636850e+02
1.590000e-06	-2.869289e-09	-6.812191e-09	-2.154825e+01	-4.625356e+02
1.600000e-06	-2.853469e-09	-6.794848e-09	-2.142945e+01	-4.613631e+02
1.610000e-06	-2.837483e-09	-6.777438e-09	-2.130939e+01	-4.601673e+02
1.620000e-06	-2.821411e-09	-6.758941e-09	-2.118869e+01	-4.589485e+02
1.630000e-06	-2.805234e-09	-6.737320e-09	-2.106720e+01	-4.577072e+02
1.640000e-06	-2.788916e-09	-6.716018e-09	-2.094465e+01	-4.564439e+02
1.650000e-06	-2.772516e-09	-6.689944e-09	-2.082149e+01	-4.551596e+02
1.660000e-06	-2.756003e-09	-6.664339e-09	-2.069748e+01	-4.538551e+02
1.670000e-06	-2.739382e-09	-6.641839e-09	-2.057266e+01	-4.525314e+02
1.680000e-06	-2.722666e-09	-6.621987e-09	-2.044712e+01	-4.511896e+02
1.690000e-06	-2.705850e-09	-6.604077e-09	-2.032083e+01	-4.498308e+02
1.700000e-06	-2.688953e-09	-6.584556e-09	-2.019394e+01	-4.484562e+02
1.710000e-06	-2.672001e-09	-6.565429e-09	-2.006663e+01	-4.470667e+02
1.720000e-06	-2.654977e-09	-6.543476e-09	-1.993878e+01	-4.456633e+02
1.730000e-06	-2.637892e-09	-6.520069e-09	-1.981047e+01	-4.442470e+02
1.740000e-06	-2.620759e-09	-6.496748e-09	-1.968180e+01	-4.428186e+02
1.750000e-06	-2.603522e-09	-6.473538e-09	-1.955235e+01	-4.413788e+02
1.760000e-06	-2.586202e-09	-6.450941e-09	-1.942228e+01	-4.399282e+02
1.770000e-06	-2.568853e-09	-6.427563e-09	-1.929199e+01	-4.384676e+02
1.780000e-06	-2.551469e-09	-6.405577e-09	-1.916144e+01	-4.369973e+02
1.790000e-06	-2.534038e-09	-6.382260e-09	-1.903053e+01	-4.355180e+02
1.800000e-06	-2.516544e-09	-6.360366e-09	-1.889915e+01	-4.340301e+02
1.810000e-06	-2.498975e-09	-6.339251e-09	-1.876721e+01	-4.325341e+02
1.820000e-06	-2.481382e-09	-6.318554e-09	-1.863509e+01	-4.310304e+02
1.830000e-06	-2.463775e-09	-6.297877e-09	-1.850286e+01	-4.295197e+02
1.840000e-06	-2.446090e-09	-6.272631e-09	-1.837004e+01	-4.280023e+02
1.850000e-06	-2.428362e-09	-6.245968e-09	-1.823691e+01	-4.264790e+02
1.860000e-06	-2.410612e-09	-6.219729e-09	-1.810360e+01	-4.249503e+02
1.870000e-06	-2.392800e-09	-6.197820e-09	-1.796983e+01	-4.234170e+02
1.880000e-06	-2.374952e-09	-6.177888e-09	-1.783580e+01	-4.218795e+02
1.890000e-06	-2.357070e-09	-6.158223e-09	-1.770151e+01	-4.203387e+02
1.900000e-06	-2.339166e-09	-6.140046e-09	-1.756705e+01	-4.187951e+02
1.910000e-06	-2.321222e-09	-6.118805e-09	-1.743229e+01	-4.172493e+02
1.920000e-06	-2.303237e-09	-6.095246e-09	-1.729722e+01	-4.157019e+02
1.930000e-06	-2.285212e-09	-6.068410e-09	-1.716185e+01	-4.141532e+02
1.940000e-06	-2.267130e-09	-6.040715e-09	-1.702606e+01	-4.126036e+02
1.950000e-06	-2.249021e-09	-6.013434e-09	-1.689006e+01	-4.110533e+02
1.960000e-06	-2.230864e-09	-5.987152e-09	-1.675370e+01	-4.095022e+02
1.970000e-06	-2.212666e-09	-5.965481e-09	-1.661704e+01	-4.079503e+02
1.980000e-06	-2.194430e-09	-5.945379e-09	-1.648009e+01	-4.063973e+02
1.990000e-06	-2.176124e-09	-5.926164e-09	-1.634261e+01	-4.048427e+02
2.000000e-06	-2.157780e-09	-5.906127e-09	-1.620485e+01	-4.032859e+02
2.010000e-06	-2.139413e-09	-5.885872e-09	-1.606691e+01	-4.017262e+02
2.020000e-06	-2.120972e-09	-5.864376e-09	-1.592842e+01	-4.001628e+02
2.030000e-06	-2.102453e-09	-5.838761e-09	-1.578934e+01	-3.985947e+02
2.040000e-06	-2.083889e-09	-5.812695e-09	-1.564993e+01	-3.970209e+02
2.050000e-06	-2.065282e-09	-5.786831e-09	-1.551019e+01	-3.954405e+02
2.060000e-06	-2.046588e-09	-5.762825e-09	-1.536980e+01	-3.938521e+02
2.070000e-06	-2.027832e-09	-5.740942e-09	-1.522895e+01	-3.922549e+02
2.080000e-06	-2.009053e-09	-5.720408e-09	-1.508791e+01	-3.906477e+02
2.090000e-06	-1.990193e-09	-5.699870e-09	-1.494627e+01	-3.890294e+02
2.100000e-06	-1.971255e-09	-5.679516e-09	-1.480405e+01	-3.873992e+02
2.110000e-06	-1.952280e-09	-5.659215e-09	-1.466155e+01	-3.857559e+02
2.120000e-06	-1.933246e-09	-5.635966e-09	-1.451860e+01	-3.840988e+02
2.130000e-06	-1.914144e-09	-5.609641e-09	-1.437515e+01	-3.824269e+02
2.140000e-06	-1.894962e-09	-5.580671e-09	-1.423109e+01	-3.807395e+02
2.150000e-06	-1.875717e-09	-5.551647e-09	-1.408657e+01	-3.790358e+02
2.160000e-06	-1.856434e-09	-5.524336e-09	-1.394175e+01	-3.773149e+02
2.170000e-06	-1.837064e-09	-5.500171e-09	-1.379628e+01	-3.755763e+02
2.180000e-06	-1.817613e-09	-5.480406e-09	-1.365021e+01	-3.738191e+02
2.190000e-06	-1.798127e-09	-5.461627e-09	-1.350387e+01	-3.720426e+02
2.200000e-06	-1.778585e-09	-5.441486e-09	-1.335711e+01	-3.702460e+02
2.210000e-06	-1.758980e-09	-5.417243e-09	-1.320988e+01	-3.684285e+02
2.220000e-06	-1.739336e-09	-5.386341e-09	-1.306234e+01	-3.665894e+02
2.230000e-06	-1.719632e-09	-5.352122e-09	-1.291437e+01	-3.647278e+02
2.240000e-06	-1.699888e-09	-5.318967e-09	-1.276609e+01	-3.628429e+02
2.250000e-06	-1.680100e-09	-5.289590e-09	-1.261749e+01	-3.609341e+02
2.260000e-06	-1.660271e-09	-5.260910e-09	-1.246858e+01	-3.590005e+02
2.270000e-06	-1.640412e-09	-5.231428e-09	-1.231943e+01	-3.570415e+02
2.280000e-06	-1.620505e-09	-5.202806e-09	-1.216993e+01	-3.550566e+02
2.290000e-06	-1.600575e-09	-5.173607e-09	-1.202026e+01	-3.530453e+02
2.300000e-06	-1.580625e-09	-5.142949e-09	-1.187044e+01	-3.510073e+02
2.310000e-06	-1.560649e-09	-5.110760e-09	-1.172042e+01	-3.489426e+02
2.320000e-06	-1.540630e-09	-5.079400e-09	-1.157007e+01	-3.468512e+02
2.330000e-06	-1.520589e-09	-5.049401e-09	-1.141957e+01	-3.447335e+02
2.340000e-06	-1.500542e-09	-5.019837e-09	-1.126901e+01	-3.425900e+02
2.350000e-06	-1.480467e-09	-4.989908e-09	-1.111825e+01	-3.404214e+02
2.360000e-06	-1.460366e-09	-4.958402e-09	-1.096729e+01	-3.382287e+02
2.370000e-06	-1.440238e-09	-4.925192e-09	-1.081613e+01	-3.360131e+02
2.380000e-06	-1.420091e-09	-4.892316e-09	-1.066483e+01	-3.337759e+02
2.390000e-06	-1.399933e-09	-4.860514e-09	-1.051344e+01	-3.315188e+02
2.400000e-06	-1.379768e-09	-4.826404e-09	-1.036200e+01	-3.292433e+02
2.410000e-06	-1.359585e-09	-4.790984e-09	-1.021043e+01	-3.269512e+02
2.420000e-06	-1.339390e-09	-4.757774e-09	-1.005877e+01	-3.246445e+02
2.430000e-06	-1.319184e-09	-4.726343e-09	-9.907024e+00	-3.223248e+02
2.440000e-06	-1.298966e-09	-4.695521e-09	-9.755187e+00	-3.199941e+02
2.450000e-06	-1.278740e-09	-4.662708e-09	-9.603288e+00	-3.176541e+02
2.460000e-06	-1.258511e-09	-4.626989e-09	-9.451368e+00	-3.153065e+02
2.470000e-06	-1.238271e-09	-4.591205e-09	-9.299363e+00	-3.129527e+02
2.480000e-06	-1.218013e-09	-4.556386e-09	-9.147226e+00	-3.105943e+02
2.490000e-06	-1.197746e-09	-4.522602e-09	-8.995025e+00	-3.082323e+02
2.500000e-06	-1.177475e-09	-4.489061e-09	-8.842792e+00	-3.058678e+02
2.510000e-06	-1.157194e-09	-4.456532e-09	-8.690483e+00	-3.035015e+02
2.520000e-06	-1.136904e-09	-4.424606e-09	-8.538103e+00	-3.011340e+02
2.530000e-06	-1.116609e-09	-4.391185e-09	-8.385688e+00	-2.987657e+02
2.540000e-06	-1.096304e-09	-4.355785e-09	-8.233197e+00	-2.963967e+02
2.550000e-06	-1.075985e-09	-4.319695e-09	-8.080604e+00	-2.940271e+02
2.560000e-06	-1.055658e-09	-4.284491e-09	-7.927949e+00	-2.916566e+02
2.570000e-06	-1.035319e-09	-4.249799e-09	-7.775205e+00	-2.892849e+02
2.580000e-06	-1.014973e-09	-4.217044e-09	-7.622401e+00	-2.869116e+02
2.590000e-06	-9.946253e-10	-4.184282e-09	-7.469594e+00	-2.845361e+02
2.600000e-06	-9.742627e-10	-4.150976e-09	-7.316671e+00	-2.821577e+02
2.610000e-06	-9.538678e-10	-4.118378e-09	-7.163506e+00	-2.797757e+02
2.620000e-06	-9.334564e-10	-4.085902e-09	-7.010217e+00	-2.773894e+02
2.630000e-06	-9.130479e-10	-4.052695e-09	-6.856950e+00	-2.749978e+02
2.640000e-06	-8.926344e-10	-4.017921e-09	-6.703645e+00	-2.726003e+02
2.650000e-06	-8.721924e-10	-3.983474e-09	-6.550126e+00	-2.701959e+02
2.660000e-06	-8.517305e-10	-3.948538e-09	-6.396458e+00	-2.677837e+02
2.670000e-06	-8.312601e-10	-3.913940e-09	-6.242726e+00	-2.653628e+02
2.680000e-06	-8.107701e-10	-3.880137e-09	-6.088847e+00	-2.629323e+02
2.690000e-06	-7.902709e-10	-3.846917e-09	-5.934898e+00	-2.604912e+02
2.700000e-06	-7.697704e-10	-3.813939e-09	-5.780940e+00	-2.580385e+02
2.710000e-06	-7.492499e-10	-3.778413e-09	-5.626832e+00	-2.555733e+02
2.720000e-06	-7.287039e-10	-3.741011e-09	-5.472532e+00	-2.530943e+02
2.730000e-06	-7.081571e-10	-3.703699e-09	-5.318227e+00	-2.506006e+02
2.740000e-06	-6.875864e-10	-3.666461e-09	-5.163741e+00	-2.480911e+02
2.750000e-06	-6.669984e-10	-3.628765e-09	-5.009126e+00	-2.455645e+02
2.760000e-06	-6.464128e-10	-3.590179e-09	-4.854530e+00	-2.430196e+02
2.770000e-06	-6.258178e-10	-3.553435e-09	-4.699862e+00	-2.404552e+02
2.780000e-06	-6.052126e-10	-3.520194e-09	-4.545118e+00	-2.378702e+02
2.790000e-06	-5.845881e-10	-3.488631e-09	-4.390228e+00	-2.352631e+02
2.800000e-06	-5.639426e-10	-3.456278e-09	-4.235182e+00	-2.326329e+02
2.810000e-06	-5.432799e-10	-3.420034e-09	-4.080006e+00	-2.299783e+02
2.820000e-06	-5.225931e-10	-3.379743e-09	-3.924649e+00	-2.272982e+02
2.830000e-06	-5.019038e-10	-3.338327e-09	-3.769273e+00	-2.245914e+02
2.840000e-06	-4.812185e-10	-3.297823e-09	-3.613926e+00	-2.218569e+02
2.850000e-06	-4.605119e-10	-3.257351e-09	-3.458421e+00	-2.190938e+02
2.860000e-06	-4.397841e-10	-3.218430e-09	-3.302756e+00	-2.163013e+02
2.870000e-06	-4.190514e-10	-3.181261e-09	-3.147054e+00	-2.134786e+02
2.880000e-06	-3.983419e-10	-3.142596e-09	-2.991526e+00	-2.106252e+02
2.890000e-06	-3.776175e-10	-3.102430e-09	-2.835887e+00	-2.077405e+02
2.900000e-06	-3.568623e-10	-3.059620e-09	-2.680016e+00	-2.048244e+02
2.910000e-06	-3.360948e-10	-3.013753e-09	-2.524053e+00	-2.018766e+02
2.920000e-06	-3.153317e-10	-2.968830e-09	-2.368123e+00	-1.988971e+02
2.930000e-06	-2.945498e-10	-2.926174e-09	-2.212051e+00	-1.958860e+02
2.940000e-06	-2.737461e-10	-2.885011e-09	-2.055816e+00	-1.928437e+02
2.950000e-06	-2.529684e-10	-2.844616e-09	-1.899776e+00	-1.897705e+02
2.960000e-06	-2.321782e-10	-2.802109e-09	-1.743643e+00	-1.866669e+02
2.970000e-06	-2.113790e-10	-2.756036e-09	-1.587442e+00	-1.835337e+02
2.980000e-06	-1.905767e-10	-2.708156e-09	-1.431217e+00	-1.803715e+02
2.990000e-06	-1.697510e-10	-2.660601e-09	-1.274817e+00	-1.771812e+02
3.000000e-06	-1.489330e-10	-2.613577e-09	-1.118474e+00	-1.739639e+02
3.010000e-06	-1.281151e-10	-2.565317e-09	-9.621324e-01	-1.707204e+02
3.020000e-06	-1.072728e-10	-2.516568e-09	-8.056074e-01	-1.674519e+02
3.030000e-06	-8.642282e-11	-2.469696e-09	-6.490253e-01	-1.641596e+02
3.040000e-06	-6.558393e-11	-2.424637e-09	-4.925258e-01	-1.608445e+02
3.050000e-06	-4.474811e-11	-2.378163e-09	-3.360494e-01	-1.575079e+02
3.060000e-06	-2.390987e-11	-2.328187e-09	-1.795550e-01	-1.541509e+02
3.070000e-06	-3.074369e-12	-2.277817e-09	-2.308141e-02	-1.507747e+02
3.080000e-06	1.776811e-11	-2.228665e-09	1.334445e-01	-1.473803e+02
3.090000e-06	3.861481e-11	-2.179392e-09	2.900023e-01	-1.439690e+02
3.100000e-06	5.945953e-11	-2.127934e-09	4.465453e-01	-1.405416e+02
3.110000e-06	8.028986e-11	-2.077539e-09	6.029802e-01	-1.370992e+02
3.120000e-06	1.011215e-10	-2.029693e-09	7.594247e-01	-1.336426e+02
3.130000e-06	1.219552e-10	-1.980265e-09	9.158847e-01	-1.301725e+02
3.140000e-06	1.427771e-10	-1.928707e-09	1.072256e+00	-1.266897e+02
3.150000e-06	1.635987e-10	-1.875900e-09	1.228626e+00	-1.231947e+02
3.160000e-06	1.843983e-10	-1.823785e-09	1.384830e+00	-1.196880e+02
3.170000e-06	2.051835e-10	-1.771017e-09	1.540926e+00	-1.161697e+02
3.180000e-06	2.260005e-10	-1.717025e-09	1.697262e+00	-1.126403e+02
3.190000e-06	2.468109e-10	-1.664486e-09	1.853546e+00	-1.090997e+02
3.200000e-06	2.675912e-10	-1.616156e-09	2.009605e+00	-1.055479e+02
3.210000e-06	2.883593e-10	-1.569935e-09	2.165573e+00	-1.019849e+02
3.220000e-06	3.091127e-10	-1.520977e-09	2.321430e+00	-9.841032e+01
3.230000e-06	3.298651e-10	-1.469662e-09	2.477280e+00	-9.482397e+01
3.240000e-06	3.506295e-10	-1.417374e-09	2.633220e+00	-9.122545e+01
3.250000e-06	3.713885e-10	-1.366149e-09	2.789119e+00	-8.761433e+01
3.260000e-06	3.921168e-10	-1.314757e-09	2.944788e+00	-8.399011e+01
3.270000e-06	4.128490e-10	-1.260495e-09	3.100486e+00	-8.035227e+01
3.280000e-06	4.335785e-10	-1.205400e-09	3.256164e+00	-7.670025e+01
3.290000e-06	4.542910e-10	-1.152565e-09	3.411714e+00	-7.303345e+01
3.300000e-06	4.749959e-10	-1.100280e-09	3.567207e+00	-6.935128e+01
3.310000e-06	4.956799e-10	-1.044866e-09	3.722543e+00	-6.565311e+01
3.320000e-06	5.163532e-10	-9.885728e-10	3.877798e+00	-6.193832e+01
3.330000e-06	5.370168e-10	-9.354092e-10	4.032981e+00	-5.820625e+01
3.340000e-06	5.576706e-10	-8.835553e-10	4.188091e+00	-5.445628e+01
3.350000e-06	5.783171e-10	-8.285035e-10	4.343146e+00	-5.068773e+01
3.360000e-06	5.989415e-10	-7.692782e-10	4.498034e+00	-4.689994e+01
3.370000e-06	6.195232e-10	-7.118207e-10	4.652601e+00	-4.309223e+01
3.380000e-06	6.400863e-10	-6.586064e-10	4.807030e+00	-3.926392e+01
3.390000e-06	6.606641e-10	-6.042527e-10	4.961568e+00	-3.541430e+01
3.400000e-06	6.812240e-10	-5.478696e-10	5.115972e+00	-3.154267e+01
3.410000e-06	7.017688e-10	-4.902604e-10	5.270263e+00	-2.764832e+01
3.420000e-06	7.223075e-10	-4.331013e-10	5.424508e+00	-2.373055e+01
3.430000e-06	7.428205e-10	-3.756671e-10	5.578559e+00	-1.978868e+01
3.440000e-06	7.633185e-10	-3.165289e-10	5.732498e+00	-1.582205e+01
3.450000e-06	7.838137e-10	-2.557748e-10	5.886417e+00	-1.183004e+01
3.460000e-06	8.042922e-10	-1.944476e-10	6.040210e+00	-7.812096e+00
3.470000e-06	8.247580e-10	-1.344533e-10	6.193907e+00	-3.767744e+00
3.480000e-06	8.452115e-10	-7.493485e-11	6.347513e+00	3.034040e-01
3.490000e-06	8.656550e-10	-1.402280e-11	6.501042e+00	4.401620e+00
3.500000e-06	8.860876e-10	4.901850e-11	6.654491e+00	8.527046e+00
3.510000e-06	9.065059e-10	1.118610e-10	6.807831e+00	1.267968e+01
3.520000e-06	9.269156e-10	1.731453e-10	6.961107e+00	1.685937e+01
3.530000e-06	9.473096e-10	2.340224e-10	7.114266e+00	2.106579e+01
3.540000e-06	9.676910e-10	2.978809e-10	7.267329e+00	2.529843e+01
3.550000e-06	9.880590e-10	3.653651e-10	7.420292e+00	2.955665e+01
3.560000e-06	1.008421e-09	4.318803e-10	7.573213e+00	3.383961e+01
3.570000e-06	1.028769e-09	4.953242e-10	7.726024e+00	3.814633e+01
3.580000e-06	1.049099e-09	5.581871e-10	7.878702e+00	4.247566e+01
3.590000e-06	1.069419e-09	6.234647e-10	8.031304e+00	4.682636e+01
3.600000e-06	1.089729e-09	6.913774e-10	8.183831e+00	5.119706e+01
3.610000e-06	1.110030e-09	7.593479e-10	8.336289e+00	5.558630e+01
3.620000e-06	1.130325e-09	8.257958e-10	8.488705e+00	5.999259e+01
3.630000e-06	1.150597e-09	8.917666e-10	8.640947e+00	6.441437e+01
3.640000e-06	1.170851e-09	9.579591e-10	8.793056e+00	6.885009e+01
3.650000e-06	1.191121e-09	1.023195e-09	8.945279e+00	7.329820e+01
3.660000e-06	1.211385e-09	1.087613e-09	9.097461e+00	7.775717e+01
3.670000e-06	1.231633e-09	1.153773e-09	9.249523e+00	8.222552e+01
3.680000e-06	1.251867e-09	1.222978e-09	9.401482e+00	8.670180e+01
3.690000e-06	1.272087e-09	1.292083e-09	9.553338e+00	9.118463e+01
3.700000e-06	1.292302e-09	1.360401e-09	9.705152e+00	9.567266e+01
3.710000e-06	1.312503e-09	1.429629e-09	9.856856e+00	1.001646e+02
3.720000e-06	1.332690e-09	1.497810e-09	1.000846e+01	1.046592e+02
3.730000e-06	1.352863e-09	1.563042e-09	1.015996e+01	1.091552e+02
3.740000e-06	1.373027e-09	1.625556e-09	1.031139e+01	1.136514e+02
3.750000e-06	1.393188e-09	1.688805e-09	1.046280e+01	1.181466e+02
3.760000e-06	1.413323e-09	1.755594e-09	1.061402e+01	1.226393e+02
3.770000e-06	1.433436e-09	1.825661e-09	1.076506e+01	1.271283e+02
3.780000e-06	1.453543e-09	1.898365e-09	1.091606e+01	1.316122e+02
3.790000e-06	1.473633e-09	1.970342e-09	1.106694e+01	1.360895e+02
3.800000e-06	1.493694e-09	2.038347e-09	1.121760e+01	1.405585e+02
3.810000e-06	1.513730e-09	2.104528e-09	1.136807e+01	1.450175e+02
3.820000e-06	1.533746e-09	2.170011e-09	1.151838e+01	1.494648e+02
3.830000e-06	1.553720e-09	2.232227e-09	1.166839e+01	1.538985e+02
3.840000e-06	1.573658e-09	2.293371e-09	1.181813e+01	1.583167e+02
3.850000e-06	1.593574e-09	2.356317e-09	1.196770e+01	1.627172e+02
3.860000e-06	1.613459e-09	2.425097e-09	1.211703e+01	1.670982e+02
3.870000e-06	1.633303e-09	2.500621e-09	1.226605e+01	1.714576e+02
3.880000e-06	1.653093e-09	2.572634e-09	1.241468e+01	1.757934e+02
3.890000e-06	1.672863e-09	2.636813e-09	1.256315e+01	1.801037e+02
3.900000e-06	1.692602e-09	2.693836e-09	1.271139e+01	1.843868e+02
3.910000e-06	1.712290e-09	2.749315e-09	1.285924e+01	1.886409e+02
3.920000e-06	1.731921e-09	2.803310e-09	1.300667e+01	1.928646e+02
3.930000e-06	1.751483e-09	2.855373e-09	1.315358e+01	1.970566e+02
3.940000e-06	1.771000e-09	2.914493e-09	1.330016e+01	2.012159e+02
3.950000e-06	1.790488e-09	2.982904e-09	1.344651e+01	2.053417e+02
3.960000e-06	1.809913e-09	3.058740e-09	1.359239e+01	2.094334e+02
3.970000e-06	1.829250e-09	3.131181e-09	1.373761e+01	2.134907e+02
3.980000e-06	1.848545e-09	3.192924e-09	1.388251e+01	2.175137e+02
3.990000e-06	1.867802e-09	3.245676e-09	1.402713e+01	2.215024e+02
4.000000e-06	1.886951e-09	3.293769e-09	1.417094e+01	2.254574e+02
4.010000e-06	1.906029e-09	3.340688e-09	1.431421e+01	2.293792e+02
4.020000e-06	1.925076e-09	3.387448e-09	1.445726e+01	2.332686e+02
4.030000e-06	1.944053e-09	3.442283e-09	1.459977e+01	2.371267e+02
4.040000e-06	1.962983e-09	3.507296e-09	1.474194e+01	2.409543e+02
4.050000e-06	1.981858e-09	3.578623e-09	1.488369e+01	2.447527e+02
4.060000e-06	2.000624e-09	3.646001e-09	1.502462e+01	2.485230e+02
4.070000e-06	2.019316e-09	3.700171e-09	1.516500e+01	2.522664e+02
4.080000e-06	2.037994e-09	3.746565e-09	1.530527e+01	2.559839e+02
4.090000e-06	2.056594e-09	3.790832e-09	1.544495e+01	2.596767e+02
4.100000e-06	2.075108e-09	3.837213e-09	1.558400e+01	2.633456e+02
4.110000e-06	2.093561e-09	3.886079e-09	1.572257e+01	2.669917e+02
4.120000e-06	2.111961e-09	3.939370e-09	1.586075e+01	2.706157e+02
4.130000e-06	2.130324e-09	3.998597e-09	1.599866e+01	2.742182e+02
4.140000e-06	2.148623e-09	4.059885e-09	1.613609e+01	2.777998e+02
4.150000e-06	2.166870e-09	4.118404e-09	1.627312e+01	2.813607e+02
4.160000e-06	2.185072e-09	4.169244e-09	1.640982e+01	2.849013e+02
4.170000e-06	2.203230e-09	4.216792e-09	1.654619e+01	2.884216e+02
4.180000e-06	2.221350e-09	4.265160e-09	1.668226e+01	2.919216e+02
4.190000e-06	2.239406e-09	4.313097e-09	1.681786e+01	2.954011e+02
4.200000e-06	2.257407e-09	4.359798e-09	1.695305e+01	2.988598e+02
4.210000e-06	2.275375e-09	4.408589e-09	1.708799e+01	3.022973e+02
4.220000e-06	2.293296e-09	4.463019e-09	1.722257e+01	3.057131e+02
4.230000e-06	2.311188e-09	4.518287e-09	1.735695e+01	3.091066e+02
4.240000e-06	2.329041e-09	4.568822e-09	1.749102e+01	3.124772e+02
4.250000e-06	2.346829e-09	4.614521e-09	1.762461e+01	3.158239e+02
4.260000e-06	2.364600e-09	4.662463e-09	1.775806e+01	3.191461e+02
4.270000e-06	2.382342e-09	4.715021e-09	1.789131e+01	3.224428e+02
4.280000e-06	2.400017e-09	4.767125e-09	1.802405e+01	3.257129e+02
4.290000e-06	2.417641e-09	4.815056e-09	1.815640e+01	3.289555e+02
4.300000e-06	2.435249e-09	4.858775e-09	1.828864e+01	3.321696e+02
4.310000e-06	2.452812e-09	4.902203e-09	1.842053e+01	3.353540e+02
4.320000e-06	2.470322e-09	4.944650e-09	1.855203e+01	3.385076e+02
4.330000e-06	2.487794e-09	4.987292e-09	1.868325e+01	3.416293e+02
4.340000e-06	2.505206e-09	5.031044e-09	1.881402e+01	3.447180e+02
4.350000e-06	2.522583e-09	5.075072e-09	1.894452e+01	3.477725e+02
4.360000e-06	2.539909e-09	5.122579e-09	1.907463e+01	3.507919e+02
4.370000e-06	2.557174e-09	5.171675e-09	1.920429e+01	3.537751e+02
4.380000e-06	2.574397e-09	5.217850e-09	1.933364e+01	3.567212e+02
4.390000e-06	2.591551e-09	5.259075e-09	1.946246e+01	3.596293e+02
4.400000e-06	2.608678e-09	5.296832e-09	1.959108e+01	3.624985e+02
4.410000e-06	2.625742e-09	5.335445e-09	1.971923e+01	3.653283e+02
4.420000e-06	2.642688e-09	5.375396e-09	1.984650e+01	3.681180e+02
4.430000e-06	2.659578e-09	5.413356e-09	1.997334e+01	3.708672e+02
4.440000e-06	2.676376e-09	5.452141e-09	2.009950e+01	3.735755e+02
4.450000e-06	2.693103e-09	5.496042e-09	2.022511e+01	3.762426e+02
4.460000e-06	2.709752e-09	5.540832e-09	2.035015e+01	3.788686e+02
4.470000e-06	2.726299e-09	5.581295e-09	2.047441e+01	3.814533e+02
4.480000e-06	2.742777e-09	5.615849e-09	2.059816e+01	3.839970e+02
4.490000e-06	2.759126e-09	5.646941e-09	2.072094e+01	3.864997e+02
4.500000e-06	2.775362e-09	5.678398e-09	2.084288e+01	3.889618e+02
4.510000e-06	2.791515e-09	5.711107e-09	2.096418e+01	3.913838e+02
4.520000e-06	2.807568e-09	5.746410e-09	2.108474e+01	3.937660e+02
4.530000e-06	2.823497e-09	5.782064e-09	2.120437e+01	3.961090e+02
4.540000e-06	2.839331e-09	5.817448e-09	2.132328e+01	3.984135e+02
4.550000e-06	2.855021e-09	5.853326e-09	2.144111e+01	4.006799e+02
4.560000e-06	2.870560e-09	5.887599e-09	2.155781e+01	4.029091e+02
4.570000e-06	2.886004e-09	5.920271e-09	2.167379e+01	4.051018e+02
4.580000e-06	2.901333e-09	5.951266e-09	2.178891e+01	4.072588e+02
4.590000e-06	2.916564e-09	5.981516e-09	2.190329e+01	4.093808e+02
4.600000e-06	2.931704e-09	6.011713e-09	2.201699e+01	4.114688e+02
4.610000e-06	2.946737e-09	6.040351e-09	2.212989e+01	4.135236e+02
4.620000e-06	2.961651e-09	6.068529e-09	2.224190e+01	4.155462e+02
4.630000e-06	2.976474e-09	6.098665e-09	2.235322e+01	4.175376e+02
4.640000e-06	2.991218e-09	6.130469e-09	2.246394e+01	4.194987e+02
4.650000e-06	3.005886e-09	6.160234e-09	2.257410e+01	4.214307e+02
4.660000e-06	3.020492e-09	6.187343e-09	2.268379e+01	4.233346e+02
4.670000e-06	3.035024e-09	6.213807e-09	2.279292e+01	4.252117e+02
4.680000e-06	3.049458e-09	6.241272e-09	2.290132e+01	4.270630e+02
4.690000e-06	3.063814e-09	6.269419e-09	2.300914e+01	4.288898e+02
4.700000e-06	3.078124e-09	6.295422e-09	2.311661e+01	4.306932e+02
4.710000e-06	3.092388e-09	6.321099e-09	2.322373e+01	4.324746e+02
4.720000e-06	3.106567e-09	6.348803e-09	2.333021e+01	4.342351e+02
4.730000e-06	3.120681e-09	6.377240e-09	2.343620e+01	4.359759e+02
4.740000e-06	3.134748e-09	6.402907e-09	2.354185e+01	4.376981e+02
4.750000e-06	3.148719e-09	6.425490e-09	2.364677e+01	4.394029e+02
4.760000e-06	3.162598e-09	6.448973e-09	2.375100e+01	4.410913e+02
4.770000e-06	3.176383e-09	6.475686e-09	2.385452e+01	4.427643e+02
4.780000e-06	3.190086e-09	6.503911e-09	2.395744e+01	4.444229e+02
4.790000e-06	3.203712e-09	6.531380e-09	2.405976e+01	4.460679e+02
4.800000e-06	3.217236e-09	6.556434e-09	2.416133e+01	4.477001e+02
4.810000e-06	3.230654e-09	6.580131e-09	2.426210e+01	4.493201e+02
4.820000e-06	3.243973e-09	6.602912e-09	2.436212e+01	4.509286e+02
4.830000e-06	3.257192e-09	6.624748e-09	2.446139e+01	4.525262e+02
4.840000e-06	3.270315e-09	6.647883e-09	2.455995e+01	4.541133e+02
4.850000e-06	3.283352e-09	6.673740e-09	2.465786e+01	4.556903e+02
4.860000e-06	3.296278e-09	6.702588e-09	2.475493e+01	4.572576e+02
4.870000e-06	3.309102e-09	6.731288e-09	2.485124e+01	4.588154e+02
4.880000e-06	3.321855e-09	6.757552e-09	2.494702e+01	4.603641e+02
4.890000e-06	3.334516e-09	6.781535e-09	2.504210e+01	4.619036e+02
4.900000e-06	3.347087e-09	6.804345e-09	2.513651e+01	4.634342e+02
4.910000e-06	3.359593e-09	6.826761e-09	2.523042e+01	4.649559e+02
4.920000e-06	3.372033e-09	6.847333e-09	2.532385e+01	4.664687e+02
4.930000e-06	3.384412e-09	6.868193e-09	2.541681e+01	4.679725e+02
4.940000e-06	3.396720e-09	6.891267e-09	2.550925e+01	4.694670e+02
4.950000e-06	3.408970e-09	6.915985e-09	2.560125e+01	4.709520e+02
4.960000e-06	3.421164e-09	6.941533e-09	2.569282e+01	4.724270e+02
4.970000e-06	3.433272e-09	6.965456e-09	2.578375e+01	4.738916e+02
4.980000e-06	3.445308e-09	6.988507e-09	2.587414e+01	4.753451e+02
4.990000e-06	3.457290e-09	7.011613e-09	2.596413e+01	4.767867e+02
5.000000e-06	3.469181e-09	7.033978e-09	2.605343e+01	4.782155e+02
5.010000e-06	3.480972e-09	7.055633e-09	2.614198e+01	4.796304e+02
5.020000e-06	3.492629e-09	7.077779e-09	2.622952e+01	4.810302e+02
5.030000e-06	3.504177e-09	7.100941e-09	2.631624e+01	4.824138e+02
5.040000e-06	3.515659e-09	7.123596e-09	2.640247e+01	4.837797e+02
5.050000e-06	3.527046e-09	7.146178e-09	2.648799e+01	4.851265e+02
5.060000e-06	3.538297e-09	7.168744e-09	2.657249e+01	4.864529e+02
5.070000e-06	3.549382e-09	7.190968e-09	2.665573e+01	4.877574e+02
5.080000e-06	3.560289e-09	7.212863e-09	2.673765e+01	4.890386e+02
5.090000e-06	3.571052e-09	7.232862e-09	2.681847e+01	4.902953e+02
5.100000e-06	3.581674e-09	7.250969e-09	2.689825e+01	4.915264e+02
5.110000e-06	3.592120e-09	7.267740e-09	2.697669e+01	4.927309e+02
5.120000e-06	3.602407e-09	7.285060e-09	2.705395e+01	4.939081e+02
5.130000e-06	3.612522e-09	7.303145e-09	2.712991e+01	4.950572e+02
5.140000e-06	3.622471e-09	7.321236e-09	2.720462e+01	4.961782e+02
5.150000e-06	3.632264e-09	7.338362e-09	2.727817e+01	4.972709e+02
5.160000e-06	3.641903e-09	7.355102e-09	2.735056e+01	4.983354e+02
5.170000e-06	3.651411e-09	7.373096e-09	2.742197e+01	4.993723e+02
5.180000e-06	3.660778e-09	7.390697e-09	2.749231e+01	5.003822e+02
5.190000e-06	3.670009e-09	7.408244e-09	2.756163e+01	5.013659e+02
5.200000e-06	3.679104e-09	7.425489e-09	2.762994e+01	5.023246e+02
5.210000e-06	3.688077e-09	7.441358e-09	2.769732e+01	5.032592e+02
5.220000e-06	3.696948e-09	7.456493e-09	2.776395e+01	5.041712e+02
5.230000e-06	3.705702e-09	7.470714e-09	2.782969e+01	5.050617e+02
5.240000e-06	3.714365e-09	7.484540e-09	2.789475e+01	5.059320e+02
5.250000e-06	3.722960e-09	7.499059e-09	2.795930e+01	5.067834e+02
5.260000e-06	3.731476e-09	7.513205e-09	2.802325e+01	5.076170e+02
5.270000e-06	3.739926e-09	7.524821e-09	2.808671e+01	5.084338e+02
5.280000e-06	3.748318e-09	7.535274e-09	2.814973e+01	5.092347e+02
5.290000e-06	3.756657e-09	7.548059e-09	2.821236e+01	5.100206e+02
5.300000e-06	3.764945e-09	7.562867e-09	2.827460e+01	5.107920e+02
5.310000e-06	3.773191e-09	7.576910e-09	2.833653e+01	5.115494e+02
5.320000e-06	3.781383e-09	7.588994e-09	2.839805e+01	5.122932e+02
5.330000e-06	3.789527e-09	7.600814e-09	2.845921e+01	5.130236e+02
5.340000e-06	3.797630e-09	7.613235e-09	2.852006e+01	5.137409e+02
5.350000e-06	3.805669e-09	7.625287e-09	2.858044e+01	5.144453e+02
5.360000e-06	3.813646e-09	7.636958e-09	2.864034e+01	5.151369e+02
5.370000e-06	3.821558e-09	7.648223e-09	2.869976e+01	5.158161e+02
5.380000e-06	3.829385e-09	7.659284e-09	2.875854e+01	5.164833e+02
5.390000e-06	3.837098e-09	7.671917e-09	2.881647e+01	5.171389e+02
5.400000e-06	3.844711e-09	7.685747e-09	2.887364e+01	5.177835e+02
5.410000e-06	3.852233e-09	7.696895e-09	2.893013e+01	5.184182e+02
5.420000e-06	3.859677e-09	7.706150e-09	2.898603e+01	5.190437e+02
5.430000e-06	3.867029e-09	7.715885e-09	2.904125e+01	5.196613e+02
5.440000e-06	3.874259e-09	7.726263e-09	2.909554e+01	5.202722e+02
5.450000e-06	3.881374e-09	7.738245e-09	2.914898e+01	5.208779e+02
5.460000e-06	3.888388e-09	7.750861e-09	2.920165e+01	5.214799e+02
5.470000e-06	3.895293e-09	7.762539e-09	2.925351e+01	5.220795e+02
5.480000e-06	3.902082e-09	7.774719e-09	2.930449e+01	5.226782e+02
5.490000e-06	3.908766e-09	7.787059e-09	2.935469e+01	5.232774e+02
5.500000e-06	3.915350e-09	7.798726e-09	2.940414e+01	5.238784e+02
5.510000e-06	3.921826e-09	7.809934e-09	2.945277e+01	5.244820e+02
5.520000e-06	3.928213e-09	7.820729e-09	2.950074e+01	5.250890e+02
5.530000e-06	3.934535e-09	7.831826e-09	2.954821e+01	5.257000e+02
5.540000e-06	3.940776e-09	7.842712e-09	2.959508e+01	5.263150e+02
5.550000e-06	3.946920e-09	7.852814e-09	2.964123e+01	5.269339e+02
5.560000e-06	3.952978e-09	7.864184e-09	2.968672e+01	5.275563e+02
5.570000e-06	3.958975e-09	7.878801e-09	2.973175e+01	5.281812e+02
5.580000e-06	3.964881e-09	7.893290e-09	2.977611e+01	5.288077e+02
5.590000e-06	3.970661e-09	7.906801e-09	2.981951e+01	5.294345e+02
5.600000e-06	3.976317e-09	7.918241e-09	2.986200e+01	5.300600e+02
5.610000e-06	3.981866e-09	7.927876e-09	2.990367e+01	5.306827e+02
5.620000e-06	3.987293e-09	7.936460e-09	2.994442e+01	5.313009e+02
5.630000e-06	3.992600e-09	7.945115e-09	2.998428e+01	5.319130e+02
5.640000e-06	3.997812e-09	7.956313e-09	3.002342e+01	5.325173e+02
5.650000e-06	4.002921e-09	7.969392e-09	3.006179e+01	5.331123e+02
5.660000e-06	4.007909e-09	7.983258e-09	3.009925e+01	5.336968e+02
5.670000e-06	4.012793e-09	7.995235e-09	3.013592e+01	5.342697e+02
5.680000e-06	4.017577e-09	8.006555e-09	3.017186e+01	5.348301e+02
5.690000e-06	4.022267e-09	8.016848e-09	3.020708e+01	5.353772e+02
5.700000e-06	4.026889e-09	8.027043e-09	3.024179e+01	5.359108e+02
5.710000e-06	4.031449e-09	8.038765e-09	3.027603e+01	5.364306e+02
5.720000e-06	4.035938e-09	8.048252e-09	3.030974e+01	5.369364e+02
5.730000e-06	4.040345e-09	8.055853e-09	3.034284e+01	5.374285e+02
5.740000e-06	4.044689e-09	8.063429e-09	3.037547e+01	5.379068e+02
5.750000e-06	4.048993e-09	8.072124e-09	3.040779e+01	5.383714e+02
5.760000e-06	4.053269e-09	8.081898e-09	3.043990e+01	5.388226e+02
5.770000e-06	4.057498e-09	8.090726e-09	3.047166e+01	5.392602e+02
5.780000e-06	4.061673e-09	8.101685e-09	3.050302e+01	5.396840e+02
5.790000e-06	4.065813e-09	8.114672e-09	3.053411e+01	5.400936e+02
5.800000e-06	4.069900e-09	8.124418e-09	3.056480e+01	5.404885e+02
5.810000e-06	4.073899e-09	8.129535e-09	3.059483e+01	5.408678e+02
5.820000e-06	4.077826e-09	8.133722e-09	3.062432e+01	5.412305e+02
5.830000e-06	4.081679e-09	8.139682e-09	3.065326e+01	5.415754e+02
5.840000e-06	4.085426e-09	8.144996e-09	3.068140e+01	5.419012e+02
5.850000e-06	4.089050e-09	8.148037e-09	3.070861e+01	5.422066e+02
5.860000e-06	4.092542e-09	8.150781e-09	3.073484e+01	5.424900e+02
5.870000e-06	4.095921e-09	8.156253e-09	3.076022e+01	5.427503e+02
5.880000e-06	4.099159e-09	8.163521e-09	3.078453e+01	5.429863e+02
5.890000e-06	4.102201e-09	8.168086e-09	3.080738e+01	5.431973e+02
5.900000e-06	4.105078e-09	8.170422e-09	3.082898e+01	5.433826e+02
5.910000e-06	4.107810e-09	8.174200e-09	3.084950e+01	5.435423e+02
5.920000e-06	4.110362e-09	8.179400e-09	3.086867e+01	5.436768e+02
5.930000e-06	4.112771e-09	8.183690e-09	3.088676e+01	5.437870e+02
5.940000e-06	4.115006e-09	8.184384e-09	3.090354e+01	5.438744e+02
5.950000e-06	4.117028e-09	8.185768e-09	3.091872e+01	5.439411e+02
5.960000e-06	4.118874e-09	8.190985e-09	3.093259e+01	5.439895e+02
5.970000e-06	4.120561e-09	8.196506e-09	3.094526e+01	5.440227e+02
5.980000e-06	4.122074e-09	8.200615e-09	3.095662e+01	5.440441e+02
5.990000e-06	4.123416e-09	8.203276e-09	3.096670e+01	5.440571e+02
6.000000e-06	4.124599e-09	8.205442e-09	3.097559e+01	5.440657e+02
6.010000e-06	4.125661e-09	8.207612e-09	3.098356e+01	5.440736e+02
6.020000e-06	4.126606e-09	8.209442e-09	3.099066e+01	5.440846e+02
6.030000e-06	4.127416e-09	8.209391e-09	3.099673e+01	5.441022e+02
6.040000e-06	4.128111e-09	8.210451e-09	3.100196e+01	5.441294e+02
6.050000e-06	4.128726e-09	8.219038e-09	3.100658e+01	5.441689e+02
6.060000e-06	4.129274e-09	8.241982e-09	3.101069e+01	5.442228e+02
6.070000e-06	4.129745e-09	8.275179e-09	3.101423e+01	5.442925e+02
6.080000e-06	4.130147e-09	8.289220e-09	3.101725e+01	5.443786e+02
6.090000e-06	4.130498e-09	8.253727e-09	3.101988e+01	5.444811e+02
6.100000e-06	4.130808e-09	8.230940e-09	3.102221e+01	5.445994e+02
6.110000e-06	4.131059e-09	8.226007e-09	3.102410e+01	5.447318e+02
6.120000e-06	4.131235e-09	8.210538e-09	3.102542e+01	5.448765e+02
6.130000e-06	4.131366e-09	8.209235e-09	3.102640e+01	5.450307e+02
6.140000e-06	4.131454e-09	8.214375e-09	3.102706e+01	5.451914e+02
6.150000e-06	4.131469e-09	8.251184e-09	3.102717e+01	5.453553e+02
6.160000e-06	4.131405e-09	8.266649e-09	3.102669e+01	5.455189e+02
6.170000e-06	4.131251e-09	8.237463e-09	3.102553e+01	5.456787e+02
6.180000e-06	4.130980e-09	8.226203e-09	3.102350e+01	5.458313e+02
6.190000e-06	4.130570e-09	8.245961e-09	3.102043e+01	5.459736e+02
6.200000e-06	4.130064e-09	8.294079e-09	3.101663e+01	5.461027e+02
6.210000e-06	4.129427e-09	8.303337e-09	3.101184e+01	5.462164e+02
6.220000e-06	4.128628e-09	8.281198e-09	3.100584e+01	5.463128e+02
6.230000e-06	4.127713e-09	8.379375e-09	3.099897e+01	5.463908e+02
6.240000e-06	4.126691e-09	8.439450e-09	3.099129e+01	5.464498e+02
6.250000e-06	4.125568e-09	8.403701e-09	3.098286e+01	5.464897e+02
6.260000e-06	4.124333e-09	8.361564e-09	3.097358e+01	5.465112e+02
6.270000e-06	4.123024e-09	8.291310e-09	3.096375e+01	5.465152e+02
6.280000e-06	4.121657e-09	8.321265e-09	3.095349e+01	5.465032e+02
6.290000e-06	4.120190e-09	8.324813e-09	3.094247e+01	5.464770e+02
6.300000e-06	4.118630e-09	8.316837e-09	3.093075e+01	5.464386e+02
6.310000e-06	4.116988e-09	8.292875e-09	3.091842e+01	5.463900e+02
6.320000e-06	4.115262e-09	8.281060e-09	3.090546e+01	5.463332e+02
6.330000e-06	4.113447e-09	8.369684e-09	3.089183e+01	5.462700e+02
6.340000e-06	4.111542e-09	8.372183e-09	3.087752e+01	5.462022e+02
6.350000e-06	4.109551e-09	8.336085e-09	3.086257e+01	5.461308e+02
6.360000e-06	4.107482e-09	8.289939e-09	3.084704e+01	5.460569e+02
6.370000e-06	4.105320e-09	8.350858e-09	3.083080e+01	5.459807e+02
6.380000e-06	4.103067e-09	8.403544e-09	3.081388e+01	5.459022e+02
6.390000e-06	4.100724e-09	8.345970e-09	3.079628e+01	5.458208e+02
6.400000e-06	4.098261e-09	8.319681e-09	3.077779e+01	5.457357e+02
6.410000e-06	4.095666e-09	8.316867e-09	3.075829e+01	5.456453e+02
6.420000e-06	4.092937e-09	8.374797e-09	3.073780e+01	5.455479e+02
6.430000e-06	4.090097e-09	8.361550e-09	3.071647e+01	5.454416e+02
6.440000e-06	4.087152e-09	8.327924e-09	3.069435e+01	5.453242e+02
6.450000e-06	4.084080e-09	8.312820e-09	3.067129e+01	5.451936e+02
6.460000e-06	4.080916e-09	8.325527e-09	3.064753e+01	5.450475e+02
6.470000e-06	4.077650e-09	8.384343e-09	3.062299e+01	5.448840e+02
6.480000e-06	4.074273e-09	8.356974e-09	3.059764e+01	5.447012e+02
6.490000e-06	4.070832e-09	8.315017e-09	3.057179e+01	5.444977e+02
6.500000e-06	4.067330e-09	8.289198e-09	3.054550e+01	5.442724e+02
6.510000e-06	4.063781e-09	8.340195e-09	3.051884e+01	5.440244e+02
6.520000e-06	4.060163e-09	8.375400e-09	3.049167e+01	5.437536e+02
6.530000e-06	4.056491e-09	8.316001e-09	3.046409e+01	5.434601e+02
6.540000e-06	4.052781e-09	8.291393e-09	3.043623e+01	5.431446e+02
6.550000e-06	4.049013e-09	8.318610e-09	3.040793e+01	5.428079e+02
6.560000e-06	4.045190e-09	8.373306e-09	3.037922e+01	5.424516e+02
6.570000e-06	4.041315e-09	8.328844e-09	3.035012e+01	5.420773e+02
6.580000e-06	4.037372e-09	8.269018e-09	3.032051e+01	5.416870e+02
6.590000e-06	4.033358e-09	8.288977e-09	3.029036e+01	5.412828e+02
6.600000e-06	4.029273e-09	8.320690e-09	3.025969e+01	5.408669e+02
6.610000e-06	4.025095e-09	8.320275e-09	3.022831e+01	5.404416e+02
6.620000e-06	4.020829e-09	8.265330e-09	3.019627e+01	5.400093e+02
6.630000e-06	4.016464e-09	8.269783e-09	3.016349e+01	5.395720e+02
6.640000e-06	4.011933e-09	8.293581e-09	3.012946e+01	5.391319e+02
6.650000e-06	4.007246e-09	8.298074e-09	3.009426e+01	5.386907e+02
6.660000e-06	4.002432e-09	8.283292e-09	3.005811e+01	5.382501e+02
6.670000e-06	3.997450e-09	8.248851e-09	3.002070e+01	5.378116e+02
6.680000e-06	3.992258e-09	8.248474e-09	2.998170e+01	5.373763e+02
6.690000e-06	3.986873e-09	8.252054e-09	2.994127e+01	5.369452e+02
6.700000e-06	3.981346e-09	8.269880e-09	2.989976e+01	5.365189e+02
6.710000e-06	3.975653e-09	8.241873e-09	2.985700e+01	5.360980e+02
6.720000e-06	3.969743e-09	8.209192e-09	2.981262e+01	5.356828e+02
6.730000e-06	3.963638e-09	8.233371e-09	2.976677e+01	5.352734e+02
6.740000e-06	3.957345e-09	8.255111e-09	2.971951e+01	5.348698e+02
6.750000e-06	3.950898e-09	8.242135e-09	2.967109e+01	5.344718e+02
6.760000e-06	3.944313e-09	8.196686e-09	2.962164e+01	5.340794e+02
6.770000e-06	3.937576e-09	8.209689e-09	2.957104e+01	5.336920e+02
6.780000e-06	3.930700e-09	8.232886e-09	2.951940e+01	5.333095e+02
6.790000e-06	3.923672e-09	8.216009e-09	2.946663e+01	5.329313e+02
6.800000e-06	3.916504e-09	8.192369e-09	2.941280e+01	5.325571e+02
6.810000e-06	3.909247e-09	8.184525e-09	2.935829e+01	5.321863e+02
6.820000e-06	3.901912e-09	8.210223e-09	2.930321e+01	5.318185e+02
6.830000e-06	3.894506e-09	8.212918e-09	2.924759e+01	5.314531e+02
6.840000e-06	3.887024e-09	8.203742e-09	2.919140e+01	5.310895e+02
6.850000e-06	3.879452e-09	8.185079e-09	2.913453e+01	5.307270e+02
6.860000e-06	3.871824e-09	8.179685e-09	2.907724e+01	5.303651e+02
6.870000e-06	3.864155e-09	8.193265e-09	2.901965e+01	5.300029e+02
6.880000e-06	3.856444e-09	8.184439e-09	2.896175e+01	5.296397e+02
6.890000e-06	3.848694e-09	8.175727e-09	2.890354e+01	5.292746e+02
6.900000e-06	3.840899e-09	8.169013e-09	2.884500e+01	5.289067e+02
6.910000e-06	3.833031e-09	8.183211e-09	2.878592e+01	5.285352e+02
6.920000e-06	3.825120e-09	8.187146e-09	2.872650e+01	5.281590e+02
6.930000e-06	3.817168e-09	8.170070e-09	2.866679e+01	5.277772e+02
6.940000e-06	3.809118e-09	8.155441e-09	2.860632e+01	5.273887e+02
6.950000e-06	3.800970e-09	8.145002e-09	2.854513e+01	5.269925e+02
6.960000e-06	3.792755e-09	8.153957e-09	2.848345e+01	5.265876e+02
6.970000e-06	3.784456e-09	8.146349e-09	2.842112e+01	5.261730e+02
6.980000e-06	3.776057e-09	8.134278e-09	2.835804e+01	5.257478e+02
6.990000e-06	3.767565e-09	8.130946e-09	2.829427e+01	5.253109e+02
7.000000e-06	3.758960e-09	8.137378e-09	2.822964e+01	5.248616e+02
7.010000e-06	3.750223e-09	8.142604e-09	2.816403e+01	5.243988e+02
7.020000e-06	3.741371e-09	8.125678e-09	2.809755e+01	5.239220e+02
7.030000e-06	3.732417e-09	8.117264e-09	2.803030e+01	5.234302e+02
7.040000e-06	3.723351e-09	8.112319e-09	2.796222e+01	5.229228e+02
7.050000e-06	3.714191e-09	8.112147e-09	2.789343e+01	5.223991e+02
7.060000e-06	3.704938e-09	8.102832e-09	2.782394e+01	5.218585e+02
7.070000e-06	3.695589e-09	8.087322e-09	2.775373e+01	5.213005e+02
7.080000e-06	3.686166e-09	8.085939e-09	2.768296e+01	5.207247e+02
7.090000e-06	3.676659e-09	8.085165e-09	2.761156e+01	5.201305e+02
7.100000e-06	3.667077e-09	8.084408e-09	2.753961e+01	5.195176e+02
7.110000e-06	3.657416e-09	8.068757e-09	2.746705e+01	5.188859e+02
7.120000e-06	3.647672e-09	8.056580e-09	2.739388e+01	5.182350e+02
7.130000e-06	3.637858e-09	8.051036e-09	2.732018e+01	5.175650e+02
7.140000e-06	3.627970e-09	8.042767e-09	2.724591e+01	5.168760e+02
7.150000e-06	3.617995e-09	8.033807e-09	2.717100e+01	5.161682e+02
7.160000e-06	3.607929e-09	8.017618e-09	2.709541e+01	5.154419e+02
7.170000e-06	3.597812e-09	8.012418e-09	2.701943e+01	5.146977e+02
7.180000e-06	3.587623e-09	8.008021e-09	2.694291e+01	5.139363e+02
7.190000e-06	3.577324e-09	8.001066e-09	2.686556e+01	5.131586e+02
7.200000e-06	3.566911e-09	7.988731e-09	2.678736e+01	5.123658e+02
7.210000e-06	3.556389e-09	7.973930e-09	2.670834e+01	5.115590e+02
7.220000e-06	3.545775e-09	7.967322e-09	2.662863e+01	5.107397e+02
7.230000e-06	3.535056e-09	7.956874e-09	2.654813e+01	5.099094e+02
7.240000e-06	3.524231e-09	7.945099e-09	2.646684e+01	5.090698e+02
7.250000e-06	3.513313e-09	7.928105e-09	2.638484e+01	5.082226e+02
7.260000e-06	3.502287e-09	7.916263e-09	2.630204e+01	5.073695e+02
7.270000e-06	3.491133e-09	7.908651e-09	2.621827e+01	5.065125e+02
7.280000e-06	3.479872e-09	7.897490e-09	2.613371e+01	5.056530e+02
7.290000e-06	3.468518e-09	7.885973e-09	2.604844e+01	5.047928e+02
7.300000e-06	3.457093e-09	7.871773e-09	2.596264e+01	5.039334e+02
7.310000e-06	3.445589e-09	7.863592e-09	2.587624e+01	5.030759e+02
7.320000e-06	3.434014e-09	7.853433e-09	2.578931e+01	5.022215e+02
7.330000e-06	3.422351e-09	7.844187e-09	2.570172e+01	5.013711e+02
7.340000e-06	3.410598e-09	7.834140e-09	2.561346e+01	5.005252e+02
7.350000e-06	3.398782e-09	7.822573e-09	2.552472e+01	4.996840e+02
7.360000e-06	3.386851e-09	7.814683e-09	2.543512e+01	4.988477e+02
7.370000e-06	3.374814e-09	7.799856e-09	2.534472e+01	4.980160e+02
7.380000e-06	3.362713e-09	7.785230e-09	2.525384e+01	4.971885e+02
7.390000e-06	3.350518e-09	7.769991e-09	2.516226e+01	4.963644e+02
7.400000e-06	3.338209e-09	7.759771e-09	2.506982e+01	4.955430e+02
7.410000e-06	3.325804e-09	7.752943e-09	2.497666e+01	4.947233e+02
7.420000e-06	3.313292e-09	7.744479e-09	2.488270e+01	4.939042e+02
7.430000e-06	3.300666e-09	7.737468e-09	2.478788e+01	4.930846e+02
7.440000e-06	3.287926e-09	7.724029e-09	2.469220e+01	4.922635e+02
7.450000e-06	3.275039e-09	7.710444e-09	2.459541e+01	4.914398e+02
7.460000e-06	3.262013e-09	7.693736e-09	2.449759e+01	4.906126e+02
7.470000e-06	3.248877e-09	7.678817e-09	2.439894e+01	4.897809e+02
7.480000e-06	3.235600e-09	7.667952e-09	2.429923e+01	4.889442e+02
7.490000e-06	3.222190e-09	7.659054e-09	2.419852e+01	4.881019e+02
7.500000e-06	3.208653e-09	7.655251e-09	2.409686e+01	4.872536e+02
7.510000e-06	3.194925e-09	7.647155e-09	2.399376e+01	4.863989e+02
7.520000e-06	3.181046e-09	7.639262e-09	2.388953e+01	4.855378e+02
7.530000e-06	3.167058e-09	7.628082e-09	2.378448e+01	4.846702e+02
7.540000e-06	3.152873e-09	7.613332e-09	2.367795e+01	4.837961e+02
7.550000e-06	3.138541e-09	7.596014e-09	2.357032e+01	4.829156e+02
7.560000e-06	3.124093e-09	7.576535e-09	2.346182e+01	4.820286e+02
7.570000e-06	3.109509e-09	7.564165e-09	2.335229e+01	4.811352e+02
7.580000e-06	3.094813e-09	7.555149e-09	2.324193e+01	4.802351e+02
7.590000e-06	3.079968e-09	7.547971e-09	2.313044e+01	4.793283e+02
7.600000e-06	3.064996e-09	7.537943e-09	2.301800e+01	4.784143e+02
7.610000e-06	3.049943e-09	7.526629e-09	2.290495e+01	4.774925e+02
7.620000e-06	3.034778e-09	7.514700e-09	2.279106e+01	4.765622e+02
7.630000e-06	3.019537e-09	7.500646e-09	2.267661e+01	4.756225e+02
7.640000e-06	3.004234e-09	7.488205e-09	2.256169e+01	4.746723e+02
7.650000e-06	2.988824e-09	7.475716e-09	2.244595e+01	4.737105e+02
7.660000e-06	2.973353e-09	7.464443e-09	2.232977e+01	4.727357e+02
7.670000e-06	2.957846e-09	7.447874e-09	2.221331e+01	4.717466e+02
7.680000e-06	2.942288e-09	7.427860e-09	2.209647e+01	4.707417e+02
7.690000e-06	2.926699e-09	7.412925e-09	2.197939e+01	4.697196e+02
7.700000e-06	2.911081e-09	7.403742e-09	2.186210e+01	4.686790e+02
7.710000e-06	2.895418e-09	7.396872e-09	2.174447e+01	4.676186e+02
7.720000e-06	2.879716e-09	7.384077e-09	2.162656e+01	4.665374e+02
7.730000e-06	2.863982e-09	7.367664e-09	2.150839e+01	4.654344e+02
7.740000e-06	2.848231e-09	7.349900e-09	2.139010e+01	4.643088e+02
7.750000e-06	2.832443e-09	7.330280e-09	2.127154e+01	4.631603e+02
7.760000e-06	2.816606e-09	7.308134e-09	2.115260e+01	4.619886e+02
7.770000e-06	2.800748e-09	7.285731e-09	2.103351e+01	4.607937e+02
7.780000e-06	2.784863e-09	7.269564e-09	2.091421e+01	4.595757e+02
7.790000e-06	2.768932e-09	7.257071e-09	2.079457e+01	4.583352e+02
7.800000e-06	2.752955e-09	7.244881e-09	2.067458e+01	4.570727e+02
7.810000e-06	2.736905e-09	7.227963e-09	2.055405e+01	4.557891e+02
7.820000e-06	2.720781e-09	7.209505e-09	2.043296e+01	4.544853e+02
7.830000e-06	2.704610e-09	7.193133e-09	2.031151e+01	4.531623e+02
7.840000e-06	2.688375e-09	7.173986e-09	2.018959e+01	4.518213e+02
7.850000e-06	2.672045e-09	7.150487e-09	2.006695e+01	4.504632e+02
7.860000e-06	2.655637e-09	7.122307e-09	1.994373e+01	4.490891e+02
7.870000e-06	2.639176e-09	7.098303e-09	1.982011e+01	4.477002e+02
7.880000e-06	2.622647e-09	7.078633e-09	1.969597e+01	4.462975e+02
7.890000e-06	2.606016e-09	7.058843e-09	1.957108e+01	4.448817e+02
7.900000e-06	2.589273e-09	7.038463e-09	1.944534e+01	4.434538e+02
7.910000e-06	2.572483e-09	7.016877e-09	1.931924e+01	4.420145e+02
7.920000e-06	2.555613e-09	6.995900e-09	1.919255e+01	4.405644e+02
7.930000e-06	2.538643e-09	6.971524e-09	1.906511e+01	4.391042e+02
7.940000e-06	2.521612e-09	6.946911e-09	1.893721e+01	4.376344e+02
7.950000e-06	2.504516e-09	6.923748e-09	1.880882e+01	4.361556e+02
7.960000e-06	2.487351e-09	6.900550e-09	1.867991e+01	4.346680e+02
7.970000e-06	2.470123e-09	6.878082e-09	1.855053e+01	4.331724e+02
7.980000e-06	2.452844e-09	6.855637e-09	1.842076e+01	4.316691e+02
7.990000e-06	2.435495e-09	6.834229e-09	1.829047e+01	4.301587e+02
8.000000e-06	2.418078e-09	6.812462e-09	1.815967e+01	4.286417e+02
8.010000e-06	2.400623e-09	6.786465e-09	1.802859e+01	4.271187e+02
8.020000e-06	2.383127e-09	6.757437e-09	1.789719e+01	4.255903e+02
8.030000e-06	2.365557e-09	6.732242e-09	1.776524e+01	4.240572e+02
8.040000e-06	2.347941e-09	6.713443e-09	1.763294e+01	4.225200e+02
8.050000e-06	2.330287e-09	6.695581e-09	1.750036e+01	4.209794e+02
8.060000e-06	2.312599e-09	6.670727e-09	1.736753e+01	4.194361e+02
8.070000e-06	2.294876e-09	6.641167e-09	1.723443e+01	4.178905e+02
8.080000e-06	2.277101e-09	6.611935e-09	1.710094e+01	4.163433e+02
8.090000e-06	2.259278e-09	6.585348e-09	1.696709e+01	4.147948e+02
8.100000e-06	2.241427e-09	6.561891e-09	1.683302e+01	4.132454e+02
8.110000e-06	2.223538e-09	6.541077e-09	1.669868e+01	4.116953e+02
8.120000e-06	2.205610e-09	6.526375e-09	1.656404e+01	4.101444e+02
8.130000e-06	2.187646e-09	6.511078e-09	1.642914e+01	4.085927e+02
8.140000e-06	2.169617e-09	6.488474e-09	1.629374e+01	4.070399e+02
8.150000e-06	2.151534e-09	6.458186e-09	1.615793e+01	4.054855e+02
8.160000e-06	2.133397e-09	6.424970e-09	1.602172e+01	4.039290e+02
8.170000e-06	2.115216e-09	6.395599e-09	1.588519e+01	4.023696e+02
8.180000e-06	2.096998e-09	6.370182e-09	1.574837e+01	4.008065e+02
8.190000e-06	2.078703e-09	6.348312e-09	1.561098e+01	3.992388e+02
8.200000e-06	2.060342e-09	6.327076e-09	1.547308e+01	3.976654e+02
8.210000e-06	2.041905e-09	6.305576e-09	1.533462e+01	3.960852e+02
8.220000e-06	2.023388e-09	6.281448e-09	1.519556e+01	3.944973e+02
8.230000e-06	2.004825e-09	6.252088e-09	1.505615e+01	3.929005e+02
8.240000e-06	1.986229e-09	6.220889e-09	1.491650e+01	3.912938e+02
8.250000e-06	1.967578e-09	6.191592e-09	1.477643e+01	3.896760e+02
8.260000e-06	1.948834e-09	6.165892e-09	1.463566e+01	3.880462e+02
8.270000e-06	1.930063e-09	6.142206e-09	1.449470e+01	3.864035e+02
8.280000e-06	1.911247e-09	6.118911e-09	1.435339e+01	3.847469e+02
8.290000e-06	1.892340e-09	6.094343e-09	1.421140e+01	3.830756e+02
8.300000e-06	1.873370e-09	6.066706e-09	1.406893e+01	3.813888e+02
8.310000e-06	1.854341e-09	6.038218e-09	1.392603e+01	3.796857e+02
8.320000e-06	1.835252e-09	6.009863e-09	1.378267e+01	3.779655e+02
8.330000e-06	1.816139e-09	5.979813e-09	1.363913e+01	3.762276e+02
8.340000e-06	1.796972e-09	5.947150e-09	1.349518e+01	3.744711e+02
8.350000e-06	1.777737e-09	5.917727e-09	1.335073e+01	3.726953e+02
8.360000e-06	1.758468e-09	5.893152e-09	1.320603e+01	3.708994e+02
8.370000e-06	1.739159e-09	5.866982e-09	1.306101e+01	3.690827e+02
8.380000e-06	1.719822e-09	5.836876e-09	1.291579e+01	3.672444e+02
8.390000e-06	1.700444e-09	5.804507e-09	1.277026e+01	3.653836e+02
8.400000e-06	1.681033e-09	5.774381e-09	1.262449e+01	3.634996e+02
8.410000e-06	1.661572e-09	5.745887e-09	1.247834e+01	3.615916e+02
8.420000e-06	1.642074e-09	5.716557e-09	1.233191e+01	3.596589e+02
8.430000e-06	1.622568e-09	5.685648e-09	1.218542e+01	3.577008e+02
8.440000e-06	1.603042e-09	5.654038e-09	1.203878e+01	3.557168e+02
8.450000e-06	1.583488e-09	5.623538e-09	1.189193e+01	3.537065e+02
8.460000e-06	1.563914e-09	5.590812e-09	1.174493e+01	3.516694e+02
8.470000e-06	1.544323e-09	5.554491e-09	1.159780e+01	3.496057e+02
8.480000e-06	1.524718e-09	5.518032e-09	1.145057e+01	3.475153e+02
8.490000e-06	1.505102e-09	5.483739e-09	1.130325e+01	3.453985e+02
8.500000e-06	1.485458e-09	5.450810e-09	1.115573e+01	3.432558e+02
8.510000e-06	1.465798e-09	5.417403e-09	1.100808e+01	3.410881e+02
8.520000e-06	1.446135e-09	5.381565e-09	1.086041e+01	3.388962e+02
8.530000e-06	1.426447e-09	5.343603e-09	1.071255e+01	3.366814e+02
8.540000e-06	1.406742e-09	5.307873e-09	1.056457e+01	3.344450e+02
8.550000e-06	1.387038e-09	5.273306e-09	1.041659e+01	3.321886e+02
8.560000e-06	1.367328e-09	5.237803e-09	1.026857e+01	3.299138e+02
8.570000e-06	1.347600e-09	5.201397e-09	1.012041e+01	3.276223e+02
8.580000e-06	1.327852e-09	5.163852e-09	9.972108e+00	3.253161e+02
8.590000e-06	1.308100e-09	5.126708e-09	9.823772e+00	3.229970e+02
8.600000e-06	1.288351e-09	5.089100e-09	9.675457e+00	3.206667e+02
8.610000e-06	1.268594e-09	5.050151e-09	9.527082e+00	3.183271e+02
8.620000e-06	1.248815e-09	5.010756e-09	9.378544e+00	3.159798e+02
8.630000e-06	1.229025e-09	4.973169e-09	9.229921e+00	3.136264e+02
8.640000e-06	1.209233e-09	4.935604e-09	9.081279e+00	3.112683e+02
8.650000e-06	1.189424e-09	4.895100e-09	8.932517e+00	3.089066e+02
8.660000e-06	1.169587e-09	4.854643e-09	8.783544e+00	3.065423e+02
8.670000e-06	1.149745e-09	4.816389e-09	8.634529e+00	3.041762e+02
8.680000e-06	1.129909e-09	4.778405e-09	8.485560e+00	3.018089e+02
8.690000e-06	1.110063e-09	4.740019e-09	8.336516e+00	2.994408e+02
8.700000e-06	1.090190e-09	4.702355e-09	8.187270e+00	2.970720e+02
8.710000e-06	1.070290e-09	4.665395e-09	8.037825e+00	2.947026e+02
8.720000e-06	1.050370e-09	4.629327e-09	7.888229e+00	2.923323e+02
8.730000e-06	1.030420e-09	4.593699e-09	7.738400e+00	2.899609e+02
8.740000e-06	1.010456e-09	4.554796e-09	7.588475e+00	2.875878e+02
8.750000e-06	9.905017e-10	4.513856e-09	7.438617e+00	2.852125e+02
8.760000e-06	9.705264e-10	4.475337e-09	7.288604e+00	2.828344e+02
8.770000e-06	9.505170e-10	4.437657e-09	7.138334e+00	2.804527e+02
8.780000e-06	9.304919e-10	4.399881e-09	6.987946e+00	2.780667e+02
8.790000e-06	9.104387e-10	4.361309e-09	6.837348e+00	2.756755e+02
8.800000e-06	8.903742e-10	4.322277e-09	6.686663e+00	2.732783e+02
8.810000e-06	8.702939e-10	4.284504e-09	6.535861e+00	2.708743e+02
8.820000e-06	8.501805e-10	4.247323e-09	6.384810e+00	2.684625e+02
8.830000e-06	8.300343e-10	4.208696e-09	6.233514e+00	2.660420e+02
8.840000e-06	8.098481e-10	4.168445e-09	6.081916e+00	2.636120e+02
8.850000e-06	7.896343e-10	4.128430e-09	5.930112e+00	2.611713e+02
8.860000e-06	7.693957e-10	4.089056e-09	5.778121e+00	2.587192e+02
8.870000e-06	7.491426e-10	4.050089e-09	5.626021e+00	2.562544e+02
8.880000e-06	7.288996e-10	4.008838e-09	5.473997e+00	2.537760e+02
8.890000e-06	7.086393e-10	3.965781e-09	5.321843e+00	2.512829e+02
8.900000e-06	6.883570e-10	3.925985e-09	5.169524e+00	2.487740e+02
8.910000e-06	6.680429e-10	3.888286e-09	5.016965e+00	2.462480e+02
8.920000e-06	6.476819e-10	3.848237e-09	4.864055e+00	2.437038e+02
8.930000e-06	6.273090e-10	3.804591e-09	4.711056e+00	2.411401e+02
8.940000e-06	6.069147e-10	3.761000e-09	4.557896e+00	2.385558e+02
8.950000e-06	5.864864e-10	3.719814e-09	4.404480e+00	2.359495e+02
8.960000e-06	5.660614e-10	3.678469e-09	4.251089e+00	2.333201e+02
8.970000e-06	5.456556e-10	3.634165e-09	4.097843e+00	2.306663e+02
8.980000e-06	5.252241e-10	3.587211e-09	3.944403e+00	2.279870e+02
8.990000e-06	5.047613e-10	3.542111e-09	3.790729e+00	2.252811e+02
9.000000e-06	4.842862e-10	3.499086e-09	3.636961e+00	2.225476e+02
9.010000e-06	4.637528e-10	3.455959e-09	3.482756e+00	2.197854e+02
9.020000e-06	4.431960e-10	3.411961e-09	3.328376e+00	2.169939e+02
9.030000e-06	4.226524e-10	3.366839e-09	3.174094e+00	2.141722e+02
9.040000e-06	4.020953e-10	3.321773e-09	3.019711e+00	2.113198e+02
9.050000e-06	3.815313e-10	3.276872e-09	2.865276e+00	2.084362e+02
9.060000e-06	3.609526e-10	3.230855e-09	2.710731e+00	2.055211e+02
9.070000e-06	3.403503e-10	3.181422e-09	2.556009e+00	2.025743e+02
9.080000e-06	3.197437e-10	3.129324e-09	2.401255e+00	1.995959e+02
9.090000e-06	2.991163e-10	3.078021e-09	2.246344e+00	1.965859e+02
9.100000e-06	2.784758e-10	3.028935e-09	2.091335e+00	1.935446e+02
9.110000e-06	2.578459e-10	2.980166e-09	1.936405e+00	1.904724e+02
9.120000e-06	2.371892e-10	2.930664e-09	1.781274e+00	1.873699e+02
9.130000e-06	2.165298e-10	2.880877e-09	1.626123e+00	1.842376e+02
9.140000e-06	1.958712e-10	2.830791e-09	1.470978e+00	1.810764e+02
9.150000e-06	1.751794e-10	2.780416e-09	1.315584e+00	1.778871e+02
9.160000e-06	1.544668e-10	2.729159e-09	1.160033e+00	1.746706e+02
9.170000e-06	1.337404e-10	2.676734e-09	1.004379e+00	1.714281e+02
9.180000e-06	1.130138e-10	2.623364e-09	8.487235e-01	1.681605e+02
9.190000e-06	9.228801e-11	2.570807e-09	6.930737e-01	1.648689e+02
9.200000e-06	7.157612e-11	2.518357e-09	5.375282e-01	1.615547e+02
9.210000e-06	5.088061e-11	2.464078e-09	3.821060e-01	1.582188e+02
9.220000e-06	3.017038e-11	2.408980e-09	2.265735e-01	1.548625e+02
9.230000e-06	9.438489e-12	2.354639e-09	7.087810e-02	1.514870e+02
9.240000e-06	-1.129534e-11	2.300383e-09	-8.483216e-02	1.480933e+02
9.250000e-06	-3.200996e-11	2.244768e-09	-2.403979e-01	1.446826e+02
9.260000e-06	-5.273303e-11	2.188905e-09	-3.960267e-01	1.412558e+02
9.270000e-06	-7.345828e-11	2.134134e-09	-5.516723e-01	1.378140e+02
9.280000e-06	-9.415890e-11	2.078596e-09	-7.071331e-01	1.343580e+02
9.290000e-06	-1.148342e-10	2.022120e-09	-8.624037e-01	1.308885e+02
9.300000e-06	-1.355007e-10	1.965543e-09	-1.017608e+00	1.274062e+02
9.310000e-06	-1.561748e-10	1.910276e-09	-1.172870e+00	1.239118e+02
9.320000e-06	-1.768533e-10	1.855686e-09	-1.328164e+00	1.204055e+02
9.330000e-06	-1.975295e-10	1.799747e-09	-1.483441e+00	1.168878e+02
9.340000e-06	-2.181901e-10	1.743868e-09	-1.638601e+00	1.133588e+02
9.350000e-06	-2.387976e-10	1.687163e-09	-1.793362e+00	1.098187e+02
9.360000e-06	-2.593945e-10	1.630374e-09	-1.948044e+00	1.062675e+02
9.370000e-06	-2.800099e-10	1.574111e-09	-2.102865e+00	1.027049e+02
9.380000e-06	-3.006052e-10	1.517782e-09	-2.257534e+00	9.913082e+01
9.390000e-06	-3.211947e-10	1.460544e-09	-2.412161e+00	9.554496e+01
9.400000e-06	-3.417871e-10	1.401944e-09	-2.566810e+00	9.194693e+01
9.410000e-06	-3.623711e-10	1.342976e-09	-2.721394e+00	8.833630e+01
9.420000e-06	-3.829353e-10	1.283360e-09	-2.875831e+00	8.471259e+01
9.430000e-06	-4.034698e-10	1.222602e-09	-3.030044e+00	8.107526e+01
9.440000e-06	-4.239718e-10	1.162411e-09	-3.184012e+00	7.742375e+01
9.450000e-06	-4.444703e-10	1.105097e-09	-3.337955e+00	7.375748e+01
9.460000e-06	-4.649719e-10	1.049178e-09	-3.491921e+00	7.007585e+01
9.470000e-06	-4.854408e-10	9.921812e-10	-3.645642e+00	6.637824e+01
9.480000e-06	-5.058834e-10	9.349837e-10	-3.799164e+00	6.266402e+01
9.490000e-06	-5.263173e-10	8.769103e-10	-3.952622e+00	5.893255e+01
9.500000e-06	-5.467511e-10	8.171914e-10	-4.106080e+00	5.518319e+01
9.510000e-06	-5.671624e-10	7.549471e-10	-4.259368e+00	5.141528e+01
9.520000e-06	-5.875409e-10	6.930041e-10	-4.412409e+00	4.762816e+01
9.530000e-06	-6.078817e-10	6.354510e-10	-4.565168e+00	4.382115e+01
9.540000e-06	-6.281756e-10	5.780827e-10	-4.717574e+00	3.999355e+01
9.550000e-06	-6.484722e-10	5.202058e-10	-4.870000e+00	3.614468e+01
9.560000e-06	-6.687857e-10	4.595981e-10	-5.022554e+00	3.227383e+01
9.570000e-06	-6.890789e-10	3.950354e-10	-5.174955e+00	2.838029e+01
9.580000e-06	-7.093238e-10	3.289611e-10	-5.326993e+00	2.446336e+01
9.590000e-06	-7.295495e-10	2.634663e-10	-5.478887e+00	2.052235e+01
9.600000e-06	-7.497600e-10	2.004818e-10	-5.630667e+00	1.655661e+01
9.610000e-06	-7.699290e-10	1.392006e-10	-5.782136e+00	1.256551e+01
9.620000e-06	-7.900905e-10	8.082948e-11	-5.933548e+00	8.548500e+00
9.630000e-06	-8.102502e-10	2.330084e-11	-6.084946e+00	4.505095e+00
9.640000e-06	-8.303883e-10	-3.513298e-11	-6.236183e+00	4.349051e-01
9.650000e-06	-8.504978e-10	-9.872395e-11	-6.387204e+00	-3.662346e+00
9.660000e-06	-8.705593e-10	-1.685216e-10	-6.537865e+00	-7.786808e+00
9.670000e-06	-8.906021e-10	-2.381185e-10	-6.688386e+00	-1.193848e+01
9.680000e-06	-9.106441e-10	-3.053836e-10	-6.838902e+00	-1.611722e+01
9.690000e-06	-9.306766e-10	-3.698724e-10	-6.989344e+00	-2.032270e+01
9.700000e-06	-9.506874e-10	-4.352427e-10	-7.139625e+00	-2.455443e+01
9.710000e-06	-9.706674e-10	-5.014498e-10	-7.289674e+00	-2.881175e+01
9.720000e-06	-9.906330e-10	-5.646083e-10	-7.439615e+00	-3.309385e+01
9.730000e-06	-1.010582e-09	-6.263870e-10	-7.589429e+00	-3.739973e+01
9.740000e-06	-1.030502e-09	-6.914069e-10	-7.739026e+00	-4.172826e+01
9.750000e-06	-1.050411e-09	-7.617223e-10	-7.888542e+00	-4.607820e+01
9.760000e-06	-1.070304e-09	-8.325720e-10	-8.037939e+00	-5.044817e+01
9.770000e-06	-1.090162e-09	-9.024037e-10	-8.187078e+00	-5.483674e+01
9.780000e-06	-1.110011e-09	-9.723112e-10	-8.336138e+00	-5.924238e+01
9.790000e-06	-1.129855e-09	-1.042212e-09	-8.485169e+00	-6.366356e+01
9.800000e-06	-1.149685e-09	-1.112172e-09	-8.634094e+00	-6.809872e+01
9.810000e-06	-1.169504e-09	-1.179676e-09	-8.782930e+00	-7.254631e+01
9.820000e-06	-1.189301e-09	-1.244919e-09	-8.931604e+00	-7.700479e+01
9.830000e-06	-1.209090e-09	-1.310751e-09	-9.080218e+00	-8.147268e+01
9.840000e-06	-1.228881e-09	-1.379532e-09	-9.228848e+00	-8.594854e+01
9.850000e-06	-1.248660e-09	-1.450028e-09	-9.377386e+00	-9.043098e+01
9.860000e-06	-1.268424e-09	-1.521969e-09	-9.525819e+00	-9.491866e+01
9.870000e-06	-1.288166e-09	-1.596409e-09	-9.674075e+00	-9.941029e+01
9.880000e-06	-1.307896e-09	-1.673225e-09	-9.822247e+00	-1.039046e+02
9.890000e-06	-1.327629e-09	-1.748598e-09	-9.970443e+00	-1.084004e+02
9.900000e-06	-1.347356e-09	-1.817453e-09	-1.011860e+01	-1.128963e+02
9.910000e-06	-1.367070e-09	-1.882276e-09	-1.026665e+01	-1.173913e+02
9.920000e-06	-1.386774e-09	-1.946811e-09	-1.041462e+01	-1.218839e+02
9.930000e-06	-1.406464e-09	-2.012048e-09	-1.056249e+01	-1.263728e+02
9.940000e-06	-1.426131e-09	-2.079992e-09	-1.071020e+01	-1.308566e+02
9.950000e-06	-1.445792e-09	-2.151769e-09	-1.085784e+01	-1.353338e+02
9.960000e-06	-1.465441e-09	-2.225763e-09	-1.100541e+01	-1.398028e+02
9.970000e-06	-1.485060e-09	-2.299757e-09	-1.115275e+01	-1.442619e+02
9.980000e-06	-1.504664e-09	-2.370075e-09	-1.129997e+01	-1.487093e+02
9.990000e-06	-1.524252e-09	-2.436886e-09	-1.144708e+01	-1.531432e+02
1.000000e-05	-1.543816e-09	-2.503827e-09	-1.159401e+01	-1.575615e+02
1.001000e-05	-1.563360e-09	-2.570221e-09	-1.174078e+01	-1.619624e+02
1.002000e-05	-1.582885e-09	-2.635202e-09	-1.188741e+01	-1.663437e+02
1.003000e-05	-1.602394e-09	-2.701527e-09	-1.203392e+01	-1.707035e+02
1.004000e-05	-1.621882e-09	-2.770636e-09	-1.218028e+01	-1.750397e+02
1.005000e-05	-1.641329e-09	-2.842053e-09	-1.232633e+01	-1.793505e+02
1.006000e-05	-1.660741e-09	-2.912657e-09	-1.247211e+01	-1.836341e+02
1.007000e-05	-1.680120e-09	-2.981460e-09	-1.261764e+01	-1.878887e+02
1.008000e-05	-1.699444e-09	-3.048348e-09	-1.276277e+01	-1.921130e+02
1.009000e-05	-1.718747e-09	-3.110978e-09	-1.290773e+01	-1.963057e+02
1.010000e-05	-1.738027e-09	-3.172558e-09	-1.305252e+01	-2.004656e+02
1.011000e-05	-1.757247e-09	-3.235326e-09	-1.319687e+01	-2.045921e+02
1.012000e-05	-1.776419e-09	-3.299564e-09	-1.334084e+01	-2.086845e+02
1.013000e-05	-1.795541e-09	-3.365436e-09	-1.348445e+01	-2.127425e+02
1.014000e-05	-1.814605e-09	-3.430640e-09	-1.362762e+01	-2.167662e+02
1.015000e-05	-1.833623e-09	-3.494734e-09	-1.377044e+01	-2.207556e+02
1.016000e-05	-1.852603e-09	-3.557654e-09	-1.391298e+01	-2.247112e+02
1.017000e-05	-1.871520e-09	-3.619634e-09	-1.405505e+01	-2.286337e+02
1.018000e-05	-1.890367e-09	-3.680990e-09	-1.419659e+01	-2.325238e+02
1.019000e-05	-1.909156e-09	-3.741095e-09	-1.433769e+01	-2.363825e+02
1.020000e-05	-1.927877e-09	-3.800853e-09	-1.447828e+01	-2.402108e+02
1.021000e-05	-1.946518e-09	-3.861120e-09	-1.461828e+01	-2.440098e+02
1.022000e-05	-1.965097e-09	-3.922073e-09	-1.475780e+01	-2.477806e+02
1.023000e-05	-1.983629e-09	-3.982746e-09	-1.489698e+01	-2.515245e+02
1.024000e-05	-2.002108e-09	-4.041843e-09	-1.503576e+01	-2.552425e+02
1.025000e-05	-2.020535e-09	-4.100704e-09	-1.517414e+01	-2.589358e+02
1.026000e-05	-2.038904e-09	-4.159541e-09	-1.531210e+01	-2.626052e+02
1.027000e-05	-2.057210e-09	-4.218352e-09	-1.544957e+01	-2.662517e+02
1.028000e-05	-2.075448e-09	-4.276836e-09	-1.558654e+01	-2.698761e+02
1.029000e-05	-2.093606e-09	-4.332152e-09	-1.572290e+01	-2.734790e+02
1.030000e-05	-2.111715e-09	-4.384247e-09	-1.585890e+01	-2.770609e+02
1.031000e-05	-2.129781e-09	-4.438163e-09	-1.599457e+01	-2.806222e+02
1.032000e-05	-2.147788e-09	-4.497278e-09	-1.612981e+01	-2.841631e+02
1.033000e-05	-2.165745e-09	-4.559053e-09	-1.626467e+01	-2.876837e+02
1.034000e-05	-2.183671e-09	-4.619202e-09	-1.639929e+01	-2.911840e+02
1.035000e-05	-2.201552e-09	-4.675574e-09	-1.653357e+01	-2.946637e+02
1.036000e-05	-2.219381e-09	-4.729724e-09	-1.666747e+01	-2.981228e+02
1.037000e-05	-2.237188e-09	-4.782729e-09	-1.680120e+01	-3.015606e+02
1.038000e-05	-2.254959e-09	-4.833687e-09	-1.693466e+01	-3.049767e+02
1.039000e-05	-2.272674e-09	-4.883353e-09	-1.706770e+01	-3.083706e+02
1.040000e-05	-2.290343e-09	-4.934861e-09	-1.720039e+01	-3.117414e+02
1.041000e-05	-2.307985e-09	-4.990333e-09	-1.733288e+01	-3.150886e+02
1.042000e-05	-2.325584e-09	-5.048526e-09	-1.746505e+01	-3.184111e+02
1.043000e-05	-2.343143e-09	-5.105140e-09	-1.759692e+01	-3.217082e+02
1.044000e-05	-2.360667e-09	-5.157144e-09	-1.772852e+01	-3.249788e+02
1.045000e-05	-2.378142e-09	-5.207182e-09	-1.785976e+01	-3.282219e+02
1.046000e-05	-2.395583e-09	-5.258093e-09	-1.799074e+01	-3.314364e+02
1.047000e-05	-2.412978e-09	-5.309163e-09	-1.812138e+01	-3.346214e+02
1.048000e-05	-2.430286e-09	-5.357650e-09	-1.825136e+01	-3.377755e+02
1.049000e-05	-2.447514e-09	-5.404947e-09	-1.838074e+01	-3.408978e+02
1.050000e-05	-2.464668e-09	-5.456670e-09	-1.850957e+01	-3.439872e+02
1.051000e-05	-2.481774e-09	-5.511840e-09	-1.863803e+01	-3.470424e+02
1.052000e-05	-2.498844e-09	-5.565627e-09	-1.876623e+01	-3.500625e+02
1.053000e-05	-2.515837e-09	-5.615551e-09	-1.889385e+01	-3.530464e+02
1.054000e-05	-2.532748e-09	-5.660913e-09	-1.902085e+01	-3.559933e+02
1.055000e-05	-2.549568e-09	-5.704368e-09	-1.914717e+01	-3.589021e+02
1.056000e-05	-2.566309e-09	-5.746790e-09	-1.927289e+01	-3.617722e+02
1.057000e-05	-2.582976e-09	-5.787778e-09	-1.939805e+01	-3.646028e+02
1.058000e-05	-2.599552e-09	-5.829993e-09	-1.952254e+01	-3.673933e+02
1.059000e-05	-2.616062e-09	-5.876608e-09	-1.964653e+01	-3.701434e+02
1.060000e-05	-2.632500e-09	-5.924619e-09	-1.976998e+01	-3.728525e+02
1.061000e-05	-2.648841e-09	-5.969813e-09	-1.989270e+01	-3.755206e+02
1.062000e-05	-2.665104e-09	-6.012052e-09	-2.001483e+01	-3.781474e+02
1.063000e-05	-2.681304e-09	-6.052022e-09	-2.013649e+01	-3.807330e+02
1.064000e-05	-2.697441e-09	-6.090676e-09	-2.025768e+01	-3.832775e+02
1.065000e-05	-2.713529e-09	-6.126526e-09	-2.037851e+01	-3.857811e+02
1.066000e-05	-2.729561e-09	-6.161696e-09	-2.049890e+01	-3.882441e+02
1.067000e-05	-2.745532e-09	-6.199927e-09	-2.061884e+01	-3.906669e+02
1.068000e-05	-2.761460e-09	-6.239272e-09	-2.073846e+01	-3.930499e+02
1.069000e-05	-2.777358e-09	-6.277905e-09	-2.085785e+01	-3.953938e+02
1.070000e-05	-2.793215e-09	-6.315173e-09	-2.097694e+01	-3.976990e+02
1.071000e-05	-2.809023e-09	-6.350815e-09	-2.109566e+01	-3.999663e+02
1.072000e-05	-2.824807e-09	-6.385508e-09	-2.121420e+01	-4.021963e+02
1.073000e-05	-2.840554e-09	-6.418795e-09	-2.133246e+01	-4.043898e+02
1.074000e-05	-2.856263e-09	-6.449958e-09	-2.145043e+01	-4.065475e+02
1.075000e-05	-2.871954e-09	-6.483022e-09	-2.156827e+01	-4.086702e+02
1.076000e-05	-2.887611e-09	-6.518723e-09	-2.168586e+01	-4.107589e+02
1.077000e-05	-2.903220e-09	-6.552952e-09	-2.180308e+01	-4.128145e+02
1.078000e-05	-2.918784e-09	-6.585801e-09	-2.191996e+01	-4.148377e+02
1.079000e-05	-2.934308e-09	-6.614619e-09	-2.203655e+01	-4.168297e+02
1.080000e-05	-2.949762e-09	-6.640641e-09	-2.215260e+01	-4.187915e+02
1.081000e-05	-2.965125e-09	-6.665213e-09	-2.226798e+01	-4.207240e+02
1.082000e-05	-2.980435e-09	-6.691670e-09	-2.238296e+01	-4.226285e+02
1.083000e-05	-2.995702e-09	-6.724433e-09	-2.249762e+01	-4.245061e+02
1.084000e-05	-3.010903e-09	-6.759463e-09	-2.261177e+01	-4.263579e+02
1.085000e-05	-3.025995e-09	-6.794663e-09	-2.272512e+01	-4.281851e+02
1.086000e-05	-3.040943e-09	-6.826506e-09	-2.283738e+01	-4.299890e+02
1.087000e-05	-3.055768e-09	-6.854369e-09	-2.294871e+01	-4.317707e+02
1.088000e-05	-3.070499e-09	-6.876594e-09	-2.305934e+01	-4.335315e+02
1.089000e-05	-3.085130e-09	-6.893727e-09	-2.316922e+01	-4.352726e+02
1.090000e-05	-3.099612e-09	-6.911926e-09	-2.327797e+01	-4.369951e+02
1.091000e-05	-3.113945e-09	-6.934919e-09	-2.338562e+01	-4.387001e+02
1.092000e-05	-3.128134e-09	-6.966119e-09	-2.349217e+01	-4.403887e+02
1.093000e-05	-3.142157e-09	-7.000409e-09	-2.359748e+01	-4.420619e+02
1.094000e-05	-3.156023e-09	-7.033777e-09	-2.370162e+01	-4.437206e+02
1.095000e-05	-3.169748e-09	-7.063447e-09	-2.380469e+01	-4.453657e+02
1.096000e-05	-3.183349e-09	-7.086268e-09	-2.390683e+01	-4.469979e+02
1.097000e-05	-3.196789e-09	-7.103547e-09	-2.400777e+01	-4.486180e+02
1.098000e-05	-3.210064e-09	-7.118427e-09	-2.410746e+01	-4.502266e+02
1.099000e-05	-3.223194e-09	-7.136716e-09	-2.420607e+01	-4.518242e+02
1.100000e-05	-3.236189e-09	-7.158699e-09	-2.430366e+01	-4.534113e+02
1.101000e-05	-3.249066e-09	-7.185442e-09	-2.440036e+01	-4.549884e+02
1.102000e-05	-3.261826e-09	-7.215442e-09	-2.449619e+01	-4.565557e+02
1.103000e-05	-3.274472e-09	-7.244271e-09	-2.459116e+01	-4.581135e+02
1.104000e-05	-3.286985e-09	-7.269986e-09	-2.468513e+01	-4.596621e+02
1.105000e-05	-3.299386e-09	-7.290981e-09	-2.477827e+01	-4.612017e+02
1.106000e-05	-3.311718e-09	-7.310412e-09	-2.487088e+01	-4.627323e+02
1.107000e-05	-3.323957e-09	-7.328779e-09	-2.496279e+01	-4.642540e+02
1.108000e-05	-3.336105e-09	-7.346658e-09	-2.505402e+01	-4.657668e+02
1.109000e-05	-3.348169e-09	-7.366641e-09	-2.514462e+01	-4.672705e+02
1.110000e-05	-3.360136e-09	-7.389826e-09	-2.523450e+01	-4.687650e+02
1.111000e-05	-3.372024e-09	-7.416012e-09	-2.532377e+01	-4.702500e+02
1.112000e-05	-3.383864e-09	-7.441706e-09	-2.541269e+01	-4.717251e+02
1.113000e-05	-3.395650e-09	-7.466012e-09	-2.550120e+01	-4.731898e+02
1.114000e-05	-3.407347e-09	-7.487765e-09	-2.558904e+01	-4.746433e+02
1.115000e-05	-3.418960e-09	-7.506747e-09	-2.567626e+01	-4.760850e+02
1.116000e-05	-3.430521e-09	-7.523390e-09	-2.576308e+01	-4.775139e+02
1.117000e-05	-3.442018e-09	-7.538963e-09	-2.584942e+01	-4.789289e+02
1.118000e-05	-3.453412e-09	-7.556610e-09	-2.593499e+01	-4.803289e+02
1.119000e-05	-3.464726e-09	-7.576385e-09	-2.601996e+01	-4.817127e+02
1.120000e-05	-3.475960e-09	-7.599933e-09	-2.610433e+01	-4.830788e+02
1.121000e-05	-3.487071e-09	-7.624194e-09	-2.618777e+01	-4.844259e+02
1.122000e-05	-3.498083e-09	-7.646097e-09	-2.627047e+01	-4.857526e+02
1.123000e-05	-3.508989e-09	-7.666553e-09	-2.635237e+01	-4.870575e+02
1.124000e-05	-3.519766e-09	-7.685135e-09	-2.643330e+01	-4.883392e+02
1.125000e-05	-3.530436e-09	-7.701635e-09	-2.651344e+01	-4.895964e+02
1.126000e-05	-3.541022e-09	-7.715285e-09	-2.659294e+01	-4.908280e+02
1.127000e-05	-3.551504e-09	-7.727961e-09	-2.667166e+01	-4.920330e+02
1.128000e-05	-3.561883e-09	-7.743690e-09	-2.674961e+01	-4.932106e+02
1.129000e-05	-3.572197e-09	-7.762766e-09	-2.682706e+01	-4.943604e+02
1.130000e-05	-3.582422e-09	-7.782575e-09	-2.690385e+01	-4.954819e+02
1.131000e-05	-3.592532e-09	-7.800754e-09	-2.697978e+01	-4.965752e+02
1.132000e-05	-3.602542e-09	-7.816339e-09	-2.705495e+01	-4.976403e+02
1.133000e-05	-3.612488e-09	-7.828036e-09	-2.712964e+01	-4.986777e+02
1.134000e-05	-3.622376e-09	-7.836644e-09	-2.720390e+01	-4.996882e+02
1.135000e-05	-3.632199e-09	-7.844778e-09	-2.727768e+01	-5.006724e+02
1.136000e-05	-3.641961e-09	-7.855050e-09	-2.735099e+01	-5.016315e+02
1.137000e-05	-3.651642e-09	-7.869238e-09	-2.742369e+01	-5.025666e+02
1.138000e-05	-3.661243e-09	-7.885077e-09	-2.749579e+01	-5.034790e+02
1.139000e-05	-3.670767e-09	-7.900094e-09	-2.756732e+01	-5.043699e+02
1.140000e-05	-3.680216e-09	-7.912106e-09	-2.763828e+01	-5.052405e+02
1.141000e-05	-3.689573e-09	-7.921947e-09	-2.770856e+01	-5.060922e+02
1.142000e-05	-3.698856e-09	-7.931133e-09	-2.777827e+01	-5.069261e+02
1.143000e-05	-3.708034e-09	-7.939796e-09	-2.784720e+01	-5.077432e+02
1.144000e-05	-3.717093e-09	-7.951231e-09	-2.791522e+01	-5.085443e+02
1.145000e-05	-3.726086e-09	-7.964390e-09	-2.798277e+01	-5.093304e+02
1.146000e-05	-3.734964e-09	-7.978093e-09	-2.804944e+01	-5.101020e+02
1.147000e-05	-3.743709e-09	-7.991569e-09	-2.811511e+01	-5.108596e+02
1.148000e-05	-3.752356e-09	-8.000559e-09	-2.818005e+01	-5.116035e+02
1.149000e-05	-3.760899e-09	-8.005203e-09	-2.824421e+01	-5.123341e+02
1.150000e-05	-3.769346e-09	-8.009191e-09	-2.830764e+01	-5.130515e+02
1.151000e-05	-3.777688e-09	-8.015167e-09	-2.837029e+01	-5.137560e+02
1.152000e-05	-3.785910e-09	-8.025134e-09	-2.843204e+01	-5.144477e+02
1.153000e-05	-3.794036e-09	-8.038714e-09	-2.849307e+01	-5.151271e+02
1.154000e-05	-3.802105e-09	-8.051690e-09	-2.855367e+01	-5.157943e+02
1.155000e-05	-3.810107e-09	-8.061485e-09	-2.861376e+01	-5.164500e+02
1.156000e-05	-3.818046e-09	-8.069008e-09	-2.867338e+01	-5.170947e+02
1.157000e-05	-3.825940e-09	-8.075571e-09	-2.873266e+01	-5.177294e+02
1.158000e-05	-3.833774e-09	-8.080380e-09	-2.879149e+01	-5.183549e+02
1.159000e-05	-3.841556e-09	-8.084793e-09	-2.884994e+01	-5.189725e+02
1.160000e-05	-3.849293e-09	-8.091848e-09	-2.890805e+01	-5.195834e+02
1.161000e-05	-3.856977e-09	-8.102353e-09	-2.896575e+01	-5.201890e+02
1.162000e-05	-3.864618e-09	-8.113393e-09	-2.902313e+01	-5.207908e+02
1.163000e-05	-3.872212e-09	-8.121756e-09	-2.908017e+01	-5.213902e+02
1.164000e-05	-3.879743e-09	-8.127270e-09	-2.913672e+01	-5.219887e+02
1.165000e-05	-3.887205e-09	-8.131943e-09	-2.919276e+01	-5.225877e+02
1.166000e-05	-3.894606e-09	-8.136447e-09	-2.924834e+01	-5.231883e+02
1.167000e-05	-3.901933e-09	-8.139691e-09	-2.930337e+01	-5.237916e+02
1.168000e-05	-3.909157e-09	-8.144110e-09	-2.935762e+01	-5.243983e+02
1.169000e-05	-3.916280e-09	-8.153697e-09	-2.941111e+01	-5.250089e+02
1.170000e-05	-3.923302e-09	-8.167114e-09	-2.946385e+01	-5.256236e+02
1.171000e-05	-3.930195e-09	-8.178848e-09	-2.951561e+01	-5.262422e+02
1.172000e-05	-3.936942e-09	-8.187571e-09	-2.956629e+01	-5.268642e+02
1.173000e-05	-3.943526e-09	-8.196175e-09	-2.961573e+01	-5.274888e+02
1.174000e-05	-3.949957e-09	-8.204147e-09	-2.966403e+01	-5.281151e+02
1.175000e-05	-3.956273e-09	-8.210599e-09	-2.971146e+01	-5.287416e+02
1.176000e-05	-3.962421e-09	-8.214846e-09	-2.975763e+01	-5.293669e+02
1.177000e-05	-3.968383e-09	-8.218815e-09	-2.980241e+01	-5.299895e+02
1.178000e-05	-3.974181e-09	-8.225246e-09	-2.984595e+01	-5.306076e+02
1.179000e-05	-3.979781e-09	-8.231482e-09	-2.988800e+01	-5.312196e+02
1.180000e-05	-3.985214e-09	-8.239650e-09	-2.992881e+01	-5.318238e+02
1.181000e-05	-3.990492e-09	-8.251075e-09	-2.996844e+01	-5.324189e+02
1.182000e-05	-3.995585e-09	-8.264647e-09	-3.000669e+01	-5.330035e+02
1.183000e-05	-4.000507e-09	-8.274930e-09	-3.004366e+01	-5.335765e+02
1.184000e-05	-4.005295e-09	-8.278773e-09	-3.007962e+01	-5.341369e+02
1.185000e-05	-4.009945e-09	-8.281852e-09	-3.011454e+01	-5.346843e+02
1.186000e-05	-4.014435e-09	-8.283529e-09	-3.014826e+01	-5.352180e+02
1.187000e-05	-4.018788e-09	-8.284847e-09	-3.018095e+01	-5.357379e+02
1.188000e-05	-4.023032e-09	-8.287849e-09	-3.021282e+01	-5.362440e+02
1.189000e-05	-4.027159e-09	-8.296502e-09	-3.024381e+01	-5.367362e+02
1.190000e-05	-4.031196e-09	-8.309845e-09	-3.027413e+01	-5.372146e+02
1.191000e-05	-4.035160e-09	-8.320050e-09	-3.030390e+01	-5.376795e+02
1.192000e-05	-4.039050e-09	-8.327691e-09	-3.033312e+01	-5.381308e+02
1.193000e-05	-4.042895e-09	-8.332205e-09	-3.036199e+01	-5.385686e+02
1.194000e-05	-4.046700e-09	-8.335179e-09	-3.039056e+01	-5.389926e+02
1.195000e-05	-4.050466e-09	-8.337017e-09	-3.041885e+01	-5.394024e+02
1.196000e-05	-4.054195e-09	-8.336804e-09	-3.044685e+01	-5.397975e+02
1.197000e-05	-4.057875e-09	-8.336958e-09	-3.047449e+01	-5.401771e+02
1.198000e-05	-4.061513e-09	-8.339526e-09	-3.050181e+01	-5.405401e+02
1.199000e-05	-4.065089e-09	-8.346836e-09	-3.052866e+01	-5.408853e+02
1.200000e-05	-4.068590e-09	-8.355765e-09	-3.055496e+01	-5.412115e+02
1.201000e-05	-4.072023e-09	-8.363239e-09	-3.058074e+01	-5.415172e+02
1.202000e-05	-4.075375e-09	-8.368624e-09	-3.060591e+01	-5.418010e+02
1.203000e-05	-4.078641e-09	-8.372001e-09	-3.063044e+01	-5.420617e+02
1.204000e-05	-4.081798e-09	-8.372616e-09	-3.065415e+01	-5.422982e+02
1.205000e-05	-4.084834e-09	-8.369965e-09	-3.067695e+01	-5.425096e+02
1.206000e-05	-4.087753e-09	-8.365881e-09	-3.069887e+01	-5.426955e+02
1.207000e-05	-4.090563e-09	-8.363531e-09	-3.071998e+01	-5.428556e+02
1.208000e-05	-4.093266e-09	-8.364550e-09	-3.074027e+01	-5.429906e+02
1.209000e-05	-4.095842e-09	-8.366346e-09	-3.075962e+01	-5.431012e+02
1.210000e-05	-4.098284e-09	-8.367874e-09	-3.077796e+01	-5.431891e+02
1.211000e-05	-4.100612e-09	-8.369626e-09	-3.079544e+01	-5.432561e+02
1.212000e-05	-4.102860e-09	-8.371048e-09	-3.081233e+01	-5.433048e+02
1.213000e-05	-4.105015e-09	-8.370707e-09	-3.082850e+01	-5.433382e+02
1.214000e-05	-4.107063e-09	-8.367229e-09	-3.084389e+01	-5.433596e+02
1.215000e-05	-4.109028e-09	-8.361549e-09	-3.085865e+01	-5.433727e+02
1.216000e-05	-4.110921e-09	-8.357390e-09	-3.087286e+01	-5.433812e+02
1.217000e-05	-4.112755e-09	-8.355911e-09	-3.088663e+01	-5.433889e+02
1.218000e-05	-4.114524e-09	-8.355924e-09	-3.089992e+01	-5.433997e+02
1.219000e-05	-4.116210e-09	-8.357251e-09	-3.091258e+01	-5.434168e+02
1.220000e-05	-4.117811e-09	-8.357480e-09	-3.092461e+01	-5.434436e+02
1.221000e-05	-4.119309e-09	-8.355948e-09	-3.093585e+01	-5.434826e+02
1.222000e-05	-4.120669e-09	-8.348704e-09	-3.094607e+01	-5.435359e+02
1.223000e-05	-4.121890e-09	-8.324075e-09	-3.095524e+01	-5.436050e+02
1.224000e-05	-4.123010e-09	-8.292742e-09	-3.096365e+01	-5.436905e+02
1.225000e-05	-4.124058e-09	-8.315800e-09	-3.097152e+01	-5.437924e+02
1.226000e-05	-4.125023e-09	-8.341901e-09	-3.097877e+01	-5.439101e+02
1.227000e-05	-4.125881e-09	-8.344991e-09	-3.098521e+01	-5.440420e+02
1.228000e-05	-4.126643e-09	-8.364216e-09	-3.099093e+01	-5.441861e+02
1.229000e-05	-4.127292e-09	-8.368361e-09	-3.099581e+01	-5.443399e+02
1.230000e-05	-4.127818e-09	-8.380461e-09	-3.099976e+01	-5.445002e+02
1.231000e-05	-4.128216e-09	-8.366785e-09	-3.100275e+01	-5.446638e+02
