# Temperatura_=_20.0
# Concentracion g/m^3_=_10000.0
# C_Vs_to_Am_M_A/Vsm_=_65563218390.804596
# pendiente_HvsI_1/m_=_3716.3
# ordenada_HvsI_A/m_=_1297.0
# frecuencia_Hz_=_81116.32096118566

Tiempo_(s)	Campo_(V.s)	Magnetizacion_(V.s)	Campo_(kA/m)	Magnetizacion_(A/m)
0.000000e+00	-8.322829e-07	-1.329746e-09	-6.867947e+00	-8.505574e+01
1.000000e-08	-8.322627e-07	-1.338248e-09	-6.867780e+00	-8.520026e+01
2.000000e-08	-8.322375e-07	-1.342621e-09	-6.867572e+00	-8.535890e+01
3.000000e-08	-8.322044e-07	-1.340873e-09	-6.867299e+00	-8.552978e+01
4.000000e-08	-8.321454e-07	-1.340881e-09	-6.866813e+00	-8.571088e+01
5.000000e-08	-8.320759e-07	-1.344475e-09	-6.866239e+00	-8.590011e+01
6.000000e-08	-8.319938e-07	-1.345651e-09	-6.865561e+00	-8.609534e+01
7.000000e-08	-8.318845e-07	-1.342936e-09	-6.864659e+00	-8.629446e+01
8.000000e-08	-8.317657e-07	-1.346895e-09	-6.863679e+00	-8.649536e+01
9.000000e-08	-8.316394e-07	-1.356112e-09	-6.862637e+00	-8.669601e+01
1.000000e-07	-8.314922e-07	-1.358960e-09	-6.861422e+00	-8.689446e+01
1.100000e-07	-8.313211e-07	-1.360688e-09	-6.860010e+00	-8.708883e+01
1.200000e-07	-8.311304e-07	-1.362180e-09	-6.858437e+00	-8.727736e+01
1.300000e-07	-8.309178e-07	-1.366540e-09	-6.856682e+00	-8.745842e+01
1.400000e-07	-8.306762e-07	-1.371456e-09	-6.854688e+00	-8.763049e+01
1.500000e-07	-8.303927e-07	-1.369359e-09	-6.852349e+00	-8.779218e+01
1.600000e-07	-8.300665e-07	-1.366087e-09	-6.849658e+00	-8.794223e+01
1.700000e-07	-8.297019e-07	-1.364807e-09	-6.846649e+00	-8.807952e+01
1.800000e-07	-8.292997e-07	-1.374514e-09	-6.843330e+00	-8.820308e+01
1.900000e-07	-8.288632e-07	-1.383974e-09	-6.839727e+00	-8.831209e+01
2.000000e-07	-8.284103e-07	-1.385915e-09	-6.835991e+00	-8.840585e+01
2.100000e-07	-8.279497e-07	-1.390987e-09	-6.832190e+00	-8.848386e+01
2.200000e-07	-8.274708e-07	-1.391916e-09	-6.828238e+00	-8.854575e+01
2.300000e-07	-8.269744e-07	-1.386764e-09	-6.824142e+00	-8.859131e+01
2.400000e-07	-8.264644e-07	-1.375763e-09	-6.819933e+00	-8.862050e+01
2.500000e-07	-8.259453e-07	-1.373294e-09	-6.815650e+00	-8.863343e+01
2.600000e-07	-8.254103e-07	-1.381184e-09	-6.811235e+00	-8.863036e+01
2.700000e-07	-8.248522e-07	-1.378556e-09	-6.806629e+00	-8.861169e+01
2.800000e-07	-8.242740e-07	-1.378425e-09	-6.801858e+00	-8.857795e+01
2.900000e-07	-8.236785e-07	-1.380748e-09	-6.796944e+00	-8.852977e+01
3.000000e-07	-8.230681e-07	-1.377424e-09	-6.791907e+00	-8.846786e+01
3.100000e-07	-8.224289e-07	-1.376847e-09	-6.786632e+00	-8.839302e+01
3.200000e-07	-8.217624e-07	-1.374717e-09	-6.781132e+00	-8.830605e+01
3.300000e-07	-8.210860e-07	-1.370159e-09	-6.775551e+00	-8.820778e+01
3.400000e-07	-8.203860e-07	-1.365188e-09	-6.769775e+00	-8.809901e+01
3.500000e-07	-8.196587e-07	-1.364664e-09	-6.763773e+00	-8.798051e+01
3.600000e-07	-8.189221e-07	-1.366897e-09	-6.757694e+00	-8.785298e+01
3.700000e-07	-8.181692e-07	-1.363583e-09	-6.751482e+00	-8.771704e+01
3.800000e-07	-8.173900e-07	-1.356473e-09	-6.745051e+00	-8.757321e+01
3.900000e-07	-8.165774e-07	-1.352266e-09	-6.738346e+00	-8.742194e+01
4.000000e-07	-8.157421e-07	-1.354482e-09	-6.731453e+00	-8.726355e+01
4.100000e-07	-8.148955e-07	-1.354616e-09	-6.724467e+00	-8.709831e+01
4.200000e-07	-8.140272e-07	-1.351743e-09	-6.717302e+00	-8.692641e+01
4.300000e-07	-8.131453e-07	-1.347794e-09	-6.710025e+00	-8.674800e+01
4.400000e-07	-8.122510e-07	-1.343519e-09	-6.702645e+00	-8.656323e+01
4.500000e-07	-8.113376e-07	-1.338359e-09	-6.695108e+00	-8.637225e+01
4.600000e-07	-8.104051e-07	-1.328665e-09	-6.687413e+00	-8.617529e+01
4.700000e-07	-8.094624e-07	-1.325116e-09	-6.679633e+00	-8.597267e+01
4.800000e-07	-8.085031e-07	-1.325919e-09	-6.671718e+00	-8.576483e+01
4.900000e-07	-8.075283e-07	-1.327635e-09	-6.663674e+00	-8.555237e+01
5.000000e-07	-8.065374e-07	-1.327901e-09	-6.655496e+00	-8.533608e+01
5.100000e-07	-8.055121e-07	-1.325190e-09	-6.647036e+00	-8.511692e+01
5.200000e-07	-8.044546e-07	-1.322286e-09	-6.638310e+00	-8.489608e+01
5.300000e-07	-8.033552e-07	-1.318808e-09	-6.629238e+00	-8.467491e+01
5.400000e-07	-8.022202e-07	-1.315180e-09	-6.619871e+00	-8.445497e+01
5.500000e-07	-8.010398e-07	-1.307097e-09	-6.610130e+00	-8.423793e+01
5.600000e-07	-7.998165e-07	-1.300486e-09	-6.600036e+00	-8.402560e+01
5.700000e-07	-7.985727e-07	-1.297125e-09	-6.589772e+00	-8.381983e+01
5.800000e-07	-7.973119e-07	-1.292959e-09	-6.579369e+00	-8.362248e+01
5.900000e-07	-7.960336e-07	-1.289862e-09	-6.568820e+00	-8.343534e+01
6.000000e-07	-7.947269e-07	-1.287115e-09	-6.558037e+00	-8.326010e+01
6.100000e-07	-7.933978e-07	-1.290956e-09	-6.547069e+00	-8.309825e+01
6.200000e-07	-7.920495e-07	-1.299327e-09	-6.535944e+00	-8.295103e+01
6.300000e-07	-7.906923e-07	-1.305340e-09	-6.524744e+00	-8.281941e+01
6.400000e-07	-7.893221e-07	-1.303490e-09	-6.513437e+00	-8.270398e+01
6.500000e-07	-7.879228e-07	-1.294498e-09	-6.501890e+00	-8.260499e+01
6.600000e-07	-7.864972e-07	-1.290515e-09	-6.490126e+00	-8.252226e+01
6.700000e-07	-7.850462e-07	-1.289031e-09	-6.478153e+00	-8.245525e+01
6.800000e-07	-7.835787e-07	-1.286630e-09	-6.466043e+00	-8.240300e+01
6.900000e-07	-7.820976e-07	-1.284981e-09	-6.453821e+00	-8.236420e+01
7.000000e-07	-7.805887e-07	-1.286635e-09	-6.441370e+00	-8.233720e+01
7.100000e-07	-7.790548e-07	-1.292098e-09	-6.428712e+00	-8.232009e+01
7.200000e-07	-7.775000e-07	-1.296445e-09	-6.415882e+00	-8.231072e+01
7.300000e-07	-7.759238e-07	-1.296157e-09	-6.402875e+00	-8.230681e+01
7.400000e-07	-7.743144e-07	-1.290313e-09	-6.389594e+00	-8.230600e+01
7.500000e-07	-7.726813e-07	-1.285901e-09	-6.376119e+00	-8.230591e+01
7.600000e-07	-7.710339e-07	-1.283635e-09	-6.362524e+00	-8.230425e+01
7.700000e-07	-7.693619e-07	-1.281154e-09	-6.348727e+00	-8.229884e+01
7.800000e-07	-7.676529e-07	-1.279796e-09	-6.334624e+00	-8.228769e+01
7.900000e-07	-7.658907e-07	-1.281871e-09	-6.320082e+00	-8.226905e+01
8.000000e-07	-7.641155e-07	-1.288557e-09	-6.305434e+00	-8.224141e+01
8.100000e-07	-7.623260e-07	-1.292650e-09	-6.290667e+00	-8.220356e+01
8.200000e-07	-7.605112e-07	-1.290721e-09	-6.275692e+00	-8.215456e+01
8.300000e-07	-7.586967e-07	-1.286214e-09	-6.260718e+00	-8.209375e+01
8.400000e-07	-7.568611e-07	-1.282363e-09	-6.245571e+00	-8.202073e+01
8.500000e-07	-7.550055e-07	-1.278358e-09	-6.230259e+00	-8.193529e+01
8.600000e-07	-7.531471e-07	-1.274021e-09	-6.214923e+00	-8.183740e+01
8.700000e-07	-7.512752e-07	-1.273545e-09	-6.199477e+00	-8.172717e+01
8.800000e-07	-7.493840e-07	-1.277380e-09	-6.183871e+00	-8.160476e+01
8.900000e-07	-7.474711e-07	-1.282330e-09	-6.168085e+00	-8.147038e+01
9.000000e-07	-7.455328e-07	-1.281441e-09	-6.152091e+00	-8.132418e+01
9.100000e-07	-7.435739e-07	-1.274095e-09	-6.135926e+00	-8.116628e+01
9.200000e-07	-7.415965e-07	-1.266847e-09	-6.119608e+00	-8.099669e+01
9.300000e-07	-7.395893e-07	-1.262132e-09	-6.103045e+00	-8.081531e+01
9.400000e-07	-7.375562e-07	-1.258896e-09	-6.086268e+00	-8.062194e+01
9.500000e-07	-7.355107e-07	-1.255111e-09	-6.069389e+00	-8.041624e+01
9.600000e-07	-7.334383e-07	-1.252359e-09	-6.052287e+00	-8.019779e+01
9.700000e-07	-7.313407e-07	-1.249826e-09	-6.034978e+00	-7.996613e+01
9.800000e-07	-7.292341e-07	-1.243616e-09	-6.017595e+00	-7.972075e+01
9.900000e-07	-7.271217e-07	-1.236265e-09	-6.000164e+00	-7.946119e+01
1.000000e-06	-7.250081e-07	-1.230811e-09	-5.982722e+00	-7.918706e+01
1.010000e-06	-7.228826e-07	-1.227242e-09	-5.965183e+00	-7.889813e+01
1.020000e-06	-7.207439e-07	-1.222386e-09	-5.947534e+00	-7.859434e+01
1.030000e-06	-7.185997e-07	-1.216370e-09	-5.929841e+00	-7.827586e+01
1.040000e-06	-7.164450e-07	-1.210620e-09	-5.912060e+00	-7.794315e+01
1.050000e-06	-7.142806e-07	-1.205006e-09	-5.894199e+00	-7.759697e+01
1.060000e-06	-7.120937e-07	-1.199150e-09	-5.876153e+00	-7.723838e+01
1.070000e-06	-7.098798e-07	-1.191110e-09	-5.857884e+00	-7.686878e+01
1.080000e-06	-7.076513e-07	-1.183788e-09	-5.839495e+00	-7.648985e+01
1.090000e-06	-7.054035e-07	-1.178096e-09	-5.820946e+00	-7.610352e+01
1.100000e-06	-7.031353e-07	-1.172052e-09	-5.802229e+00	-7.571198e+01
1.110000e-06	-7.008596e-07	-1.165285e-09	-5.783450e+00	-7.531754e+01
1.120000e-06	-6.985647e-07	-1.161041e-09	-5.764513e+00	-7.492264e+01
1.130000e-06	-6.962391e-07	-1.158484e-09	-5.745322e+00	-7.452973e+01
1.140000e-06	-6.938970e-07	-1.156107e-09	-5.725995e+00	-7.414118e+01
1.150000e-06	-6.915373e-07	-1.153567e-09	-5.706523e+00	-7.375927e+01
1.160000e-06	-6.891561e-07	-1.149850e-09	-5.686873e+00	-7.338604e+01
1.170000e-06	-6.867590e-07	-1.145810e-09	-5.667093e+00	-7.302327e+01
1.180000e-06	-6.843494e-07	-1.139983e-09	-5.647209e+00	-7.267243e+01
1.190000e-06	-6.819302e-07	-1.133437e-09	-5.627246e+00	-7.233462e+01
1.200000e-06	-6.794913e-07	-1.127574e-09	-5.607120e+00	-7.201055e+01
1.210000e-06	-6.770247e-07	-1.122846e-09	-5.586766e+00	-7.170055e+01
1.220000e-06	-6.745408e-07	-1.120524e-09	-5.566269e+00	-7.140456e+01
1.230000e-06	-6.720472e-07	-1.120397e-09	-5.545692e+00	-7.112216e+01
1.240000e-06	-6.695419e-07	-1.120803e-09	-5.525018e+00	-7.085262e+01
1.250000e-06	-6.670262e-07	-1.119914e-09	-5.504259e+00	-7.059496e+01
1.260000e-06	-6.645029e-07	-1.116324e-09	-5.483436e+00	-7.034800e+01
1.270000e-06	-6.619615e-07	-1.109762e-09	-5.462466e+00	-7.011041e+01
1.280000e-06	-6.594013e-07	-1.103441e-09	-5.441339e+00	-6.988084e+01
1.290000e-06	-6.568239e-07	-1.098019e-09	-5.420070e+00	-6.965794e+01
1.300000e-06	-6.542223e-07	-1.093792e-09	-5.398602e+00	-6.944047e+01
1.310000e-06	-6.515993e-07	-1.092183e-09	-5.376957e+00	-6.922731e+01
1.320000e-06	-6.489490e-07	-1.093251e-09	-5.355087e+00	-6.901755e+01
1.330000e-06	-6.462755e-07	-1.093072e-09	-5.333026e+00	-6.881050e+01
1.340000e-06	-6.435737e-07	-1.086810e-09	-5.310730e+00	-6.860574e+01
1.350000e-06	-6.408324e-07	-1.078129e-09	-5.288109e+00	-6.840308e+01
1.360000e-06	-6.380634e-07	-1.073054e-09	-5.265260e+00	-6.820258e+01
1.370000e-06	-6.352722e-07	-1.070521e-09	-5.242227e+00	-6.800450e+01
1.380000e-06	-6.324658e-07	-1.066431e-09	-5.219068e+00	-6.780930e+01
1.390000e-06	-6.296345e-07	-1.058605e-09	-5.195705e+00	-6.761752e+01
1.400000e-06	-6.267718e-07	-1.052137e-09	-5.172082e+00	-6.742978e+01
1.410000e-06	-6.238862e-07	-1.052308e-09	-5.148271e+00	-6.724670e+01
1.420000e-06	-6.209937e-07	-1.052677e-09	-5.124401e+00	-6.706882e+01
1.430000e-06	-6.180982e-07	-1.050108e-09	-5.100508e+00	-6.689653e+01
1.440000e-06	-6.151913e-07	-1.047048e-09	-5.076521e+00	-6.673006e+01
1.450000e-06	-6.122727e-07	-1.045309e-09	-5.052436e+00	-6.656935e+01
1.460000e-06	-6.093439e-07	-1.042110e-09	-5.028268e+00	-6.641412e+01
1.470000e-06	-6.064087e-07	-1.033830e-09	-5.004047e+00	-6.626375e+01
1.480000e-06	-6.034672e-07	-1.026174e-09	-4.979774e+00	-6.611732e+01
1.490000e-06	-6.005141e-07	-1.023013e-09	-4.955405e+00	-6.597361e+01
1.500000e-06	-5.975507e-07	-1.020506e-09	-4.930952e+00	-6.583113e+01
1.510000e-06	-5.945802e-07	-1.015656e-09	-4.906439e+00	-6.568814e+01
1.520000e-06	-5.915936e-07	-1.011032e-09	-4.881793e+00	-6.554270e+01
1.530000e-06	-5.885814e-07	-1.009409e-09	-4.856938e+00	-6.539274e+01
1.540000e-06	-5.855468e-07	-1.007378e-09	-4.831896e+00	-6.523614e+01
1.550000e-06	-5.824975e-07	-1.002520e-09	-4.806734e+00	-6.507074e+01
1.560000e-06	-5.794412e-07	-9.962358e-10	-4.781513e+00	-6.489450e+01
1.570000e-06	-5.763680e-07	-9.922212e-10	-4.756153e+00	-6.470547e+01
1.580000e-06	-5.732720e-07	-9.902064e-10	-4.730605e+00	-6.450192e+01
1.590000e-06	-5.701717e-07	-9.850220e-10	-4.705022e+00	-6.428237e+01
1.600000e-06	-5.670663e-07	-9.771410e-10	-4.679396e+00	-6.404564e+01
1.610000e-06	-5.639377e-07	-9.705044e-10	-4.653579e+00	-6.379085e+01
1.620000e-06	-5.607915e-07	-9.669222e-10	-4.627617e+00	-6.351748e+01
1.630000e-06	-5.576402e-07	-9.648230e-10	-4.601612e+00	-6.322536e+01
1.640000e-06	-5.544809e-07	-9.599629e-10	-4.575542e+00	-6.291464e+01
1.650000e-06	-5.513142e-07	-9.510425e-10	-4.549411e+00	-6.258579e+01
1.660000e-06	-5.481345e-07	-9.404332e-10	-4.523172e+00	-6.223958e+01
1.670000e-06	-5.449307e-07	-9.317802e-10	-4.496734e+00	-6.187701e+01
1.680000e-06	-5.417047e-07	-9.247815e-10	-4.470114e+00	-6.149929e+01
1.690000e-06	-5.384654e-07	-9.173092e-10	-4.443383e+00	-6.110780e+01
1.700000e-06	-5.352168e-07	-9.098386e-10	-4.416576e+00	-6.070399e+01
1.710000e-06	-5.319594e-07	-9.057256e-10	-4.389696e+00	-6.028941e+01
1.720000e-06	-5.286900e-07	-9.055417e-10	-4.362717e+00	-5.986561e+01
1.730000e-06	-5.254080e-07	-9.015095e-10	-4.335635e+00	-5.943412e+01
1.740000e-06	-5.221198e-07	-8.902967e-10	-4.308500e+00	-5.899644e+01
1.750000e-06	-5.188262e-07	-8.755574e-10	-4.281322e+00	-5.855396e+01
1.760000e-06	-5.155258e-07	-8.639042e-10	-4.254087e+00	-5.810803e+01
1.770000e-06	-5.122158e-07	-8.560554e-10	-4.226773e+00	-5.765988e+01
1.780000e-06	-5.088957e-07	-8.491543e-10	-4.199376e+00	-5.721066e+01
1.790000e-06	-5.055700e-07	-8.475251e-10	-4.171933e+00	-5.676144e+01
1.800000e-06	-5.022340e-07	-8.503771e-10	-4.144404e+00	-5.631320e+01
1.810000e-06	-4.988875e-07	-8.520941e-10	-4.116789e+00	-5.586690e+01
1.820000e-06	-4.955293e-07	-8.444206e-10	-4.089077e+00	-5.542342e+01
1.830000e-06	-4.921547e-07	-8.305297e-10	-4.061230e+00	-5.498366e+01
1.840000e-06	-4.887598e-07	-8.216073e-10	-4.033216e+00	-5.454847e+01
1.850000e-06	-4.853469e-07	-8.179798e-10	-4.005052e+00	-5.411873e+01
1.860000e-06	-4.819214e-07	-8.161601e-10	-3.976786e+00	-5.369532e+01
1.870000e-06	-4.784834e-07	-8.102325e-10	-3.948416e+00	-5.327912e+01
1.880000e-06	-4.750304e-07	-8.047736e-10	-3.919921e+00	-5.287102e+01
1.890000e-06	-4.715490e-07	-8.023400e-10	-3.891193e+00	-5.247191e+01
1.900000e-06	-4.680420e-07	-7.975163e-10	-3.862254e+00	-5.208264e+01
1.910000e-06	-4.645154e-07	-7.898503e-10	-3.833152e+00	-5.170402e+01
1.920000e-06	-4.609755e-07	-7.817722e-10	-3.803942e+00	-5.133679e+01
1.930000e-06	-4.574202e-07	-7.766892e-10	-3.774603e+00	-5.098161e+01
1.940000e-06	-4.538301e-07	-7.716822e-10	-3.744978e+00	-5.063900e+01
1.950000e-06	-4.502162e-07	-7.683045e-10	-3.715156e+00	-5.030933e+01
1.960000e-06	-4.465923e-07	-7.686245e-10	-3.685252e+00	-4.999284e+01
1.970000e-06	-4.429522e-07	-7.694730e-10	-3.655214e+00	-4.968953e+01
1.980000e-06	-4.393048e-07	-7.683970e-10	-3.625116e+00	-4.939923e+01
1.990000e-06	-4.356485e-07	-7.619124e-10	-3.594944e+00	-4.912158e+01
2.000000e-06	-4.319745e-07	-7.524582e-10	-3.564627e+00	-4.885597e+01
2.010000e-06	-4.282893e-07	-7.451200e-10	-3.534216e+00	-4.860162e+01
2.020000e-06	-4.245913e-07	-7.415071e-10	-3.503701e+00	-4.835756e+01
2.030000e-06	-4.208855e-07	-7.399930e-10	-3.473121e+00	-4.812263e+01
2.040000e-06	-4.171824e-07	-7.419531e-10	-3.442563e+00	-4.789554e+01
2.050000e-06	-4.134751e-07	-7.481080e-10	-3.411971e+00	-4.767487e+01
2.060000e-06	-4.097595e-07	-7.515223e-10	-3.381310e+00	-4.745912e+01
2.070000e-06	-4.060340e-07	-7.475902e-10	-3.350567e+00	-4.724672e+01
2.080000e-06	-4.022955e-07	-7.387905e-10	-3.319718e+00	-4.703607e+01
2.090000e-06	-3.985605e-07	-7.306859e-10	-3.288897e+00	-4.682558e+01
2.100000e-06	-3.948280e-07	-7.263715e-10	-3.258096e+00	-4.661368e+01
2.110000e-06	-3.910938e-07	-7.264227e-10	-3.227282e+00	-4.639885e+01
2.120000e-06	-3.873538e-07	-7.295833e-10	-3.196420e+00	-4.617962e+01
2.130000e-06	-3.835995e-07	-7.299689e-10	-3.165439e+00	-4.595463e+01
2.140000e-06	-3.798405e-07	-7.260258e-10	-3.134421e+00	-4.572260e+01
2.150000e-06	-3.760735e-07	-7.207530e-10	-3.103335e+00	-4.548233e+01
2.160000e-06	-3.722950e-07	-7.154413e-10	-3.072156e+00	-4.523273e+01
2.170000e-06	-3.685082e-07	-7.088195e-10	-3.040907e+00	-4.497280e+01
2.180000e-06	-3.647034e-07	-7.018468e-10	-3.009510e+00	-4.470164e+01
2.190000e-06	-3.608840e-07	-6.984712e-10	-2.977992e+00	-4.441842e+01
2.200000e-06	-3.570542e-07	-6.956065e-10	-2.946389e+00	-4.412238e+01
2.210000e-06	-3.532087e-07	-6.900983e-10	-2.914657e+00	-4.381284e+01
2.220000e-06	-3.493501e-07	-6.829751e-10	-2.882815e+00	-4.348920e+01
2.230000e-06	-3.454833e-07	-6.779480e-10	-2.850907e+00	-4.315090e+01
2.240000e-06	-3.416082e-07	-6.760335e-10	-2.818930e+00	-4.279746e+01
2.250000e-06	-3.377225e-07	-6.705310e-10	-2.786865e+00	-4.242848e+01
2.260000e-06	-3.338383e-07	-6.599944e-10	-2.754813e+00	-4.204363e+01
2.270000e-06	-3.299439e-07	-6.502416e-10	-2.722677e+00	-4.164268e+01
2.280000e-06	-3.260281e-07	-6.446602e-10	-2.690364e+00	-4.122548e+01
2.290000e-06	-3.221091e-07	-6.399323e-10	-2.658024e+00	-4.079202e+01
2.300000e-06	-3.181892e-07	-6.334774e-10	-2.625678e+00	-4.034242e+01
2.310000e-06	-3.142645e-07	-6.269263e-10	-2.593291e+00	-3.987694e+01
2.320000e-06	-3.103365e-07	-6.220161e-10	-2.560877e+00	-3.939601e+01
2.330000e-06	-3.064051e-07	-6.156245e-10	-2.528436e+00	-3.890021e+01
2.340000e-06	-3.024663e-07	-6.043617e-10	-2.495933e+00	-3.839032e+01
2.350000e-06	-2.985197e-07	-5.934532e-10	-2.463366e+00	-3.786729e+01
2.360000e-06	-2.945605e-07	-5.856342e-10	-2.430695e+00	-3.733226e+01
2.370000e-06	-2.905925e-07	-5.753775e-10	-2.397951e+00	-3.678652e+01
2.380000e-06	-2.866268e-07	-5.596227e-10	-2.365227e+00	-3.623155e+01
2.390000e-06	-2.826621e-07	-5.431055e-10	-2.332510e+00	-3.566896e+01
2.400000e-06	-2.786987e-07	-5.332498e-10	-2.299805e+00	-3.510046e+01
2.410000e-06	-2.747233e-07	-5.292011e-10	-2.267000e+00	-3.452791e+01
2.420000e-06	-2.707222e-07	-5.233319e-10	-2.233982e+00	-3.395317e+01
2.430000e-06	-2.666998e-07	-5.138226e-10	-2.200790e+00	-3.337821e+01
2.440000e-06	-2.626718e-07	-5.052941e-10	-2.167551e+00	-3.280494e+01
2.450000e-06	-2.586483e-07	-4.963031e-10	-2.134349e+00	-3.223529e+01
2.460000e-06	-2.546212e-07	-4.805433e-10	-2.101119e+00	-3.167111e+01
2.470000e-06	-2.505847e-07	-4.622695e-10	-2.067810e+00	-3.111418e+01
2.480000e-06	-2.465334e-07	-4.489681e-10	-2.034378e+00	-3.056616e+01
2.490000e-06	-2.424707e-07	-4.440030e-10	-2.000854e+00	-3.002858e+01
2.500000e-06	-2.384124e-07	-4.422245e-10	-1.967364e+00	-2.950283e+01
2.510000e-06	-2.343549e-07	-4.358981e-10	-1.933882e+00	-2.899012e+01
2.520000e-06	-2.302826e-07	-4.306834e-10	-1.900278e+00	-2.849151e+01
2.530000e-06	-2.262009e-07	-4.297353e-10	-1.866596e+00	-2.800784e+01
2.540000e-06	-2.221201e-07	-4.244485e-10	-1.832922e+00	-2.753981e+01
2.550000e-06	-2.180378e-07	-4.123628e-10	-1.799234e+00	-2.708792e+01
2.560000e-06	-2.139529e-07	-4.002999e-10	-1.765526e+00	-2.665248e+01
2.570000e-06	-2.098591e-07	-3.939215e-10	-1.731744e+00	-2.623363e+01
2.580000e-06	-2.057615e-07	-3.904338e-10	-1.697931e+00	-2.583134e+01
2.590000e-06	-2.016640e-07	-3.838383e-10	-1.664119e+00	-2.544542e+01
2.600000e-06	-1.975562e-07	-3.764093e-10	-1.630222e+00	-2.507552e+01
2.610000e-06	-1.934399e-07	-3.729268e-10	-1.596254e+00	-2.472112e+01
2.620000e-06	-1.893247e-07	-3.714555e-10	-1.562295e+00	-2.438158e+01
2.630000e-06	-1.852126e-07	-3.673880e-10	-1.528363e+00	-2.405608e+01
2.640000e-06	-1.810939e-07	-3.606976e-10	-1.494376e+00	-2.374370e+01
2.650000e-06	-1.769706e-07	-3.568201e-10	-1.460351e+00	-2.344336e+01
2.660000e-06	-1.728471e-07	-3.566453e-10	-1.426324e+00	-2.315387e+01
2.670000e-06	-1.687222e-07	-3.535625e-10	-1.392285e+00	-2.287392e+01
2.680000e-06	-1.645979e-07	-3.450958e-10	-1.358252e+00	-2.260208e+01
2.690000e-06	-1.604735e-07	-3.361754e-10	-1.324217e+00	-2.233682e+01
2.700000e-06	-1.563461e-07	-3.330124e-10	-1.290158e+00	-2.207653e+01
2.710000e-06	-1.522187e-07	-3.316518e-10	-1.256099e+00	-2.181953e+01
2.720000e-06	-1.480955e-07	-3.254458e-10	-1.222075e+00	-2.156408e+01
2.730000e-06	-1.439721e-07	-3.178358e-10	-1.188049e+00	-2.130842e+01
2.740000e-06	-1.398443e-07	-3.141628e-10	-1.153987e+00	-2.105075e+01
2.750000e-06	-1.357133e-07	-3.134572e-10	-1.119897e+00	-2.078934e+01
2.760000e-06	-1.315725e-07	-3.106814e-10	-1.085728e+00	-2.052245e+01
2.770000e-06	-1.274256e-07	-3.043063e-10	-1.051508e+00	-2.024844e+01
2.780000e-06	-1.232818e-07	-2.955903e-10	-1.017314e+00	-1.996577e+01
2.790000e-06	-1.191367e-07	-2.900178e-10	-9.831087e-01	-1.967299e+01
2.800000e-06	-1.149802e-07	-2.883812e-10	-9.488091e-01	-1.936882e+01
2.810000e-06	-1.108164e-07	-2.865605e-10	-9.144504e-01	-1.905214e+01
2.820000e-06	-1.066560e-07	-2.830706e-10	-8.801186e-01	-1.872199e+01
2.830000e-06	-1.024961e-07	-2.770088e-10	-8.457916e-01	-1.837760e+01
2.840000e-06	-9.833579e-08	-2.709482e-10	-8.114609e-01	-1.801842e+01
2.850000e-06	-9.418123e-08	-2.641567e-10	-7.771776e-01	-1.764404e+01
2.860000e-06	-9.002315e-08	-2.562467e-10	-7.428655e-01	-1.725427e+01
2.870000e-06	-8.586254e-08	-2.503734e-10	-7.085324e-01	-1.684908e+01
2.880000e-06	-8.170048e-08	-2.450897e-10	-6.741873e-01	-1.642860e+01
2.890000e-06	-7.752968e-08	-2.361383e-10	-6.397701e-01	-1.599309e+01
2.900000e-06	-7.335710e-08	-2.243728e-10	-6.053382e-01	-1.554295e+01
2.910000e-06	-6.918806e-08	-2.130740e-10	-5.709356e-01	-1.507866e+01
2.920000e-06	-6.502493e-08	-2.044517e-10	-5.365817e-01	-1.460077e+01
2.930000e-06	-6.086084e-08	-1.995431e-10	-5.022199e-01	-1.410990e+01
2.940000e-06	-5.668714e-08	-1.951453e-10	-4.677788e-01	-1.360671e+01
2.950000e-06	-5.250596e-08	-1.882160e-10	-4.332759e-01	-1.309187e+01
2.960000e-06	-4.833103e-08	-1.791495e-10	-3.988246e-01	-1.256607e+01
2.970000e-06	-4.417238e-08	-1.695093e-10	-3.645078e-01	-1.203001e+01
2.980000e-06	-4.001212e-08	-1.585379e-10	-3.301775e-01	-1.148439e+01
2.990000e-06	-3.583845e-08	-1.459642e-10	-2.957367e-01	-1.092994e+01
3.000000e-06	-3.164441e-08	-1.361127e-10	-2.611277e-01	-1.036739e+01
3.010000e-06	-2.744861e-08	-1.307898e-10	-2.265042e-01	-9.797495e+00
3.020000e-06	-2.327333e-08	-1.253204e-10	-1.920501e-01	-9.221080e+00
3.030000e-06	-1.909988e-08	-1.159136e-10	-1.576111e-01	-8.639009e+00
3.040000e-06	-1.492291e-08	-1.025322e-10	-1.231429e-01	-8.052225e+00
3.050000e-06	-1.074489e-08	-8.944210e-11	-8.866614e-02	-7.461756e+00
3.060000e-06	-6.572556e-09	-7.968079e-11	-5.423632e-02	-6.868725e+00
3.070000e-06	-2.407503e-09	-7.074855e-11	-1.986657e-02	-6.274355e+00
3.080000e-06	1.759595e-09	-6.184365e-11	1.452007e-02	-5.679973e+00
3.090000e-06	5.931921e-09	-5.559789e-11	4.894984e-02	-5.086998e+00
3.100000e-06	1.010996e-08	-5.189313e-11	8.342674e-02	-4.496934e+00
3.110000e-06	1.429728e-08	-4.551572e-11	1.179803e-01	-3.911350e+00
3.120000e-06	1.848387e-08	-3.418419e-11	1.525278e-01	-3.331857e+00
3.130000e-06	2.266937e-08	-2.123756e-11	1.870662e-01	-2.760077e+00
3.140000e-06	2.685382e-08	-1.130875e-11	2.215960e-01	-2.197608e+00
3.150000e-06	3.103481e-08	-2.912657e-12	2.560974e-01	-1.645993e+00
3.160000e-06	3.522044e-08	6.958623e-12	2.906369e-01	-1.106675e+00
3.170000e-06	3.939799e-08	1.631543e-11	3.251098e-01	-5.809680e-01
3.180000e-06	4.356637e-08	2.364364e-11	3.595070e-01	-7.001346e-02
3.190000e-06	4.773933e-08	2.758356e-11	3.939420e-01	4.252446e-01
3.200000e-06	5.191487e-08	3.280125e-11	4.283983e-01	9.040882e-01
3.210000e-06	5.608630e-08	4.279508e-11	4.628207e-01	1.366044e+00
3.220000e-06	6.025683e-08	5.190218e-11	4.972356e-01	1.810893e+00
3.230000e-06	6.443136e-08	5.671491e-11	5.316836e-01	2.238677e+00
3.240000e-06	6.860412e-08	5.983037e-11	5.661169e-01	2.649691e+00
3.250000e-06	7.277145e-08	6.470610e-11	6.005055e-01	3.044469e+00
3.260000e-06	7.694082e-08	6.940964e-11	6.349109e-01	3.423763e+00
3.270000e-06	8.111001e-08	7.382820e-11	6.693148e-01	3.788519e+00
3.280000e-06	8.527454e-08	8.119811e-11	7.036802e-01	4.139838e+00
3.290000e-06	8.943594e-08	9.013703e-11	7.380198e-01	4.478944e+00
3.300000e-06	9.359213e-08	9.788177e-11	7.723165e-01	4.807147e+00
3.310000e-06	9.773847e-08	1.028052e-10	8.065318e-01	5.125803e+00
3.320000e-06	1.018789e-07	1.045808e-10	8.406987e-01	5.436277e+00
3.330000e-06	1.060275e-07	1.067648e-10	8.749324e-01	5.739916e+00
3.340000e-06	1.101753e-07	1.112789e-10	9.091594e-01	6.038020e+00
3.350000e-06	1.143159e-07	1.151283e-10	9.433281e-01	6.331820e+00
3.360000e-06	1.184646e-07	1.190455e-10	9.775629e-01	6.622471e+00
3.370000e-06	1.226286e-07	1.258432e-10	1.011924e+00	6.911038e+00
3.380000e-06	1.267897e-07	1.333194e-10	1.046261e+00	7.198504e+00
3.390000e-06	1.309334e-07	1.388096e-10	1.080454e+00	7.485777e+00
3.400000e-06	1.350687e-07	1.421463e-10	1.114578e+00	7.773702e+00
3.410000e-06	1.391976e-07	1.431003e-10	1.148650e+00	8.063080e+00
3.420000e-06	1.433247e-07	1.434663e-10	1.182707e+00	8.354691e+00
3.430000e-06	1.474544e-07	1.430646e-10	1.216785e+00	8.649310e+00
3.440000e-06	1.515824e-07	1.428472e-10	1.250848e+00	8.947735e+00
3.450000e-06	1.557108e-07	1.470766e-10	1.284916e+00	9.250798e+00
3.460000e-06	1.598364e-07	1.548127e-10	1.318960e+00	9.559381e+00
3.470000e-06	1.639576e-07	1.647355e-10	1.352968e+00	9.874424e+00
3.480000e-06	1.680754e-07	1.742395e-10	1.386948e+00	1.019692e+01
3.490000e-06	1.721940e-07	1.788289e-10	1.420934e+00	1.052793e+01
3.500000e-06	1.763105e-07	1.812196e-10	1.454903e+00	1.086852e+01
3.510000e-06	1.804245e-07	1.863731e-10	1.488851e+00	1.121978e+01
3.520000e-06	1.845371e-07	1.945518e-10	1.522789e+00	1.158280e+01
3.530000e-06	1.886422e-07	2.030233e-10	1.556664e+00	1.195860e+01
3.540000e-06	1.927447e-07	2.092072e-10	1.590518e+00	1.234812e+01
3.550000e-06	1.968395e-07	2.146036e-10	1.624308e+00	1.275215e+01
3.560000e-06	2.009315e-07	2.201476e-10	1.658074e+00	1.317135e+01
3.570000e-06	2.050286e-07	2.266760e-10	1.691883e+00	1.360612e+01
3.580000e-06	2.091232e-07	2.344963e-10	1.725672e+00	1.405668e+01
3.590000e-06	2.132130e-07	2.413340e-10	1.759420e+00	1.452293e+01
3.600000e-06	2.173069e-07	2.499608e-10	1.793203e+00	1.500453e+01
3.610000e-06	2.213940e-07	2.589069e-10	1.826929e+00	1.550082e+01
3.620000e-06	2.254651e-07	2.650262e-10	1.860524e+00	1.601088e+01
3.630000e-06	2.295319e-07	2.688284e-10	1.894083e+00	1.653348e+01
3.640000e-06	2.335831e-07	2.715782e-10	1.927514e+00	1.706717e+01
3.650000e-06	2.376226e-07	2.764975e-10	1.960847e+00	1.761027e+01
3.660000e-06	2.416579e-07	2.844769e-10	1.994146e+00	1.816093e+01
3.670000e-06	2.457029e-07	2.946714e-10	2.027525e+00	1.871715e+01
3.680000e-06	2.497545e-07	3.062009e-10	2.060959e+00	1.927690e+01
3.690000e-06	2.537860e-07	3.189216e-10	2.094226e+00	1.983809e+01
3.700000e-06	2.577971e-07	3.294019e-10	2.127325e+00	2.039869e+01
3.710000e-06	2.618016e-07	3.377271e-10	2.160370e+00	2.095677e+01
3.720000e-06	2.658088e-07	3.452586e-10	2.193438e+00	2.151050e+01
3.730000e-06	2.698096e-07	3.499862e-10	2.226452e+00	2.205827e+01
3.740000e-06	2.738002e-07	3.531184e-10	2.259383e+00	2.259867e+01
3.750000e-06	2.777790e-07	3.567742e-10	2.292215e+00	2.313050e+01
3.760000e-06	2.817458e-07	3.641941e-10	2.324949e+00	2.365283e+01
3.770000e-06	2.857111e-07	3.764459e-10	2.357670e+00	2.416496e+01
3.780000e-06	2.896727e-07	3.893632e-10	2.390361e+00	2.466642e+01
3.790000e-06	2.936243e-07	3.999451e-10	2.422970e+00	2.515695e+01
3.800000e-06	2.975678e-07	4.088836e-10	2.455511e+00	2.563647e+01
3.810000e-06	3.015009e-07	4.149497e-10	2.487966e+00	2.610506e+01
3.820000e-06	3.054268e-07	4.158882e-10	2.520363e+00	2.656288e+01
3.830000e-06	3.093485e-07	4.136850e-10	2.552725e+00	2.701017e+01
3.840000e-06	3.132628e-07	4.141448e-10	2.585025e+00	2.744718e+01
3.850000e-06	3.171780e-07	4.218541e-10	2.617333e+00	2.787416e+01
3.860000e-06	3.210912e-07	4.333900e-10	2.649624e+00	2.829129e+01
3.870000e-06	3.249940e-07	4.417145e-10	2.681830e+00	2.869868e+01
3.880000e-06	3.288874e-07	4.473146e-10	2.713958e+00	2.909638e+01
3.890000e-06	3.327713e-07	4.513402e-10	2.746008e+00	2.948429e+01
3.900000e-06	3.366424e-07	4.538394e-10	2.777953e+00	2.986226e+01
3.910000e-06	3.405036e-07	4.548281e-10	2.809814e+00	3.023004e+01
3.920000e-06	3.443514e-07	4.548831e-10	2.841567e+00	3.058731e+01
3.930000e-06	3.481844e-07	4.576560e-10	2.873196e+00	3.093377e+01
3.940000e-06	3.520116e-07	4.652559e-10	2.904778e+00	3.126907e+01
3.950000e-06	3.558242e-07	4.757677e-10	2.936239e+00	3.159296e+01
3.960000e-06	3.596360e-07	4.825639e-10	2.967694e+00	3.190527e+01
3.970000e-06	3.634554e-07	4.848803e-10	2.999211e+00	3.220597e+01
3.980000e-06	3.672579e-07	4.891897e-10	3.030589e+00	3.249522e+01
3.990000e-06	3.710399e-07	4.949691e-10	3.061798e+00	3.277339e+01
4.000000e-06	3.748101e-07	4.972005e-10	3.092909e+00	3.304111e+01
4.010000e-06	3.785748e-07	4.996626e-10	3.123975e+00	3.329925e+01
4.020000e-06	3.823342e-07	5.059080e-10	3.154998e+00	3.354898e+01
4.030000e-06	3.860846e-07	5.123705e-10	3.185946e+00	3.379171e+01
4.040000e-06	3.898245e-07	5.152525e-10	3.216808e+00	3.402912e+01
4.050000e-06	3.935593e-07	5.163839e-10	3.247627e+00	3.426312e+01
4.060000e-06	3.972925e-07	5.188541e-10	3.278433e+00	3.449577e+01
4.070000e-06	4.010207e-07	5.242772e-10	3.309198e+00	3.472933e+01
4.080000e-06	4.047434e-07	5.307855e-10	3.339917e+00	3.496609e+01
4.090000e-06	4.084630e-07	5.363552e-10	3.370612e+00	3.520840e+01
4.100000e-06	4.121803e-07	5.415108e-10	3.401286e+00	3.545857e+01
4.110000e-06	4.158914e-07	5.464945e-10	3.431910e+00	3.571880e+01
4.120000e-06	4.195944e-07	5.522411e-10	3.462467e+00	3.599116e+01
4.130000e-06	4.232891e-07	5.583757e-10	3.492956e+00	3.627748e+01
4.140000e-06	4.269800e-07	5.631530e-10	3.523412e+00	3.657936e+01
4.150000e-06	4.306663e-07	5.670212e-10	3.553832e+00	3.689809e+01
4.160000e-06	4.343371e-07	5.715963e-10	3.584123e+00	3.723463e+01
4.170000e-06	4.379899e-07	5.771065e-10	3.614266e+00	3.758961e+01
4.180000e-06	4.416353e-07	5.818989e-10	3.644347e+00	3.796330e+01
4.190000e-06	4.452576e-07	5.855638e-10	3.674239e+00	3.835565e+01
4.200000e-06	4.488541e-07	5.909783e-10	3.703917e+00	3.876628e+01
4.210000e-06	4.524392e-07	5.983712e-10	3.733501e+00	3.919449e+01
4.220000e-06	4.560091e-07	6.081030e-10	3.762959e+00	3.963935e+01
4.230000e-06	4.595670e-07	6.175880e-10	3.792319e+00	4.009969e+01
4.240000e-06	4.631006e-07	6.260549e-10	3.821477e+00	4.057415e+01
4.250000e-06	4.665882e-07	6.347944e-10	3.850257e+00	4.106126e+01
4.260000e-06	4.700532e-07	6.425523e-10	3.878850e+00	4.155944e+01
4.270000e-06	4.735122e-07	6.509684e-10	3.907394e+00	4.206711e+01
4.280000e-06	4.769486e-07	6.601579e-10	3.935750e+00	4.258263e+01
4.290000e-06	4.803741e-07	6.701868e-10	3.964018e+00	4.310444e+01
4.300000e-06	4.837882e-07	6.802656e-10	3.992190e+00	4.363102e+01
4.310000e-06	4.871833e-07	6.900032e-10	4.020207e+00	4.416092e+01
4.320000e-06	4.905640e-07	6.989091e-10	4.048104e+00	4.469281e+01
4.330000e-06	4.939317e-07	7.065330e-10	4.075894e+00	4.522543e+01
4.340000e-06	4.972861e-07	7.130205e-10	4.103574e+00	4.575765e+01
4.350000e-06	5.006283e-07	7.158295e-10	4.131154e+00	4.628840e+01
4.360000e-06	5.039672e-07	7.178716e-10	4.158706e+00	4.681670e+01
4.370000e-06	5.073033e-07	7.234777e-10	4.186235e+00	4.734163e+01
4.380000e-06	5.106327e-07	7.340076e-10	4.213710e+00	4.786230e+01
4.390000e-06	5.139501e-07	7.466656e-10	4.241084e+00	4.837788e+01
4.400000e-06	5.172586e-07	7.579560e-10	4.268386e+00	4.888752e+01
4.410000e-06	5.205584e-07	7.670521e-10	4.295615e+00	4.939036e+01
4.420000e-06	5.238457e-07	7.734465e-10	4.322743e+00	4.988555e+01
4.430000e-06	5.271220e-07	7.759823e-10	4.349778e+00	5.037221e+01
4.440000e-06	5.303861e-07	7.776363e-10	4.376713e+00	5.084943e+01
4.450000e-06	5.336305e-07	7.808430e-10	4.403486e+00	5.131630e+01
4.460000e-06	5.368570e-07	7.872983e-10	4.430110e+00	5.177189e+01
4.470000e-06	5.400779e-07	7.991793e-10	4.456690e+00	5.221528e+01
4.480000e-06	5.432876e-07	8.112988e-10	4.483175e+00	5.264561e+01
4.490000e-06	5.464807e-07	8.182445e-10	4.509525e+00	5.306205e+01
4.500000e-06	5.496535e-07	8.208122e-10	4.535707e+00	5.346384e+01
4.510000e-06	5.528099e-07	8.227934e-10	4.561753e+00	5.385035e+01
4.520000e-06	5.559605e-07	8.269491e-10	4.587752e+00	5.422105e+01
4.530000e-06	5.591022e-07	8.322203e-10	4.613677e+00	5.457559e+01
4.540000e-06	5.622257e-07	8.355860e-10	4.639452e+00	5.491377e+01
4.550000e-06	5.653329e-07	8.363724e-10	4.665092e+00	5.523557e+01
4.560000e-06	5.684349e-07	8.397710e-10	4.690690e+00	5.554118e+01
4.570000e-06	5.715248e-07	8.467276e-10	4.716187e+00	5.583096e+01
4.580000e-06	5.745935e-07	8.526892e-10	4.741510e+00	5.610548e+01
4.590000e-06	5.776463e-07	8.587602e-10	4.766701e+00	5.636548e+01
4.600000e-06	5.806888e-07	8.651899e-10	4.791808e+00	5.661189e+01
4.610000e-06	5.837186e-07	8.712924e-10	4.816810e+00	5.684575e+01
4.620000e-06	5.867407e-07	8.752855e-10	4.841748e+00	5.706826e+01
4.630000e-06	5.897504e-07	8.743839e-10	4.866584e+00	5.728069e+01
4.640000e-06	5.927354e-07	8.715257e-10	4.891216e+00	5.748439e+01
4.650000e-06	5.957075e-07	8.722389e-10	4.915741e+00	5.768074e+01
4.660000e-06	5.986695e-07	8.772850e-10	4.940184e+00	5.787115e+01
4.670000e-06	6.016145e-07	8.835074e-10	4.964486e+00	5.805698e+01
4.680000e-06	6.045482e-07	8.898699e-10	4.988694e+00	5.823959e+01
4.690000e-06	6.074752e-07	8.968082e-10	5.012848e+00	5.842025e+01
4.700000e-06	6.103941e-07	9.039270e-10	5.036934e+00	5.860018e+01
4.710000e-06	6.133015e-07	9.068030e-10	5.060926e+00	5.878051e+01
4.720000e-06	6.162018e-07	9.032647e-10	5.084859e+00	5.896228e+01
4.730000e-06	6.190960e-07	9.004472e-10	5.108742e+00	5.914647e+01
4.740000e-06	6.219879e-07	9.040965e-10	5.132605e+00	5.933396e+01
4.750000e-06	6.248705e-07	9.103789e-10	5.156393e+00	5.952554e+01
4.760000e-06	6.277331e-07	9.144898e-10	5.180015e+00	5.972198e+01
4.770000e-06	6.305627e-07	9.183420e-10	5.203364e+00	5.992397e+01
4.780000e-06	6.333666e-07	9.261190e-10	5.226502e+00	6.013218e+01
4.790000e-06	6.361478e-07	9.342469e-10	5.249452e+00	6.034725e+01
4.800000e-06	6.388893e-07	9.354256e-10	5.272075e+00	6.056979e+01
4.810000e-06	6.416042e-07	9.328027e-10	5.294478e+00	6.080042e+01
4.820000e-06	6.442939e-07	9.330269e-10	5.316674e+00	6.103973e+01
4.830000e-06	6.469515e-07	9.385069e-10	5.338603e+00	6.128833e+01
4.840000e-06	6.495867e-07	9.444081e-10	5.360349e+00	6.154679e+01
4.850000e-06	6.521968e-07	9.485583e-10	5.381887e+00	6.181565e+01
4.860000e-06	6.547810e-07	9.543319e-10	5.403212e+00	6.209542e+01
4.870000e-06	6.573423e-07	9.644603e-10	5.424348e+00	6.238654e+01
4.880000e-06	6.598794e-07	9.748650e-10	5.445284e+00	6.268936e+01
4.890000e-06	6.624075e-07	9.786524e-10	5.466146e+00	6.300412e+01
4.900000e-06	6.649337e-07	9.796449e-10	5.486991e+00	6.333093e+01
4.910000e-06	6.674478e-07	9.826136e-10	5.507738e+00	6.366975e+01
4.920000e-06	6.699453e-07	9.882943e-10	5.528347e+00	6.402034e+01
4.930000e-06	6.724323e-07	9.948703e-10	5.548870e+00	6.438226e+01
4.940000e-06	6.749113e-07	1.002014e-09	5.569327e+00	6.475489e+01
4.950000e-06	6.773762e-07	1.011604e-09	5.589666e+00	6.513737e+01
4.960000e-06	6.798162e-07	1.022781e-09	5.609801e+00	6.552861e+01
4.970000e-06	6.822374e-07	1.031234e-09	5.629781e+00	6.592732e+01
4.980000e-06	6.846466e-07	1.033797e-09	5.649661e+00	6.633202e+01
4.990000e-06	6.870364e-07	1.035402e-09	5.669381e+00	6.674104e+01
5.000000e-06	6.894031e-07	1.038326e-09	5.688912e+00	6.715258e+01
5.010000e-06	6.917529e-07	1.042655e-09	5.708302e+00	6.756470e+01
5.020000e-06	6.940862e-07	1.049529e-09	5.727556e+00	6.797542e+01
5.030000e-06	6.964009e-07	1.058821e-09	5.746657e+00	6.838270e+01
5.040000e-06	6.987107e-07	1.070057e-09	5.765718e+00	6.878454e+01
5.050000e-06	7.010104e-07	1.079144e-09	5.784695e+00	6.917897e+01
5.060000e-06	7.032880e-07	1.084168e-09	5.803489e+00	6.956417e+01
5.070000e-06	7.055424e-07	1.088033e-09	5.822092e+00	6.993841e+01
5.080000e-06	7.077814e-07	1.093194e-09	5.840568e+00	7.030020e+01
5.090000e-06	7.100054e-07	1.096967e-09	5.858920e+00	7.064821e+01
5.100000e-06	7.122136e-07	1.099926e-09	5.877143e+00	7.098138e+01
5.110000e-06	7.144068e-07	1.104872e-09	5.895241e+00	7.129888e+01
5.120000e-06	7.165688e-07	1.111281e-09	5.913081e+00	7.160014e+01
5.130000e-06	7.187115e-07	1.115804e-09	5.930763e+00	7.188486e+01
5.140000e-06	7.208503e-07	1.116312e-09	5.948412e+00	7.215295e+01
5.150000e-06	7.229823e-07	1.117201e-09	5.966005e+00	7.240456e+01
5.160000e-06	7.251085e-07	1.119418e-09	5.983550e+00	7.264005e+01
5.170000e-06	7.272255e-07	1.122168e-09	6.001020e+00	7.285992e+01
5.180000e-06	7.293206e-07	1.125721e-09	6.018308e+00	7.306484e+01
5.190000e-06	7.314025e-07	1.128838e-09	6.035488e+00	7.325556e+01
5.200000e-06	7.334840e-07	1.134082e-09	6.052665e+00	7.343290e+01
5.210000e-06	7.355389e-07	1.138602e-09	6.069621e+00	7.359769e+01
5.220000e-06	7.375695e-07	1.138699e-09	6.086378e+00	7.375080e+01
5.230000e-06	7.395820e-07	1.137738e-09	6.102985e+00	7.389304e+01
5.240000e-06	7.415597e-07	1.135856e-09	6.119304e+00	7.402519e+01
5.250000e-06	7.435163e-07	1.134868e-09	6.135451e+00	7.414796e+01
5.260000e-06	7.454508e-07	1.137769e-09	6.151414e+00	7.426203e+01
5.270000e-06	7.473592e-07	1.141945e-09	6.167162e+00	7.436797e+01
5.280000e-06	7.492477e-07	1.144500e-09	6.182746e+00	7.446632e+01
5.290000e-06	7.511244e-07	1.147051e-09	6.198232e+00	7.455760e+01
5.300000e-06	7.529857e-07	1.150927e-09	6.213591e+00	7.464229e+01
5.310000e-06	7.548217e-07	1.152565e-09	6.228742e+00	7.472087e+01
5.320000e-06	7.566493e-07	1.150593e-09	6.243823e+00	7.479387e+01
5.330000e-06	7.584690e-07	1.149281e-09	6.258839e+00	7.486188e+01
5.340000e-06	7.602702e-07	1.150124e-09	6.273702e+00	7.492555e+01
5.350000e-06	7.620474e-07	1.151084e-09	6.288368e+00	7.498568e+01
5.360000e-06	7.638098e-07	1.151438e-09	6.302911e+00	7.504314e+01
5.370000e-06	7.655497e-07	1.152207e-09	6.317268e+00	7.509896e+01
5.380000e-06	7.672515e-07	1.155042e-09	6.331312e+00	7.515430e+01
5.390000e-06	7.689252e-07	1.158225e-09	6.345123e+00	7.521046e+01
5.400000e-06	7.705792e-07	1.158300e-09	6.358772e+00	7.526884e+01
5.410000e-06	7.722173e-07	1.157394e-09	6.372289e+00	7.533093e+01
5.420000e-06	7.738303e-07	1.158403e-09	6.385599e+00	7.539828e+01
5.430000e-06	7.754114e-07	1.160102e-09	6.398647e+00	7.547249e+01
5.440000e-06	7.769681e-07	1.159845e-09	6.411493e+00	7.555512e+01
5.450000e-06	7.785049e-07	1.156529e-09	6.424174e+00	7.564766e+01
5.460000e-06	7.800235e-07	1.155237e-09	6.436706e+00	7.575151e+01
5.470000e-06	7.815284e-07	1.157628e-09	6.449124e+00	7.586792e+01
5.480000e-06	7.830113e-07	1.159289e-09	6.461361e+00	7.599792e+01
5.490000e-06	7.844686e-07	1.160365e-09	6.473386e+00	7.614233e+01
5.500000e-06	7.859030e-07	1.164509e-09	6.485223e+00	7.630168e+01
5.510000e-06	7.873214e-07	1.171413e-09	6.496927e+00	7.647624e+01
5.520000e-06	7.887198e-07	1.176739e-09	6.508467e+00	7.666596e+01
5.530000e-06	7.900880e-07	1.179087e-09	6.519757e+00	7.687050e+01
5.540000e-06	7.914340e-07	1.179839e-09	6.530864e+00	7.708923e+01
5.550000e-06	7.927674e-07	1.182226e-09	6.541868e+00	7.732127e+01
5.560000e-06	7.940954e-07	1.187121e-09	6.552826e+00	7.756548e+01
5.570000e-06	7.954113e-07	1.192096e-09	6.563685e+00	7.782052e+01
5.580000e-06	7.966956e-07	1.196581e-09	6.574283e+00	7.808493e+01
5.590000e-06	7.979553e-07	1.200750e-09	6.584678e+00	7.835711e+01
5.600000e-06	7.991926e-07	1.205740e-09	6.594888e+00	7.863545e+01
5.610000e-06	8.003929e-07	1.212043e-09	6.604792e+00	7.891833e+01
5.620000e-06	8.015705e-07	1.217512e-09	6.614510e+00	7.920417e+01
5.630000e-06	8.027260e-07	1.221530e-09	6.624045e+00	7.949152e+01
5.640000e-06	8.038358e-07	1.226251e-09	6.633203e+00	7.977906e+01
5.650000e-06	8.049025e-07	1.232053e-09	6.642006e+00	8.006562e+01
5.660000e-06	8.059312e-07	1.238292e-09	6.650494e+00	8.035026e+01
5.670000e-06	8.069257e-07	1.244203e-09	6.658701e+00	8.063219e+01
5.680000e-06	8.079011e-07	1.249420e-09	6.666750e+00	8.091084e+01
5.690000e-06	8.088654e-07	1.254851e-09	6.674707e+00	8.118580e+01
5.700000e-06	8.098123e-07	1.260964e-09	6.682521e+00	8.145681e+01
5.710000e-06	8.107474e-07	1.266369e-09	6.690237e+00	8.172373e+01
5.720000e-06	8.116766e-07	1.269794e-09	6.697905e+00	8.198649e+01
5.730000e-06	8.125925e-07	1.271916e-09	6.705463e+00	8.224504e+01
5.740000e-06	8.134939e-07	1.274759e-09	6.712902e+00	8.249933e+01
5.750000e-06	8.143781e-07	1.278882e-09	6.720197e+00	8.274922e+01
5.760000e-06	8.152350e-07	1.282322e-09	6.727269e+00	8.299447e+01
5.770000e-06	8.160730e-07	1.284882e-09	6.734184e+00	8.323469e+01
5.780000e-06	8.168941e-07	1.288667e-09	6.740960e+00	8.346933e+01
5.790000e-06	8.176875e-07	1.292758e-09	6.747506e+00	8.369762e+01
5.800000e-06	8.184689e-07	1.294215e-09	6.753955e+00	8.391863e+01
5.810000e-06	8.192258e-07	1.295083e-09	6.760200e+00	8.413122e+01
5.820000e-06	8.199540e-07	1.301715e-09	6.766210e+00	8.433407e+01
5.830000e-06	8.206659e-07	1.308900e-09	6.772084e+00	8.452576e+01
5.840000e-06	8.213580e-07	1.309384e-09	6.777796e+00	8.470475e+01
5.850000e-06	8.220346e-07	1.304193e-09	6.783379e+00	8.486947e+01
5.860000e-06	8.226869e-07	1.298345e-09	6.788762e+00	8.501839e+01
5.870000e-06	8.233265e-07	1.300004e-09	6.794040e+00	8.515005e+01
5.880000e-06	8.239532e-07	1.304590e-09	6.799211e+00	8.526317e+01
5.890000e-06	8.245474e-07	1.306005e-09	6.804114e+00	8.535667e+01
5.900000e-06	8.251142e-07	1.305413e-09	6.808791e+00	8.542979e+01
5.910000e-06	8.256643e-07	1.306087e-09	6.813331e+00	8.548209e+01
5.920000e-06	8.262052e-07	1.310985e-09	6.817794e+00	8.551352e+01
5.930000e-06	8.267344e-07	1.311869e-09	6.822161e+00	8.552445e+01
5.940000e-06	8.272503e-07	1.306191e-09	6.826418e+00	8.551569e+01
5.950000e-06	8.277501e-07	1.303528e-09	6.830543e+00	8.548849e+01
5.960000e-06	8.282334e-07	1.309039e-09	6.834530e+00	8.544451e+01
5.970000e-06	8.286990e-07	1.316185e-09	6.838373e+00	8.538582e+01
5.980000e-06	8.291414e-07	1.313045e-09	6.842024e+00	8.531485e+01
5.990000e-06	8.295669e-07	1.302977e-09	6.845535e+00	8.523432e+01
6.000000e-06	8.299783e-07	1.299177e-09	6.848929e+00	8.514719e+01
6.010000e-06	8.303698e-07	1.302216e-09	6.852160e+00	8.505656e+01
6.020000e-06	8.307175e-07	1.305837e-09	6.855029e+00	8.496565e+01
6.030000e-06	8.310118e-07	1.301948e-09	6.857458e+00	8.487763e+01
6.040000e-06	8.312609e-07	1.292605e-09	6.859514e+00	8.479560e+01
6.050000e-06	8.314744e-07	1.287954e-09	6.861275e+00	8.472252e+01
6.060000e-06	8.316677e-07	1.285104e-09	6.862871e+00	8.466108e+01
6.070000e-06	8.318375e-07	1.288441e-09	6.864271e+00	8.461368e+01
6.080000e-06	8.319836e-07	1.298822e-09	6.865477e+00	8.458240e+01
6.090000e-06	8.321184e-07	1.302123e-09	6.866590e+00	8.456889e+01
6.100000e-06	8.322481e-07	1.302652e-09	6.867659e+00	8.457441e+01
6.110000e-06	8.323750e-07	1.304646e-09	6.868707e+00	8.459977e+01
6.120000e-06	8.324927e-07	1.301975e-09	6.869678e+00	8.464537e+01
6.130000e-06	8.325860e-07	1.290073e-09	6.870448e+00	8.471116e+01
6.140000e-06	8.326474e-07	1.287845e-09	6.870955e+00	8.479673e+01
6.150000e-06	8.326830e-07	1.312077e-09	6.871249e+00	8.490126e+01
6.160000e-06	8.327036e-07	1.330710e-09	6.871419e+00	8.502364e+01
6.170000e-06	8.327074e-07	1.327224e-09	6.871450e+00	8.516246e+01
6.180000e-06	8.326890e-07	1.324917e-09	6.871298e+00	8.531608e+01
6.190000e-06	8.326447e-07	1.328802e-09	6.870932e+00	8.548265e+01
6.200000e-06	8.325772e-07	1.323366e-09	6.870375e+00	8.566021e+01
6.210000e-06	8.324953e-07	1.314742e-09	6.869699e+00	8.584669e+01
6.220000e-06	8.323968e-07	1.324464e-09	6.868886e+00	8.603997e+01
6.230000e-06	8.322711e-07	1.354064e-09	6.867850e+00	8.623794e+01
6.240000e-06	8.321128e-07	1.369960e-09	6.866543e+00	8.643847e+01
6.250000e-06	8.319336e-07	1.359358e-09	6.865064e+00	8.663950e+01
6.260000e-06	8.317415e-07	1.346817e-09	6.863479e+00	8.683905e+01
6.270000e-06	8.315280e-07	1.345641e-09	6.861717e+00	8.703521e+01
6.280000e-06	8.313026e-07	1.349928e-09	6.859858e+00	8.722619e+01
6.290000e-06	8.310720e-07	1.350290e-09	6.857954e+00	8.741029e+01
6.300000e-06	8.308263e-07	1.370290e-09	6.855927e+00	8.758595e+01
6.310000e-06	8.305590e-07	1.394912e-09	6.853721e+00	8.775174e+01
6.320000e-06	8.302739e-07	1.393017e-09	6.851369e+00	8.790634e+01
6.330000e-06	8.299871e-07	1.391042e-09	6.849002e+00	8.804860e+01
6.340000e-06	8.296929e-07	1.383722e-09	6.846575e+00	8.817747e+01
6.350000e-06	8.293841e-07	1.368366e-09	6.844026e+00	8.829207e+01
6.360000e-06	8.290575e-07	1.357504e-09	6.841331e+00	8.839167e+01
6.370000e-06	8.287038e-07	1.367753e-09	6.838412e+00	8.847569e+01
6.380000e-06	8.283096e-07	1.390701e-09	6.835159e+00	8.854371e+01
6.390000e-06	8.278701e-07	1.389457e-09	6.831533e+00	8.859546e+01
6.400000e-06	8.273996e-07	1.380299e-09	6.827650e+00	8.863084e+01
6.410000e-06	8.269084e-07	1.380884e-09	6.823597e+00	8.864989e+01
6.420000e-06	8.263900e-07	1.389455e-09	6.819319e+00	8.865284e+01
6.430000e-06	8.258319e-07	1.383041e-09	6.814714e+00	8.864002e+01
6.440000e-06	8.252372e-07	1.369143e-09	6.809806e+00	8.861191e+01
6.450000e-06	8.246166e-07	1.374090e-09	6.804685e+00	8.856912e+01
6.460000e-06	8.239771e-07	1.382494e-09	6.799408e+00	8.851233e+01
6.470000e-06	8.233169e-07	1.385780e-09	6.793960e+00	8.844230e+01
6.480000e-06	8.226387e-07	1.373479e-09	6.788364e+00	8.835983e+01
6.490000e-06	8.219523e-07	1.362026e-09	6.782700e+00	8.826575e+01
6.500000e-06	8.212590e-07	1.362279e-09	6.776978e+00	8.816088e+01
6.510000e-06	8.205457e-07	1.362739e-09	6.771092e+00	8.804600e+01
6.520000e-06	8.198131e-07	1.362373e-09	6.765047e+00	8.792183e+01
6.530000e-06	8.190587e-07	1.355983e-09	6.758822e+00	8.778903e+01
6.540000e-06	8.182823e-07	1.356667e-09	6.752414e+00	8.764816e+01
6.550000e-06	8.174853e-07	1.357398e-09	6.745838e+00	8.749968e+01
6.560000e-06	8.166690e-07	1.352184e-09	6.739102e+00	8.734398e+01
6.570000e-06	8.158358e-07	1.346669e-09	6.732227e+00	8.718134e+01
6.580000e-06	8.149774e-07	1.342383e-09	6.725143e+00	8.701197e+01
6.590000e-06	8.141010e-07	1.345312e-09	6.717911e+00	8.683604e+01
6.600000e-06	8.132092e-07	1.344265e-09	6.710552e+00	8.665369e+01
6.610000e-06	8.122957e-07	1.342377e-09	6.703014e+00	8.646507e+01
6.620000e-06	8.113637e-07	1.340718e-09	6.695323e+00	8.627037e+01
6.630000e-06	8.104060e-07	1.342297e-09	6.687420e+00	8.606988e+01
6.640000e-06	8.094140e-07	1.345677e-09	6.679234e+00	8.586399e+01
6.650000e-06	8.084018e-07	1.337390e-09	6.670882e+00	8.565324e+01
6.660000e-06	8.073730e-07	1.323224e-09	6.662392e+00	8.543833e+01
6.670000e-06	8.063192e-07	1.312370e-09	6.653696e+00	8.522018e+01
6.680000e-06	8.052391e-07	1.314626e-09	6.644784e+00	8.499987e+01
6.690000e-06	8.041431e-07	1.319443e-09	6.635739e+00	8.477871e+01
6.700000e-06	8.030274e-07	1.320348e-09	6.626532e+00	8.455817e+01
6.710000e-06	8.018778e-07	1.318808e-09	6.617046e+00	8.433989e+01
6.720000e-06	8.006990e-07	1.315727e-09	6.607319e+00	8.412563e+01
6.730000e-06	7.994853e-07	1.314675e-09	6.597303e+00	8.391724e+01
6.740000e-06	7.982428e-07	1.305581e-09	6.587050e+00	8.371656e+01
6.750000e-06	7.969693e-07	1.294857e-09	6.576541e+00	8.352544e+01
6.760000e-06	7.956513e-07	1.290715e-09	6.565665e+00	8.334561e+01
6.770000e-06	7.943033e-07	1.294207e-09	6.554542e+00	8.317863e+01
6.780000e-06	7.929359e-07	1.296889e-09	6.543258e+00	8.302585e+01
6.790000e-06	7.915398e-07	1.292485e-09	6.531737e+00	8.288834e+01
6.800000e-06	7.901114e-07	1.290786e-09	6.519951e+00	8.276684e+01
6.810000e-06	7.886684e-07	1.290433e-09	6.508043e+00	8.266173e+01
6.820000e-06	7.872201e-07	1.289436e-09	6.496092e+00	8.257301e+01
6.830000e-06	7.857550e-07	1.283862e-09	6.484001e+00	8.250025e+01
6.840000e-06	7.842702e-07	1.278927e-09	6.471749e+00	8.244265e+01
6.850000e-06	7.827761e-07	1.279737e-09	6.459420e+00	8.239904e+01
6.860000e-06	7.812698e-07	1.280938e-09	6.446990e+00	8.236788e+01
6.870000e-06	7.797506e-07	1.281055e-09	6.434453e+00	8.234735e+01
6.880000e-06	7.782125e-07	1.277975e-09	6.421761e+00	8.233539e+01
6.890000e-06	7.766503e-07	1.279256e-09	6.408870e+00	8.232976e+01
6.900000e-06	7.750657e-07	1.283735e-09	6.395794e+00	8.232812e+01
6.910000e-06	7.734588e-07	1.287111e-09	6.382534e+00	8.232809e+01
6.920000e-06	7.718202e-07	1.290056e-09	6.369012e+00	8.232734e+01
6.930000e-06	7.701582e-07	1.293850e-09	6.355298e+00	8.232363e+01
6.940000e-06	7.684973e-07	1.297987e-09	6.341592e+00	8.231490e+01
6.950000e-06	7.668328e-07	1.294806e-09	6.327857e+00	8.229931e+01
6.960000e-06	7.651485e-07	1.287957e-09	6.313958e+00	8.227526e+01
6.970000e-06	7.634383e-07	1.282715e-09	6.299845e+00	8.224141e+01
6.980000e-06	7.617159e-07	1.281832e-09	6.285632e+00	8.219674e+01
6.990000e-06	7.599688e-07	1.284895e-09	6.271215e+00	8.214048e+01
7.000000e-06	7.581903e-07	1.286960e-09	6.256539e+00	8.207212e+01
7.010000e-06	7.563946e-07	1.288031e-09	6.241721e+00	8.199140e+01
7.020000e-06	7.545781e-07	1.288281e-09	6.226732e+00	8.189823e+01
7.030000e-06	7.527437e-07	1.288191e-09	6.211595e+00	8.179266e+01
7.040000e-06	7.508919e-07	1.282356e-09	6.196313e+00	8.167485e+01
7.050000e-06	7.490266e-07	1.270669e-09	6.180921e+00	8.154499e+01
7.060000e-06	7.471582e-07	1.263674e-09	6.165503e+00	8.140326e+01
7.070000e-06	7.452861e-07	1.265486e-09	6.150055e+00	8.124979e+01
7.080000e-06	7.434050e-07	1.269724e-09	6.134532e+00	8.108464e+01
7.090000e-06	7.415106e-07	1.267188e-09	6.118900e+00	8.090776e+01
7.100000e-06	7.395888e-07	1.262689e-09	6.103041e+00	8.071897e+01
7.110000e-06	7.376375e-07	1.259601e-09	6.086939e+00	8.051799e+01
7.120000e-06	7.356759e-07	1.253953e-09	6.070752e+00	8.030443e+01
7.130000e-06	7.337089e-07	1.245563e-09	6.054521e+00	8.007783e+01
7.140000e-06	7.317200e-07	1.234775e-09	6.038108e+00	7.983770e+01
7.150000e-06	7.296920e-07	1.229154e-09	6.021373e+00	7.958357e+01
7.160000e-06	7.276181e-07	1.229417e-09	6.004259e+00	7.931499e+01
7.170000e-06	7.255037e-07	1.228347e-09	5.986811e+00	7.903169e+01
7.180000e-06	7.233577e-07	1.224368e-09	5.969103e+00	7.873351e+01
7.190000e-06	7.211749e-07	1.219670e-09	5.951090e+00	7.842055e+01
7.200000e-06	7.189583e-07	1.214719e-09	5.932799e+00	7.809316e+01
7.210000e-06	7.167291e-07	1.210844e-09	5.914404e+00	7.775198e+01
7.220000e-06	7.144915e-07	1.208338e-09	5.895939e+00	7.739795e+01
7.230000e-06	7.122445e-07	1.202176e-09	5.877397e+00	7.703236e+01
7.240000e-06	7.099921e-07	1.195996e-09	5.858811e+00	7.665676e+01
7.250000e-06	7.077279e-07	1.192749e-09	5.840127e+00	7.627301e+01
7.260000e-06	7.054514e-07	1.188132e-09	5.821341e+00	7.588321e+01
7.270000e-06	7.031568e-07	1.179555e-09	5.802406e+00	7.548964e+01
7.280000e-06	7.008416e-07	1.169468e-09	5.783302e+00	7.509468e+01
7.290000e-06	6.985103e-07	1.163342e-09	5.764064e+00	7.470079e+01
7.300000e-06	6.961678e-07	1.162254e-09	5.744734e+00	7.431038e+01
7.310000e-06	6.938212e-07	1.160438e-09	5.725369e+00	7.392578e+01
7.320000e-06	6.914654e-07	1.152589e-09	5.705930e+00	7.354912e+01
7.330000e-06	6.890789e-07	1.143187e-09	5.686237e+00	7.318230e+01
7.340000e-06	6.866550e-07	1.138090e-09	5.666235e+00	7.282689e+01
7.350000e-06	6.842166e-07	1.134828e-09	5.646113e+00	7.248414e+01
7.360000e-06	6.817688e-07	1.130284e-09	5.625914e+00	7.215491e+01
7.370000e-06	6.793069e-07	1.122677e-09	5.605599e+00	7.183968e+01
7.380000e-06	6.768340e-07	1.115558e-09	5.585192e+00	7.153851e+01
7.390000e-06	6.743462e-07	1.111562e-09	5.564663e+00	7.125114e+01
7.400000e-06	6.718400e-07	1.107453e-09	5.543982e+00	7.097694e+01
7.410000e-06	6.693150e-07	1.101913e-09	5.523146e+00	7.071501e+01
7.420000e-06	6.667638e-07	1.095764e-09	5.502094e+00	7.046423e+01
7.430000e-06	6.641860e-07	1.091770e-09	5.480822e+00	7.022333e+01
7.440000e-06	6.615949e-07	1.086332e-09	5.459440e+00	6.999097e+01
7.450000e-06	6.589875e-07	1.080053e-09	5.437924e+00	6.976578e+01
7.460000e-06	6.563615e-07	1.077941e-09	5.416254e+00	6.954646e+01
7.470000e-06	6.537255e-07	1.076965e-09	5.394502e+00	6.933186e+01
7.480000e-06	6.510752e-07	1.074207e-09	5.372632e+00	6.912097e+01
7.490000e-06	6.484170e-07	1.070575e-09	5.350697e+00	6.891302e+01
7.500000e-06	6.457549e-07	1.068797e-09	5.328729e+00	6.870749e+01
7.510000e-06	6.430818e-07	1.066935e-09	5.306672e+00	6.850410e+01
7.520000e-06	6.403975e-07	1.063778e-09	5.284521e+00	6.830282e+01
7.530000e-06	6.377003e-07	1.062038e-09	5.262263e+00	6.810385e+01
7.540000e-06	6.349888e-07	1.060411e-09	5.239888e+00	6.790756e+01
7.550000e-06	6.322664e-07	1.057723e-09	5.217423e+00	6.771448e+01
7.560000e-06	6.295289e-07	1.051792e-09	5.194833e+00	6.752521e+01
7.570000e-06	6.267683e-07	1.045814e-09	5.172053e+00	6.734037e+01
7.580000e-06	6.239926e-07	1.043155e-09	5.149148e+00	6.716053e+01
7.590000e-06	6.211990e-07	1.040757e-09	5.126096e+00	6.698616e+01
7.600000e-06	6.183740e-07	1.037711e-09	5.102784e+00	6.681755e+01
7.610000e-06	6.155173e-07	1.037586e-09	5.079210e+00	6.665475e+01
7.620000e-06	6.126478e-07	1.043226e-09	5.055532e+00	6.649758e+01
7.630000e-06	6.097597e-07	1.048588e-09	5.031700e+00	6.634553e+01
7.640000e-06	6.068389e-07	1.047190e-09	5.007597e+00	6.619780e+01
7.650000e-06	6.038986e-07	1.040681e-09	4.983334e+00	6.605329e+01
7.660000e-06	6.009308e-07	1.035717e-09	4.958844e+00	6.591059e+01
7.670000e-06	5.979290e-07	1.032808e-09	4.934073e+00	6.576806e+01
7.680000e-06	5.949027e-07	1.030404e-09	4.909100e+00	6.562383e+01
7.690000e-06	5.918633e-07	1.028255e-09	4.884020e+00	6.547586e+01
7.700000e-06	5.888117e-07	1.027913e-09	4.858838e+00	6.532206e+01
7.710000e-06	5.857551e-07	1.031065e-09	4.833615e+00	6.516026e+01
7.720000e-06	5.826996e-07	1.035134e-09	4.808401e+00	6.498837e+01
7.730000e-06	5.796273e-07	1.035648e-09	4.783049e+00	6.480441e+01
7.740000e-06	5.765374e-07	1.031964e-09	4.757551e+00	6.460654e+01
7.750000e-06	5.734402e-07	1.025512e-09	4.731993e+00	6.439320e+01
7.760000e-06	5.703388e-07	1.018850e-09	4.706400e+00	6.416309e+01
7.770000e-06	5.672282e-07	1.013450e-09	4.680732e+00	6.391520e+01
7.780000e-06	5.640964e-07	1.008110e-09	4.654889e+00	6.364889e+01
7.790000e-06	5.609466e-07	1.005042e-09	4.628896e+00	6.336386e+01
7.800000e-06	5.577920e-07	1.005641e-09	4.602865e+00	6.306012e+01
7.810000e-06	5.546255e-07	1.005471e-09	4.576735e+00	6.273805e+01
7.820000e-06	5.514405e-07	1.001446e-09	4.550453e+00	6.239830e+01
7.830000e-06	5.482503e-07	9.945578e-10	4.524127e+00	6.204179e+01
7.840000e-06	5.450567e-07	9.853950e-10	4.497774e+00	6.166965e+01
7.850000e-06	5.418468e-07	9.766823e-10	4.471287e+00	6.128321e+01
7.860000e-06	5.386089e-07	9.663153e-10	4.444568e+00	6.088389e+01
7.870000e-06	5.353459e-07	9.555699e-10	4.417641e+00	6.047322e+01
7.880000e-06	5.320788e-07	9.485140e-10	4.390681e+00	6.005275e+01
7.890000e-06	5.288047e-07	9.435434e-10	4.363664e+00	5.962402e+01
7.900000e-06	5.255094e-07	9.376426e-10	4.336471e+00	5.918855e+01
7.910000e-06	5.222004e-07	9.311257e-10	4.309165e+00	5.874776e+01
7.920000e-06	5.188806e-07	9.256579e-10	4.281771e+00	5.830303e+01
7.930000e-06	5.155488e-07	9.194970e-10	4.254277e+00	5.785562e+01
7.940000e-06	5.122012e-07	9.135677e-10	4.226652e+00	5.740673e+01
7.950000e-06	5.088453e-07	9.073862e-10	4.198960e+00	5.695744e+01
7.960000e-06	5.054853e-07	8.989720e-10	4.171233e+00	5.650877e+01
7.970000e-06	5.021133e-07	8.912165e-10	4.143408e+00	5.606169e+01
7.980000e-06	4.987169e-07	8.854251e-10	4.115381e+00	5.561710e+01
7.990000e-06	4.953002e-07	8.803494e-10	4.087186e+00	5.517590e+01
8.000000e-06	4.918766e-07	8.745908e-10	4.058935e+00	5.473895e+01
8.010000e-06	4.884439e-07	8.670330e-10	4.030609e+00	5.430711e+01
8.020000e-06	4.849938e-07	8.607142e-10	4.002138e+00	5.388128e+01
8.030000e-06	4.815322e-07	8.559613e-10	3.973574e+00	5.346232e+01
8.040000e-06	4.780706e-07	8.487997e-10	3.945009e+00	5.305114e+01
8.050000e-06	4.746048e-07	8.403857e-10	3.916410e+00	5.264861e+01
8.060000e-06	4.711314e-07	8.335716e-10	3.887747e+00	5.225560e+01
8.070000e-06	4.676521e-07	8.276494e-10	3.859036e+00	5.187295e+01
8.080000e-06	4.641686e-07	8.206994e-10	3.830291e+00	5.150142e+01
8.090000e-06	4.606729e-07	8.150587e-10	3.801444e+00	5.114171e+01
8.100000e-06	4.571715e-07	8.115987e-10	3.772551e+00	5.079438e+01
8.110000e-06	4.536690e-07	8.087469e-10	3.743648e+00	5.045988e+01
8.120000e-06	4.501503e-07	8.053363e-10	3.714613e+00	5.013849e+01
8.130000e-06	4.466072e-07	7.993298e-10	3.685375e+00	4.983029e+01
8.140000e-06	4.430363e-07	7.934166e-10	3.655908e+00	4.953520e+01
8.150000e-06	4.394478e-07	7.879837e-10	3.626296e+00	4.925292e+01
8.160000e-06	4.358652e-07	7.803911e-10	3.596733e+00	4.898293e+01
8.170000e-06	4.322783e-07	7.724775e-10	3.567133e+00	4.872452e+01
8.180000e-06	4.286659e-07	7.660051e-10	3.537324e+00	4.847678e+01
8.190000e-06	4.250261e-07	7.624260e-10	3.507289e+00	4.823862e+01
8.200000e-06	4.213579e-07	7.607715e-10	3.477020e+00	4.800880e+01
8.210000e-06	4.176699e-07	7.607024e-10	3.446586e+00	4.778595e+01
8.220000e-06	4.139564e-07	7.619825e-10	3.415942e+00	4.756859e+01
8.230000e-06	4.102190e-07	7.607109e-10	3.385102e+00	4.735517e+01
8.240000e-06	4.064856e-07	7.542694e-10	3.354294e+00	4.714411e+01
8.250000e-06	4.027464e-07	7.446557e-10	3.323438e+00	4.693380e+01
8.260000e-06	3.989828e-07	7.365342e-10	3.292381e+00	4.672266e+01
8.270000e-06	3.952080e-07	7.337657e-10	3.261232e+00	4.650916e+01
8.280000e-06	3.914269e-07	7.336204e-10	3.230031e+00	4.629179e+01
8.290000e-06	3.876195e-07	7.294140e-10	3.198612e+00	4.606917e+01
8.300000e-06	3.837951e-07	7.258327e-10	3.167053e+00	4.583998e+01
8.310000e-06	3.799602e-07	7.274924e-10	3.135408e+00	4.560298e+01
8.320000e-06	3.761131e-07	7.264972e-10	3.103662e+00	4.535706e+01
8.330000e-06	3.722640e-07	7.190920e-10	3.071899e+00	4.510117e+01
8.340000e-06	3.684048e-07	7.108048e-10	3.040054e+00	4.483438e+01
8.350000e-06	3.645410e-07	7.058274e-10	3.008169e+00	4.455583e+01
8.360000e-06	3.606779e-07	7.010688e-10	2.976292e+00	4.426473e+01
8.370000e-06	3.568074e-07	6.944351e-10	2.944353e+00	4.396038e+01
8.380000e-06	3.529303e-07	6.897520e-10	2.912359e+00	4.364215e+01
8.390000e-06	3.490514e-07	6.870051e-10	2.880351e+00	4.330945e+01
8.400000e-06	3.451692e-07	6.849236e-10	2.848315e+00	4.296180e+01
8.410000e-06	3.412813e-07	6.812081e-10	2.816233e+00	4.259874e+01
8.420000e-06	3.373922e-07	6.737971e-10	2.784140e+00	4.221993e+01
8.430000e-06	3.335003e-07	6.646321e-10	2.752024e+00	4.182509e+01
8.440000e-06	3.296026e-07	6.586248e-10	2.719860e+00	4.141405e+01
8.450000e-06	3.257002e-07	6.533160e-10	2.687658e+00	4.098673e+01
8.460000e-06	3.217929e-07	6.426150e-10	2.655415e+00	4.054322e+01
8.470000e-06	3.178801e-07	6.311704e-10	2.623126e+00	4.008370e+01
8.480000e-06	3.139554e-07	6.244994e-10	2.590741e+00	3.960856e+01
8.490000e-06	3.100287e-07	6.207927e-10	2.558337e+00	3.911830e+01
8.500000e-06	3.060961e-07	6.154917e-10	2.525886e+00	3.861365e+01
8.510000e-06	3.021386e-07	6.082754e-10	2.493229e+00	3.809548e+01
8.520000e-06	2.981821e-07	6.018044e-10	2.460580e+00	3.756486e+01
8.530000e-06	2.942210e-07	5.976658e-10	2.427894e+00	3.702303e+01
8.540000e-06	2.902460e-07	5.928500e-10	2.395092e+00	3.647139e+01
8.550000e-06	2.862634e-07	5.821293e-10	2.362228e+00	3.591151e+01
8.560000e-06	2.822770e-07	5.679311e-10	2.329333e+00	3.534507e+01
8.570000e-06	2.782844e-07	5.568630e-10	2.296386e+00	3.477387e+01
8.580000e-06	2.742748e-07	5.490690e-10	2.263299e+00	3.419979e+01
8.590000e-06	2.702653e-07	5.385543e-10	2.230212e+00	3.362473e+01
8.600000e-06	2.662440e-07	5.262743e-10	2.197029e+00	3.305065e+01
8.610000e-06	2.622213e-07	5.179214e-10	2.163834e+00	3.247948e+01
8.620000e-06	2.582001e-07	5.124301e-10	2.130651e+00	3.191309e+01
8.630000e-06	2.541629e-07	5.046397e-10	2.097336e+00	3.135329e+01
8.640000e-06	2.501150e-07	4.921947e-10	2.063933e+00	3.080179e+01
8.650000e-06	2.460621e-07	4.808206e-10	2.030489e+00	3.026018e+01
8.660000e-06	2.420057e-07	4.730357e-10	1.997016e+00	2.972990e+01
8.670000e-06	2.379420e-07	4.652820e-10	1.963483e+00	2.921222e+01
8.680000e-06	2.338796e-07	4.552946e-10	1.929960e+00	2.870826e+01
8.690000e-06	2.298150e-07	4.471939e-10	1.896419e+00	2.821896e+01
8.700000e-06	2.257365e-07	4.437256e-10	1.862764e+00	2.774505e+01
8.710000e-06	2.216472e-07	4.402309e-10	1.829019e+00	2.728711e+01
8.720000e-06	2.175598e-07	4.349930e-10	1.795290e+00	2.684553e+01
8.730000e-06	2.134728e-07	4.291408e-10	1.761565e+00	2.642050e+01
8.740000e-06	2.093730e-07	4.236556e-10	1.727733e+00	2.601207e+01
8.750000e-06	2.052656e-07	4.187014e-10	1.693839e+00	2.562010e+01
8.760000e-06	2.011578e-07	4.118335e-10	1.659942e+00	2.524430e+01
8.770000e-06	1.970472e-07	4.012175e-10	1.626021e+00	2.488421e+01
8.780000e-06	1.929323e-07	3.912723e-10	1.592065e+00	2.453923e+01
8.790000e-06	1.888168e-07	3.850292e-10	1.558105e+00	2.420862e+01
8.800000e-06	1.846968e-07	3.792775e-10	1.524107e+00	2.389149e+01
8.810000e-06	1.805599e-07	3.716130e-10	1.489969e+00	2.358682e+01
8.820000e-06	1.764188e-07	3.662777e-10	1.455797e+00	2.329347e+01
8.830000e-06	1.722843e-07	3.657519e-10	1.421680e+00	2.301016e+01
8.840000e-06	1.681498e-07	3.637344e-10	1.387562e+00	2.273550e+01
8.850000e-06	1.640074e-07	3.578590e-10	1.353379e+00	2.246801e+01
8.860000e-06	1.598494e-07	3.519581e-10	1.319067e+00	2.220610e+01
8.870000e-06	1.556899e-07	3.466728e-10	1.284744e+00	2.194813e+01
8.880000e-06	1.515235e-07	3.426849e-10	1.250362e+00	2.169235e+01
8.890000e-06	1.473430e-07	3.407050e-10	1.215865e+00	2.143703e+01
8.900000e-06	1.431703e-07	3.397284e-10	1.181432e+00	2.118038e+01
8.910000e-06	1.390020e-07	3.381008e-10	1.147036e+00	2.092063e+01
8.920000e-06	1.348164e-07	3.331366e-10	1.112497e+00	2.065604e+01
8.930000e-06	1.306177e-07	3.272462e-10	1.077849e+00	2.038495e+01
8.940000e-06	1.264241e-07	3.241893e-10	1.043244e+00	2.010575e+01
8.950000e-06	1.222404e-07	3.195900e-10	1.008720e+00	1.981697e+01
8.960000e-06	1.180624e-07	3.097450e-10	9.742438e-01	1.951727e+01
8.970000e-06	1.138797e-07	2.971873e-10	9.397281e-01	1.920545e+01
8.980000e-06	1.096888e-07	2.865753e-10	9.051448e-01	1.888050e+01
8.990000e-06	1.054994e-07	2.816311e-10	8.705742e-01	1.854159e+01
9.000000e-06	1.013108e-07	2.796266e-10	8.360106e-01	1.818806e+01
9.010000e-06	9.711815e-08	2.766420e-10	8.014129e-01	1.781947e+01
9.020000e-06	9.291110e-08	2.723406e-10	7.666967e-01	1.743553e+01
9.030000e-06	8.869122e-08	2.684489e-10	7.318745e-01	1.703617e+01
9.040000e-06	8.447826e-08	2.631412e-10	6.971093e-01	1.662145e+01
9.050000e-06	8.027345e-08	2.531500e-10	6.624115e-01	1.619160e+01
9.060000e-06	7.605919e-08	2.408372e-10	6.276357e-01	1.574694e+01
9.070000e-06	7.184062e-08	2.305791e-10	5.928244e-01	1.528795e+01
9.080000e-06	6.762119e-08	2.233133e-10	5.580058e-01	1.481514e+01
9.090000e-06	6.340423e-08	2.163487e-10	5.232078e-01	1.432912e+01
9.100000e-06	5.918996e-08	2.099543e-10	4.884319e-01	1.383053e+01
9.110000e-06	5.496570e-08	2.048250e-10	4.535735e-01	1.332003e+01
9.120000e-06	5.073347e-08	1.982207e-10	4.186494e-01	1.279831e+01
9.130000e-06	4.650245e-08	1.900842e-10	3.837354e-01	1.226607e+01
9.140000e-06	4.228158e-08	1.823522e-10	3.489050e-01	1.172400e+01
9.150000e-06	3.805227e-08	1.745267e-10	3.140050e-01	1.117283e+01
9.160000e-06	3.381967e-08	1.635199e-10	2.790778e-01	1.061328e+01
9.170000e-06	2.960000e-08	1.496501e-10	2.442574e-01	1.004610e+01
9.180000e-06	2.537898e-08	1.370112e-10	2.094258e-01	9.472089e+00
9.190000e-06	2.115198e-08	1.271037e-10	1.745448e-01	8.892086e+00
9.200000e-06	1.692465e-08	1.187615e-10	1.396612e-01	8.307007e+00
9.210000e-06	1.269398e-08	1.110363e-10	1.047499e-01	7.717846e+00
9.220000e-06	8.468919e-09	1.040822e-10	6.988500e-02	7.125691e+00
9.230000e-06	4.253864e-09	9.553394e-11	3.510263e-02	6.531727e+00
9.240000e-06	4.133085e-11	8.462450e-11	3.410596e-04	5.937241e+00
9.250000e-06	-4.178307e-09	7.328612e-11	-3.447913e-02	5.343619e+00
9.260000e-06	-8.406685e-09	6.188373e-11	-6.937144e-02	4.752336e+00
9.270000e-06	-1.263267e-08	5.172468e-11	-1.042440e-01	4.164938e+00
9.280000e-06	-1.685789e-08	4.282788e-11	-1.391103e-01	3.583024e+00
9.290000e-06	-2.108987e-08	3.422402e-11	-1.740323e-01	3.008215e+00
9.300000e-06	-2.532296e-08	2.718408e-11	-2.089635e-01	2.442123e+00
9.310000e-06	-2.955749e-08	2.139462e-11	-2.439066e-01	1.886315e+00
9.320000e-06	-3.379237e-08	1.478179e-11	-2.788525e-01	1.342278e+00
9.330000e-06	-3.802804e-08	3.949607e-12	-3.138050e-01	8.113761e-01
9.340000e-06	-4.226802e-08	-8.855063e-12	-3.487931e-01	2.948204e-01
9.350000e-06	-4.649938e-08	-1.844047e-11	-3.837100e-01	-2.063674e-01
9.360000e-06	-5.072366e-08	-2.269197e-11	-4.185685e-01	-6.913823e-01
9.370000e-06	-5.495378e-08	-2.473021e-11	-4.534752e-01	-1.159657e+00
9.380000e-06	-5.918421e-08	-3.046462e-11	-4.883845e-01	-1.610877e+00
9.390000e-06	-6.339811e-08	-3.892908e-11	-5.231572e-01	-2.044987e+00
9.400000e-06	-6.760989e-08	-4.664536e-11	-5.579126e-01	-2.462186e+00
9.410000e-06	-7.182652e-08	-5.362240e-11	-5.927080e-01	-2.862922e+00
9.420000e-06	-7.604023e-08	-6.124763e-11	-6.274793e-01	-3.247869e+00
9.430000e-06	-8.025245e-08	-6.782047e-11	-6.622383e-01	-3.617902e+00
9.440000e-06	-8.447392e-08	-7.027326e-11	-6.970736e-01	-3.974068e+00
9.450000e-06	-8.870611e-08	-7.030211e-11	-7.319973e-01	-4.317552e+00
9.460000e-06	-9.292559e-08	-7.195933e-11	-7.668162e-01	-4.649633e+00
9.470000e-06	-9.712949e-08	-7.616672e-11	-8.015065e-01	-4.971656e+00
9.480000e-06	-1.013332e-07	-8.282924e-11	-8.361952e-01	-5.284985e+00
9.490000e-06	-1.055314e-07	-9.128671e-11	-8.708389e-01	-5.590979e+00
9.500000e-06	-1.097236e-07	-9.892911e-11	-9.054322e-01	-5.890957e+00
9.510000e-06	-1.139214e-07	-1.055579e-10	-9.400726e-01	-6.186179e+00
9.520000e-06	-1.181176e-07	-1.124687e-10	-9.746989e-01	-6.477828e+00
9.530000e-06	-1.223071e-07	-1.162664e-10	-1.009271e+00	-6.767003e+00
9.540000e-06	-1.264902e-07	-1.162971e-10	-1.043789e+00	-7.054719e+00
9.550000e-06	-1.306715e-07	-1.163249e-10	-1.078293e+00	-7.341909e+00
9.560000e-06	-1.348489e-07	-1.205695e-10	-1.112765e+00	-7.629441e+00
9.570000e-06	-1.390256e-07	-1.281807e-10	-1.147231e+00	-7.918129e+00
9.580000e-06	-1.431945e-07	-1.354327e-10	-1.181632e+00	-8.208759e+00
9.590000e-06	-1.473413e-07	-1.424450e-10	-1.215851e+00	-8.502105e+00
9.600000e-06	-1.514874e-07	-1.506350e-10	-1.250064e+00	-8.798954e+00
9.610000e-06	-1.556351e-07	-1.586293e-10	-1.284292e+00	-9.100124e+00
9.620000e-06	-1.597720e-07	-1.624140e-10	-1.318429e+00	-9.406477e+00
9.630000e-06	-1.639085e-07	-1.618330e-10	-1.352563e+00	-9.718931e+00
9.640000e-06	-1.680454e-07	-1.598828e-10	-1.386700e+00	-1.003846e+01
9.650000e-06	-1.721844e-07	-1.615438e-10	-1.420855e+00	-1.036610e+01
9.660000e-06	-1.763168e-07	-1.658592e-10	-1.454955e+00	-1.070291e+01
9.670000e-06	-1.804386e-07	-1.717172e-10	-1.488968e+00	-1.104999e+01
9.680000e-06	-1.845570e-07	-1.797484e-10	-1.522953e+00	-1.140843e+01
9.690000e-06	-1.886634e-07	-1.890332e-10	-1.556839e+00	-1.177927e+01
9.700000e-06	-1.927598e-07	-1.996815e-10	-1.590642e+00	-1.216348e+01
9.710000e-06	-1.968552e-07	-2.077135e-10	-1.624437e+00	-1.256194e+01
9.720000e-06	-2.009556e-07	-2.114638e-10	-1.658273e+00	-1.297533e+01
9.730000e-06	-2.050558e-07	-2.135401e-10	-1.692108e+00	-1.340417e+01
9.740000e-06	-2.091481e-07	-2.162703e-10	-1.725877e+00	-1.384875e+01
9.750000e-06	-2.132319e-07	-2.206653e-10	-1.759577e+00	-1.430909e+01
9.760000e-06	-2.173123e-07	-2.275423e-10	-1.793248e+00	-1.478494e+01
9.770000e-06	-2.213855e-07	-2.396921e-10	-1.826859e+00	-1.527577e+01
9.780000e-06	-2.254518e-07	-2.553594e-10	-1.860414e+00	-1.578073e+01
9.790000e-06	-2.295285e-07	-2.685261e-10	-1.894055e+00	-1.629874e+01
9.800000e-06	-2.336032e-07	-2.785814e-10	-1.927679e+00	-1.682840e+01
9.810000e-06	-2.376645e-07	-2.867403e-10	-1.961192e+00	-1.736813e+01
9.820000e-06	-2.417159e-07	-2.918063e-10	-1.994624e+00	-1.791613e+01
9.830000e-06	-2.457573e-07	-2.942498e-10	-2.027974e+00	-1.847045e+01
9.840000e-06	-2.498011e-07	-2.969926e-10	-2.061343e+00	-1.902906e+01
9.850000e-06	-2.538443e-07	-3.031941e-10	-2.094707e+00	-1.958990e+01
9.860000e-06	-2.578824e-07	-3.136318e-10	-2.128030e+00	-2.015091e+01
9.870000e-06	-2.619088e-07	-3.270032e-10	-2.161255e+00	-2.071010e+01
9.880000e-06	-2.659194e-07	-3.397841e-10	-2.194350e+00	-2.126561e+01
9.890000e-06	-2.699281e-07	-3.508040e-10	-2.227430e+00	-2.181574e+01
9.900000e-06	-2.739379e-07	-3.616924e-10	-2.260518e+00	-2.235900e+01
9.910000e-06	-2.779324e-07	-3.716976e-10	-2.293481e+00	-2.289411e+01
9.920000e-06	-2.819073e-07	-3.779850e-10	-2.326282e+00	-2.342005e+01
9.930000e-06	-2.858769e-07	-3.815137e-10	-2.359038e+00	-2.393601e+01
9.940000e-06	-2.898371e-07	-3.858053e-10	-2.391718e+00	-2.444146e+01
9.950000e-06	-2.937789e-07	-3.940401e-10	-2.424245e+00	-2.493605e+01
9.960000e-06	-2.977161e-07	-4.051728e-10	-2.456734e+00	-2.541965e+01
9.970000e-06	-3.016521e-07	-4.158548e-10	-2.489215e+00	-2.589227e+01
9.980000e-06	-3.055812e-07	-4.273584e-10	-2.521637e+00	-2.635405e+01
9.990000e-06	-3.095055e-07	-4.387140e-10	-2.554020e+00	-2.680521e+01
1.000000e-05	-3.134176e-07	-4.477192e-10	-2.586303e+00	-2.724599e+01
1.001000e-05	-3.173207e-07	-4.502775e-10	-2.618511e+00	-2.767665e+01
1.002000e-05	-3.212180e-07	-4.466660e-10	-2.650671e+00	-2.809740e+01
1.003000e-05	-3.251115e-07	-4.451405e-10	-2.682800e+00	-2.850839e+01
1.004000e-05	-3.290102e-07	-4.521568e-10	-2.714972e+00	-2.890967e+01
1.005000e-05	-3.329064e-07	-4.654746e-10	-2.747123e+00	-2.930121e+01
1.006000e-05	-3.367907e-07	-4.776765e-10	-2.779176e+00	-2.968288e+01
1.007000e-05	-3.406684e-07	-4.889183e-10	-2.811174e+00	-3.005446e+01
1.008000e-05	-3.445412e-07	-4.998815e-10	-2.843132e+00	-3.041566e+01
1.009000e-05	-3.484143e-07	-5.057244e-10	-2.875093e+00	-3.076616e+01
1.010000e-05	-3.522861e-07	-5.047052e-10	-2.907043e+00	-3.110562e+01
1.011000e-05	-3.561532e-07	-5.006730e-10	-2.938954e+00	-3.143377e+01
1.012000e-05	-3.600186e-07	-4.989765e-10	-2.970851e+00	-3.175038e+01
1.013000e-05	-3.638811e-07	-5.038533e-10	-3.002724e+00	-3.205537e+01
1.014000e-05	-3.677365e-07	-5.119872e-10	-3.034539e+00	-3.234883e+01
1.015000e-05	-3.715837e-07	-5.158553e-10	-3.066286e+00	-3.263105e+01
1.016000e-05	-3.754266e-07	-5.188035e-10	-3.097997e+00	-3.290254e+01
1.017000e-05	-3.792662e-07	-5.238130e-10	-3.129681e+00	-3.316410e+01
1.018000e-05	-3.830916e-07	-5.288267e-10	-3.161248e+00	-3.341678e+01
1.019000e-05	-3.868978e-07	-5.312052e-10	-3.192657e+00	-3.366190e+01
1.020000e-05	-3.906845e-07	-5.305311e-10	-3.223904e+00	-3.390104e+01
1.021000e-05	-3.944465e-07	-5.308801e-10	-3.254948e+00	-3.413603e+01
1.022000e-05	-3.981918e-07	-5.332673e-10	-3.285854e+00	-3.436888e+01
1.023000e-05	-4.019279e-07	-5.363088e-10	-3.316684e+00	-3.460177e+01
1.024000e-05	-4.056383e-07	-5.378224e-10	-3.347302e+00	-3.483700e+01
1.025000e-05	-4.093202e-07	-5.387892e-10	-3.377685e+00	-3.507690e+01
1.026000e-05	-4.130118e-07	-5.431938e-10	-3.408148e+00	-3.532381e+01
1.027000e-05	-4.166983e-07	-5.477853e-10	-3.438568e+00	-3.557996e+01
1.028000e-05	-4.203442e-07	-5.501431e-10	-3.468654e+00	-3.584750e+01
1.029000e-05	-4.239609e-07	-5.515833e-10	-3.498499e+00	-3.612833e+01
1.030000e-05	-4.275634e-07	-5.553726e-10	-3.528227e+00	-3.642415e+01
1.031000e-05	-4.311504e-07	-5.619084e-10	-3.557826e+00	-3.673638e+01
1.032000e-05	-4.347193e-07	-5.661715e-10	-3.587277e+00	-3.706609e+01
1.033000e-05	-4.382729e-07	-5.670440e-10	-3.616601e+00	-3.741405e+01
1.034000e-05	-4.418157e-07	-5.697050e-10	-3.645836e+00	-3.778066e+01
1.035000e-05	-4.453436e-07	-5.762455e-10	-3.674948e+00	-3.816599e+01
1.036000e-05	-4.488643e-07	-5.845121e-10	-3.704001e+00	-3.856978e+01
1.037000e-05	-4.523767e-07	-5.944802e-10	-3.732985e+00	-3.899144e+01
1.038000e-05	-4.558748e-07	-6.050245e-10	-3.761851e+00	-3.943013e+01
1.039000e-05	-4.593656e-07	-6.155805e-10	-3.790657e+00	-3.988476e+01
1.040000e-05	-4.628503e-07	-6.264128e-10	-3.819412e+00	-4.035404e+01
1.041000e-05	-4.663335e-07	-6.337827e-10	-3.848155e+00	-4.083653e+01
1.042000e-05	-4.698149e-07	-6.377555e-10	-3.876883e+00	-4.133070e+01
1.043000e-05	-4.732892e-07	-6.447806e-10	-3.905553e+00	-4.183494e+01
1.044000e-05	-4.767549e-07	-6.543668e-10	-3.934152e+00	-4.234765e+01
1.045000e-05	-4.802172e-07	-6.605101e-10	-3.962723e+00	-4.286723e+01
1.046000e-05	-4.836733e-07	-6.646317e-10	-3.991242e+00	-4.339214e+01
1.047000e-05	-4.871099e-07	-6.752996e-10	-4.019601e+00	-4.392091e+01
1.048000e-05	-4.905252e-07	-6.899093e-10	-4.047783e+00	-4.445215e+01
1.049000e-05	-4.939315e-07	-7.003012e-10	-4.075892e+00	-4.498459e+01
1.050000e-05	-4.973190e-07	-7.069112e-10	-4.103846e+00	-4.551703e+01
1.051000e-05	-5.006957e-07	-7.148266e-10	-4.131710e+00	-4.604840e+01
1.052000e-05	-5.040643e-07	-7.247146e-10	-4.159507e+00	-4.657767e+01
1.053000e-05	-5.074137e-07	-7.316292e-10	-4.187147e+00	-4.710391e+01
1.054000e-05	-5.107544e-07	-7.350013e-10	-4.214713e+00	-4.762623e+01
1.055000e-05	-5.140858e-07	-7.399564e-10	-4.242204e+00	-4.814377e+01
1.056000e-05	-5.174089e-07	-7.505905e-10	-4.269626e+00	-4.865568e+01
1.057000e-05	-5.207162e-07	-7.629773e-10	-4.296917e+00	-4.916112e+01
1.058000e-05	-5.240056e-07	-7.727375e-10	-4.324062e+00	-4.965923e+01
1.059000e-05	-5.272808e-07	-7.810693e-10	-4.351088e+00	-5.014914e+01
1.060000e-05	-5.305522e-07	-7.892196e-10	-4.378084e+00	-5.062995e+01
1.061000e-05	-5.338205e-07	-7.974814e-10	-4.405053e+00	-5.110076e+01
1.062000e-05	-5.370654e-07	-8.034042e-10	-4.431830e+00	-5.156063e+01
1.063000e-05	-5.402882e-07	-8.061322e-10	-4.458425e+00	-5.200865e+01
1.064000e-05	-5.434970e-07	-8.103529e-10	-4.484903e+00	-5.244393e+01
1.065000e-05	-5.466965e-07	-8.166148e-10	-4.511306e+00	-5.286561e+01
1.066000e-05	-5.498860e-07	-8.239673e-10	-4.537625e+00	-5.327292e+01
1.067000e-05	-5.530541e-07	-8.327031e-10	-4.563768e+00	-5.366518e+01
1.068000e-05	-5.562099e-07	-8.433880e-10	-4.589810e+00	-5.404181e+01
1.069000e-05	-5.593552e-07	-8.550877e-10	-4.615764e+00	-5.440239e+01
1.070000e-05	-5.624849e-07	-8.642341e-10	-4.641591e+00	-5.474666e+01
1.071000e-05	-5.655993e-07	-8.674789e-10	-4.667290e+00	-5.507454e+01
1.072000e-05	-5.687006e-07	-8.655779e-10	-4.692883e+00	-5.538613e+01
1.073000e-05	-5.717952e-07	-8.662119e-10	-4.718418e+00	-5.568173e+01
1.074000e-05	-5.748771e-07	-8.686845e-10	-4.743850e+00	-5.596185e+01
1.075000e-05	-5.779507e-07	-8.692722e-10	-4.769213e+00	-5.622714e+01
1.076000e-05	-5.810214e-07	-8.708129e-10	-4.794553e+00	-5.647848e+01
1.077000e-05	-5.840772e-07	-8.771202e-10	-4.819769e+00	-5.671686e+01
1.078000e-05	-5.871149e-07	-8.880936e-10	-4.844836e+00	-5.694343e+01
1.079000e-05	-5.901367e-07	-8.971476e-10	-4.869771e+00	-5.715943e+01
1.080000e-05	-5.931429e-07	-9.011868e-10	-4.894579e+00	-5.736619e+01
1.081000e-05	-5.961391e-07	-9.023655e-10	-4.919303e+00	-5.756508e+01
1.082000e-05	-5.991188e-07	-9.029819e-10	-4.943891e+00	-5.775750e+01
1.083000e-05	-6.020704e-07	-9.039889e-10	-4.968248e+00	-5.794483e+01
1.084000e-05	-6.049903e-07	-9.049267e-10	-4.992342e+00	-5.812844e+01
1.085000e-05	-6.078948e-07	-9.058491e-10	-5.016310e+00	-5.830963e+01
1.086000e-05	-6.107783e-07	-9.073457e-10	-5.040104e+00	-5.848965e+01
1.087000e-05	-6.136418e-07	-9.120699e-10	-5.063734e+00	-5.866965e+01
1.088000e-05	-6.164880e-07	-9.190940e-10	-5.087221e+00	-5.885071e+01
1.089000e-05	-6.192946e-07	-9.227983e-10	-5.110381e+00	-5.903384e+01
1.090000e-05	-6.220749e-07	-9.244728e-10	-5.133324e+00	-5.921993e+01
1.091000e-05	-6.248308e-07	-9.267391e-10	-5.156065e+00	-5.940983e+01
1.092000e-05	-6.275676e-07	-9.286972e-10	-5.178649e+00	-5.960431e+01
1.093000e-05	-6.302922e-07	-9.313668e-10	-5.201132e+00	-5.980409e+01
1.094000e-05	-6.329962e-07	-9.341563e-10	-5.223445e+00	-6.000984e+01
1.095000e-05	-6.356861e-07	-9.353056e-10	-5.245642e+00	-6.022221e+01
1.096000e-05	-6.383663e-07	-9.397555e-10	-5.267759e+00	-6.044182e+01
1.097000e-05	-6.410424e-07	-9.481516e-10	-5.289842e+00	-6.066929e+01
1.098000e-05	-6.437145e-07	-9.550964e-10	-5.311893e+00	-6.090523e+01
1.099000e-05	-6.463784e-07	-9.581911e-10	-5.333874e+00	-6.115022e+01
1.100000e-05	-6.490300e-07	-9.599595e-10	-5.355755e+00	-6.140487e+01
1.101000e-05	-6.516710e-07	-9.656657e-10	-5.377548e+00	-6.166971e+01
1.102000e-05	-6.542957e-07	-9.728556e-10	-5.399207e+00	-6.194528e+01
1.103000e-05	-6.569124e-07	-9.773596e-10	-5.420800e+00	-6.223205e+01
1.104000e-05	-6.595154e-07	-9.786002e-10	-5.442281e+00	-6.253039e+01
1.105000e-05	-6.620905e-07	-9.815737e-10	-5.463530e+00	-6.284060e+01
1.106000e-05	-6.646394e-07	-9.892577e-10	-5.484563e+00	-6.316284e+01
1.107000e-05	-6.671609e-07	-9.975246e-10	-5.505371e+00	-6.349711e+01
1.108000e-05	-6.696695e-07	-1.003648e-09	-5.526071e+00	-6.384327e+01
1.109000e-05	-6.721654e-07	-1.009212e-09	-5.546667e+00	-6.420096e+01
1.110000e-05	-6.746517e-07	-1.018899e-09	-5.567184e+00	-6.456961e+01
1.111000e-05	-6.771221e-07	-1.030106e-09	-5.587569e+00	-6.494845e+01
1.112000e-05	-6.795642e-07	-1.036995e-09	-5.607722e+00	-6.533649e+01
1.113000e-05	-6.819877e-07	-1.038526e-09	-5.627720e+00	-6.573251e+01
1.114000e-05	-6.844024e-07	-1.037708e-09	-5.647646e+00	-6.613510e+01
1.115000e-05	-6.868074e-07	-1.040471e-09	-5.667492e+00	-6.654266e+01
1.116000e-05	-6.891874e-07	-1.045026e-09	-5.687132e+00	-6.695342e+01
1.117000e-05	-6.915474e-07	-1.050558e-09	-5.706606e+00	-6.736550e+01
1.118000e-05	-6.938928e-07	-1.060889e-09	-5.725960e+00	-6.777693e+01
1.119000e-05	-6.962219e-07	-1.073927e-09	-5.745180e+00	-6.818568e+01
1.120000e-05	-6.985299e-07	-1.086110e-09	-5.764226e+00	-6.858974e+01
1.121000e-05	-7.008159e-07	-1.093521e-09	-5.783090e+00	-6.898712e+01
1.122000e-05	-7.030924e-07	-1.096974e-09	-5.801875e+00	-6.937593e+01
1.123000e-05	-7.053667e-07	-1.098873e-09	-5.820642e+00	-6.975442e+01
1.124000e-05	-7.076362e-07	-1.098592e-09	-5.839370e+00	-7.012099e+01
1.125000e-05	-7.098929e-07	-1.099006e-09	-5.857992e+00	-7.047425e+01
1.126000e-05	-7.121373e-07	-1.103218e-09	-5.876513e+00	-7.081304e+01
1.127000e-05	-7.143704e-07	-1.112935e-09	-5.894940e+00	-7.113645e+01
1.128000e-05	-7.165882e-07	-1.124175e-09	-5.913241e+00	-7.144380e+01
1.129000e-05	-7.187752e-07	-1.132271e-09	-5.931289e+00	-7.173469e+01
1.130000e-05	-7.209319e-07	-1.138184e-09	-5.949085e+00	-7.200895e+01
1.131000e-05	-7.230719e-07	-1.142130e-09	-5.966744e+00	-7.226666e+01
1.132000e-05	-7.251875e-07	-1.142714e-09	-5.984202e+00	-7.250809e+01
1.133000e-05	-7.272677e-07	-1.141316e-09	-6.001368e+00	-7.273369e+01
1.134000e-05	-7.293061e-07	-1.141126e-09	-6.018189e+00	-7.294409e+01
1.135000e-05	-7.313033e-07	-1.145475e-09	-6.034669e+00	-7.313999e+01
1.136000e-05	-7.332709e-07	-1.154291e-09	-6.050906e+00	-7.332219e+01
1.137000e-05	-7.352217e-07	-1.160495e-09	-6.067004e+00	-7.349153e+01
1.138000e-05	-7.371556e-07	-1.161052e-09	-6.082962e+00	-7.364887e+01
1.139000e-05	-7.390706e-07	-1.159537e-09	-6.098765e+00	-7.379504e+01
1.140000e-05	-7.409697e-07	-1.159209e-09	-6.114436e+00	-7.393083e+01
1.141000e-05	-7.428542e-07	-1.158975e-09	-6.129987e+00	-7.405699e+01
1.142000e-05	-7.447344e-07	-1.158968e-09	-6.145502e+00	-7.417419e+01
1.143000e-05	-7.466076e-07	-1.161574e-09	-6.160960e+00	-7.428306e+01
1.144000e-05	-7.484600e-07	-1.166226e-09	-6.176245e+00	-7.438415e+01
1.145000e-05	-7.502953e-07	-1.171352e-09	-6.191391e+00	-7.447797e+01
1.146000e-05	-7.521269e-07	-1.173236e-09	-6.206505e+00	-7.456501e+01
1.147000e-05	-7.539451e-07	-1.170900e-09	-6.221509e+00	-7.464577e+01
1.148000e-05	-7.557490e-07	-1.167617e-09	-6.236394e+00	-7.472075e+01
1.149000e-05	-7.575351e-07	-1.165258e-09	-6.251133e+00	-7.479050e+01
1.150000e-05	-7.592919e-07	-1.164278e-09	-6.265629e+00	-7.485567e+01
1.151000e-05	-7.610279e-07	-1.164829e-09	-6.279955e+00	-7.491697e+01
1.152000e-05	-7.627444e-07	-1.166854e-09	-6.294120e+00	-7.497526e+01
1.153000e-05	-7.644456e-07	-1.168938e-09	-6.308157e+00	-7.503152e+01
1.154000e-05	-7.661321e-07	-1.168242e-09	-6.322074e+00	-7.508685e+01
1.155000e-05	-7.677959e-07	-1.165194e-09	-6.335804e+00	-7.514249e+01
1.156000e-05	-7.694389e-07	-1.164690e-09	-6.349362e+00	-7.519981e+01
1.157000e-05	-7.710732e-07	-1.167476e-09	-6.362848e+00	-7.526027e+01
1.158000e-05	-7.726880e-07	-1.169835e-09	-6.376174e+00	-7.532541e+01
1.159000e-05	-7.742793e-07	-1.172784e-09	-6.389305e+00	-7.539681e+01
1.160000e-05	-7.758588e-07	-1.176493e-09	-6.402339e+00	-7.547605e+01
1.161000e-05	-7.774131e-07	-1.180412e-09	-6.415164e+00	-7.556465e+01
1.162000e-05	-7.789356e-07	-1.185661e-09	-6.427728e+00	-7.566405e+01
1.163000e-05	-7.804426e-07	-1.188667e-09	-6.440164e+00	-7.577557e+01
1.164000e-05	-7.819402e-07	-1.187964e-09	-6.452522e+00	-7.590031e+01
1.165000e-05	-7.834227e-07	-1.188727e-09	-6.464756e+00	-7.603918e+01
1.166000e-05	-7.848953e-07	-1.190104e-09	-6.476908e+00	-7.619283e+01
1.167000e-05	-7.863614e-07	-1.191321e-09	-6.489006e+00	-7.636162e+01
1.168000e-05	-7.878114e-07	-1.194984e-09	-6.500971e+00	-7.654562e+01
1.169000e-05	-7.892410e-07	-1.200568e-09	-6.512768e+00	-7.674461e+01
1.170000e-05	-7.906421e-07	-1.209085e-09	-6.524330e+00	-7.695806e+01
1.171000e-05	-7.920165e-07	-1.218104e-09	-6.535671e+00	-7.718518e+01
1.172000e-05	-7.933634e-07	-1.223172e-09	-6.546785e+00	-7.742492e+01
1.173000e-05	-7.946812e-07	-1.222724e-09	-6.557660e+00	-7.767601e+01
1.174000e-05	-7.959600e-07	-1.221514e-09	-6.568212e+00	-7.793703e+01
1.175000e-05	-7.971881e-07	-1.222953e-09	-6.578347e+00	-7.820644e+01
1.176000e-05	-7.983778e-07	-1.225551e-09	-6.588164e+00	-7.848261e+01
1.177000e-05	-7.995398e-07	-1.227821e-09	-6.597753e+00	-7.876392e+01
1.178000e-05	-8.006811e-07	-1.230022e-09	-6.607171e+00	-7.904877e+01
1.179000e-05	-8.018045e-07	-1.235275e-09	-6.616441e+00	-7.933567e+01
1.180000e-05	-8.029104e-07	-1.243594e-09	-6.625567e+00	-7.962322e+01
1.181000e-05	-8.039958e-07	-1.251729e-09	-6.634523e+00	-7.991022e+01
1.182000e-05	-8.050638e-07	-1.258006e-09	-6.643336e+00	-8.019563e+01
1.183000e-05	-8.061111e-07	-1.261198e-09	-6.651979e+00	-8.047860e+01
1.184000e-05	-8.071248e-07	-1.262946e-09	-6.660344e+00	-8.075849e+01
1.185000e-05	-8.081138e-07	-1.265048e-09	-6.668505e+00	-8.103481e+01
1.186000e-05	-8.090877e-07	-1.265295e-09	-6.676542e+00	-8.130727e+01
1.187000e-05	-8.100355e-07	-1.263427e-09	-6.684363e+00	-8.157569e+01
1.188000e-05	-8.109624e-07	-1.264357e-09	-6.692012e+00	-8.183996e+01
1.189000e-05	-8.118773e-07	-1.271523e-09	-6.699561e+00	-8.210004e+01
1.190000e-05	-8.127763e-07	-1.282016e-09	-6.706980e+00	-8.235589e+01
1.191000e-05	-8.136613e-07	-1.292444e-09	-6.714283e+00	-8.260739e+01
1.192000e-05	-8.145303e-07	-1.297967e-09	-6.721454e+00	-8.285436e+01
1.193000e-05	-8.153757e-07	-1.298255e-09	-6.728429e+00	-8.309647e+01
1.194000e-05	-8.162031e-07	-1.296989e-09	-6.735257e+00	-8.333323e+01
1.195000e-05	-8.170116e-07	-1.296549e-09	-6.741929e+00	-8.356395e+01
1.196000e-05	-8.177959e-07	-1.298362e-09	-6.748401e+00	-8.378776e+01
1.197000e-05	-8.185600e-07	-1.301641e-09	-6.754707e+00	-8.400360e+01
1.198000e-05	-8.192997e-07	-1.303289e-09	-6.760811e+00	-8.421021e+01
1.199000e-05	-8.200192e-07	-1.306465e-09	-6.766748e+00	-8.440621e+01
1.200000e-05	-8.207303e-07	-1.321508e-09	-6.772616e+00	-8.459009e+01
1.201000e-05	-8.214339e-07	-1.340057e-09	-6.778422e+00	-8.476030e+01
1.202000e-05	-8.221204e-07	-1.346902e-09	-6.784087e+00	-8.491526e+01
1.203000e-05	-8.227881e-07	-1.343138e-09	-6.789597e+00	-8.505350e+01
1.204000e-05	-8.234481e-07	-1.335728e-09	-6.795043e+00	-8.517366e+01
1.205000e-05	-8.240951e-07	-1.331497e-09	-6.800382e+00	-8.527457e+01
1.206000e-05	-8.247263e-07	-1.333195e-09	-6.805590e+00	-8.535535e+01
1.207000e-05	-8.253361e-07	-1.339523e-09	-6.810622e+00	-8.541544e+01
1.208000e-05	-8.258974e-07	-1.341073e-09	-6.815254e+00	-8.545462e+01
1.209000e-05	-8.264179e-07	-1.339072e-09	-6.819550e+00	-8.547311e+01
1.210000e-05	-8.269198e-07	-1.343406e-09	-6.823691e+00	-8.547156e+01
1.211000e-05	-8.273923e-07	-1.352417e-09	-6.827590e+00	-8.545104e+01
1.212000e-05	-8.278269e-07	-1.354699e-09	-6.831176e+00	-8.541308e+01
1.213000e-05	-8.282148e-07	-1.339561e-09	-6.834377e+00	-8.535959e+01
1.214000e-05	-8.285799e-07	-1.320497e-09	-6.837390e+00	-8.529286e+01
1.215000e-05	-8.289360e-07	-1.317248e-09	-6.840329e+00	-8.521553e+01
1.216000e-05	-8.292704e-07	-1.328254e-09	-6.843088e+00	-8.513046e+01
1.217000e-05	-8.295838e-07	-1.330361e-09	-6.845674e+00	-8.504073e+01
1.218000e-05	-8.298765e-07	-1.322262e-09	-6.848089e+00	-8.494949e+01
1.219000e-05	-8.301531e-07	-1.324211e-09	-6.850372e+00	-8.485996e+01
1.220000e-05	-8.304189e-07	-1.329374e-09	-6.852565e+00	-8.477528e+01
1.221000e-05	-8.306784e-07	-1.325490e-09	-6.854707e+00	-8.469846e+01
1.222000e-05	-8.309272e-07	-1.319849e-09	-6.856760e+00	-8.463230e+01
1.223000e-05	-8.311643e-07	-1.321405e-09	-6.858716e+00	-8.457932e+01
1.224000e-05	-8.313746e-07	-1.321308e-09	-6.860452e+00	-8.454173e+01
1.225000e-05	-8.315493e-07	-1.316543e-09	-6.861894e+00	-8.452133e+01
1.226000e-05	-8.316984e-07	-1.311336e-09	-6.863124e+00	-8.451954e+01
1.227000e-05	-8.318225e-07	-1.307027e-09	-6.864148e+00	-8.453734e+01
1.228000e-05	-8.319335e-07	-1.302594e-09	-6.865064e+00	-8.457528e+01
1.229000e-05	-8.320421e-07	-1.301457e-09	-6.865960e+00	-8.463347e+01
1.230000e-05	-8.321413e-07	-1.308029e-09	-6.866778e+00	-8.471165e+01
1.231000e-05	-8.322194e-07	-1.315472e-09	-6.867423e+00	-8.480913e+01
1.232000e-05	-8.322707e-07	-1.322194e-09	-6.867846e+00	-8.492492e+01
