# Temperatura_=_20.0
# Concentracion g/m^3_=_10000.0
# C_Vs_to_Am_M_A/Vsm_=_65563218390.804596
# pendiente_HvsI_1/m_=_3716.3
# ordenada_HvsI_A/m_=_1297.0
# frecuencia_Hz_=_81140.71442744382

Tiempo_(s)	Campo_(V.s)	Magnetizacion_(V.s)	Campo_(kA/m)	Magnetizacion_(A/m)
0.000000e+00	-2.075358e-06	-3.088820e-09	-1.577573e+01	-2.133127e+02
1.000000e-08	-2.075338e-06	-3.058893e-09	-1.577558e+01	-2.135295e+02
2.000000e-08	-2.075313e-06	-3.124821e-09	-1.577539e+01	-2.137518e+02
3.000000e-08	-2.075239e-06	-3.286150e-09	-1.577483e+01	-2.139784e+02
4.000000e-08	-2.075087e-06	-3.393449e-09	-1.577368e+01	-2.142078e+02
5.000000e-08	-2.074840e-06	-3.196778e-09	-1.577180e+01	-2.144386e+02
6.000000e-08	-2.074533e-06	-3.076389e-09	-1.576946e+01	-2.146691e+02
7.000000e-08	-2.074180e-06	-3.126268e-09	-1.576678e+01	-2.148976e+02
8.000000e-08	-2.073780e-06	-3.239758e-09	-1.576374e+01	-2.151225e+02
9.000000e-08	-2.073330e-06	-3.166535e-09	-1.576032e+01	-2.153420e+02
1.000000e-07	-2.072839e-06	-3.123392e-09	-1.575659e+01	-2.155544e+02
1.100000e-07	-2.072335e-06	-3.297134e-09	-1.575275e+01	-2.157580e+02
1.200000e-07	-2.071758e-06	-3.338899e-09	-1.574837e+01	-2.159511e+02
1.300000e-07	-2.071102e-06	-3.296910e-09	-1.574338e+01	-2.161321e+02
1.400000e-07	-2.070393e-06	-3.122031e-09	-1.573800e+01	-2.162994e+02
1.500000e-07	-2.069653e-06	-3.094335e-09	-1.573237e+01	-2.164516e+02
1.600000e-07	-2.068873e-06	-3.186396e-09	-1.572644e+01	-2.165872e+02
1.700000e-07	-2.068001e-06	-3.257260e-09	-1.571981e+01	-2.167051e+02
1.800000e-07	-2.067073e-06	-3.336474e-09	-1.571276e+01	-2.168040e+02
1.900000e-07	-2.066095e-06	-3.233061e-09	-1.570532e+01	-2.168829e+02
2.000000e-07	-2.065078e-06	-3.231131e-09	-1.569759e+01	-2.169410e+02
2.100000e-07	-2.063994e-06	-3.197190e-09	-1.568935e+01	-2.169776e+02
2.200000e-07	-2.062835e-06	-3.204111e-09	-1.568054e+01	-2.169921e+02
2.300000e-07	-2.061623e-06	-3.217811e-09	-1.567133e+01	-2.169844e+02
2.400000e-07	-2.060345e-06	-3.190218e-09	-1.566161e+01	-2.169542e+02
2.500000e-07	-2.059009e-06	-3.270245e-09	-1.565146e+01	-2.169019e+02
2.600000e-07	-2.057605e-06	-3.255384e-09	-1.564079e+01	-2.168277e+02
2.700000e-07	-2.056150e-06	-3.275247e-09	-1.562973e+01	-2.167324e+02
2.800000e-07	-2.054625e-06	-3.208740e-09	-1.561813e+01	-2.166168e+02
2.900000e-07	-2.053031e-06	-3.161981e-09	-1.560602e+01	-2.164821e+02
3.000000e-07	-2.051394e-06	-3.183714e-09	-1.559357e+01	-2.163296e+02
3.100000e-07	-2.049687e-06	-3.192415e-09	-1.558060e+01	-2.161608e+02
3.200000e-07	-2.047931e-06	-3.258923e-09	-1.556725e+01	-2.159774e+02
3.300000e-07	-2.046117e-06	-3.214249e-09	-1.555346e+01	-2.157812e+02
3.400000e-07	-2.044239e-06	-3.207432e-09	-1.553919e+01	-2.155741e+02
3.500000e-07	-2.042313e-06	-3.184226e-09	-1.552455e+01	-2.153580e+02
3.600000e-07	-2.040349e-06	-3.185582e-09	-1.550962e+01	-2.151349e+02
3.700000e-07	-2.038339e-06	-3.204450e-09	-1.549434e+01	-2.149065e+02
3.800000e-07	-2.036269e-06	-3.162924e-09	-1.547860e+01	-2.146746e+02
3.900000e-07	-2.034161e-06	-3.185084e-09	-1.546258e+01	-2.144409e+02
4.000000e-07	-2.032003e-06	-3.166741e-09	-1.544617e+01	-2.142068e+02
4.100000e-07	-2.029806e-06	-3.194051e-09	-1.542948e+01	-2.139734e+02
4.200000e-07	-2.027568e-06	-3.176099e-09	-1.541246e+01	-2.137419e+02
4.300000e-07	-2.025274e-06	-3.143632e-09	-1.539502e+01	-2.135131e+02
4.400000e-07	-2.022928e-06	-3.153225e-09	-1.537719e+01	-2.132874e+02
4.500000e-07	-2.020532e-06	-3.146830e-09	-1.535898e+01	-2.130654e+02
4.600000e-07	-2.018094e-06	-3.181051e-09	-1.534044e+01	-2.128470e+02
4.700000e-07	-2.015603e-06	-3.139647e-09	-1.532151e+01	-2.126325e+02
4.800000e-07	-2.013059e-06	-3.129254e-09	-1.530217e+01	-2.124216e+02
4.900000e-07	-2.010455e-06	-3.135451e-09	-1.528238e+01	-2.122142e+02
5.000000e-07	-2.007789e-06	-3.150245e-09	-1.526211e+01	-2.120099e+02
5.100000e-07	-2.005072e-06	-3.159935e-09	-1.524146e+01	-2.118086e+02
5.200000e-07	-2.002285e-06	-3.110495e-09	-1.522027e+01	-2.116100e+02
5.300000e-07	-1.999438e-06	-3.120133e-09	-1.519863e+01	-2.114139e+02
5.400000e-07	-1.996538e-06	-3.121175e-09	-1.517659e+01	-2.112203e+02
5.500000e-07	-1.993585e-06	-3.136173e-09	-1.515414e+01	-2.110292e+02
5.600000e-07	-1.990596e-06	-3.113087e-09	-1.513142e+01	-2.108409e+02
5.700000e-07	-1.987555e-06	-3.088758e-09	-1.510830e+01	-2.106555e+02
5.800000e-07	-1.984468e-06	-3.120290e-09	-1.508484e+01	-2.104735e+02
5.900000e-07	-1.981333e-06	-3.122002e-09	-1.506101e+01	-2.102955e+02
6.000000e-07	-1.978152e-06	-3.121944e-09	-1.503683e+01	-2.101221e+02
6.100000e-07	-1.974916e-06	-3.081654e-09	-1.501223e+01	-2.099538e+02
6.200000e-07	-1.971642e-06	-3.087143e-09	-1.498734e+01	-2.097912e+02
6.300000e-07	-1.968331e-06	-3.111150e-09	-1.496218e+01	-2.096351e+02
6.400000e-07	-1.964961e-06	-3.108932e-09	-1.493656e+01	-2.094857e+02
6.500000e-07	-1.961541e-06	-3.104739e-09	-1.491056e+01	-2.093435e+02
6.600000e-07	-1.958054e-06	-3.084230e-09	-1.488406e+01	-2.092086e+02
6.700000e-07	-1.954512e-06	-3.109510e-09	-1.485713e+01	-2.090809e+02
6.800000e-07	-1.950903e-06	-3.104628e-09	-1.482970e+01	-2.089600e+02
6.900000e-07	-1.947229e-06	-3.086232e-09	-1.480177e+01	-2.088453e+02
7.000000e-07	-1.943516e-06	-3.073632e-09	-1.477354e+01	-2.087359e+02
7.100000e-07	-1.939754e-06	-3.079216e-09	-1.474495e+01	-2.086305e+02
7.200000e-07	-1.935955e-06	-3.105661e-09	-1.471607e+01	-2.085277e+02
7.300000e-07	-1.932105e-06	-3.087738e-09	-1.468680e+01	-2.084256e+02
7.400000e-07	-1.928199e-06	-3.079500e-09	-1.465711e+01	-2.083224e+02
7.500000e-07	-1.924254e-06	-3.075430e-09	-1.462712e+01	-2.082158e+02
7.600000e-07	-1.920261e-06	-3.094393e-09	-1.459677e+01	-2.081034e+02
7.700000e-07	-1.916221e-06	-3.100288e-09	-1.456606e+01	-2.079829e+02
7.800000e-07	-1.912144e-06	-3.074529e-09	-1.453507e+01	-2.078518e+02
7.900000e-07	-1.908032e-06	-3.067462e-09	-1.450382e+01	-2.077077e+02
8.000000e-07	-1.903864e-06	-3.064205e-09	-1.447213e+01	-2.075483e+02
8.100000e-07	-1.899648e-06	-3.079682e-09	-1.444008e+01	-2.073715e+02
8.200000e-07	-1.895378e-06	-3.067043e-09	-1.440763e+01	-2.071752e+02
8.300000e-07	-1.891051e-06	-3.053836e-09	-1.437473e+01	-2.069578e+02
8.400000e-07	-1.886663e-06	-3.060673e-09	-1.434138e+01	-2.067177e+02
8.500000e-07	-1.882214e-06	-3.065871e-09	-1.430756e+01	-2.064540e+02
8.600000e-07	-1.877717e-06	-3.067191e-09	-1.427338e+01	-2.061657e+02
8.700000e-07	-1.873162e-06	-3.041817e-09	-1.423875e+01	-2.058525e+02
8.800000e-07	-1.868577e-06	-3.038407e-09	-1.420390e+01	-2.055143e+02
8.900000e-07	-1.863949e-06	-3.042065e-09	-1.416872e+01	-2.051513e+02
9.000000e-07	-1.859258e-06	-3.039825e-09	-1.413306e+01	-2.047641e+02
9.100000e-07	-1.854525e-06	-3.022288e-09	-1.409708e+01	-2.043537e+02
9.200000e-07	-1.849750e-06	-3.000084e-09	-1.406079e+01	-2.039212e+02
9.300000e-07	-1.844943e-06	-3.005762e-09	-1.402425e+01	-2.034679e+02
9.400000e-07	-1.840082e-06	-3.004016e-09	-1.398729e+01	-2.029957e+02
9.500000e-07	-1.835152e-06	-3.000478e-09	-1.394982e+01	-2.025062e+02
9.600000e-07	-1.830176e-06	-2.987843e-09	-1.391200e+01	-2.020013e+02
9.700000e-07	-1.825168e-06	-2.983731e-09	-1.387393e+01	-2.014832e+02
9.800000e-07	-1.820110e-06	-2.984758e-09	-1.383548e+01	-2.009540e+02
9.900000e-07	-1.814968e-06	-2.965452e-09	-1.379639e+01	-2.004156e+02
1.000000e-06	-1.809762e-06	-2.944109e-09	-1.375682e+01	-1.998702e+02
1.010000e-06	-1.804489e-06	-2.924167e-09	-1.371673e+01	-1.993199e+02
1.020000e-06	-1.799156e-06	-2.925882e-09	-1.367620e+01	-1.987665e+02
1.030000e-06	-1.793775e-06	-2.926476e-09	-1.363529e+01	-1.982120e+02
1.040000e-06	-1.788338e-06	-2.918840e-09	-1.359397e+01	-1.976582e+02
1.050000e-06	-1.782854e-06	-2.911845e-09	-1.355228e+01	-1.971065e+02
1.060000e-06	-1.777331e-06	-2.904582e-09	-1.351029e+01	-1.965585e+02
1.070000e-06	-1.771782e-06	-2.900941e-09	-1.346812e+01	-1.960155e+02
1.080000e-06	-1.766202e-06	-2.879666e-09	-1.342570e+01	-1.954786e+02
1.090000e-06	-1.760575e-06	-2.861901e-09	-1.338292e+01	-1.949488e+02
1.100000e-06	-1.754902e-06	-2.852989e-09	-1.333980e+01	-1.944270e+02
1.110000e-06	-1.749188e-06	-2.851894e-09	-1.329637e+01	-1.939136e+02
1.120000e-06	-1.743421e-06	-2.851443e-09	-1.325253e+01	-1.934093e+02
1.130000e-06	-1.737596e-06	-2.841455e-09	-1.320826e+01	-1.929144e+02
1.140000e-06	-1.731716e-06	-2.838877e-09	-1.316356e+01	-1.924291e+02
1.150000e-06	-1.725779e-06	-2.832237e-09	-1.311843e+01	-1.919534e+02
1.160000e-06	-1.719799e-06	-2.824785e-09	-1.307297e+01	-1.914874e+02
1.170000e-06	-1.713769e-06	-2.810224e-09	-1.302713e+01	-1.910308e+02
1.180000e-06	-1.707682e-06	-2.795727e-09	-1.298086e+01	-1.905835e+02
1.190000e-06	-1.701556e-06	-2.793008e-09	-1.293430e+01	-1.901451e+02
1.200000e-06	-1.695400e-06	-2.792767e-09	-1.288750e+01	-1.897153e+02
1.210000e-06	-1.689213e-06	-2.793652e-09	-1.284047e+01	-1.892937e+02
1.220000e-06	-1.682988e-06	-2.785385e-09	-1.279315e+01	-1.888797e+02
1.230000e-06	-1.676722e-06	-2.780322e-09	-1.274552e+01	-1.884729e+02
1.240000e-06	-1.670416e-06	-2.770338e-09	-1.269758e+01	-1.880728e+02
1.250000e-06	-1.664061e-06	-2.754861e-09	-1.264928e+01	-1.876787e+02
1.260000e-06	-1.657662e-06	-2.741368e-09	-1.260064e+01	-1.872902e+02
1.270000e-06	-1.651223e-06	-2.730865e-09	-1.255169e+01	-1.869066e+02
1.280000e-06	-1.644752e-06	-2.734556e-09	-1.250250e+01	-1.865272e+02
1.290000e-06	-1.638242e-06	-2.738276e-09	-1.245302e+01	-1.861513e+02
1.300000e-06	-1.631675e-06	-2.740663e-09	-1.240310e+01	-1.857784e+02
1.310000e-06	-1.625068e-06	-2.736466e-09	-1.235287e+01	-1.854075e+02
1.320000e-06	-1.618429e-06	-2.727485e-09	-1.230241e+01	-1.850378e+02
1.330000e-06	-1.611748e-06	-2.714495e-09	-1.225162e+01	-1.846686e+02
1.340000e-06	-1.605013e-06	-2.695604e-09	-1.220043e+01	-1.842988e+02
1.350000e-06	-1.598224e-06	-2.686122e-09	-1.214883e+01	-1.839273e+02
1.360000e-06	-1.591387e-06	-2.684095e-09	-1.209685e+01	-1.835532e+02
1.370000e-06	-1.584508e-06	-2.688066e-09	-1.204456e+01	-1.831753e+02
1.380000e-06	-1.577594e-06	-2.686696e-09	-1.199201e+01	-1.827924e+02
1.390000e-06	-1.570638e-06	-2.678529e-09	-1.193913e+01	-1.824032e+02
1.400000e-06	-1.563658e-06	-2.670293e-09	-1.188607e+01	-1.820066e+02
1.410000e-06	-1.556660e-06	-2.657757e-09	-1.183288e+01	-1.816011e+02
1.420000e-06	-1.549625e-06	-2.645822e-09	-1.177940e+01	-1.811858e+02
1.430000e-06	-1.542544e-06	-2.632526e-09	-1.172558e+01	-1.807593e+02
1.440000e-06	-1.535413e-06	-2.626447e-09	-1.167137e+01	-1.803206e+02
1.450000e-06	-1.528225e-06	-2.626226e-09	-1.161673e+01	-1.798686e+02
1.460000e-06	-1.521002e-06	-2.621905e-09	-1.156182e+01	-1.794026e+02
1.470000e-06	-1.513749e-06	-2.617507e-09	-1.150669e+01	-1.789218e+02
1.480000e-06	-1.506471e-06	-2.606457e-09	-1.145137e+01	-1.784257e+02
1.490000e-06	-1.499170e-06	-2.596402e-09	-1.139587e+01	-1.779140e+02
1.500000e-06	-1.491824e-06	-2.588107e-09	-1.134003e+01	-1.773866e+02
1.510000e-06	-1.484432e-06	-2.575409e-09	-1.128384e+01	-1.768434e+02
1.520000e-06	-1.476998e-06	-2.563472e-09	-1.122733e+01	-1.762850e+02
1.530000e-06	-1.469511e-06	-2.548956e-09	-1.117042e+01	-1.757116e+02
1.540000e-06	-1.461960e-06	-2.540797e-09	-1.111302e+01	-1.751241e+02
1.550000e-06	-1.454367e-06	-2.534269e-09	-1.105530e+01	-1.745231e+02
1.560000e-06	-1.446739e-06	-2.527687e-09	-1.099732e+01	-1.739098e+02
1.570000e-06	-1.439070e-06	-2.523444e-09	-1.093903e+01	-1.732851e+02
1.580000e-06	-1.431359e-06	-2.513116e-09	-1.088041e+01	-1.726502e+02
1.590000e-06	-1.423604e-06	-2.503157e-09	-1.082145e+01	-1.720063e+02
1.600000e-06	-1.415815e-06	-2.489528e-09	-1.076225e+01	-1.713546e+02
1.610000e-06	-1.408002e-06	-2.476609e-09	-1.070286e+01	-1.706963e+02
1.620000e-06	-1.400154e-06	-2.464284e-09	-1.064320e+01	-1.700325e+02
1.630000e-06	-1.392250e-06	-2.455635e-09	-1.058312e+01	-1.693643e+02
1.640000e-06	-1.384307e-06	-2.451134e-09	-1.052274e+01	-1.686927e+02
1.650000e-06	-1.376337e-06	-2.440813e-09	-1.046216e+01	-1.680185e+02
1.660000e-06	-1.368324e-06	-2.428759e-09	-1.040125e+01	-1.673426e+02
1.670000e-06	-1.360255e-06	-2.409571e-09	-1.033992e+01	-1.666656e+02
1.680000e-06	-1.352141e-06	-2.392019e-09	-1.027824e+01	-1.659881e+02
1.690000e-06	-1.343983e-06	-2.378737e-09	-1.021622e+01	-1.653108e+02
1.700000e-06	-1.335792e-06	-2.369237e-09	-1.015396e+01	-1.646341e+02
1.710000e-06	-1.327571e-06	-2.364973e-09	-1.009146e+01	-1.639583e+02
1.720000e-06	-1.319314e-06	-2.354601e-09	-1.002870e+01	-1.632841e+02
1.730000e-06	-1.311031e-06	-2.345102e-09	-9.965736e+00	-1.626118e+02
1.740000e-06	-1.302717e-06	-2.333548e-09	-9.902542e+00	-1.619418e+02
1.750000e-06	-1.294376e-06	-2.325974e-09	-9.839135e+00	-1.612747e+02
1.760000e-06	-1.286001e-06	-2.320245e-09	-9.775472e+00	-1.606111e+02
1.770000e-06	-1.277587e-06	-2.312686e-09	-9.711520e+00	-1.599513e+02
1.780000e-06	-1.269144e-06	-2.306856e-09	-9.647339e+00	-1.592962e+02
1.790000e-06	-1.260677e-06	-2.295459e-09	-9.582979e+00	-1.586462e+02
1.800000e-06	-1.252185e-06	-2.286674e-09	-9.518421e+00	-1.580022e+02
1.810000e-06	-1.243666e-06	-2.274013e-09	-9.453671e+00	-1.573646e+02
1.820000e-06	-1.235122e-06	-2.261736e-09	-9.388718e+00	-1.567341e+02
1.830000e-06	-1.226555e-06	-2.252305e-09	-9.323597e+00	-1.561113e+02
1.840000e-06	-1.217959e-06	-2.243823e-09	-9.258254e+00	-1.554964e+02
1.850000e-06	-1.209337e-06	-2.238929e-09	-9.192716e+00	-1.548899e+02
1.860000e-06	-1.200684e-06	-2.231589e-09	-9.126940e+00	-1.542919e+02
1.870000e-06	-1.191994e-06	-2.223801e-09	-9.060884e+00	-1.537022e+02
1.880000e-06	-1.183274e-06	-2.211291e-09	-8.994598e+00	-1.531206e+02
1.890000e-06	-1.174522e-06	-2.200619e-09	-8.928072e+00	-1.525467e+02
1.900000e-06	-1.165746e-06	-2.194861e-09	-8.861366e+00	-1.519798e+02
1.910000e-06	-1.156948e-06	-2.188575e-09	-8.794482e+00	-1.514188e+02
1.920000e-06	-1.148117e-06	-2.186037e-09	-8.727355e+00	-1.508629e+02
1.930000e-06	-1.139256e-06	-2.181300e-09	-8.660001e+00	-1.503106e+02
1.940000e-06	-1.130373e-06	-2.177999e-09	-8.592474e+00	-1.497605e+02
1.950000e-06	-1.121471e-06	-2.171072e-09	-8.524809e+00	-1.492112e+02
1.960000e-06	-1.112558e-06	-2.159601e-09	-8.457059e+00	-1.486610e+02
1.970000e-06	-1.103625e-06	-2.149473e-09	-8.389151e+00	-1.481084e+02
1.980000e-06	-1.094666e-06	-2.138886e-09	-8.321053e+00	-1.475517e+02
1.990000e-06	-1.085680e-06	-2.129592e-09	-8.252747e+00	-1.469894e+02
2.000000e-06	-1.076650e-06	-2.119266e-09	-8.184102e+00	-1.464203e+02
2.010000e-06	-1.067576e-06	-2.112052e-09	-8.115132e+00	-1.458429e+02
2.020000e-06	-1.058462e-06	-2.102953e-09	-8.045851e+00	-1.452561e+02
2.030000e-06	-1.049297e-06	-2.094042e-09	-7.976180e+00	-1.446592e+02
2.040000e-06	-1.040103e-06	-2.085009e-09	-7.906292e+00	-1.440512e+02
2.050000e-06	-1.030874e-06	-2.074106e-09	-7.836142e+00	-1.434318e+02
2.060000e-06	-1.021607e-06	-2.065620e-09	-7.765694e+00	-1.428005e+02
2.070000e-06	-1.012326e-06	-2.053564e-09	-7.695150e+00	-1.421572e+02
2.080000e-06	-1.003030e-06	-2.041996e-09	-7.624484e+00	-1.415017e+02
2.090000e-06	-9.937117e-07	-2.031715e-09	-7.553652e+00	-1.408342e+02
2.100000e-06	-9.843728e-07	-2.019666e-09	-7.482663e+00	-1.401546e+02
2.110000e-06	-9.750249e-07	-2.005919e-09	-7.411605e+00	-1.394632e+02
2.120000e-06	-9.656649e-07	-1.992495e-09	-7.340455e+00	-1.387600e+02
2.130000e-06	-9.562711e-07	-1.981789e-09	-7.269049e+00	-1.380452e+02
2.140000e-06	-9.468528e-07	-1.968046e-09	-7.197457e+00	-1.373187e+02
2.150000e-06	-9.374126e-07	-1.957513e-09	-7.125697e+00	-1.365804e+02
2.160000e-06	-9.279467e-07	-1.949433e-09	-7.053742e+00	-1.358304e+02
2.170000e-06	-9.184576e-07	-1.936583e-09	-6.981612e+00	-1.350681e+02
2.180000e-06	-9.089395e-07	-1.922476e-09	-6.909260e+00	-1.342934e+02
2.190000e-06	-8.993998e-07	-1.911713e-09	-6.836745e+00	-1.335058e+02
2.200000e-06	-8.898373e-07	-1.903232e-09	-6.764056e+00	-1.327049e+02
2.210000e-06	-8.802596e-07	-1.888746e-09	-6.691252e+00	-1.318901e+02
2.220000e-06	-8.706743e-07	-1.871419e-09	-6.618389e+00	-1.310610e+02
2.230000e-06	-8.610565e-07	-1.855717e-09	-6.545280e+00	-1.302173e+02
2.240000e-06	-8.513984e-07	-1.845826e-09	-6.471864e+00	-1.293587e+02
2.250000e-06	-8.417206e-07	-1.838407e-09	-6.398299e+00	-1.284851e+02
2.260000e-06	-8.320331e-07	-1.826629e-09	-6.324660e+00	-1.275966e+02
2.270000e-06	-8.223325e-07	-1.813529e-09	-6.250921e+00	-1.266934e+02
2.280000e-06	-8.126186e-07	-1.798658e-09	-6.177082e+00	-1.257761e+02
2.290000e-06	-8.028943e-07	-1.783130e-09	-6.103163e+00	-1.248456e+02
2.300000e-06	-7.931496e-07	-1.765458e-09	-6.029089e+00	-1.239029e+02
2.310000e-06	-7.833857e-07	-1.747717e-09	-5.954869e+00	-1.229492e+02
2.320000e-06	-7.736135e-07	-1.733395e-09	-5.880586e+00	-1.219863e+02
2.330000e-06	-7.638179e-07	-1.722737e-09	-5.806126e+00	-1.210157e+02
2.340000e-06	-7.539740e-07	-1.712903e-09	-5.731297e+00	-1.200395e+02
2.350000e-06	-7.440863e-07	-1.698297e-09	-5.656137e+00	-1.190596e+02
2.360000e-06	-7.341717e-07	-1.681942e-09	-5.580771e+00	-1.180782e+02
2.370000e-06	-7.242364e-07	-1.665303e-09	-5.505248e+00	-1.170973e+02
2.380000e-06	-7.142661e-07	-1.649805e-09	-5.429460e+00	-1.161191e+02
2.390000e-06	-7.042645e-07	-1.631526e-09	-5.353433e+00	-1.151455e+02
2.400000e-06	-6.942424e-07	-1.612036e-09	-5.277250e+00	-1.141783e+02
2.410000e-06	-6.841982e-07	-1.597713e-09	-5.200900e+00	-1.132191e+02
2.420000e-06	-6.741437e-07	-1.587643e-09	-5.124471e+00	-1.122693e+02
2.430000e-06	-6.640800e-07	-1.579089e-09	-5.047972e+00	-1.113300e+02
2.440000e-06	-6.539977e-07	-1.569872e-09	-4.971332e+00	-1.104020e+02
2.450000e-06	-6.439018e-07	-1.561053e-09	-4.894589e+00	-1.094860e+02
2.460000e-06	-6.337951e-07	-1.548777e-09	-4.817763e+00	-1.085823e+02
2.470000e-06	-6.236849e-07	-1.532374e-09	-4.740911e+00	-1.076907e+02
2.480000e-06	-6.135714e-07	-1.512624e-09	-4.664034e+00	-1.068111e+02
2.490000e-06	-6.034467e-07	-1.494189e-09	-4.587071e+00	-1.059431e+02
2.500000e-06	-5.933076e-07	-1.481897e-09	-4.510000e+00	-1.050861e+02
2.510000e-06	-5.831541e-07	-1.472722e-09	-4.432818e+00	-1.042392e+02
2.520000e-06	-5.729849e-07	-1.465067e-09	-4.355517e+00	-1.034015e+02
2.530000e-06	-5.627851e-07	-1.456552e-09	-4.277984e+00	-1.025722e+02
2.540000e-06	-5.525629e-07	-1.448107e-09	-4.200280e+00	-1.017501e+02
2.550000e-06	-5.423324e-07	-1.440357e-09	-4.122514e+00	-1.009343e+02
2.560000e-06	-5.320973e-07	-1.428403e-09	-4.044712e+00	-1.001237e+02
2.570000e-06	-5.218545e-07	-1.414853e-09	-3.966852e+00	-9.931743e+01
2.580000e-06	-5.115941e-07	-1.400241e-09	-3.888858e+00	-9.851443e+01
2.590000e-06	-5.013316e-07	-1.385543e-09	-3.810848e+00	-9.771383e+01
2.600000e-06	-4.910576e-07	-1.373470e-09	-3.732751e+00	-9.691476e+01
2.610000e-06	-4.807637e-07	-1.359861e-09	-3.654502e+00	-9.611640e+01
2.620000e-06	-4.704534e-07	-1.344341e-09	-3.576129e+00	-9.531795e+01
2.630000e-06	-4.601276e-07	-1.329262e-09	-3.497638e+00	-9.451863e+01
2.640000e-06	-4.497921e-07	-1.321702e-09	-3.419074e+00	-9.371766e+01
2.650000e-06	-4.394428e-07	-1.319066e-09	-3.340403e+00	-9.291427e+01
2.660000e-06	-4.290798e-07	-1.313063e-09	-3.261629e+00	-9.210765e+01
2.670000e-06	-4.186961e-07	-1.303468e-09	-3.182698e+00	-9.129698e+01
2.680000e-06	-4.083029e-07	-1.291014e-09	-3.103695e+00	-9.048138e+01
2.690000e-06	-3.979074e-07	-1.274178e-09	-3.024674e+00	-8.965999e+01
2.700000e-06	-3.874817e-07	-1.256015e-09	-2.945424e+00	-8.883187e+01
2.710000e-06	-3.770417e-07	-1.239785e-09	-2.866064e+00	-8.799609e+01
2.720000e-06	-3.666057e-07	-1.227364e-09	-2.786736e+00	-8.715172e+01
2.730000e-06	-3.561607e-07	-1.222655e-09	-2.707339e+00	-8.629781e+01
2.740000e-06	-3.457158e-07	-1.221624e-09	-2.627942e+00	-8.543348e+01
2.750000e-06	-3.352660e-07	-1.217235e-09	-2.548509e+00	-8.455786e+01
2.760000e-06	-3.248123e-07	-1.203892e-09	-2.469045e+00	-8.367016e+01
2.770000e-06	-3.143498e-07	-1.182305e-09	-2.389515e+00	-8.276969e+01
2.780000e-06	-3.038793e-07	-1.158303e-09	-2.309924e+00	-8.185585e+01
2.790000e-06	-2.934028e-07	-1.137526e-09	-2.230287e+00	-8.092816e+01
2.800000e-06	-2.829229e-07	-1.120328e-09	-2.150625e+00	-7.998626e+01
2.810000e-06	-2.724431e-07	-1.108361e-09	-2.070963e+00	-7.902993e+01
2.820000e-06	-2.619547e-07	-1.102682e-09	-1.991236e+00	-7.805910e+01
2.830000e-06	-2.514609e-07	-1.098645e-09	-1.911468e+00	-7.707379e+01
2.840000e-06	-2.409621e-07	-1.089710e-09	-1.831662e+00	-7.607419e+01
2.850000e-06	-2.304669e-07	-1.073335e-09	-1.751883e+00	-7.506058e+01
2.860000e-06	-2.199736e-07	-1.053665e-09	-1.672118e+00	-7.403335e+01
2.870000e-06	-2.094800e-07	-1.034487e-09	-1.592352e+00	-7.299298e+01
2.880000e-06	-1.989840e-07	-1.017609e-09	-1.512567e+00	-7.194001e+01
2.890000e-06	-1.884748e-07	-9.989640e-10	-1.432682e+00	-7.087507e+01
2.900000e-06	-1.779602e-07	-9.794337e-10	-1.352756e+00	-6.979881e+01
2.910000e-06	-1.674450e-07	-9.642196e-10	-1.272825e+00	-6.871194e+01
2.920000e-06	-1.569272e-07	-9.514099e-10	-1.192874e+00	-6.761519e+01
2.930000e-06	-1.464052e-07	-9.388627e-10	-1.112892e+00	-6.650931e+01
2.940000e-06	-1.358825e-07	-9.255475e-10	-1.032904e+00	-6.539510e+01
2.950000e-06	-1.253593e-07	-9.118512e-10	-9.529126e-01	-6.427337e+01
2.960000e-06	-1.148309e-07	-8.968549e-10	-8.728819e-01	-6.314495e+01
2.970000e-06	-1.043009e-07	-8.756046e-10	-7.928387e-01	-6.201072e+01
2.980000e-06	-9.377930e-08	-8.506844e-10	-7.128589e-01	-6.087159e+01
2.990000e-06	-8.326125e-08	-8.321460e-10	-6.329064e-01	-5.972854e+01
3.000000e-06	-7.273916e-08	-8.189651e-10	-5.529232e-01	-5.858258e+01
3.010000e-06	-6.221434e-08	-8.061130e-10	-4.729194e-01	-5.743477e+01
3.020000e-06	-5.167972e-08	-7.930739e-10	-3.928409e-01	-5.628621e+01
3.030000e-06	-4.114642e-08	-7.792069e-10	-3.127726e-01	-5.513808e+01
3.040000e-06	-3.061944e-08	-7.645141e-10	-2.327522e-01	-5.399156e+01
3.050000e-06	-2.008529e-08	-7.477746e-10	-1.526774e-01	-5.284785e+01
3.060000e-06	-9.548896e-09	-7.288621e-10	-7.258548e-02	-5.170817e+01
3.070000e-06	9.860201e-10	-7.096633e-10	7.495185e-03	-5.057368e+01
3.080000e-06	1.152116e-08	-6.933754e-10	8.757751e-02	-4.944553e+01
3.090000e-06	2.205329e-08	-6.788665e-10	1.676370e-01	-4.832475e+01
3.100000e-06	3.258177e-08	-6.656198e-10	2.476688e-01	-4.721230e+01
3.110000e-06	4.310959e-08	-6.514144e-10	3.276955e-01	-4.610898e+01
3.120000e-06	5.363253e-08	-6.367681e-10	4.076851e-01	-4.501545e+01
3.130000e-06	6.415320e-08	-6.251441e-10	4.876575e-01	-4.393216e+01
3.140000e-06	7.468392e-08	-6.127189e-10	5.677062e-01	-4.285938e+01
3.150000e-06	8.521720e-08	-5.991686e-10	6.477745e-01	-4.179717e+01
3.160000e-06	9.574005e-08	-5.861672e-10	7.277634e-01	-4.074537e+01
3.170000e-06	1.062725e-07	-5.736077e-10	8.078254e-01	-3.970362e+01
3.180000e-06	1.168061e-07	-5.591195e-10	8.878962e-01	-3.867136e+01
3.190000e-06	1.273261e-07	-5.409503e-10	9.678632e-01	-3.764785e+01
3.200000e-06	1.378415e-07	-5.256949e-10	1.047796e+00	-3.663217e+01
3.210000e-06	1.483519e-07	-5.149808e-10	1.127690e+00	-3.562332e+01
3.220000e-06	1.588628e-07	-5.024849e-10	1.207588e+00	-3.462016e+01
3.230000e-06	1.693680e-07	-4.872469e-10	1.287442e+00	-3.362153e+01
3.240000e-06	1.798708e-07	-4.720671e-10	1.367279e+00	-3.262621e+01
3.250000e-06	1.903722e-07	-4.580649e-10	1.447105e+00	-3.163303e+01
3.260000e-06	2.008672e-07	-4.425823e-10	1.526882e+00	-3.064084e+01
3.270000e-06	2.113608e-07	-4.256095e-10	1.606649e+00	-2.964858e+01
3.280000e-06	2.218499e-07	-4.090369e-10	1.686381e+00	-2.865525e+01
3.290000e-06	2.323390e-07	-3.961016e-10	1.766114e+00	-2.766000e+01
3.300000e-06	2.428271e-07	-3.845477e-10	1.845838e+00	-2.666207e+01
3.310000e-06	2.533019e-07	-3.702770e-10	1.925463e+00	-2.566082e+01
3.320000e-06	2.637702e-07	-3.539193e-10	2.005036e+00	-2.465573e+01
3.330000e-06	2.742374e-07	-3.369634e-10	2.084602e+00	-2.364636e+01
3.340000e-06	2.847029e-07	-3.217843e-10	2.164156e+00	-2.263239e+01
3.350000e-06	2.951655e-07	-3.071344e-10	2.243687e+00	-2.161352e+01
3.360000e-06	3.056137e-07	-2.910630e-10	2.323108e+00	-2.058951e+01
3.370000e-06	3.160623e-07	-2.748573e-10	2.402533e+00	-1.956014e+01
3.380000e-06	3.265124e-07	-2.598797e-10	2.481968e+00	-1.852517e+01
3.390000e-06	3.369328e-07	-2.448515e-10	2.561179e+00	-1.748434e+01
3.400000e-06	3.473392e-07	-2.281012e-10	2.640282e+00	-1.643738e+01
3.410000e-06	3.577528e-07	-2.101974e-10	2.719441e+00	-1.538393e+01
3.420000e-06	3.681665e-07	-1.936302e-10	2.798600e+00	-1.432361e+01
3.430000e-06	3.785767e-07	-1.772889e-10	2.877732e+00	-1.325600e+01
3.440000e-06	3.889738e-07	-1.610312e-10	2.956766e+00	-1.218062e+01
3.450000e-06	3.993478e-07	-1.467824e-10	3.035623e+00	-1.109698e+01
3.460000e-06	4.097106e-07	-1.318450e-10	3.114396e+00	-1.000462e+01
3.470000e-06	4.200625e-07	-1.154529e-10	3.193085e+00	-8.903067e+00
3.480000e-06	4.304058e-07	-9.696781e-11	3.271709e+00	-7.791916e+00
3.490000e-06	4.407400e-07	-7.814797e-11	3.350264e+00	-6.670839e+00
3.500000e-06	4.510557e-07	-6.128338e-11	3.428679e+00	-5.539607e+00
3.510000e-06	4.613670e-07	-4.266502e-11	3.507059e+00	-4.398115e+00
3.520000e-06	4.716748e-07	-2.187690e-11	3.585413e+00	-3.246395e+00
3.530000e-06	4.819633e-07	-1.076856e-12	3.663621e+00	-2.084629e+00
3.540000e-06	4.922392e-07	1.738674e-11	3.741733e+00	-9.131537e-01
3.550000e-06	5.024992e-07	3.252870e-11	3.819724e+00	2.675447e-01
3.560000e-06	5.127391e-07	4.840471e-11	3.897562e+00	1.456840e+00
3.570000e-06	5.229679e-07	6.693620e-11	3.975316e+00	2.653981e+00
3.580000e-06	5.331876e-07	8.803261e-11	4.053000e+00	3.858119e+00
3.590000e-06	5.433947e-07	1.090434e-10	4.130589e+00	5.068326e+00
3.600000e-06	5.535842e-07	1.282681e-10	4.208044e+00	6.283634e+00
3.610000e-06	5.637656e-07	1.470621e-10	4.285437e+00	7.503058e+00
3.620000e-06	5.739383e-07	1.662157e-10	4.362765e+00	8.725629e+00
3.630000e-06	5.840897e-07	1.838814e-10	4.439930e+00	9.950420e+00
3.640000e-06	5.942208e-07	1.981788e-10	4.516941e+00	1.117657e+01
3.650000e-06	6.043472e-07	2.132202e-10	4.593916e+00	1.240330e+01
3.660000e-06	6.144630e-07	2.332113e-10	4.670811e+00	1.362993e+01
3.670000e-06	6.245647e-07	2.555597e-10	4.747599e+00	1.485585e+01
3.680000e-06	6.346592e-07	2.744381e-10	4.824331e+00	1.608058e+01
3.690000e-06	6.447432e-07	2.903695e-10	4.900985e+00	1.730369e+01
3.700000e-06	6.548152e-07	3.078203e-10	4.977546e+00	1.852481e+01
3.710000e-06	6.648820e-07	3.265440e-10	5.054069e+00	1.974364e+01
3.720000e-06	6.749376e-07	3.461110e-10	5.130506e+00	2.095985e+01
3.730000e-06	6.849744e-07	3.639394e-10	5.206800e+00	2.217313e+01
3.740000e-06	6.949809e-07	3.809179e-10	5.282864e+00	2.338314e+01
3.750000e-06	7.049641e-07	4.006722e-10	5.358751e+00	2.458944e+01
3.760000e-06	7.149273e-07	4.200542e-10	5.434485e+00	2.579155e+01
3.770000e-06	7.248466e-07	4.332972e-10	5.509887e+00	2.698890e+01
3.780000e-06	7.347389e-07	4.450700e-10	5.585083e+00	2.818083e+01
3.790000e-06	7.446129e-07	4.636428e-10	5.660140e+00	2.936660e+01
3.800000e-06	7.544498e-07	4.852133e-10	5.734914e+00	3.054541e+01
3.810000e-06	7.642488e-07	5.053684e-10	5.809401e+00	3.171644e+01
3.820000e-06	7.740221e-07	5.239273e-10	5.883692e+00	3.287886e+01
3.830000e-06	7.837880e-07	5.404985e-10	5.957927e+00	3.403190e+01
3.840000e-06	7.935440e-07	5.552986e-10	6.032087e+00	3.517487e+01
3.850000e-06	8.032720e-07	5.682609e-10	6.106034e+00	3.630723e+01
3.860000e-06	8.129729e-07	5.791296e-10	6.179774e+00	3.742864e+01
3.870000e-06	8.226554e-07	5.917581e-10	6.253376e+00	3.853897e+01
3.880000e-06	8.323171e-07	6.074848e-10	6.326819e+00	3.963839e+01
3.890000e-06	8.419653e-07	6.239852e-10	6.400159e+00	4.072738e+01
3.900000e-06	8.515952e-07	6.408070e-10	6.473360e+00	4.180673e+01
3.910000e-06	8.612005e-07	6.556482e-10	6.546375e+00	4.287756e+01
3.920000e-06	8.707895e-07	6.687266e-10	6.619265e+00	4.394132e+01
3.930000e-06	8.803544e-07	6.825774e-10	6.691972e+00	4.499978e+01
3.940000e-06	8.899103e-07	6.979073e-10	6.764611e+00	4.605494e+01
3.950000e-06	8.994528e-07	7.136191e-10	6.837148e+00	4.710903e+01
3.960000e-06	9.089640e-07	7.298147e-10	6.909446e+00	4.816442e+01
3.970000e-06	9.184414e-07	7.485384e-10	6.981489e+00	4.922358e+01
3.980000e-06	9.278911e-07	7.662546e-10	7.053320e+00	5.028894e+01
3.990000e-06	9.373154e-07	7.822871e-10	7.124958e+00	5.136288e+01
4.000000e-06	9.467114e-07	7.978078e-10	7.196381e+00	5.244761e+01
4.010000e-06	9.560921e-07	8.120094e-10	7.267689e+00	5.354508e+01
4.020000e-06	9.654563e-07	8.272305e-10	7.338870e+00	5.465696e+01
4.030000e-06	9.747990e-07	8.427620e-10	7.409888e+00	5.578454e+01
4.040000e-06	9.841215e-07	8.598830e-10	7.480753e+00	5.692871e+01
4.050000e-06	9.934243e-07	8.782699e-10	7.551468e+00	5.808990e+01
4.060000e-06	1.002706e-06	8.958661e-10	7.622021e+00	5.926811e+01
4.070000e-06	1.011967e-06	9.154279e-10	7.692417e+00	6.046292e+01
4.080000e-06	1.021203e-06	9.325115e-10	7.762623e+00	6.167347e+01
4.090000e-06	1.030415e-06	9.464282e-10	7.832648e+00	6.289854e+01
4.100000e-06	1.039610e-06	9.632649e-10	7.902549e+00	6.413658e+01
4.110000e-06	1.048769e-06	9.825346e-10	7.972171e+00	6.538581e+01
4.120000e-06	1.057865e-06	1.000927e-09	8.041310e+00	6.664427e+01
4.130000e-06	1.066906e-06	1.019370e-09	8.110033e+00	6.790992e+01
4.140000e-06	1.075899e-06	1.040864e-09	8.178396e+00	6.918068e+01
4.150000e-06	1.084860e-06	1.062592e-09	8.246512e+00	7.045457e+01
4.160000e-06	1.093801e-06	1.078301e-09	8.314475e+00	7.172975e+01
4.170000e-06	1.102727e-06	1.089520e-09	8.382324e+00	7.300458e+01
4.180000e-06	1.111632e-06	1.103785e-09	8.450019e+00	7.427767e+01
4.190000e-06	1.120506e-06	1.125203e-09	8.517475e+00	7.554795e+01
4.200000e-06	1.129357e-06	1.148256e-09	8.584754e+00	7.681463e+01
4.210000e-06	1.138179e-06	1.166727e-09	8.651816e+00	7.807726e+01
4.220000e-06	1.146978e-06	1.183262e-09	8.718702e+00	7.933572e+01
4.230000e-06	1.155754e-06	1.201342e-09	8.785407e+00	8.059012e+01
4.240000e-06	1.164509e-06	1.219453e-09	8.851957e+00	8.184087e+01
4.250000e-06	1.173238e-06	1.235710e-09	8.918316e+00	8.308854e+01
4.260000e-06	1.181931e-06	1.252101e-09	8.984391e+00	8.433383e+01
4.270000e-06	1.190597e-06	1.271328e-09	9.050266e+00	8.557753e+01
4.280000e-06	1.199242e-06	1.294276e-09	9.115981e+00	8.682043e+01
4.290000e-06	1.207847e-06	1.314950e-09	9.181393e+00	8.806326e+01
4.300000e-06	1.216417e-06	1.330546e-09	9.246534e+00	8.930664e+01
4.310000e-06	1.224969e-06	1.346703e-09	9.311541e+00	9.055101e+01
4.320000e-06	1.233505e-06	1.364922e-09	9.376428e+00	9.179664e+01
4.330000e-06	1.242015e-06	1.383621e-09	9.441120e+00	9.304352e+01
4.340000e-06	1.250488e-06	1.400014e-09	9.505524e+00	9.429141e+01
4.350000e-06	1.258943e-06	1.416989e-09	9.569792e+00	9.553980e+01
4.360000e-06	1.267372e-06	1.434832e-09	9.633867e+00	9.678794e+01
4.370000e-06	1.275769e-06	1.451433e-09	9.697695e+00	9.803482e+01
4.380000e-06	1.284129e-06	1.465039e-09	9.761242e+00	9.927926e+01
4.390000e-06	1.292446e-06	1.477131e-09	9.824467e+00	1.005199e+02
4.400000e-06	1.300732e-06	1.495470e-09	9.887451e+00	1.017552e+02
4.410000e-06	1.308979e-06	1.520962e-09	9.950139e+00	1.029836e+02
4.420000e-06	1.317197e-06	1.546063e-09	1.001261e+01	1.042036e+02
4.430000e-06	1.325392e-06	1.561876e-09	1.007491e+01	1.054135e+02
4.440000e-06	1.333558e-06	1.572287e-09	1.013698e+01	1.066118e+02
4.450000e-06	1.341680e-06	1.583503e-09	1.019872e+01	1.077972e+02
4.460000e-06	1.349754e-06	1.594247e-09	1.026009e+01	1.089684e+02
4.470000e-06	1.357791e-06	1.609091e-09	1.032119e+01	1.101242e+02
4.480000e-06	1.365805e-06	1.630273e-09	1.038210e+01	1.112639e+02
4.490000e-06	1.373785e-06	1.657109e-09	1.044276e+01	1.123867e+02
4.500000e-06	1.381724e-06	1.680535e-09	1.050311e+01	1.134922e+02
4.510000e-06	1.389628e-06	1.695733e-09	1.056319e+01	1.145802e+02
4.520000e-06	1.397490e-06	1.705626e-09	1.062295e+01	1.156508e+02
4.530000e-06	1.405317e-06	1.711812e-09	1.068245e+01	1.167040e+02
4.540000e-06	1.413107e-06	1.722254e-09	1.074166e+01	1.177405e+02
4.550000e-06	1.420852e-06	1.737414e-09	1.080054e+01	1.187608e+02
4.560000e-06	1.428565e-06	1.753376e-09	1.085917e+01	1.197657e+02
4.570000e-06	1.436241e-06	1.766893e-09	1.091751e+01	1.207564e+02
4.580000e-06	1.443864e-06	1.781414e-09	1.097547e+01	1.217339e+02
4.590000e-06	1.451448e-06	1.798761e-09	1.103312e+01	1.226996e+02
4.600000e-06	1.458998e-06	1.814779e-09	1.109050e+01	1.236549e+02
4.610000e-06	1.466499e-06	1.828373e-09	1.114752e+01	1.246013e+02
4.620000e-06	1.473943e-06	1.841381e-09	1.120411e+01	1.255405e+02
4.630000e-06	1.481339e-06	1.857657e-09	1.126033e+01	1.264741e+02
4.640000e-06	1.488696e-06	1.873033e-09	1.131625e+01	1.274040e+02
4.650000e-06	1.496009e-06	1.885556e-09	1.137184e+01	1.283319e+02
4.660000e-06	1.503280e-06	1.898251e-09	1.142711e+01	1.292595e+02
4.670000e-06	1.510525e-06	1.912109e-09	1.148218e+01	1.301887e+02
4.680000e-06	1.517745e-06	1.928378e-09	1.153707e+01	1.311210e+02
4.690000e-06	1.524934e-06	1.945049e-09	1.159172e+01	1.320580e+02
4.700000e-06	1.532086e-06	1.962553e-09	1.164608e+01	1.330013e+02
4.710000e-06	1.539190e-06	1.979604e-09	1.170008e+01	1.339520e+02
4.720000e-06	1.546246e-06	1.993966e-09	1.175371e+01	1.349112e+02
4.730000e-06	1.553273e-06	2.008625e-09	1.180713e+01	1.358798e+02
4.740000e-06	1.560266e-06	2.026638e-09	1.186028e+01	1.368584e+02
4.750000e-06	1.567217e-06	2.045938e-09	1.191312e+01	1.378472e+02
4.760000e-06	1.574134e-06	2.060357e-09	1.196570e+01	1.388462e+02
4.770000e-06	1.581016e-06	2.073156e-09	1.201802e+01	1.398551e+02
4.780000e-06	1.587868e-06	2.087218e-09	1.207011e+01	1.408733e+02
4.790000e-06	1.594673e-06	2.100436e-09	1.212183e+01	1.419000e+02
4.800000e-06	1.601416e-06	2.113970e-09	1.217308e+01	1.429338e+02
4.810000e-06	1.608115e-06	2.128984e-09	1.222401e+01	1.439736e+02
4.820000e-06	1.614779e-06	2.146352e-09	1.227467e+01	1.450177e+02
4.830000e-06	1.621391e-06	2.164213e-09	1.232492e+01	1.460644e+02
4.840000e-06	1.627945e-06	2.180663e-09	1.237474e+01	1.471119e+02
4.850000e-06	1.634461e-06	2.195099e-09	1.242428e+01	1.481586e+02
4.860000e-06	1.640932e-06	2.209750e-09	1.247347e+01	1.492026e+02
4.870000e-06	1.647364e-06	2.226010e-09	1.252236e+01	1.502423e+02
4.880000e-06	1.653768e-06	2.241525e-09	1.257104e+01	1.512763e+02
4.890000e-06	1.660139e-06	2.255543e-09	1.261947e+01	1.523032e+02
4.900000e-06	1.666470e-06	2.268773e-09	1.266760e+01	1.533221e+02
4.910000e-06	1.672745e-06	2.283570e-09	1.271529e+01	1.543321e+02
4.920000e-06	1.678976e-06	2.301631e-09	1.276265e+01	1.553326e+02
4.930000e-06	1.685184e-06	2.320860e-09	1.280985e+01	1.563234e+02
4.940000e-06	1.691364e-06	2.337191e-09	1.285683e+01	1.573045e+02
4.950000e-06	1.697510e-06	2.352111e-09	1.290354e+01	1.582760e+02
4.960000e-06	1.703611e-06	2.367545e-09	1.294992e+01	1.592381e+02
4.970000e-06	1.709661e-06	2.380414e-09	1.299590e+01	1.601914e+02
4.980000e-06	1.715668e-06	2.391634e-09	1.304157e+01	1.611362e+02
4.990000e-06	1.721635e-06	2.403917e-09	1.308693e+01	1.620730e+02
5.000000e-06	1.727549e-06	2.419884e-09	1.313188e+01	1.630021e+02
5.010000e-06	1.733400e-06	2.436140e-09	1.317636e+01	1.639237e+02
5.020000e-06	1.739190e-06	2.451153e-09	1.322037e+01	1.648378e+02
5.030000e-06	1.744927e-06	2.466667e-09	1.326398e+01	1.657441e+02
5.040000e-06	1.750629e-06	2.482363e-09	1.330732e+01	1.666421e+02
5.050000e-06	1.756300e-06	2.496097e-09	1.335043e+01	1.675309e+02
5.060000e-06	1.761937e-06	2.506966e-09	1.339328e+01	1.684095e+02
5.070000e-06	1.767536e-06	2.515080e-09	1.343584e+01	1.692766e+02
5.080000e-06	1.773091e-06	2.523919e-09	1.347806e+01	1.701304e+02
5.090000e-06	1.778591e-06	2.537845e-09	1.351987e+01	1.709692e+02
5.100000e-06	1.784040e-06	2.550769e-09	1.356130e+01	1.717913e+02
5.110000e-06	1.789453e-06	2.561388e-09	1.360244e+01	1.725945e+02
5.120000e-06	1.794822e-06	2.573336e-09	1.364325e+01	1.733772e+02
5.130000e-06	1.800134e-06	2.586654e-09	1.368363e+01	1.741375e+02
5.140000e-06	1.805399e-06	2.598516e-09	1.372365e+01	1.748739e+02
5.150000e-06	1.810596e-06	2.607446e-09	1.376316e+01	1.755851e+02
5.160000e-06	1.815718e-06	2.617181e-09	1.380210e+01	1.762704e+02
5.170000e-06	1.820782e-06	2.631346e-09	1.384059e+01	1.769293e+02
5.180000e-06	1.825794e-06	2.645722e-09	1.387869e+01	1.775617e+02
5.190000e-06	1.830761e-06	2.652617e-09	1.391644e+01	1.781681e+02
5.200000e-06	1.835665e-06	2.657339e-09	1.395372e+01	1.787495e+02
5.210000e-06	1.840519e-06	2.663478e-09	1.399062e+01	1.793073e+02
5.220000e-06	1.845342e-06	2.670974e-09	1.402728e+01	1.798432e+02
5.230000e-06	1.850117e-06	2.681151e-09	1.406358e+01	1.803596e+02
5.240000e-06	1.854838e-06	2.689862e-09	1.409946e+01	1.808588e+02
5.250000e-06	1.859519e-06	2.699959e-09	1.413504e+01	1.813436e+02
5.260000e-06	1.864159e-06	2.710509e-09	1.417032e+01	1.818169e+02
5.270000e-06	1.868755e-06	2.719437e-09	1.420526e+01	1.822815e+02
5.280000e-06	1.873304e-06	2.726371e-09	1.423983e+01	1.827403e+02
5.290000e-06	1.877819e-06	2.729420e-09	1.427415e+01	1.831961e+02
5.300000e-06	1.882290e-06	2.734228e-09	1.430814e+01	1.836512e+02
5.310000e-06	1.886702e-06	2.742643e-09	1.434167e+01	1.841080e+02
5.320000e-06	1.891068e-06	2.750745e-09	1.437486e+01	1.845683e+02
5.330000e-06	1.895378e-06	2.757486e-09	1.440763e+01	1.850337e+02
5.340000e-06	1.899632e-06	2.764253e-09	1.443996e+01	1.855054e+02
5.350000e-06	1.903839e-06	2.773728e-09	1.447194e+01	1.859841e+02
5.360000e-06	1.907996e-06	2.782401e-09	1.450354e+01	1.864704e+02
5.370000e-06	1.912093e-06	2.791692e-09	1.453468e+01	1.869642e+02
5.380000e-06	1.916146e-06	2.803042e-09	1.456549e+01	1.874654e+02
5.390000e-06	1.920167e-06	2.811649e-09	1.459606e+01	1.879736e+02
5.400000e-06	1.924137e-06	2.820481e-09	1.462624e+01	1.884882e+02
5.410000e-06	1.928047e-06	2.826810e-09	1.465595e+01	1.890085e+02
5.420000e-06	1.931915e-06	2.832954e-09	1.468536e+01	1.895337e+02
5.430000e-06	1.935751e-06	2.840164e-09	1.471452e+01	1.900631e+02
5.440000e-06	1.939549e-06	2.847235e-09	1.474339e+01	1.905960e+02
5.450000e-06	1.943307e-06	2.858271e-09	1.477196e+01	1.911316e+02
5.460000e-06	1.947010e-06	2.871166e-09	1.480011e+01	1.916695e+02
5.470000e-06	1.950658e-06	2.883429e-09	1.482783e+01	1.922093e+02
5.480000e-06	1.954264e-06	2.892455e-09	1.485524e+01	1.927505e+02
5.490000e-06	1.957818e-06	2.897828e-09	1.488226e+01	1.932930e+02
5.500000e-06	1.961306e-06	2.901329e-09	1.490878e+01	1.938365e+02
5.510000e-06	1.964743e-06	2.907273e-09	1.493490e+01	1.943810e+02
5.520000e-06	1.968125e-06	2.916446e-09	1.496061e+01	1.949263e+02
5.530000e-06	1.971451e-06	2.928719e-09	1.498589e+01	1.954722e+02
5.540000e-06	1.974722e-06	2.942082e-09	1.501075e+01	1.960184e+02
5.550000e-06	1.977941e-06	2.952968e-09	1.503522e+01	1.965645e+02
5.560000e-06	1.981109e-06	2.963662e-09	1.505931e+01	1.971098e+02
5.570000e-06	1.984234e-06	2.976097e-09	1.508306e+01	1.976537e+02
5.580000e-06	1.987312e-06	2.987490e-09	1.510646e+01	1.981952e+02
5.590000e-06	1.990337e-06	2.997232e-09	1.512945e+01	1.987331e+02
5.600000e-06	1.993329e-06	3.005202e-09	1.515219e+01	1.992660e+02
5.610000e-06	1.996288e-06	3.009603e-09	1.517469e+01	1.997926e+02
5.620000e-06	1.999212e-06	3.016400e-09	1.519691e+01	2.003110e+02
5.630000e-06	2.002081e-06	3.025788e-09	1.521872e+01	2.008198e+02
5.640000e-06	2.004907e-06	3.033685e-09	1.524020e+01	2.013171e+02
5.650000e-06	2.007686e-06	3.043313e-09	1.526133e+01	2.018014e+02
5.660000e-06	2.010401e-06	3.056134e-09	1.528197e+01	2.022711e+02
5.670000e-06	2.013047e-06	3.068084e-09	1.530208e+01	2.027248e+02
5.680000e-06	2.015622e-06	3.074059e-09	1.532166e+01	2.031614e+02
5.690000e-06	2.018129e-06	3.075279e-09	1.534071e+01	2.035800e+02
5.700000e-06	2.020586e-06	3.077025e-09	1.535939e+01	2.039800e+02
5.710000e-06	2.023000e-06	3.082729e-09	1.537774e+01	2.043611e+02
5.720000e-06	2.025364e-06	3.090154e-09	1.539571e+01	2.047234e+02
5.730000e-06	2.027671e-06	3.095936e-09	1.541324e+01	2.050674e+02
5.740000e-06	2.029921e-06	3.101455e-09	1.543035e+01	2.053936e+02
5.750000e-06	2.032131e-06	3.107748e-09	1.544715e+01	2.057032e+02
5.760000e-06	2.034299e-06	3.113539e-09	1.546363e+01	2.059972e+02
5.770000e-06	2.036415e-06	3.117933e-09	1.547971e+01	2.062771e+02
5.780000e-06	2.038498e-06	3.123249e-09	1.549554e+01	2.065443e+02
5.790000e-06	2.040541e-06	3.130750e-09	1.551107e+01	2.068004e+02
5.800000e-06	2.042524e-06	3.136933e-09	1.552615e+01	2.070469e+02
5.810000e-06	2.044469e-06	3.138948e-09	1.554093e+01	2.072852e+02
5.820000e-06	2.046358e-06	3.137574e-09	1.555529e+01	2.075167e+02
5.830000e-06	2.048186e-06	3.138212e-09	1.556919e+01	2.077424e+02
5.840000e-06	2.049973e-06	3.143849e-09	1.558277e+01	2.079633e+02
5.850000e-06	2.051707e-06	3.153323e-09	1.559595e+01	2.081800e+02
5.860000e-06	2.053374e-06	3.166644e-09	1.560863e+01	2.083930e+02
5.870000e-06	2.054985e-06	3.174872e-09	1.562087e+01	2.086025e+02
5.880000e-06	2.056548e-06	3.176730e-09	1.563275e+01	2.088086e+02
5.890000e-06	2.058046e-06	3.176181e-09	1.564414e+01	2.090109e+02
5.900000e-06	2.059479e-06	3.173201e-09	1.565503e+01	2.092092e+02
5.910000e-06	2.060868e-06	3.170743e-09	1.566559e+01	2.094031e+02
5.920000e-06	2.062205e-06	3.170901e-09	1.567575e+01	2.095921e+02
5.930000e-06	2.063486e-06	3.179114e-09	1.568549e+01	2.097757e+02
5.940000e-06	2.064707e-06	3.191417e-09	1.569477e+01	2.099536e+02
5.950000e-06	2.065852e-06	3.202350e-09	1.570348e+01	2.101254e+02
5.960000e-06	2.066930e-06	3.207579e-09	1.571167e+01	2.102910e+02
5.970000e-06	2.067937e-06	3.206641e-09	1.571933e+01	2.104505e+02
5.980000e-06	2.068888e-06	3.204464e-09	1.572655e+01	2.106042e+02
5.990000e-06	2.069791e-06	3.206027e-09	1.573342e+01	2.107524e+02
6.000000e-06	2.070646e-06	3.211927e-09	1.573992e+01	2.108960e+02
6.010000e-06	2.071461e-06	3.217283e-09	1.574611e+01	2.110358e+02
6.020000e-06	2.072233e-06	3.235070e-09	1.575198e+01	2.111730e+02
6.030000e-06	2.072946e-06	3.267690e-09	1.575740e+01	2.113086e+02
6.040000e-06	2.073597e-06	3.238940e-09	1.576235e+01	2.114440e+02
6.050000e-06	2.074196e-06	3.149448e-09	1.576690e+01	2.115806e+02
6.060000e-06	2.074762e-06	3.102826e-09	1.577120e+01	2.117198e+02
6.070000e-06	2.075282e-06	3.268165e-09	1.577516e+01	2.118628e+02
6.080000e-06	2.075725e-06	3.377398e-09	1.577852e+01	2.120110e+02
6.090000e-06	2.076112e-06	3.304013e-09	1.578146e+01	2.121653e+02
6.100000e-06	2.076465e-06	3.197032e-09	1.578415e+01	2.123268e+02
6.110000e-06	2.076751e-06	3.208791e-09	1.578632e+01	2.124960e+02
6.120000e-06	2.076955e-06	3.326519e-09	1.578787e+01	2.126735e+02
6.130000e-06	2.077109e-06	3.188965e-09	1.578904e+01	2.128594e+02
6.140000e-06	2.077227e-06	3.160450e-09	1.578994e+01	2.130537e+02
6.150000e-06	2.077297e-06	3.238891e-09	1.579047e+01	2.132559e+02
6.160000e-06	2.077310e-06	3.302692e-09	1.579057e+01	2.134656e+02
6.170000e-06	2.077305e-06	3.398511e-09	1.579053e+01	2.136820e+02
6.180000e-06	2.077254e-06	3.293995e-09	1.579015e+01	2.139040e+02
6.190000e-06	2.077133e-06	3.312478e-09	1.578923e+01	2.141303e+02
6.200000e-06	2.076961e-06	3.249602e-09	1.578792e+01	2.143597e+02
6.210000e-06	2.076756e-06	3.191792e-09	1.578636e+01	2.145906e+02
6.220000e-06	2.076507e-06	3.260110e-09	1.578447e+01	2.148215e+02
6.230000e-06	2.076163e-06	3.299134e-09	1.578186e+01	2.150507e+02
6.240000e-06	2.075743e-06	3.397022e-09	1.577866e+01	2.152764e+02
6.250000e-06	2.075277e-06	3.359472e-09	1.577512e+01	2.154969e+02
6.260000e-06	2.074766e-06	3.341470e-09	1.577124e+01	2.157106e+02
6.270000e-06	2.074178e-06	3.299243e-09	1.576676e+01	2.159156e+02
6.280000e-06	2.073521e-06	3.236230e-09	1.576177e+01	2.161103e+02
6.290000e-06	2.072832e-06	3.251911e-09	1.575653e+01	2.162932e+02
6.300000e-06	2.072111e-06	3.359977e-09	1.575105e+01	2.164625e+02
6.310000e-06	2.071349e-06	3.442702e-09	1.574526e+01	2.166170e+02
6.320000e-06	2.070525e-06	3.344168e-09	1.573899e+01	2.167550e+02
6.330000e-06	2.069662e-06	3.291730e-09	1.573244e+01	2.168754e+02
6.340000e-06	2.068754e-06	3.345034e-09	1.572554e+01	2.169770e+02
6.350000e-06	2.067764e-06	3.380502e-09	1.571801e+01	2.170587e+02
6.360000e-06	2.066728e-06	3.319120e-09	1.571014e+01	2.171197e+02
6.370000e-06	2.065672e-06	3.273405e-09	1.570211e+01	2.171593e+02
6.380000e-06	2.064550e-06	3.333783e-09	1.569358e+01	2.171769e+02
6.390000e-06	2.063333e-06	3.407918e-09	1.568433e+01	2.171722e+02
6.400000e-06	2.062047e-06	3.412212e-09	1.567456e+01	2.171451e+02
6.410000e-06	2.060701e-06	3.335464e-09	1.566432e+01	2.170958e+02
6.420000e-06	2.059304e-06	3.296498e-09	1.565370e+01	2.170246e+02
6.430000e-06	2.057839e-06	3.307006e-09	1.564257e+01	2.169321e+02
6.440000e-06	2.056303e-06	3.341324e-09	1.563089e+01	2.168193e+02
6.450000e-06	2.054732e-06	3.362674e-09	1.561895e+01	2.166871e+02
6.460000e-06	2.053123e-06	3.351710e-09	1.560672e+01	2.165370e+02
6.470000e-06	2.051464e-06	3.352339e-09	1.559410e+01	2.163704e+02
6.480000e-06	2.049740e-06	3.344200e-09	1.558100e+01	2.161890e+02
6.490000e-06	2.047968e-06	3.339882e-09	1.556753e+01	2.159946e+02
6.500000e-06	2.046161e-06	3.325444e-09	1.555380e+01	2.157890e+02
6.510000e-06	2.044305e-06	3.314010e-09	1.553969e+01	2.155742e+02
6.520000e-06	2.042384e-06	3.322968e-09	1.552508e+01	2.153521e+02
6.530000e-06	2.040411e-06	3.323063e-09	1.551009e+01	2.151245e+02
6.540000e-06	2.038388e-06	3.318073e-09	1.549471e+01	2.148932e+02
6.550000e-06	2.036300e-06	3.291937e-09	1.547884e+01	2.146599e+02
6.560000e-06	2.034146e-06	3.289391e-09	1.546246e+01	2.144260e+02
6.570000e-06	2.031918e-06	3.300380e-09	1.544553e+01	2.141928e+02
6.580000e-06	2.029633e-06	3.309412e-09	1.542816e+01	2.139613e+02
6.590000e-06	2.027310e-06	3.309161e-09	1.541050e+01	2.137323e+02
6.600000e-06	2.024945e-06	3.295698e-09	1.539253e+01	2.135065e+02
6.610000e-06	2.022532e-06	3.296598e-09	1.537418e+01	2.132842e+02
6.620000e-06	2.020062e-06	3.285885e-09	1.535541e+01	2.130657e+02
6.630000e-06	2.017540e-06	3.282309e-09	1.533623e+01	2.128510e+02
6.640000e-06	2.014970e-06	3.279596e-09	1.531670e+01	2.126399e+02
6.650000e-06	2.012360e-06	3.284604e-09	1.529686e+01	2.124323e+02
6.660000e-06	2.009709e-06	3.288694e-09	1.527671e+01	2.122279e+02
6.670000e-06	2.007001e-06	3.272669e-09	1.525612e+01	2.120265e+02
6.680000e-06	2.004240e-06	3.263987e-09	1.523514e+01	2.118278e+02
6.690000e-06	2.001420e-06	3.261741e-09	1.521370e+01	2.116317e+02
6.700000e-06	1.998539e-06	3.271930e-09	1.519180e+01	2.114380e+02
6.710000e-06	1.995599e-06	3.269544e-09	1.516945e+01	2.112469e+02
6.720000e-06	1.992597e-06	3.264865e-09	1.514663e+01	2.110584e+02
6.730000e-06	1.989531e-06	3.261861e-09	1.512333e+01	2.108729e+02
6.740000e-06	1.986409e-06	3.247449e-09	1.509959e+01	2.106908e+02
6.750000e-06	1.983253e-06	3.241009e-09	1.507560e+01	2.105125e+02
6.760000e-06	1.980051e-06	3.242220e-09	1.505126e+01	2.103387e+02
6.770000e-06	1.976797e-06	3.257166e-09	1.502652e+01	2.101700e+02
6.780000e-06	1.973489e-06	3.259892e-09	1.500138e+01	2.100069e+02
6.790000e-06	1.970130e-06	3.256247e-09	1.497585e+01	2.098502e+02
6.800000e-06	1.966738e-06	3.259100e-09	1.495007e+01	2.097003e+02
6.810000e-06	1.963316e-06	3.253455e-09	1.492405e+01	2.095574e+02
6.820000e-06	1.959833e-06	3.240450e-09	1.489758e+01	2.094218e+02
6.830000e-06	1.956288e-06	3.223581e-09	1.487063e+01	2.092935e+02
6.840000e-06	1.952702e-06	3.231477e-09	1.484337e+01	2.091720e+02
6.850000e-06	1.949056e-06	3.243979e-09	1.481566e+01	2.090569e+02
6.860000e-06	1.945352e-06	3.245593e-09	1.478750e+01	2.089471e+02
6.870000e-06	1.941602e-06	3.242614e-09	1.475899e+01	2.088416e+02
6.880000e-06	1.937777e-06	3.241013e-09	1.472992e+01	2.087388e+02
6.890000e-06	1.933888e-06	3.246348e-09	1.470036e+01	2.086370e+02
6.900000e-06	1.929960e-06	3.238294e-09	1.467050e+01	2.085343e+02
6.910000e-06	1.926002e-06	3.231234e-09	1.464041e+01	2.084284e+02
6.920000e-06	1.921998e-06	3.228282e-09	1.460998e+01	2.083172e+02
6.930000e-06	1.917944e-06	3.228594e-09	1.457916e+01	2.081981e+02
6.940000e-06	1.913838e-06	3.229781e-09	1.454795e+01	2.080687e+02
6.950000e-06	1.909680e-06	3.227927e-09	1.451634e+01	2.079267e+02
6.960000e-06	1.905490e-06	3.232412e-09	1.448449e+01	2.077696e+02
6.970000e-06	1.901267e-06	3.229499e-09	1.445239e+01	2.075953e+02
6.980000e-06	1.896997e-06	3.224652e-09	1.441993e+01	2.074018e+02
6.990000e-06	1.892677e-06	3.218183e-09	1.438710e+01	2.071873e+02
7.000000e-06	1.888313e-06	3.213159e-09	1.435392e+01	2.069504e+02
7.010000e-06	1.883909e-06	3.208349e-09	1.432044e+01	2.066899e+02
7.020000e-06	1.879462e-06	3.200854e-09	1.428664e+01	2.064050e+02
7.030000e-06	1.874968e-06	3.200479e-09	1.425248e+01	2.060952e+02
7.040000e-06	1.870423e-06	3.196127e-09	1.421793e+01	2.057604e+02
7.050000e-06	1.865822e-06	3.190263e-09	1.418295e+01	2.054007e+02
7.060000e-06	1.861168e-06	3.182626e-09	1.414758e+01	2.050168e+02
7.070000e-06	1.856477e-06	3.177352e-09	1.411192e+01	2.046095e+02
7.080000e-06	1.851740e-06	3.170821e-09	1.407591e+01	2.041799e+02
7.090000e-06	1.846945e-06	3.157211e-09	1.403946e+01	2.037294e+02
7.100000e-06	1.842103e-06	3.150083e-09	1.400266e+01	2.032597e+02
7.110000e-06	1.837196e-06	3.146663e-09	1.396536e+01	2.027725e+02
7.120000e-06	1.832225e-06	3.146346e-09	1.392757e+01	2.022698e+02
7.130000e-06	1.827209e-06	3.139322e-09	1.388944e+01	2.017535e+02
7.140000e-06	1.822152e-06	3.126231e-09	1.385100e+01	2.012257e+02
7.150000e-06	1.817035e-06	3.109751e-09	1.381211e+01	2.006886e+02
7.160000e-06	1.811861e-06	3.089892e-09	1.377277e+01	2.001443e+02
7.170000e-06	1.806636e-06	3.077871e-09	1.373306e+01	1.995947e+02
7.180000e-06	1.801344e-06	3.071760e-09	1.369283e+01	1.990419e+02
7.190000e-06	1.795991e-06	3.075601e-09	1.365214e+01	1.984877e+02
7.200000e-06	1.790581e-06	3.077976e-09	1.361101e+01	1.979339e+02
7.210000e-06	1.785109e-06	3.072521e-09	1.356942e+01	1.973822e+02
7.220000e-06	1.779598e-06	3.062086e-09	1.352753e+01	1.968339e+02
7.230000e-06	1.774059e-06	3.043952e-09	1.348543e+01	1.962905e+02
7.240000e-06	1.768481e-06	3.028504e-09	1.344303e+01	1.957530e+02
7.250000e-06	1.762853e-06	3.013547e-09	1.340024e+01	1.952226e+02
7.260000e-06	1.757186e-06	3.006197e-09	1.335716e+01	1.946999e+02
7.270000e-06	1.751482e-06	3.008190e-09	1.331381e+01	1.941857e+02
7.280000e-06	1.745737e-06	3.011265e-09	1.327014e+01	1.936805e+02
7.290000e-06	1.739947e-06	3.011475e-09	1.322613e+01	1.931847e+02
7.300000e-06	1.734106e-06	3.000592e-09	1.318172e+01	1.926984e+02
7.310000e-06	1.728232e-06	2.987558e-09	1.313707e+01	1.922218e+02
7.320000e-06	1.722314e-06	2.974279e-09	1.309209e+01	1.917548e+02
7.330000e-06	1.716349e-06	2.964298e-09	1.304675e+01	1.912973e+02
7.340000e-06	1.710339e-06	2.957213e-09	1.300106e+01	1.908492e+02
7.350000e-06	1.704263e-06	2.954097e-09	1.295487e+01	1.904099e+02
7.360000e-06	1.698117e-06	2.959018e-09	1.290816e+01	1.899794e+02
7.370000e-06	1.691912e-06	2.958489e-09	1.286099e+01	1.895570e+02
7.380000e-06	1.685664e-06	2.953916e-09	1.281350e+01	1.891423e+02
7.390000e-06	1.679383e-06	2.945004e-09	1.276575e+01	1.887349e+02
7.400000e-06	1.673076e-06	2.933948e-09	1.271781e+01	1.883343e+02
7.410000e-06	1.666738e-06	2.920873e-09	1.266963e+01	1.879398e+02
7.420000e-06	1.660356e-06	2.906781e-09	1.262112e+01	1.875508e+02
7.430000e-06	1.653942e-06	2.901786e-09	1.257236e+01	1.871668e+02
7.440000e-06	1.647485e-06	2.902510e-09	1.252328e+01	1.867872e+02
7.450000e-06	1.640977e-06	2.905226e-09	1.247381e+01	1.864112e+02
7.460000e-06	1.634424e-06	2.904312e-09	1.242400e+01	1.860382e+02
7.470000e-06	1.627834e-06	2.900218e-09	1.237391e+01	1.856674e+02
7.480000e-06	1.621203e-06	2.894052e-09	1.232350e+01	1.852979e+02
7.490000e-06	1.614547e-06	2.886636e-09	1.227290e+01	1.849289e+02
7.500000e-06	1.607862e-06	2.877550e-09	1.222208e+01	1.845594e+02
7.510000e-06	1.601115e-06	2.865990e-09	1.217080e+01	1.841885e+02
7.520000e-06	1.594326e-06	2.859964e-09	1.211920e+01	1.838151e+02
7.530000e-06	1.587507e-06	2.857525e-09	1.206736e+01	1.834380e+02
7.540000e-06	1.580645e-06	2.856165e-09	1.201520e+01	1.830560e+02
7.550000e-06	1.573727e-06	2.855066e-09	1.196261e+01	1.826679e+02
7.560000e-06	1.566752e-06	2.855462e-09	1.190959e+01	1.822725e+02
7.570000e-06	1.559729e-06	2.855313e-09	1.185621e+01	1.818686e+02
7.580000e-06	1.552662e-06	2.848351e-09	1.180249e+01	1.814548e+02
7.590000e-06	1.545563e-06	2.843974e-09	1.174852e+01	1.810300e+02
7.600000e-06	1.538435e-06	2.835375e-09	1.169434e+01	1.805931e+02
7.610000e-06	1.531270e-06	2.825125e-09	1.163988e+01	1.801431e+02
7.620000e-06	1.524059e-06	2.815064e-09	1.158507e+01	1.796791e+02
7.630000e-06	1.516819e-06	2.804965e-09	1.153003e+01	1.792005e+02
7.640000e-06	1.509542e-06	2.800603e-09	1.147471e+01	1.787066e+02
7.650000e-06	1.502216e-06	2.791225e-09	1.141902e+01	1.781971e+02
7.660000e-06	1.494845e-06	2.792616e-09	1.136299e+01	1.776719e+02
7.670000e-06	1.487442e-06	2.794296e-09	1.130672e+01	1.771310e+02
7.680000e-06	1.480006e-06	2.796368e-09	1.125020e+01	1.765747e+02
7.690000e-06	1.472539e-06	2.790595e-09	1.119344e+01	1.760034e+02
7.700000e-06	1.465050e-06	2.769102e-09	1.113650e+01	1.754178e+02
7.710000e-06	1.457512e-06	2.750998e-09	1.107920e+01	1.748188e+02
7.720000e-06	1.449913e-06	2.732956e-09	1.102144e+01	1.742072e+02
7.730000e-06	1.442253e-06	2.723961e-09	1.096322e+01	1.735841e+02
7.740000e-06	1.434541e-06	2.717080e-09	1.090459e+01	1.729507e+02
7.750000e-06	1.426789e-06	2.714661e-09	1.084567e+01	1.723081e+02
7.760000e-06	1.418991e-06	2.714651e-09	1.078639e+01	1.716576e+02
7.770000e-06	1.411151e-06	2.705830e-09	1.072680e+01	1.710003e+02
7.780000e-06	1.403274e-06	2.694741e-09	1.066692e+01	1.703374e+02
7.790000e-06	1.395361e-06	2.675639e-09	1.060677e+01	1.696700e+02
7.800000e-06	1.387413e-06	2.664773e-09	1.054636e+01	1.689990e+02
7.810000e-06	1.379438e-06	2.655367e-09	1.048573e+01	1.683253e+02
7.820000e-06	1.371438e-06	2.640072e-09	1.042492e+01	1.676498e+02
7.830000e-06	1.363398e-06	2.629550e-09	1.036381e+01	1.669732e+02
7.840000e-06	1.355326e-06	2.617201e-09	1.030245e+01	1.662960e+02
7.850000e-06	1.347240e-06	2.611738e-09	1.024098e+01	1.656189e+02
7.860000e-06	1.339116e-06	2.602576e-09	1.017923e+01	1.649423e+02
7.870000e-06	1.330946e-06	2.593897e-09	1.011712e+01	1.642667e+02
7.880000e-06	1.322748e-06	2.583337e-09	1.005481e+01	1.635925e+02
7.890000e-06	1.314535e-06	2.571346e-09	9.992378e+00	1.629202e+02
7.900000e-06	1.306303e-06	2.561226e-09	9.929800e+00	1.622502e+02
7.910000e-06	1.298035e-06	2.544422e-09	9.866951e+00	1.615830e+02
7.920000e-06	1.289733e-06	2.530016e-09	9.803847e+00	1.609191e+02
7.930000e-06	1.281401e-06	2.516344e-09	9.740509e+00	1.602591e+02
7.940000e-06	1.273045e-06	2.508125e-09	9.676988e+00	1.596036e+02
7.950000e-06	1.264669e-06	2.500577e-09	9.613318e+00	1.589532e+02
7.960000e-06	1.256255e-06	2.492672e-09	9.549360e+00	1.583087e+02
7.970000e-06	1.247796e-06	2.486179e-09	9.485064e+00	1.576705e+02
7.980000e-06	1.239278e-06	2.479010e-09	9.420316e+00	1.570394e+02
7.990000e-06	1.230697e-06	2.472287e-09	9.355085e+00	1.564158e+02
8.000000e-06	1.222065e-06	2.459623e-09	9.289465e+00	1.558002e+02
8.010000e-06	1.213404e-06	2.445982e-09	9.223633e+00	1.551929e+02
8.020000e-06	1.204727e-06	2.431221e-09	9.157674e+00	1.545940e+02
8.030000e-06	1.196022e-06	2.416947e-09	9.091503e+00	1.540036e+02
8.040000e-06	1.187297e-06	2.407154e-09	9.025180e+00	1.534213e+02
8.050000e-06	1.178548e-06	2.399487e-09	8.958679e+00	1.528467e+02
8.060000e-06	1.169766e-06	2.395004e-09	8.891920e+00	1.522792e+02
8.070000e-06	1.160958e-06	2.388979e-09	8.824964e+00	1.517178e+02
8.080000e-06	1.152126e-06	2.382950e-09	8.757828e+00	1.511616e+02
8.090000e-06	1.143262e-06	2.371036e-09	8.690452e+00	1.506091e+02
8.100000e-06	1.134362e-06	2.355790e-09	8.622800e+00	1.500591e+02
8.110000e-06	1.125436e-06	2.346103e-09	8.554947e+00	1.495101e+02
8.120000e-06	1.116498e-06	2.337112e-09	8.487008e+00	1.489603e+02
8.130000e-06	1.107532e-06	2.331384e-09	8.418853e+00	1.484084e+02
8.140000e-06	1.098532e-06	2.323380e-09	8.350435e+00	1.478525e+02
8.150000e-06	1.089512e-06	2.316204e-09	8.281877e+00	1.472913e+02
8.160000e-06	1.080480e-06	2.308565e-09	8.213217e+00	1.467233e+02
8.170000e-06	1.071425e-06	2.294534e-09	8.144384e+00	1.461473e+02
8.180000e-06	1.062332e-06	2.280753e-09	8.075263e+00	1.455620e+02
8.190000e-06	1.053217e-06	2.266483e-09	8.005978e+00	1.449667e+02
8.200000e-06	1.044087e-06	2.258565e-09	7.936578e+00	1.443604e+02
8.210000e-06	1.034931e-06	2.253256e-09	7.866979e+00	1.437427e+02
8.220000e-06	1.025748e-06	2.247626e-09	7.797177e+00	1.431132e+02
8.230000e-06	1.016537e-06	2.239810e-09	7.727160e+00	1.424716e+02
8.240000e-06	1.007295e-06	2.227251e-09	7.656904e+00	1.418179e+02
8.250000e-06	9.980215e-07	2.215992e-09	7.586413e+00	1.411521e+02
8.260000e-06	9.887033e-07	2.203595e-09	7.515581e+00	1.404743e+02
8.270000e-06	9.793254e-07	2.194316e-09	7.444295e+00	1.397846e+02
8.280000e-06	9.699075e-07	2.183652e-09	7.372706e+00	1.390832e+02
8.290000e-06	9.604751e-07	2.171185e-09	7.301006e+00	1.383700e+02
8.300000e-06	9.510263e-07	2.160347e-09	7.229181e+00	1.376453e+02
8.310000e-06	9.415581e-07	2.148376e-09	7.157209e+00	1.369088e+02
8.320000e-06	9.320747e-07	2.134853e-09	7.085121e+00	1.361604e+02
8.330000e-06	9.225754e-07	2.116404e-09	7.012913e+00	1.354000e+02
8.340000e-06	9.130578e-07	2.101540e-09	6.940565e+00	1.346271e+02
8.350000e-06	9.035258e-07	2.090141e-09	6.868108e+00	1.338414e+02
8.360000e-06	8.939777e-07	2.078297e-09	6.795529e+00	1.330424e+02
8.370000e-06	8.844072e-07	2.067943e-09	6.722779e+00	1.322297e+02
8.380000e-06	8.748073e-07	2.056745e-09	6.649806e+00	1.314027e+02
8.390000e-06	8.651793e-07	2.046522e-09	6.576619e+00	1.305611e+02
8.400000e-06	8.555376e-07	2.030799e-09	6.503328e+00	1.297046e+02
8.410000e-06	8.458839e-07	2.008319e-09	6.429946e+00	1.288331e+02
8.420000e-06	8.362139e-07	1.983691e-09	6.356440e+00	1.279467e+02
8.430000e-06	8.265180e-07	1.964644e-09	6.282737e+00	1.270456e+02
8.440000e-06	8.167904e-07	1.953545e-09	6.208793e+00	1.261303e+02
8.450000e-06	8.070260e-07	1.943257e-09	6.134570e+00	1.252017e+02
8.460000e-06	7.972352e-07	1.934390e-09	6.060145e+00	1.242606e+02
8.470000e-06	7.874401e-07	1.923359e-09	5.985688e+00	1.233085e+02
8.480000e-06	7.776416e-07	1.909342e-09	5.911206e+00	1.223469e+02
8.490000e-06	7.678239e-07	1.889920e-09	5.836576e+00	1.213774e+02
8.500000e-06	7.579858e-07	1.865593e-09	5.761793e+00	1.204021e+02
8.510000e-06	7.481402e-07	1.842435e-09	5.686952e+00	1.194228e+02
8.520000e-06	7.382799e-07	1.824642e-09	5.611999e+00	1.184417e+02
8.530000e-06	7.283993e-07	1.815952e-09	5.536892e+00	1.174610e+02
8.540000e-06	7.185079e-07	1.811408e-09	5.461703e+00	1.164826e+02
8.550000e-06	7.086064e-07	1.805993e-09	5.386438e+00	1.155085e+02
8.560000e-06	6.986982e-07	1.793831e-09	5.311121e+00	1.145407e+02
8.570000e-06	6.887848e-07	1.774173e-09	5.235764e+00	1.135806e+02
8.580000e-06	6.788489e-07	1.751544e-09	5.160237e+00	1.126299e+02
8.590000e-06	6.688846e-07	1.728214e-09	5.084495e+00	1.116894e+02
8.600000e-06	6.588789e-07	1.708995e-09	5.008437e+00	1.107603e+02
8.610000e-06	6.488582e-07	1.696515e-09	4.932264e+00	1.098431e+02
8.620000e-06	6.388375e-07	1.688328e-09	4.856093e+00	1.089380e+02
8.630000e-06	6.287804e-07	1.682597e-09	4.779644e+00	1.080452e+02
8.640000e-06	6.186891e-07	1.674141e-09	4.702936e+00	1.071644e+02
8.650000e-06	6.085695e-07	1.660802e-09	4.626012e+00	1.062952e+02
8.660000e-06	5.984299e-07	1.642191e-09	4.548936e+00	1.054371e+02
8.670000e-06	5.882657e-07	1.620339e-09	4.471674e+00	1.045892e+02
8.680000e-06	5.780754e-07	1.599806e-09	4.394212e+00	1.037508e+02
8.690000e-06	5.678613e-07	1.583683e-09	4.316571e+00	1.029207e+02
8.700000e-06	5.576269e-07	1.572178e-09	4.238774e+00	1.020980e+02
8.710000e-06	5.473890e-07	1.561756e-09	4.160951e+00	1.012817e+02
8.720000e-06	5.371338e-07	1.553534e-09	4.082997e+00	1.004708e+02
8.730000e-06	5.268624e-07	1.544145e-09	4.004920e+00	9.966431e+01
8.740000e-06	5.165841e-07	1.532300e-09	3.926790e+00	9.886121e+01
8.750000e-06	5.062910e-07	1.517581e-09	3.848547e+00	9.806061e+01
8.760000e-06	4.959874e-07	1.501071e-09	3.770225e+00	9.726166e+01
8.770000e-06	4.856772e-07	1.486404e-09	3.691852e+00	9.646351e+01
8.780000e-06	4.753600e-07	1.470900e-09	3.613427e+00	9.566537e+01
8.790000e-06	4.650288e-07	1.457395e-09	3.534895e+00	9.486646e+01
8.800000e-06	4.546922e-07	1.445191e-09	3.456321e+00	9.406601e+01
8.810000e-06	4.443652e-07	1.431642e-09	3.377821e+00	9.326322e+01
8.820000e-06	4.340201e-07	1.418709e-09	3.299183e+00	9.245731e+01
8.830000e-06	4.236390e-07	1.409369e-09	3.220272e+00	9.164745e+01
8.840000e-06	4.132557e-07	1.400801e-09	3.141344e+00	9.083278e+01
8.850000e-06	4.028709e-07	1.386707e-09	3.062404e+00	9.001241e+01
8.860000e-06	3.924735e-07	1.372455e-09	2.983368e+00	8.918544e+01
8.870000e-06	3.820660e-07	1.359845e-09	2.904257e+00	8.835094e+01
8.880000e-06	3.716453e-07	1.346857e-09	2.825044e+00	8.750795e+01
8.890000e-06	3.612061e-07	1.334515e-09	2.745691e+00	8.665554e+01
8.900000e-06	3.507564e-07	1.321389e-09	2.666258e+00	8.579282e+01
8.910000e-06	3.403120e-07	1.306685e-09	2.586865e+00	8.491891e+01
8.920000e-06	3.298494e-07	1.289056e-09	2.507335e+00	8.403303e+01
8.930000e-06	3.193727e-07	1.271001e-09	2.427696e+00	8.313445e+01
8.940000e-06	3.089013e-07	1.253597e-09	2.348098e+00	8.222257e+01
8.950000e-06	2.984254e-07	1.238808e-09	2.268467e+00	8.129689e+01
8.960000e-06	2.879395e-07	1.224902e-09	2.188758e+00	8.035704e+01
8.970000e-06	2.774485e-07	1.210014e-09	2.109012e+00	7.940278e+01
8.980000e-06	2.669511e-07	1.197701e-09	2.029216e+00	7.843402e+01
8.990000e-06	2.564499e-07	1.183350e-09	1.949392e+00	7.745078e+01
9.000000e-06	2.459500e-07	1.165092e-09	1.869577e+00	7.645321e+01
9.010000e-06	2.354464e-07	1.146524e-09	1.789735e+00	7.544159e+01
9.020000e-06	2.249388e-07	1.130727e-09	1.709861e+00	7.441630e+01
9.030000e-06	2.144196e-07	1.115840e-09	1.629900e+00	7.337780e+01
9.040000e-06	2.038885e-07	1.097890e-09	1.549849e+00	7.232663e+01
9.050000e-06	1.933617e-07	1.077205e-09	1.469830e+00	7.126341e+01
9.060000e-06	1.828456e-07	1.057874e-09	1.389892e+00	7.018879e+01
9.070000e-06	1.723242e-07	1.042083e-09	1.309915e+00	6.910346e+01
9.080000e-06	1.617853e-07	1.027736e-09	1.229803e+00	6.800816e+01
9.090000e-06	1.512460e-07	1.009187e-09	1.149689e+00	6.690365e+01
9.100000e-06	1.406976e-07	9.886228e-10	1.069506e+00	6.579069e+01
9.110000e-06	1.301482e-07	9.724194e-10	9.893153e-01	6.467011e+01
9.120000e-06	1.196044e-07	9.560188e-10	9.091674e-01	6.354274e+01
9.130000e-06	1.090425e-07	9.359356e-10	8.288810e-01	6.240944e+01
9.140000e-06	9.847700e-08	9.129874e-10	7.485682e-01	6.127114e+01
9.150000e-06	8.791726e-08	8.928762e-10	6.682988e-01	6.012879e+01
9.160000e-06	7.735449e-08	8.747466e-10	5.880065e-01	5.898339e+01
9.170000e-06	6.678514e-08	8.548913e-10	5.076641e-01	5.783601e+01
9.180000e-06	5.621333e-08	8.352748e-10	4.273030e-01	5.668775e+01
9.190000e-06	4.564622e-08	8.172078e-10	3.469776e-01	5.553976e+01
9.200000e-06	3.508756e-08	8.015207e-10	2.667164e-01	5.439323e+01
9.210000e-06	2.452305e-08	7.863441e-10	1.864108e-01	5.324936e+01
9.220000e-06	1.394020e-08	7.683758e-10	1.059658e-01	5.210936e+01
9.230000e-06	3.349857e-09	7.463133e-10	2.546378e-02	5.097442e+01
9.240000e-06	-7.223260e-09	7.237262e-10	-5.490727e-02	4.984568e+01
9.250000e-06	-1.778374e-08	7.011981e-10	-1.351823e-01	4.872419e+01
9.260000e-06	-2.835230e-08	6.802770e-10	-2.155187e-01	4.761091e+01
9.270000e-06	-3.892076e-08	6.632837e-10	-2.958543e-01	4.650667e+01
9.280000e-06	-4.949016e-08	6.488709e-10	-3.761971e-01	4.541214e+01
9.290000e-06	-6.006410e-08	6.333589e-10	-4.565744e-01	4.432781e+01
9.300000e-06	-7.063492e-08	6.161302e-10	-5.369279e-01	4.325397e+01
9.310000e-06	-8.119838e-08	5.952898e-10	-6.172256e-01	4.219070e+01
9.320000e-06	-9.174629e-08	5.729186e-10	-6.974051e-01	4.113788e+01
9.330000e-06	-1.023009e-07	5.518427e-10	-7.776355e-01	4.009516e+01
9.340000e-06	-1.128735e-07	5.309566e-10	-8.580024e-01	3.906201e+01
9.350000e-06	-1.234305e-07	5.143205e-10	-9.382514e-01	3.803771e+01
9.360000e-06	-1.339730e-07	5.016204e-10	-1.018390e+00	3.702137e+01
9.370000e-06	-1.445129e-07	4.882338e-10	-1.098508e+00	3.601198e+01
9.380000e-06	-1.550406e-07	4.733276e-10	-1.178534e+00	3.500843e+01
9.390000e-06	-1.655586e-07	4.566589e-10	-1.258486e+00	3.400955e+01
9.400000e-06	-1.760905e-07	4.413827e-10	-1.338543e+00	3.301415e+01
9.410000e-06	-1.866217e-07	4.271912e-10	-1.418596e+00	3.202103e+01
9.420000e-06	-1.971387e-07	4.094575e-10	-1.498541e+00	3.102903e+01
9.430000e-06	-2.076508e-07	3.907831e-10	-1.578448e+00	3.003709e+01
9.440000e-06	-2.181575e-07	3.730833e-10	-1.658314e+00	2.904421e+01
9.450000e-06	-2.286658e-07	3.588995e-10	-1.738192e+00	2.804950e+01
9.460000e-06	-2.391781e-07	3.470469e-10	-1.818101e+00	2.705220e+01
9.470000e-06	-2.496799e-07	3.341590e-10	-1.897930e+00	2.605165e+01
9.480000e-06	-2.601631e-07	3.212780e-10	-1.977618e+00	2.504733e+01
9.490000e-06	-2.706454e-07	3.089594e-10	-2.057298e+00	2.403878e+01
9.500000e-06	-2.811266e-07	2.936417e-10	-2.136970e+00	2.302566e+01
9.510000e-06	-2.915929e-07	2.753122e-10	-2.216529e+00	2.200767e+01
9.520000e-06	-3.020567e-07	2.588784e-10	-2.296070e+00	2.098458e+01
9.530000e-06	-3.125159e-07	2.410035e-10	-2.375575e+00	1.995615e+01
9.540000e-06	-3.229560e-07	2.236289e-10	-2.454935e+00	1.892215e+01
9.550000e-06	-3.334025e-07	2.066326e-10	-2.534343e+00	1.788233e+01
9.560000e-06	-3.438335e-07	1.915172e-10	-2.613634e+00	1.683641e+01
9.570000e-06	-3.542331e-07	1.794445e-10	-2.692686e+00	1.578405e+01
9.580000e-06	-3.646264e-07	1.625773e-10	-2.771690e+00	1.472488e+01
9.590000e-06	-3.750164e-07	1.434513e-10	-2.850669e+00	1.365846e+01
9.600000e-06	-3.854062e-07	1.216352e-10	-2.929647e+00	1.258433e+01
9.610000e-06	-3.957895e-07	1.017989e-10	-3.008575e+00	1.150202e+01
9.620000e-06	-4.061621e-07	8.729615e-11	-3.087422e+00	1.041103e+01
9.630000e-06	-4.165247e-07	7.041143e-11	-3.166193e+00	9.310908e+00
9.640000e-06	-4.268884e-07	5.318735e-11	-3.244972e+00	8.201236e+00
9.650000e-06	-4.372383e-07	3.640298e-11	-3.323646e+00	7.081674e+00
9.660000e-06	-4.475630e-07	2.102718e-11	-3.402129e+00	5.951979e+00
9.670000e-06	-4.578772e-07	7.376082e-12	-3.480531e+00	4.812030e+00
9.680000e-06	-4.681816e-07	-5.889467e-12	-3.558860e+00	3.661840e+00
9.690000e-06	-4.784809e-07	-1.941932e-11	-3.637150e+00	2.501574e+00
9.700000e-06	-4.887682e-07	-3.634716e-11	-3.715348e+00	1.331549e+00
9.710000e-06	-4.990374e-07	-5.377872e-11	-3.793409e+00	1.522308e-01
9.720000e-06	-5.093041e-07	-7.661460e-11	-3.871451e+00	-1.035769e+00
9.730000e-06	-5.195690e-07	-1.016377e-10	-3.949479e+00	-2.231715e+00
9.740000e-06	-5.298103e-07	-1.229228e-10	-4.027328e+00	-3.434768e+00
9.750000e-06	-5.400346e-07	-1.407963e-10	-4.105048e+00	-4.644010e+00
9.760000e-06	-5.502524e-07	-1.576391e-10	-4.182717e+00	-5.858475e+00
9.770000e-06	-5.604468e-07	-1.750602e-10	-4.260210e+00	-7.077178e+00
9.780000e-06	-5.706175e-07	-1.913798e-10	-4.337521e+00	-8.299148e+00
9.790000e-06	-5.807647e-07	-2.084629e-10	-4.414655e+00	-9.523452e+00
9.800000e-06	-5.908928e-07	-2.271998e-10	-4.491644e+00	-1.074922e+01
9.810000e-06	-6.010016e-07	-2.505705e-10	-4.568485e+00	-1.197566e+01
9.820000e-06	-6.110845e-07	-2.734171e-10	-4.645130e+00	-1.320207e+01
9.830000e-06	-6.211492e-07	-2.920776e-10	-4.721636e+00	-1.442785e+01
9.840000e-06	-6.311669e-07	-3.090040e-10	-4.797785e+00	-1.565250e+01
9.850000e-06	-6.411524e-07	-3.265519e-10	-4.873689e+00	-1.687557e+01
9.860000e-06	-6.511323e-07	-3.462306e-10	-4.949551e+00	-1.809670e+01
9.870000e-06	-6.610895e-07	-3.655960e-10	-5.025241e+00	-1.931557e+01
9.880000e-06	-6.710327e-07	-3.832658e-10	-5.100823e+00	-2.053186e+01
9.890000e-06	-6.809640e-07	-3.995985e-10	-5.176315e+00	-2.174527e+01
9.900000e-06	-6.908751e-07	-4.164843e-10	-5.251654e+00	-2.295545e+01
9.910000e-06	-7.007706e-07	-4.356320e-10	-5.326874e+00	-2.416198e+01
9.920000e-06	-7.106590e-07	-4.531936e-10	-5.402040e+00	-2.536439e+01
9.930000e-06	-7.205344e-07	-4.710261e-10	-5.477108e+00	-2.656211e+01
9.940000e-06	-7.303982e-07	-4.921966e-10	-5.552087e+00	-2.775449e+01
9.950000e-06	-7.402537e-07	-5.132117e-10	-5.627003e+00	-2.894081e+01
9.960000e-06	-7.500936e-07	-5.309328e-10	-5.701801e+00	-3.012028e+01
9.970000e-06	-7.599158e-07	-5.468848e-10	-5.776463e+00	-3.129207e+01
9.980000e-06	-7.697186e-07	-5.654517e-10	-5.850979e+00	-3.245535e+01
9.990000e-06	-7.794997e-07	-5.843900e-10	-5.925330e+00	-3.360934e+01
1.000000e-05	-7.892678e-07	-6.020081e-10	-5.999581e+00	-3.475335e+01
1.001000e-05	-7.990186e-07	-6.213189e-10	-6.073702e+00	-3.588680e+01
1.002000e-05	-8.087382e-07	-6.411607e-10	-6.147585e+00	-3.700932e+01
1.003000e-05	-8.184248e-07	-6.613826e-10	-6.221217e+00	-3.812078e+01
1.004000e-05	-8.280891e-07	-6.809439e-10	-6.294680e+00	-3.922129e+01
1.005000e-05	-8.377519e-07	-6.977237e-10	-6.368131e+00	-4.031128e+01
1.006000e-05	-8.474129e-07	-7.152261e-10	-6.441569e+00	-4.139152e+01
1.007000e-05	-8.570442e-07	-7.346267e-10	-6.514781e+00	-4.246308e+01
1.008000e-05	-8.666449e-07	-7.525306e-10	-6.587760e+00	-4.352738e+01
1.009000e-05	-8.762384e-07	-7.679490e-10	-6.660684e+00	-4.458614e+01
1.010000e-05	-8.858273e-07	-7.819000e-10	-6.733574e+00	-4.564133e+01
1.011000e-05	-8.953975e-07	-7.966253e-10	-6.806322e+00	-4.669517e+01
1.012000e-05	-9.049391e-07	-8.129435e-10	-6.878852e+00	-4.775001e+01
1.013000e-05	-9.144502e-07	-8.296139e-10	-6.951149e+00	-4.880830e+01
1.014000e-05	-9.239353e-07	-8.480379e-10	-7.023250e+00	-4.987249e+01
1.015000e-05	-9.334053e-07	-8.684853e-10	-7.095236e+00	-5.094498e+01
1.016000e-05	-9.428606e-07	-8.903716e-10	-7.167110e+00	-5.202798e+01
1.017000e-05	-9.522896e-07	-9.072209e-10	-7.238784e+00	-5.312351e+01
1.018000e-05	-9.616833e-07	-9.192599e-10	-7.310190e+00	-5.423325e+01
1.019000e-05	-9.710550e-07	-9.325609e-10	-7.381429e+00	-5.535855e+01
1.020000e-05	-9.803982e-07	-9.489951e-10	-7.452450e+00	-5.650035e+01
1.021000e-05	-9.897031e-07	-9.689130e-10	-7.523181e+00	-5.765914e+01
1.022000e-05	-9.989717e-07	-9.906720e-10	-7.593636e+00	-5.883499e+01
1.023000e-05	-1.008194e-06	-1.012351e-09	-7.663736e+00	-6.002750e+01
1.024000e-05	-1.017369e-06	-1.036476e-09	-7.733481e+00	-6.123588e+01
1.025000e-05	-1.026513e-06	-1.060933e-09	-7.802989e+00	-6.245895e+01
1.026000e-05	-1.035649e-06	-1.078007e-09	-7.872434e+00	-6.369521e+01
1.027000e-05	-1.044765e-06	-1.093226e-09	-7.941728e+00	-6.494288e+01
1.028000e-05	-1.053852e-06	-1.112825e-09	-8.010809e+00	-6.620004e+01
1.029000e-05	-1.062919e-06	-1.134346e-09	-8.079731e+00	-6.746464e+01
1.030000e-05	-1.071959e-06	-1.154665e-09	-8.148446e+00	-6.873462e+01
1.031000e-05	-1.080976e-06	-1.175295e-09	-8.216988e+00	-7.000797e+01
1.032000e-05	-1.089981e-06	-1.200052e-09	-8.285438e+00	-7.128282e+01
1.033000e-05	-1.098956e-06	-1.226605e-09	-8.353661e+00	-7.255752e+01
1.034000e-05	-1.107878e-06	-1.250120e-09	-8.421483e+00	-7.383063e+01
1.035000e-05	-1.116770e-06	-1.270690e-09	-8.489077e+00	-7.510105e+01
1.036000e-05	-1.125652e-06	-1.288258e-09	-8.556588e+00	-7.636795e+01
1.037000e-05	-1.134502e-06	-1.304884e-09	-8.623863e+00	-7.763084e+01
1.038000e-05	-1.143313e-06	-1.322258e-09	-8.690843e+00	-7.888956e+01
1.039000e-05	-1.152103e-06	-1.339721e-09	-8.757653e+00	-8.014420e+01
1.040000e-05	-1.160868e-06	-1.361426e-09	-8.824282e+00	-8.139511e+01
1.041000e-05	-1.169611e-06	-1.390189e-09	-8.890743e+00	-8.264287e+01
1.042000e-05	-1.178337e-06	-1.417824e-09	-8.957072e+00	-8.388815e+01
1.043000e-05	-1.187041e-06	-1.439419e-09	-9.023235e+00	-8.513175e+01
1.044000e-05	-1.195730e-06	-1.460055e-09	-9.089288e+00	-8.637445e+01
1.045000e-05	-1.204396e-06	-1.479200e-09	-9.155158e+00	-8.761699e+01
1.046000e-05	-1.213017e-06	-1.498810e-09	-9.220694e+00	-8.886001e+01
1.047000e-05	-1.221592e-06	-1.520712e-09	-9.285875e+00	-9.010399e+01
1.048000e-05	-1.230127e-06	-1.541091e-09	-9.350751e+00	-9.134920e+01
1.049000e-05	-1.238626e-06	-1.560406e-09	-9.415354e+00	-9.259567e+01
1.050000e-05	-1.247070e-06	-1.579815e-09	-9.479542e+00	-9.384319e+01
1.051000e-05	-1.255463e-06	-1.599981e-09	-9.543340e+00	-9.509130e+01
1.052000e-05	-1.263830e-06	-1.620743e-09	-9.606942e+00	-9.633926e+01
1.053000e-05	-1.272170e-06	-1.640450e-09	-9.670336e+00	-9.758610e+01
1.054000e-05	-1.280478e-06	-1.660251e-09	-9.733491e+00	-9.883066e+01
1.055000e-05	-1.288755e-06	-1.681367e-09	-9.796410e+00	-1.000716e+02
1.056000e-05	-1.297004e-06	-1.703661e-09	-9.859111e+00	-1.013074e+02
1.057000e-05	-1.305224e-06	-1.725094e-09	-9.921598e+00	-1.025365e+02
1.058000e-05	-1.313421e-06	-1.742308e-09	-9.983908e+00	-1.037573e+02
1.059000e-05	-1.321592e-06	-1.757024e-09	-1.004602e+01	-1.049683e+02
1.060000e-05	-1.329736e-06	-1.774335e-09	-1.010792e+01	-1.061680e+02
1.061000e-05	-1.337856e-06	-1.793229e-09	-1.016965e+01	-1.073548e+02
1.062000e-05	-1.345928e-06	-1.811793e-09	-1.023101e+01	-1.085275e+02
1.063000e-05	-1.353957e-06	-1.832801e-09	-1.029204e+01	-1.096851e+02
1.064000e-05	-1.361965e-06	-1.855698e-09	-1.035291e+01	-1.108265e+02
1.065000e-05	-1.369954e-06	-1.875317e-09	-1.041364e+01	-1.119512e+02
1.066000e-05	-1.377921e-06	-1.892940e-09	-1.047420e+01	-1.130587e+02
1.067000e-05	-1.385850e-06	-1.911367e-09	-1.053447e+01	-1.141486e+02
1.068000e-05	-1.393736e-06	-1.928768e-09	-1.059442e+01	-1.152210e+02
1.069000e-05	-1.401593e-06	-1.944716e-09	-1.065414e+01	-1.162762e+02
1.070000e-05	-1.409420e-06	-1.957102e-09	-1.071364e+01	-1.173144e+02
1.071000e-05	-1.417185e-06	-1.967848e-09	-1.077266e+01	-1.183364e+02
1.072000e-05	-1.424886e-06	-1.982278e-09	-1.083121e+01	-1.193430e+02
1.073000e-05	-1.432546e-06	-1.996433e-09	-1.088943e+01	-1.203351e+02
1.074000e-05	-1.440169e-06	-2.011377e-09	-1.094737e+01	-1.213140e+02
1.075000e-05	-1.447733e-06	-2.031173e-09	-1.100487e+01	-1.222808e+02
1.076000e-05	-1.455246e-06	-2.051813e-09	-1.106198e+01	-1.232370e+02
1.077000e-05	-1.462728e-06	-2.065340e-09	-1.111886e+01	-1.241842e+02
1.078000e-05	-1.470168e-06	-2.072942e-09	-1.117542e+01	-1.251240e+02
1.079000e-05	-1.477579e-06	-2.083730e-09	-1.123175e+01	-1.260580e+02
1.080000e-05	-1.484956e-06	-2.098813e-09	-1.128782e+01	-1.269880e+02
1.081000e-05	-1.492285e-06	-2.117528e-09	-1.134354e+01	-1.279157e+02
1.082000e-05	-1.499578e-06	-2.133412e-09	-1.139897e+01	-1.288430e+02
1.083000e-05	-1.506831e-06	-2.147787e-09	-1.145410e+01	-1.297716e+02
1.084000e-05	-1.514044e-06	-2.168308e-09	-1.150893e+01	-1.307032e+02
1.085000e-05	-1.521233e-06	-2.187211e-09	-1.156358e+01	-1.316393e+02
1.086000e-05	-1.528393e-06	-2.201121e-09	-1.161800e+01	-1.325815e+02
1.087000e-05	-1.535518e-06	-2.212364e-09	-1.167216e+01	-1.335309e+02
1.088000e-05	-1.542604e-06	-2.223212e-09	-1.172603e+01	-1.344888e+02
1.089000e-05	-1.549644e-06	-2.235309e-09	-1.177954e+01	-1.354559e+02
1.090000e-05	-1.556642e-06	-2.247826e-09	-1.183274e+01	-1.364330e+02
1.091000e-05	-1.563610e-06	-2.262017e-09	-1.188571e+01	-1.374202e+02
1.092000e-05	-1.570535e-06	-2.278910e-09	-1.193835e+01	-1.384177e+02
1.093000e-05	-1.577389e-06	-2.301217e-09	-1.199045e+01	-1.394251e+02
1.094000e-05	-1.584199e-06	-2.324200e-09	-1.204222e+01	-1.404420e+02
1.095000e-05	-1.590980e-06	-2.343280e-09	-1.209376e+01	-1.414673e+02
1.096000e-05	-1.597704e-06	-2.355646e-09	-1.214487e+01	-1.425001e+02
1.097000e-05	-1.604379e-06	-2.368411e-09	-1.219561e+01	-1.435390e+02
1.098000e-05	-1.611027e-06	-2.387296e-09	-1.224614e+01	-1.445823e+02
1.099000e-05	-1.617650e-06	-2.404593e-09	-1.229649e+01	-1.456286e+02
1.100000e-05	-1.624230e-06	-2.421386e-09	-1.234651e+01	-1.466759e+02
1.101000e-05	-1.630763e-06	-2.438630e-09	-1.239617e+01	-1.477225e+02
1.102000e-05	-1.637263e-06	-2.456394e-09	-1.244558e+01	-1.487666e+02
1.103000e-05	-1.643723e-06	-2.475466e-09	-1.249468e+01	-1.498067e+02
1.104000e-05	-1.650133e-06	-2.492128e-09	-1.254341e+01	-1.508412e+02
1.105000e-05	-1.656502e-06	-2.508949e-09	-1.259182e+01	-1.518689e+02
1.106000e-05	-1.662839e-06	-2.528087e-09	-1.263999e+01	-1.528885e+02
1.107000e-05	-1.669140e-06	-2.544102e-09	-1.268789e+01	-1.538993e+02
1.108000e-05	-1.675395e-06	-2.552437e-09	-1.273543e+01	-1.549008e+02
1.109000e-05	-1.681609e-06	-2.560224e-09	-1.278267e+01	-1.558926e+02
1.110000e-05	-1.687780e-06	-2.573674e-09	-1.282958e+01	-1.568746e+02
1.111000e-05	-1.693906e-06	-2.588222e-09	-1.287615e+01	-1.578470e+02
1.112000e-05	-1.699995e-06	-2.601827e-09	-1.292243e+01	-1.588101e+02
1.113000e-05	-1.706026e-06	-2.616857e-09	-1.296827e+01	-1.597642e+02
1.114000e-05	-1.712002e-06	-2.633798e-09	-1.301370e+01	-1.607098e+02
1.115000e-05	-1.717931e-06	-2.650552e-09	-1.305877e+01	-1.616473e+02
1.116000e-05	-1.723814e-06	-2.664989e-09	-1.310349e+01	-1.625771e+02
1.117000e-05	-1.729652e-06	-2.675325e-09	-1.314787e+01	-1.634994e+02
1.118000e-05	-1.735458e-06	-2.685499e-09	-1.319200e+01	-1.644141e+02
1.119000e-05	-1.741224e-06	-2.698958e-09	-1.323583e+01	-1.653212e+02
1.120000e-05	-1.746948e-06	-2.711049e-09	-1.327934e+01	-1.662200e+02
1.121000e-05	-1.752642e-06	-2.720844e-09	-1.332262e+01	-1.671098e+02
1.122000e-05	-1.758276e-06	-2.734658e-09	-1.336545e+01	-1.679895e+02
1.123000e-05	-1.763858e-06	-2.754205e-09	-1.340789e+01	-1.688578e+02
1.124000e-05	-1.769411e-06	-2.773353e-09	-1.345009e+01	-1.697131e+02
1.125000e-05	-1.774924e-06	-2.787377e-09	-1.349200e+01	-1.705536e+02
1.126000e-05	-1.780400e-06	-2.796600e-09	-1.353362e+01	-1.713776e+02
1.127000e-05	-1.785830e-06	-2.803834e-09	-1.357490e+01	-1.721831e+02
1.128000e-05	-1.791208e-06	-2.813333e-09	-1.361579e+01	-1.729681e+02
1.129000e-05	-1.796541e-06	-2.821843e-09	-1.365632e+01	-1.737310e+02
1.130000e-05	-1.801818e-06	-2.831303e-09	-1.369644e+01	-1.744702e+02
1.131000e-05	-1.807036e-06	-2.843040e-09	-1.373610e+01	-1.751844e+02
1.132000e-05	-1.812191e-06	-2.857280e-09	-1.377528e+01	-1.758728e+02
1.133000e-05	-1.817282e-06	-2.871987e-09	-1.381398e+01	-1.765347e+02
1.134000e-05	-1.822319e-06	-2.881361e-09	-1.385227e+01	-1.771701e+02
1.135000e-05	-1.827306e-06	-2.885541e-09	-1.389018e+01	-1.777795e+02
1.136000e-05	-1.832235e-06	-2.889090e-09	-1.392765e+01	-1.783637e+02
1.137000e-05	-1.837119e-06	-2.896413e-09	-1.396477e+01	-1.789240e+02
1.138000e-05	-1.841949e-06	-2.903461e-09	-1.400149e+01	-1.794623e+02
1.139000e-05	-1.846713e-06	-2.909739e-09	-1.403770e+01	-1.799807e+02
1.140000e-05	-1.851427e-06	-2.914703e-09	-1.407353e+01	-1.804817e+02
1.141000e-05	-1.856103e-06	-2.920022e-09	-1.410908e+01	-1.809679e+02
1.142000e-05	-1.860726e-06	-2.925559e-09	-1.414422e+01	-1.814422e+02
1.143000e-05	-1.865277e-06	-2.927078e-09	-1.417881e+01	-1.819075e+02
1.144000e-05	-1.869779e-06	-2.929604e-09	-1.421303e+01	-1.823666e+02
1.145000e-05	-1.874247e-06	-2.937146e-09	-1.424700e+01	-1.828224e+02
1.146000e-05	-1.878681e-06	-2.948766e-09	-1.428070e+01	-1.832772e+02
1.147000e-05	-1.883076e-06	-2.956515e-09	-1.431411e+01	-1.837334e+02
1.148000e-05	-1.887421e-06	-2.961696e-09	-1.434714e+01	-1.841929e+02
1.149000e-05	-1.891714e-06	-2.971121e-09	-1.437977e+01	-1.846574e+02
1.150000e-05	-1.895967e-06	-2.978092e-09	-1.441210e+01	-1.851280e+02
1.151000e-05	-1.900193e-06	-2.979741e-09	-1.444423e+01	-1.856055e+02
1.152000e-05	-1.904389e-06	-2.982423e-09	-1.447612e+01	-1.860905e+02
1.153000e-05	-1.908543e-06	-2.989590e-09	-1.450770e+01	-1.865831e+02
1.154000e-05	-1.912639e-06	-2.999256e-09	-1.453884e+01	-1.870832e+02
1.155000e-05	-1.916674e-06	-3.009933e-09	-1.456950e+01	-1.875903e+02
1.156000e-05	-1.920672e-06	-3.020561e-09	-1.459990e+01	-1.881038e+02
1.157000e-05	-1.924645e-06	-3.031261e-09	-1.463010e+01	-1.886232e+02
1.158000e-05	-1.928572e-06	-3.039269e-09	-1.465995e+01	-1.891476e+02
1.159000e-05	-1.932442e-06	-3.042960e-09	-1.468936e+01	-1.896763e+02
1.160000e-05	-1.936263e-06	-3.044817e-09	-1.471841e+01	-1.902085e+02
1.161000e-05	-1.940032e-06	-3.051541e-09	-1.474706e+01	-1.907436e+02
1.162000e-05	-1.943747e-06	-3.063309e-09	-1.477530e+01	-1.912810e+02
1.163000e-05	-1.947407e-06	-3.073478e-09	-1.480312e+01	-1.918202e+02
1.164000e-05	-1.951003e-06	-3.080646e-09	-1.483045e+01	-1.923610e+02
1.165000e-05	-1.954544e-06	-3.088709e-09	-1.485738e+01	-1.929031e+02
1.166000e-05	-1.958040e-06	-3.098278e-09	-1.488395e+01	-1.934463e+02
1.167000e-05	-1.961485e-06	-3.104580e-09	-1.491013e+01	-1.939904e+02
1.168000e-05	-1.964885e-06	-3.107534e-09	-1.493598e+01	-1.945353e+02
1.169000e-05	-1.968244e-06	-3.111235e-09	-1.496151e+01	-1.950809e+02
1.170000e-05	-1.971550e-06	-3.118574e-09	-1.498664e+01	-1.956268e+02
1.171000e-05	-1.974803e-06	-3.126889e-09	-1.501137e+01	-1.961727e+02
1.172000e-05	-1.978009e-06	-3.133450e-09	-1.503574e+01	-1.967179e+02
1.173000e-05	-1.981172e-06	-3.141500e-09	-1.505979e+01	-1.972618e+02
1.174000e-05	-1.984295e-06	-3.151700e-09	-1.508352e+01	-1.978034e+02
1.175000e-05	-1.987368e-06	-3.161527e-09	-1.510688e+01	-1.983415e+02
1.176000e-05	-1.990386e-06	-3.172169e-09	-1.512982e+01	-1.988749e+02
1.177000e-05	-1.993345e-06	-3.183080e-09	-1.515232e+01	-1.994020e+02
1.178000e-05	-1.996249e-06	-3.189840e-09	-1.517439e+01	-1.999213e+02
1.179000e-05	-1.999103e-06	-3.190939e-09	-1.519609e+01	-2.004312e+02
1.180000e-05	-2.001896e-06	-3.190131e-09	-1.521731e+01	-2.009298e+02
1.181000e-05	-2.004623e-06	-3.192452e-09	-1.523805e+01	-2.014155e+02
1.182000e-05	-2.007295e-06	-3.200227e-09	-1.525836e+01	-2.018868e+02
1.183000e-05	-2.009923e-06	-3.211923e-09	-1.527834e+01	-2.023424e+02
1.184000e-05	-2.012518e-06	-3.222827e-09	-1.529806e+01	-2.027809e+02
1.185000e-05	-2.015070e-06	-3.233166e-09	-1.531746e+01	-2.032015e+02
1.186000e-05	-2.017568e-06	-3.242339e-09	-1.533645e+01	-2.036035e+02
1.187000e-05	-2.020016e-06	-3.248096e-09	-1.535506e+01	-2.039868e+02
1.188000e-05	-2.022406e-06	-3.251277e-09	-1.537323e+01	-2.043512e+02
1.189000e-05	-2.024735e-06	-3.254901e-09	-1.539092e+01	-2.046971e+02
1.190000e-05	-2.027021e-06	-3.259543e-09	-1.540830e+01	-2.050253e+02
1.191000e-05	-2.029275e-06	-3.264374e-09	-1.542544e+01	-2.053366e+02
1.192000e-05	-2.031481e-06	-3.271132e-09	-1.544221e+01	-2.056322e+02
1.193000e-05	-2.033630e-06	-3.277699e-09	-1.545854e+01	-2.059136e+02
1.194000e-05	-2.035706e-06	-3.282780e-09	-1.547432e+01	-2.061820e+02
1.195000e-05	-2.037722e-06	-3.286802e-09	-1.548964e+01	-2.064392e+02
1.196000e-05	-2.039688e-06	-3.290226e-09	-1.550459e+01	-2.066865e+02
1.197000e-05	-2.041598e-06	-3.293233e-09	-1.551911e+01	-2.069256e+02
1.198000e-05	-2.043456e-06	-3.292632e-09	-1.553323e+01	-2.071575e+02
1.199000e-05	-2.045272e-06	-3.290385e-09	-1.554704e+01	-2.073836e+02
1.200000e-05	-2.047053e-06	-3.290455e-09	-1.556057e+01	-2.076048e+02
1.201000e-05	-2.048779e-06	-3.292551e-09	-1.557370e+01	-2.078218e+02
1.202000e-05	-2.050455e-06	-3.295229e-09	-1.558644e+01	-2.080350e+02
1.203000e-05	-2.052094e-06	-3.299081e-09	-1.559890e+01	-2.082447e+02
1.204000e-05	-2.053687e-06	-3.304879e-09	-1.561100e+01	-2.084509e+02
1.205000e-05	-2.055230e-06	-3.308676e-09	-1.562274e+01	-2.086534e+02
1.206000e-05	-2.056711e-06	-3.310554e-09	-1.563399e+01	-2.088520e+02
1.207000e-05	-2.058125e-06	-3.311399e-09	-1.564474e+01	-2.090462e+02
1.208000e-05	-2.059479e-06	-3.311597e-09	-1.565503e+01	-2.092356e+02
1.209000e-05	-2.060773e-06	-3.312437e-09	-1.566487e+01	-2.094196e+02
1.210000e-05	-2.061986e-06	-3.315694e-09	-1.567409e+01	-2.095980e+02
1.211000e-05	-2.063120e-06	-3.319658e-09	-1.568271e+01	-2.097703e+02
1.212000e-05	-2.064205e-06	-3.321053e-09	-1.569096e+01	-2.099364e+02
1.213000e-05	-2.065246e-06	-3.320547e-09	-1.569887e+01	-2.100964e+02
1.214000e-05	-2.066245e-06	-3.318425e-09	-1.570646e+01	-2.102505e+02
1.215000e-05	-2.067201e-06	-3.314564e-09	-1.571373e+01	-2.103992e+02
1.216000e-05	-2.068097e-06	-3.313940e-09	-1.572054e+01	-2.105431e+02
1.217000e-05	-2.068927e-06	-3.318820e-09	-1.572685e+01	-2.106830e+02
1.218000e-05	-2.069716e-06	-3.315124e-09	-1.573285e+01	-2.108202e+02
1.219000e-05	-2.070462e-06	-3.285202e-09	-1.573852e+01	-2.109556e+02
1.220000e-05	-2.071150e-06	-3.302531e-09	-1.574375e+01	-2.110907e+02
1.221000e-05	-2.071765e-06	-3.447651e-09	-1.574843e+01	-2.112269e+02
1.222000e-05	-2.072354e-06	-3.483829e-09	-1.575290e+01	-2.113654e+02
1.223000e-05	-2.072928e-06	-3.280177e-09	-1.575727e+01	-2.115076e+02
1.224000e-05	-2.073421e-06	-3.140159e-09	-1.576101e+01	-2.116548e+02
1.225000e-05	-2.073840e-06	-3.258688e-09	-1.576420e+01	-2.118081e+02
1.226000e-05	-2.074223e-06	-3.436641e-09	-1.576710e+01	-2.119684e+02
1.227000e-05	-2.074582e-06	-3.343956e-09	-1.576983e+01	-2.121364e+02
1.228000e-05	-2.074865e-06	-3.282364e-09	-1.577199e+01	-2.123125e+02
1.229000e-05	-2.075050e-06	-3.437022e-09	-1.577339e+01	-2.124971e+02
1.230000e-05	-2.075181e-06	-3.441058e-09	-1.577439e+01	-2.126901e+02
1.231000e-05	-2.075289e-06	-3.385360e-09	-1.577521e+01	-2.128911e+02
1.232000e-05	-2.075361e-06	-3.296959e-09	-1.577576e+01	-2.130997e+02
