# Temperatura_=_20.0
# Concentracion g/m^3_=_10000.0
# C_Vs_to_Am_M_A/Vsm_=_65563218390.804596
# pendiente_HvsI_1/m_=_3716.3
# ordenada_HvsI_A/m_=_1297.0
# frecuencia_Hz_=_135362.37209875544

Tiempo_(s)	Campo_(V.s)	Magnetizacion_(V.s)	Campo_(kA/m)	Magnetizacion_(A/m)
0.000000e+00	-5.262168e-06	-9.593742e-09	-3.843751e+01	-6.248671e+02
1.000000e-08	-5.262094e-06	-9.592327e-09	-3.843696e+01	-6.248900e+02
2.000000e-08	-5.261695e-06	-9.590210e-09	-3.843405e+01	-6.249005e+02
3.000000e-08	-5.260801e-06	-9.587792e-09	-3.842752e+01	-6.248973e+02
4.000000e-08	-5.259472e-06	-9.584392e-09	-3.841781e+01	-6.248790e+02
5.000000e-08	-5.257832e-06	-9.582630e-09	-3.840583e+01	-6.248439e+02
6.000000e-08	-5.255911e-06	-9.581694e-09	-3.839180e+01	-6.247905e+02
7.000000e-08	-5.253674e-06	-9.575129e-09	-3.837546e+01	-6.247179e+02
8.000000e-08	-5.251013e-06	-9.585994e-09	-3.835602e+01	-6.246256e+02
9.000000e-08	-5.247719e-06	-9.605012e-09	-3.833196e+01	-6.245139e+02
1.000000e-07	-5.243556e-06	-9.566314e-09	-3.830155e+01	-6.243834e+02
1.100000e-07	-5.238849e-06	-9.495923e-09	-3.826717e+01	-6.242354e+02
1.200000e-07	-5.234243e-06	-9.578134e-09	-3.823353e+01	-6.240713e+02
1.300000e-07	-5.229530e-06	-9.609376e-09	-3.819910e+01	-6.238923e+02
1.400000e-07	-5.224212e-06	-9.534966e-09	-3.816025e+01	-6.236991e+02
1.500000e-07	-5.218376e-06	-9.469662e-09	-3.811763e+01	-6.234920e+02
1.600000e-07	-5.212378e-06	-9.598023e-09	-3.807381e+01	-6.232700e+02
1.700000e-07	-5.206024e-06	-9.572995e-09	-3.802740e+01	-6.230314e+02
1.800000e-07	-5.199085e-06	-9.490928e-09	-3.797671e+01	-6.227737e+02
1.900000e-07	-5.191819e-06	-9.492555e-09	-3.792364e+01	-6.224935e+02
2.000000e-07	-5.184355e-06	-9.565047e-09	-3.786912e+01	-6.221873e+02
2.100000e-07	-5.176448e-06	-9.518033e-09	-3.781136e+01	-6.218516e+02
2.200000e-07	-5.168145e-06	-9.509197e-09	-3.775071e+01	-6.214831e+02
2.300000e-07	-5.159686e-06	-9.545254e-09	-3.768893e+01	-6.210799e+02
2.400000e-07	-5.150894e-06	-9.511587e-09	-3.762471e+01	-6.206409e+02
2.500000e-07	-5.141547e-06	-9.490326e-09	-3.755643e+01	-6.201664e+02
2.600000e-07	-5.131837e-06	-9.507443e-09	-3.748550e+01	-6.196582e+02
2.700000e-07	-5.121817e-06	-9.509274e-09	-3.741231e+01	-6.191192e+02
2.800000e-07	-5.111241e-06	-9.394521e-09	-3.733506e+01	-6.185534e+02
2.900000e-07	-5.100247e-06	-9.433370e-09	-3.725475e+01	-6.179650e+02
3.000000e-07	-5.089008e-06	-9.452203e-09	-3.717266e+01	-6.173583e+02
3.100000e-07	-5.077456e-06	-9.438582e-09	-3.708827e+01	-6.167370e+02
3.200000e-07	-5.065562e-06	-9.372713e-09	-3.700140e+01	-6.161040e+02
3.300000e-07	-5.053391e-06	-9.424005e-09	-3.691249e+01	-6.154607e+02
3.400000e-07	-5.040849e-06	-9.367112e-09	-3.682088e+01	-6.148071e+02
3.500000e-07	-5.028017e-06	-9.373538e-09	-3.672715e+01	-6.141419e+02
3.600000e-07	-5.014935e-06	-9.391318e-09	-3.663159e+01	-6.134624e+02
3.700000e-07	-5.001379e-06	-9.364147e-09	-3.653257e+01	-6.127652e+02
3.800000e-07	-4.987272e-06	-9.321421e-09	-3.642953e+01	-6.120468e+02
3.900000e-07	-4.972810e-06	-9.371244e-09	-3.632389e+01	-6.113036e+02
4.000000e-07	-4.957985e-06	-9.348421e-09	-3.621560e+01	-6.105328e+02
4.100000e-07	-4.942777e-06	-9.296069e-09	-3.610452e+01	-6.097329e+02
4.200000e-07	-4.927249e-06	-9.314058e-09	-3.599109e+01	-6.089036e+02
4.300000e-07	-4.911411e-06	-9.289795e-09	-3.587540e+01	-6.080461e+02
4.400000e-07	-4.895311e-06	-9.264680e-09	-3.575780e+01	-6.071627e+02
4.500000e-07	-4.878941e-06	-9.265271e-09	-3.563822e+01	-6.062568e+02
4.600000e-07	-4.862159e-06	-9.251690e-09	-3.551564e+01	-6.053322e+02
4.700000e-07	-4.844871e-06	-9.202708e-09	-3.538936e+01	-6.043926e+02
4.800000e-07	-4.827222e-06	-9.237031e-09	-3.526044e+01	-6.034411e+02
4.900000e-07	-4.809260e-06	-9.211010e-09	-3.512924e+01	-6.024797e+02
5.000000e-07	-4.790973e-06	-9.175137e-09	-3.499566e+01	-6.015090e+02
5.100000e-07	-4.772343e-06	-9.161012e-09	-3.485958e+01	-6.005282e+02
5.200000e-07	-4.753342e-06	-9.161762e-09	-3.472078e+01	-5.995349e+02
5.300000e-07	-4.733959e-06	-9.126904e-09	-3.457920e+01	-5.985259e+02
5.400000e-07	-4.714156e-06	-9.127052e-09	-3.443455e+01	-5.974973e+02
5.500000e-07	-4.693815e-06	-9.102617e-09	-3.428597e+01	-5.964448e+02
5.600000e-07	-4.673015e-06	-9.081241e-09	-3.413404e+01	-5.953651e+02
5.700000e-07	-4.651897e-06	-9.081545e-09	-3.397978e+01	-5.942554e+02
5.800000e-07	-4.630463e-06	-9.068076e-09	-3.382321e+01	-5.931145e+02
5.900000e-07	-4.608748e-06	-9.032132e-09	-3.366460e+01	-5.919426e+02
6.000000e-07	-4.586692e-06	-9.011169e-09	-3.350349e+01	-5.907413e+02
6.100000e-07	-4.564325e-06	-9.001764e-09	-3.334011e+01	-5.895136e+02
6.200000e-07	-4.541768e-06	-8.976969e-09	-3.317534e+01	-5.882631e+02
6.300000e-07	-4.518799e-06	-8.953873e-09	-3.300757e+01	-5.869934e+02
6.400000e-07	-4.495272e-06	-8.922879e-09	-3.283571e+01	-5.857083e+02
6.500000e-07	-4.471391e-06	-8.907267e-09	-3.266128e+01	-5.844101e+02
6.600000e-07	-4.447289e-06	-8.889795e-09	-3.248522e+01	-5.831003e+02
6.700000e-07	-4.422896e-06	-8.871122e-09	-3.230704e+01	-5.817787e+02
6.800000e-07	-4.398185e-06	-8.843185e-09	-3.212654e+01	-5.804436e+02
6.900000e-07	-4.373148e-06	-8.829236e-09	-3.194366e+01	-5.790922e+02
7.000000e-07	-4.347815e-06	-8.807703e-09	-3.175862e+01	-5.777207e+02
7.100000e-07	-4.322301e-06	-8.786816e-09	-3.157225e+01	-5.763249e+02
7.200000e-07	-4.296557e-06	-8.759537e-09	-3.138420e+01	-5.749011e+02
7.300000e-07	-4.270400e-06	-8.729872e-09	-3.119313e+01	-5.734460e+02
7.400000e-07	-4.243796e-06	-8.699654e-09	-3.099881e+01	-5.719577e+02
7.500000e-07	-4.216852e-06	-8.678234e-09	-3.080200e+01	-5.704355e+02
7.600000e-07	-4.189676e-06	-8.652092e-09	-3.060348e+01	-5.688803e+02
7.700000e-07	-4.162271e-06	-8.625285e-09	-3.040331e+01	-5.672942e+02
7.800000e-07	-4.134521e-06	-8.606905e-09	-3.020061e+01	-5.656801e+02
7.900000e-07	-4.106449e-06	-8.588941e-09	-2.999556e+01	-5.640414e+02
8.000000e-07	-4.078126e-06	-8.562427e-09	-2.978867e+01	-5.623812e+02
8.100000e-07	-4.049516e-06	-8.526255e-09	-2.957969e+01	-5.607020e+02
8.200000e-07	-4.020667e-06	-8.494238e-09	-2.936896e+01	-5.590052e+02
8.300000e-07	-3.991522e-06	-8.462259e-09	-2.915607e+01	-5.572906e+02
8.400000e-07	-3.962013e-06	-8.432793e-09	-2.894052e+01	-5.555567e+02
8.500000e-07	-3.932133e-06	-8.402907e-09	-2.872227e+01	-5.538007e+02
8.600000e-07	-3.901936e-06	-8.379432e-09	-2.850169e+01	-5.520187e+02
8.700000e-07	-3.871463e-06	-8.357440e-09	-2.827910e+01	-5.502063e+02
8.800000e-07	-3.840693e-06	-8.332441e-09	-2.805434e+01	-5.483591e+02
8.900000e-07	-3.809659e-06	-8.300828e-09	-2.782766e+01	-5.464733e+02
9.000000e-07	-3.778336e-06	-8.268806e-09	-2.759885e+01	-5.445458e+02
9.100000e-07	-3.746626e-06	-8.234299e-09	-2.736723e+01	-5.425752e+02
9.200000e-07	-3.714512e-06	-8.198852e-09	-2.713265e+01	-5.405611e+02
9.300000e-07	-3.682111e-06	-8.161728e-09	-2.689598e+01	-5.385047e+02
9.400000e-07	-3.649501e-06	-8.125939e-09	-2.665778e+01	-5.364082e+02
9.500000e-07	-3.616679e-06	-8.094168e-09	-2.641803e+01	-5.342747e+02
9.600000e-07	-3.583618e-06	-8.064515e-09	-2.617653e+01	-5.321075e+02
9.700000e-07	-3.550329e-06	-8.035194e-09	-2.593337e+01	-5.299096e+02
9.800000e-07	-3.516834e-06	-8.003921e-09	-2.568871e+01	-5.276837e+02
9.900000e-07	-3.483180e-06	-7.972590e-09	-2.544289e+01	-5.254316e+02
1.000000e-06	-3.449345e-06	-7.939640e-09	-2.519574e+01	-5.231538e+02
1.010000e-06	-3.415273e-06	-7.901753e-09	-2.494686e+01	-5.208501e+02
1.020000e-06	-3.380961e-06	-7.859844e-09	-2.469623e+01	-5.185192e+02
1.030000e-06	-3.346418e-06	-7.819375e-09	-2.444391e+01	-5.161591e+02
1.040000e-06	-3.311658e-06	-7.782157e-09	-2.419000e+01	-5.137672e+02
1.050000e-06	-3.276660e-06	-7.747627e-09	-2.393436e+01	-5.113413e+02
1.060000e-06	-3.241456e-06	-7.712002e-09	-2.367722e+01	-5.088787e+02
1.070000e-06	-3.206056e-06	-7.676784e-09	-2.341864e+01	-5.063777e+02
1.080000e-06	-3.170418e-06	-7.640688e-09	-2.315832e+01	-5.038367e+02
1.090000e-06	-3.134507e-06	-7.601553e-09	-2.289600e+01	-5.012547e+02
1.100000e-06	-3.098273e-06	-7.556003e-09	-2.263133e+01	-4.986315e+02
1.110000e-06	-3.061742e-06	-7.508011e-09	-2.236450e+01	-4.959670e+02
1.120000e-06	-3.025016e-06	-7.461714e-09	-2.209623e+01	-4.932614e+02
1.130000e-06	-2.988156e-06	-7.418356e-09	-2.182698e+01	-4.905150e+02
1.140000e-06	-2.951152e-06	-7.376971e-09	-2.155669e+01	-4.877283e+02
1.150000e-06	-2.913963e-06	-7.338784e-09	-2.128504e+01	-4.849016e+02
1.160000e-06	-2.876525e-06	-7.301430e-09	-2.101158e+01	-4.820353e+02
1.170000e-06	-2.838809e-06	-7.262002e-09	-2.073608e+01	-4.791297e+02
1.180000e-06	-2.800896e-06	-7.220553e-09	-2.045914e+01	-4.761853e+02
1.190000e-06	-2.762797e-06	-7.173870e-09	-2.018085e+01	-4.732025e+02
1.200000e-06	-2.724512e-06	-7.123093e-09	-1.990120e+01	-4.701820e+02
1.210000e-06	-2.686083e-06	-7.070139e-09	-1.962049e+01	-4.671247e+02
1.220000e-06	-2.647499e-06	-7.019066e-09	-1.933866e+01	-4.640312e+02
1.230000e-06	-2.608740e-06	-6.970874e-09	-1.905554e+01	-4.609022e+02
1.240000e-06	-2.569738e-06	-6.925039e-09	-1.877065e+01	-4.577381e+02
1.250000e-06	-2.530417e-06	-6.877162e-09	-1.848343e+01	-4.545388e+02
1.260000e-06	-2.490793e-06	-6.828327e-09	-1.819400e+01	-4.513034e+02
1.270000e-06	-2.451006e-06	-6.776166e-09	-1.790337e+01	-4.480305e+02
1.280000e-06	-2.411110e-06	-6.724359e-09	-1.761195e+01	-4.447179e+02
1.290000e-06	-2.371106e-06	-6.672637e-09	-1.731974e+01	-4.413628e+02
1.300000e-06	-2.330990e-06	-6.617775e-09	-1.702672e+01	-4.379621e+02
1.310000e-06	-2.290707e-06	-6.562959e-09	-1.673247e+01	-4.345124e+02
1.320000e-06	-2.250205e-06	-6.509305e-09	-1.643662e+01	-4.310108e+02
1.330000e-06	-2.209536e-06	-6.457883e-09	-1.613955e+01	-4.274550e+02
1.340000e-06	-2.168748e-06	-6.404127e-09	-1.584162e+01	-4.238434e+02
1.350000e-06	-2.127806e-06	-6.344832e-09	-1.554256e+01	-4.201755e+02
1.360000e-06	-2.086660e-06	-6.281849e-09	-1.524201e+01	-4.164521e+02
1.370000e-06	-2.045361e-06	-6.219448e-09	-1.494034e+01	-4.126748e+02
1.380000e-06	-2.003947e-06	-6.157595e-09	-1.463783e+01	-4.088458e+02
1.390000e-06	-1.962434e-06	-6.096800e-09	-1.433460e+01	-4.049679e+02
1.400000e-06	-1.920845e-06	-6.036877e-09	-1.403081e+01	-4.010437e+02
1.410000e-06	-1.879149e-06	-5.978947e-09	-1.372624e+01	-3.970752e+02
1.420000e-06	-1.837312e-06	-5.916566e-09	-1.342065e+01	-3.930637e+02
1.430000e-06	-1.795331e-06	-5.848656e-09	-1.311399e+01	-3.890092e+02
1.440000e-06	-1.753203e-06	-5.780086e-09	-1.280627e+01	-3.849106e+02
1.450000e-06	-1.710875e-06	-5.714859e-09	-1.249709e+01	-3.807653e+02
1.460000e-06	-1.668338e-06	-5.652608e-09	-1.218638e+01	-3.765701e+02
1.470000e-06	-1.625624e-06	-5.590007e-09	-1.187437e+01	-3.723213e+02
1.480000e-06	-1.582764e-06	-5.525424e-09	-1.156130e+01	-3.680150e+02
1.490000e-06	-1.539766e-06	-5.460740e-09	-1.124722e+01	-3.636477e+02
1.500000e-06	-1.496636e-06	-5.394753e-09	-1.093217e+01	-3.592169e+02
1.510000e-06	-1.453431e-06	-5.322979e-09	-1.061658e+01	-3.547211e+02
1.520000e-06	-1.410193e-06	-5.244694e-09	-1.030075e+01	-3.501603e+02
1.530000e-06	-1.366910e-06	-5.166308e-09	-9.984597e+00	-3.455356e+02
1.540000e-06	-1.323588e-06	-5.094614e-09	-9.668151e+00	-3.408488e+02
1.550000e-06	-1.280215e-06	-5.023634e-09	-9.351332e+00	-3.361027e+02
1.560000e-06	-1.236731e-06	-4.950349e-09	-9.033703e+00	-3.312998e+02
1.570000e-06	-1.193138e-06	-4.875667e-09	-8.715273e+00	-3.264422e+02
1.580000e-06	-1.149464e-06	-4.802206e-09	-8.396260e+00	-3.215313e+02
1.590000e-06	-1.105694e-06	-4.728398e-09	-8.076540e+00	-3.165669e+02
1.600000e-06	-1.061811e-06	-4.649526e-09	-7.755996e+00	-3.115474e+02
1.610000e-06	-1.017847e-06	-4.568213e-09	-7.434866e+00	-3.064702e+02
1.620000e-06	-9.738374e-07	-4.488926e-09	-7.113395e+00	-3.013309e+02
1.630000e-06	-9.297897e-07	-4.410238e-09	-6.791648e+00	-2.961247e+02
1.640000e-06	-8.856787e-07	-4.330174e-09	-6.469440e+00	-2.908464e+02
1.650000e-06	-8.415172e-07	-4.249710e-09	-6.146862e+00	-2.854910e+02
1.660000e-06	-7.973384e-07	-4.168907e-09	-5.824158e+00	-2.800540e+02
1.670000e-06	-7.530945e-07	-4.085201e-09	-5.500978e+00	-2.745320e+02
1.680000e-06	-7.087778e-07	-3.998088e-09	-5.177267e+00	-2.689231e+02
1.690000e-06	-6.644337e-07	-3.908511e-09	-4.853356e+00	-2.632261e+02
1.700000e-06	-6.200429e-07	-3.816691e-09	-4.529103e+00	-2.574415e+02
1.710000e-06	-5.755814e-07	-3.725230e-09	-4.204334e+00	-2.515701e+02
1.720000e-06	-5.310536e-07	-3.634239e-09	-3.879081e+00	-2.456134e+02
1.730000e-06	-4.864842e-07	-3.542127e-09	-3.553524e+00	-2.395728e+02
1.740000e-06	-4.419128e-07	-3.451295e-09	-3.227952e+00	-2.334492e+02
1.750000e-06	-3.973189e-07	-3.362903e-09	-2.902216e+00	-2.272427e+02
1.760000e-06	-3.526952e-07	-3.271922e-09	-2.576262e+00	-2.209525e+02
1.770000e-06	-3.080822e-07	-3.175760e-09	-2.250387e+00	-2.145769e+02
1.780000e-06	-2.634534e-07	-3.076878e-09	-1.924395e+00	-2.081131e+02
1.790000e-06	-2.187894e-07	-2.977617e-09	-1.598147e+00	-2.015580e+02
1.800000e-06	-1.741087e-07	-2.877007e-09	-1.271777e+00	-1.949079e+02
1.810000e-06	-1.294042e-07	-2.774875e-09	-9.452333e-01	-1.881593e+02
1.820000e-06	-8.472615e-08	-2.672306e-09	-6.188821e-01	-1.813092e+02
1.830000e-06	-4.002566e-08	-2.567802e-09	-2.923674e-01	-1.743549e+02
1.840000e-06	4.721859e-09	-2.461796e-09	3.449081e-02	-1.672946e+02
1.850000e-06	4.945082e-08	-2.355204e-09	3.612135e-01	-1.601270e+02
1.860000e-06	9.416863e-08	-2.245199e-09	6.878547e-01	-1.528517e+02
1.870000e-06	1.388835e-07	-2.132710e-09	1.014474e+00	-1.454685e+02
1.880000e-06	1.835851e-07	-2.017787e-09	1.340997e+00	-1.379773e+02
1.890000e-06	2.282618e-07	-1.901597e-09	1.667338e+00	-1.303780e+02
1.900000e-06	2.729098e-07	-1.785210e-09	1.993470e+00	-1.226703e+02
1.910000e-06	3.175598e-07	-1.667401e-09	2.319615e+00	-1.148535e+02
1.920000e-06	3.621760e-07	-1.549397e-09	2.645514e+00	-1.069264e+02
1.930000e-06	4.067379e-07	-1.428805e-09	2.971017e+00	-9.888766e+01
1.940000e-06	4.512629e-07	-1.303478e-09	3.296249e+00	-9.073588e+01
1.950000e-06	4.957488e-07	-1.176633e-09	3.621197e+00	-8.246984e+01
1.960000e-06	5.402140e-07	-1.050297e-09	3.945993e+00	-7.408875e+01
1.970000e-06	5.846691e-07	-9.220999e-10	4.270715e+00	-6.559254e+01
1.980000e-06	6.290923e-07	-7.907148e-10	4.595205e+00	-5.698196e+01
1.990000e-06	6.734776e-07	-6.574808e-10	4.919417e+00	-4.825871e+01
2.000000e-06	7.178015e-07	-5.234763e-10	5.243180e+00	-3.942541e+01
2.010000e-06	7.620532e-07	-3.854128e-10	5.566417e+00	-3.048549e+01
2.020000e-06	8.062464e-07	-2.443423e-10	5.889227e+00	-2.144303e+01
2.030000e-06	8.503784e-07	-1.025530e-10	6.211588e+00	-1.230257e+01
2.040000e-06	8.944453e-07	3.568701e-11	6.533475e+00	-3.068916e+00
2.050000e-06	9.384471e-07	1.756010e-10	6.854887e+00	6.252964e+00
2.060000e-06	9.824173e-07	3.212557e-10	7.176067e+00	1.565802e+01
2.070000e-06	1.026315e-06	4.698810e-10	7.496716e+00	2.514108e+01
2.080000e-06	1.070098e-06	6.163157e-10	7.816529e+00	3.469674e+01
2.090000e-06	1.113804e-06	7.595861e-10	8.135781e+00	4.431920e+01
2.100000e-06	1.157454e-06	9.082863e-10	8.454622e+00	5.400208e+01
2.110000e-06	1.201060e-06	1.059975e-09	8.773143e+00	6.373821e+01
2.120000e-06	1.244591e-06	1.207264e-09	9.091115e+00	7.351952e+01
2.130000e-06	1.288013e-06	1.351939e-09	9.408288e+00	8.333702e+01
2.140000e-06	1.331360e-06	1.504774e-09	9.724922e+00	9.318079e+01
2.150000e-06	1.374647e-06	1.663611e-09	1.004111e+01	1.030402e+02
2.160000e-06	1.417875e-06	1.820288e-09	1.035687e+01	1.129042e+02
2.170000e-06	1.461052e-06	1.971374e-09	1.067226e+01	1.227615e+02
2.180000e-06	1.504165e-06	2.120039e-09	1.098717e+01	1.326008e+02
2.190000e-06	1.547160e-06	2.268406e-09	1.130123e+01	1.424115e+02
2.200000e-06	1.590020e-06	2.414600e-09	1.161430e+01	1.521833e+02
2.210000e-06	1.632735e-06	2.558257e-09	1.192631e+01	1.619068e+02
2.220000e-06	1.675314e-06	2.703412e-09	1.223733e+01	1.715732e+02
2.230000e-06	1.717704e-06	2.852023e-09	1.254697e+01	1.811740e+02
2.240000e-06	1.759883e-06	3.001874e-09	1.285506e+01	1.907015e+02
2.250000e-06	1.801904e-06	3.150084e-09	1.316201e+01	2.001476e+02
2.260000e-06	1.843761e-06	3.291215e-09	1.346775e+01	2.095042e+02
2.270000e-06	1.885495e-06	3.429113e-09	1.377260e+01	2.187629e+02
2.280000e-06	1.927106e-06	3.566186e-09	1.407655e+01	2.279148e+02
2.290000e-06	1.968589e-06	3.698169e-09	1.437956e+01	2.369506e+02
2.300000e-06	2.009945e-06	3.826526e-09	1.468164e+01	2.458606e+02
2.310000e-06	2.051154e-06	3.957288e-09	1.498265e+01	2.546355e+02
2.320000e-06	2.092208e-06	4.089737e-09	1.528253e+01	2.632659e+02
2.330000e-06	2.133089e-06	4.218833e-09	1.558115e+01	2.717438e+02
2.340000e-06	2.173818e-06	4.344384e-09	1.587865e+01	2.800621e+02
2.350000e-06	2.214410e-06	4.466624e-09	1.617516e+01	2.882152e+02
2.360000e-06	2.254844e-06	4.583411e-09	1.647051e+01	2.961995e+02
2.370000e-06	2.295130e-06	4.697075e-09	1.676478e+01	3.040130e+02
2.380000e-06	2.335282e-06	4.810896e-09	1.705807e+01	3.116555e+02
2.390000e-06	2.375303e-06	4.919547e-09	1.735040e+01	3.191282e+02
2.400000e-06	2.415222e-06	5.022806e-09	1.764199e+01	3.264335e+02
2.410000e-06	2.455016e-06	5.126042e-09	1.793266e+01	3.335747e+02
2.420000e-06	2.494613e-06	5.228961e-09	1.822190e+01	3.405552e+02
2.430000e-06	2.533942e-06	5.329250e-09	1.850918e+01	3.473789e+02
2.440000e-06	2.572969e-06	5.426562e-09	1.879425e+01	3.540490e+02
2.450000e-06	2.611748e-06	5.523023e-09	1.907751e+01	3.605690e+02
2.460000e-06	2.650319e-06	5.618605e-09	1.935926e+01	3.669418e+02
2.470000e-06	2.688694e-06	5.714469e-09	1.963957e+01	3.731701e+02
2.480000e-06	2.726868e-06	5.807529e-09	1.991840e+01	3.792571e+02
2.490000e-06	2.764829e-06	5.897110e-09	2.019569e+01	3.852056e+02
2.500000e-06	2.802666e-06	5.983464e-09	2.047207e+01	3.910194e+02
2.510000e-06	2.840353e-06	6.066475e-09	2.074735e+01	3.967024e+02
2.520000e-06	2.877843e-06	6.147050e-09	2.102120e+01	4.022592e+02
2.530000e-06	2.915135e-06	6.225401e-09	2.129360e+01	4.076949e+02
2.540000e-06	2.952212e-06	6.305804e-09	2.156443e+01	4.130144e+02
2.550000e-06	2.989109e-06	6.388307e-09	2.183395e+01	4.182229e+02
2.560000e-06	3.025847e-06	6.474392e-09	2.210230e+01	4.233249e+02
2.570000e-06	3.062417e-06	6.556451e-09	2.236942e+01	4.283243e+02
2.580000e-06	3.098738e-06	6.628379e-09	2.263473e+01	4.332238e+02
2.590000e-06	3.134712e-06	6.694477e-09	2.289750e+01	4.380254e+02
2.600000e-06	3.170363e-06	6.759782e-09	2.315791e+01	4.427296e+02
2.610000e-06	3.205778e-06	6.828050e-09	2.341660e+01	4.473365e+02
2.620000e-06	3.240984e-06	6.896763e-09	2.367377e+01	4.518452e+02
2.630000e-06	3.275978e-06	6.966333e-09	2.392938e+01	4.562549e+02
2.640000e-06	3.310762e-06	7.038587e-09	2.418346e+01	4.605649e+02
2.650000e-06	3.345308e-06	7.109179e-09	2.443580e+01	4.647752e+02
2.660000e-06	3.379633e-06	7.171842e-09	2.468653e+01	4.688866e+02
2.670000e-06	3.413735e-06	7.227423e-09	2.493563e+01	4.729011e+02
2.680000e-06	3.447623e-06	7.278086e-09	2.518316e+01	4.768219e+02
2.690000e-06	3.481349e-06	7.329693e-09	2.542951e+01	4.806529e+02
2.700000e-06	3.514877e-06	7.383228e-09	2.567442e+01	4.843989e+02
2.710000e-06	3.548176e-06	7.434858e-09	2.591765e+01	4.880647e+02
2.720000e-06	3.581212e-06	7.485844e-09	2.615896e+01	4.916551e+02
2.730000e-06	3.613942e-06	7.540513e-09	2.639803e+01	4.951740e+02
2.740000e-06	3.646439e-06	7.595903e-09	2.663541e+01	4.986245e+02
2.750000e-06	3.678714e-06	7.647697e-09	2.687117e+01	5.020083e+02
2.760000e-06	3.710700e-06	7.696619e-09	2.710480e+01	5.053259e+02
2.770000e-06	3.742376e-06	7.745655e-09	2.733618e+01	5.085766e+02
2.780000e-06	3.773754e-06	7.792485e-09	2.756539e+01	5.117589e+02
2.790000e-06	3.804865e-06	7.831700e-09	2.779264e+01	5.148705e+02
2.800000e-06	3.835714e-06	7.869235e-09	2.801797e+01	5.179095e+02
2.810000e-06	3.866313e-06	7.910495e-09	2.824148e+01	5.208743e+02
2.820000e-06	3.896692e-06	7.955178e-09	2.846338e+01	5.237640e+02
2.830000e-06	3.926783e-06	7.996697e-09	2.868319e+01	5.265792e+02
2.840000e-06	3.956429e-06	8.035633e-09	2.889973e+01	5.293216e+02
2.850000e-06	3.985651e-06	8.075475e-09	2.911319e+01	5.319942e+02
2.860000e-06	4.014606e-06	8.114564e-09	2.932469e+01	5.346011e+02
2.870000e-06	4.043322e-06	8.149291e-09	2.953444e+01	5.371472e+02
2.880000e-06	4.071758e-06	8.179133e-09	2.974216e+01	5.396379e+02
2.890000e-06	4.099888e-06	8.208055e-09	2.994763e+01	5.420782e+02
2.900000e-06	4.127683e-06	8.240786e-09	3.015066e+01	5.444730e+02
2.910000e-06	4.155203e-06	8.276173e-09	3.035168e+01	5.468260e+02
2.920000e-06	4.182524e-06	8.311015e-09	3.055125e+01	5.491399e+02
2.930000e-06	4.209597e-06	8.346114e-09	3.074900e+01	5.514165e+02
2.940000e-06	4.236350e-06	8.381490e-09	3.094442e+01	5.536561e+02
2.950000e-06	4.262730e-06	8.414263e-09	3.113711e+01	5.558583e+02
2.960000e-06	4.288734e-06	8.441099e-09	3.132705e+01	5.580215e+02
2.970000e-06	4.314431e-06	8.466524e-09	3.151476e+01	5.601443e+02
2.980000e-06	4.339850e-06	8.491536e-09	3.170043e+01	5.622245e+02
2.990000e-06	4.364975e-06	8.514264e-09	3.188396e+01	5.642605e+02
3.000000e-06	4.389781e-06	8.536942e-09	3.206515e+01	5.662508e+02
3.010000e-06	4.414273e-06	8.568864e-09	3.224405e+01	5.681943e+02
3.020000e-06	4.438536e-06	8.607658e-09	3.242129e+01	5.700908e+02
3.030000e-06	4.462628e-06	8.640040e-09	3.259727e+01	5.719403e+02
3.040000e-06	4.486440e-06	8.663065e-09	3.277120e+01	5.737434e+02
3.050000e-06	4.509835e-06	8.683266e-09	3.294209e+01	5.755009e+02
3.060000e-06	4.532796e-06	8.705335e-09	3.310981e+01	5.772142e+02
3.070000e-06	4.555387e-06	8.727216e-09	3.327482e+01	5.788844e+02
3.080000e-06	4.577668e-06	8.748873e-09	3.343757e+01	5.805131e+02
3.090000e-06	4.599647e-06	8.771677e-09	3.359812e+01	5.821016e+02
3.100000e-06	4.621316e-06	8.799670e-09	3.375640e+01	5.836513e+02
3.110000e-06	4.642647e-06	8.829678e-09	3.391221e+01	5.851635e+02
3.120000e-06	4.663634e-06	8.852843e-09	3.406552e+01	5.866396e+02
3.130000e-06	4.684292e-06	8.872038e-09	3.421641e+01	5.880809e+02
3.140000e-06	4.704492e-06	8.891466e-09	3.436396e+01	5.894884e+02
3.150000e-06	4.724192e-06	8.911335e-09	3.450786e+01	5.908634e+02
3.160000e-06	4.743535e-06	8.929710e-09	3.464915e+01	5.922066e+02
3.170000e-06	4.762570e-06	8.947648e-09	3.478819e+01	5.935189e+02
3.180000e-06	4.781298e-06	8.967972e-09	3.492499e+01	5.948006e+02
3.190000e-06	4.799690e-06	8.990142e-09	3.505933e+01	5.960518e+02
3.200000e-06	4.817693e-06	9.010252e-09	3.519084e+01	5.972722e+02
3.210000e-06	4.835412e-06	9.026883e-09	3.532027e+01	5.984614e+02
3.220000e-06	4.852899e-06	9.043654e-09	3.544800e+01	5.996187e+02
3.230000e-06	4.870020e-06	9.063236e-09	3.557306e+01	6.007432e+02
3.240000e-06	4.886685e-06	9.084616e-09	3.569479e+01	6.018344e+02
3.250000e-06	4.902941e-06	9.104111e-09	3.581353e+01	6.028919e+02
3.260000e-06	4.918862e-06	9.120942e-09	3.592982e+01	6.039155e+02
3.270000e-06	4.934470e-06	9.136112e-09	3.604383e+01	6.049058e+02
3.280000e-06	4.949766e-06	9.150482e-09	3.615557e+01	6.058638e+02
3.290000e-06	4.964713e-06	9.162464e-09	3.626474e+01	6.067911e+02
3.300000e-06	4.979336e-06	9.175068e-09	3.637156e+01	6.076895e+02
3.310000e-06	4.993716e-06	9.191760e-09	3.647660e+01	6.085614e+02
3.320000e-06	5.007784e-06	9.210285e-09	3.657936e+01	6.094089e+02
3.330000e-06	5.021368e-06	9.227859e-09	3.667858e+01	6.102342e+02
3.340000e-06	5.034493e-06	9.241790e-09	3.677445e+01	6.110391e+02
3.350000e-06	5.047293e-06	9.254906e-09	3.686795e+01	6.118248e+02
3.360000e-06	5.059768e-06	9.268869e-09	3.695907e+01	6.125918e+02
3.370000e-06	5.071909e-06	9.279612e-09	3.704776e+01	6.133400e+02
3.380000e-06	5.083690e-06	9.288644e-09	3.713381e+01	6.140688e+02
3.390000e-06	5.095129e-06	9.300416e-09	3.721737e+01	6.147771e+02
3.400000e-06	5.106313e-06	9.316611e-09	3.729906e+01	6.154634e+02
3.410000e-06	5.117141e-06	9.333521e-09	3.737816e+01	6.161265e+02
3.420000e-06	5.127456e-06	9.344826e-09	3.745350e+01	6.167651e+02
3.430000e-06	5.137334e-06	9.351804e-09	3.752565e+01	6.173787e+02
3.440000e-06	5.146870e-06	9.360510e-09	3.759531e+01	6.179668e+02
3.450000e-06	5.156059e-06	9.370156e-09	3.766243e+01	6.185301e+02
3.460000e-06	5.164906e-06	9.377236e-09	3.772705e+01	6.190694e+02
3.470000e-06	5.173412e-06	9.384857e-09	3.778919e+01	6.195860e+02
3.480000e-06	5.181606e-06	9.393684e-09	3.784904e+01	6.200815e+02
3.490000e-06	5.189509e-06	9.403623e-09	3.790677e+01	6.205574e+02
3.500000e-06	5.197047e-06	9.414256e-09	3.796183e+01	6.210148e+02
3.510000e-06	5.204191e-06	9.421271e-09	3.801401e+01	6.214546e+02
3.520000e-06	5.210962e-06	9.427294e-09	3.806347e+01	6.218767e+02
3.530000e-06	5.217311e-06	9.434717e-09	3.810985e+01	6.222806e+02
3.540000e-06	5.223247e-06	9.445065e-09	3.815320e+01	6.226649e+02
3.550000e-06	5.228779e-06	9.456046e-09	3.819362e+01	6.230277e+02
3.560000e-06	5.233937e-06	9.463532e-09	3.823129e+01	6.233670e+02
3.570000e-06	5.238764e-06	9.469249e-09	3.826655e+01	6.236806e+02
3.580000e-06	5.243172e-06	9.474593e-09	3.829874e+01	6.239666e+02
3.590000e-06	5.247036e-06	9.477047e-09	3.832698e+01	6.242237e+02
3.600000e-06	5.250459e-06	9.476306e-09	3.835198e+01	6.244511e+02
3.610000e-06	5.253555e-06	9.475323e-09	3.837459e+01	6.246491e+02
3.620000e-06	5.256288e-06	9.476488e-09	3.839456e+01	6.248189e+02
3.630000e-06	5.258673e-06	9.480753e-09	3.841198e+01	6.249623e+02
3.640000e-06	5.260693e-06	9.486440e-09	3.842673e+01	6.250819e+02
3.650000e-06	5.262390e-06	9.492952e-09	3.843912e+01	6.251804e+02
3.660000e-06	5.263804e-06	9.501078e-09	3.844945e+01	6.252607e+02
3.670000e-06	5.264760e-06	9.504223e-09	3.845644e+01	6.253254e+02
3.680000e-06	5.265190e-06	9.503694e-09	3.845958e+01	6.253765e+02
3.690000e-06	5.265248e-06	9.501411e-09	3.846000e+01	6.254153e+02
3.700000e-06	5.265010e-06	9.496963e-09	3.845826e+01	6.254422e+02
3.710000e-06	5.264429e-06	9.497036e-09	3.845402e+01	6.254570e+02
3.720000e-06	5.263512e-06	9.499674e-09	3.844732e+01	6.254585e+02
3.730000e-06	5.262289e-06	9.501069e-09	3.843839e+01	6.254455e+02
3.740000e-06	5.260827e-06	9.504401e-09	3.842771e+01	6.254162e+02
3.750000e-06	5.259110e-06	9.509808e-09	3.841517e+01	6.253691e+02
3.760000e-06	5.257018e-06	9.519948e-09	3.839989e+01	6.253030e+02
3.770000e-06	5.254433e-06	9.485170e-09	3.838100e+01	6.252173e+02
3.780000e-06	5.251181e-06	9.458171e-09	3.835725e+01	6.251120e+02
3.790000e-06	5.246980e-06	9.557921e-09	3.832657e+01	6.249877e+02
3.800000e-06	5.242227e-06	9.527122e-09	3.829184e+01	6.248454e+02
3.810000e-06	5.237738e-06	9.442649e-09	3.825905e+01	6.246865e+02
3.820000e-06	5.233321e-06	9.426043e-09	3.822679e+01	6.245124e+02
3.830000e-06	5.228179e-06	9.563951e-09	3.818923e+01	6.243239e+02
3.840000e-06	5.222306e-06	9.506986e-09	3.814633e+01	6.241215e+02
3.850000e-06	5.216442e-06	9.372291e-09	3.810350e+01	6.239047e+02
3.860000e-06	5.210427e-06	9.433277e-09	3.805956e+01	6.236719e+02
3.870000e-06	5.203621e-06	9.531483e-09	3.800985e+01	6.234209e+02
3.880000e-06	5.196319e-06	9.452819e-09	3.795651e+01	6.231487e+02
3.890000e-06	5.188960e-06	9.371792e-09	3.790275e+01	6.228516e+02
3.900000e-06	5.181294e-06	9.494546e-09	3.784676e+01	6.225261e+02
3.910000e-06	5.173097e-06	9.480365e-09	3.778689e+01	6.221689e+02
3.920000e-06	5.164608e-06	9.354866e-09	3.772488e+01	6.217774e+02
3.930000e-06	5.155837e-06	9.411267e-09	3.766081e+01	6.213504e+02
3.940000e-06	5.146456e-06	9.507570e-09	3.759229e+01	6.208876e+02
3.950000e-06	5.136615e-06	9.398197e-09	3.752040e+01	6.203904e+02
3.960000e-06	5.126526e-06	9.336081e-09	3.744671e+01	6.198614e+02
3.970000e-06	5.116049e-06	9.461402e-09	3.737018e+01	6.193041e+02
3.980000e-06	5.105216e-06	9.451642e-09	3.729105e+01	6.187227e+02
3.990000e-06	5.094139e-06	9.348647e-09	3.721013e+01	6.181217e+02
4.000000e-06	5.082633e-06	9.396126e-09	3.712609e+01	6.175049e+02
4.010000e-06	5.070651e-06	9.429122e-09	3.703857e+01	6.168756e+02
4.020000e-06	5.058366e-06	9.370399e-09	3.694883e+01	6.162357e+02
4.030000e-06	5.045723e-06	9.350845e-09	3.685648e+01	6.155857e+02
4.040000e-06	5.032637e-06	9.357541e-09	3.676089e+01	6.149246e+02
4.050000e-06	5.019240e-06	9.321527e-09	3.666304e+01	6.142502e+02
4.060000e-06	5.005551e-06	9.354014e-09	3.656305e+01	6.135594e+02
4.070000e-06	4.991473e-06	9.338695e-09	3.646021e+01	6.128485e+02
4.080000e-06	4.977086e-06	9.289720e-09	3.635512e+01	6.121139e+02
4.090000e-06	4.962395e-06	9.302217e-09	3.624781e+01	6.113526e+02
4.100000e-06	4.947195e-06	9.321631e-09	3.613678e+01	6.105626e+02
4.110000e-06	4.931509e-06	9.242207e-09	3.602221e+01	6.097430e+02
4.120000e-06	4.915518e-06	9.250097e-09	3.590540e+01	6.088947e+02
4.130000e-06	4.899235e-06	9.262138e-09	3.578646e+01	6.080196e+02
4.140000e-06	4.882657e-06	9.227369e-09	3.566536e+01	6.071208e+02
4.150000e-06	4.865744e-06	9.221944e-09	3.554182e+01	6.062021e+02
4.160000e-06	4.848527e-06	9.240381e-09	3.541606e+01	6.052672e+02
4.170000e-06	4.831043e-06	9.192461e-09	3.528835e+01	6.043194e+02
4.180000e-06	4.813276e-06	9.189367e-09	3.515857e+01	6.033612e+02
4.190000e-06	4.795116e-06	9.198294e-09	3.502592e+01	6.023936e+02
4.200000e-06	4.776540e-06	9.159054e-09	3.489023e+01	6.014164e+02
4.210000e-06	4.757638e-06	9.143999e-09	3.475217e+01	6.004276e+02
4.220000e-06	4.738356e-06	9.139046e-09	3.461132e+01	5.994243e+02
4.230000e-06	4.718657e-06	9.106725e-09	3.446743e+01	5.984027e+02
4.240000e-06	4.698622e-06	9.092782e-09	3.432108e+01	5.973586e+02
4.250000e-06	4.678274e-06	9.089485e-09	3.417245e+01	5.962883e+02
4.260000e-06	4.657647e-06	9.053211e-09	3.402178e+01	5.951889e+02
4.270000e-06	4.636663e-06	9.047739e-09	3.386850e+01	5.940585e+02
4.280000e-06	4.615210e-06	9.041405e-09	3.371180e+01	5.928968e+02
4.290000e-06	4.593309e-06	9.013348e-09	3.355182e+01	5.917051e+02
4.300000e-06	4.571034e-06	8.981904e-09	3.338911e+01	5.904859e+02
4.310000e-06	4.548455e-06	8.976839e-09	3.322419e+01	5.892425e+02
4.320000e-06	4.525570e-06	8.960341e-09	3.305702e+01	5.879789e+02
4.330000e-06	4.502328e-06	8.941468e-09	3.288725e+01	5.866986e+02
4.340000e-06	4.478721e-06	8.916265e-09	3.271481e+01	5.854045e+02
4.350000e-06	4.454848e-06	8.899458e-09	3.254044e+01	5.840986e+02
4.360000e-06	4.430776e-06	8.880881e-09	3.236460e+01	5.827810e+02
4.370000e-06	4.406381e-06	8.858306e-09	3.218641e+01	5.814508e+02
4.380000e-06	4.381512e-06	8.832134e-09	3.200475e+01	5.801052e+02
4.390000e-06	4.356223e-06	8.814208e-09	3.182003e+01	5.787409e+02
4.400000e-06	4.330669e-06	8.796812e-09	3.163337e+01	5.773537e+02
4.410000e-06	4.304918e-06	8.774503e-09	3.144527e+01	5.759397e+02
4.420000e-06	4.278892e-06	8.754174e-09	3.125517e+01	5.744953e+02
4.430000e-06	4.252519e-06	8.729974e-09	3.106253e+01	5.730182e+02
4.440000e-06	4.225842e-06	8.706886e-09	3.086766e+01	5.715073e+02
4.450000e-06	4.198895e-06	8.688176e-09	3.067083e+01	5.699630e+02
4.460000e-06	4.171686e-06	8.670784e-09	3.047208e+01	5.683869e+02
4.470000e-06	4.144220e-06	8.641925e-09	3.027145e+01	5.667818e+02
4.480000e-06	4.116371e-06	8.619821e-09	3.006803e+01	5.651509e+02
4.490000e-06	4.088049e-06	8.600867e-09	2.986116e+01	5.634976e+02
4.500000e-06	4.059378e-06	8.579031e-09	2.965172e+01	5.618246e+02
4.510000e-06	4.030486e-06	8.549437e-09	2.944069e+01	5.601336e+02
4.520000e-06	4.001379e-06	8.522098e-09	2.922807e+01	5.584251e+02
4.530000e-06	3.972020e-06	8.496443e-09	2.901362e+01	5.566979e+02
4.540000e-06	3.942384e-06	8.469114e-09	2.879715e+01	5.549497e+02
4.550000e-06	3.912471e-06	8.437214e-09	2.857864e+01	5.531769e+02
4.560000e-06	3.882300e-06	8.415176e-09	2.835826e+01	5.513752e+02
4.570000e-06	3.851808e-06	8.400993e-09	2.813553e+01	5.495401e+02
4.580000e-06	3.820904e-06	8.378000e-09	2.790979e+01	5.476675e+02
4.590000e-06	3.789536e-06	8.348692e-09	2.768067e+01	5.457542e+02
4.600000e-06	3.757802e-06	8.320114e-09	2.744887e+01	5.437981e+02
4.610000e-06	3.725857e-06	8.293198e-09	2.721552e+01	5.417984e+02
4.620000e-06	3.693689e-06	8.257312e-09	2.698055e+01	5.397560e+02
4.630000e-06	3.661280e-06	8.218512e-09	2.674382e+01	5.376726e+02
4.640000e-06	3.628643e-06	8.185621e-09	2.650542e+01	5.355511e+02
4.650000e-06	3.595767e-06	8.158599e-09	2.626528e+01	5.333948e+02
4.660000e-06	3.562656e-06	8.130592e-09	2.602342e+01	5.312068e+02
4.670000e-06	3.529308e-06	8.102841e-09	2.577983e+01	5.289900e+02
4.680000e-06	3.495787e-06	8.072162e-09	2.553498e+01	5.267465e+02
4.690000e-06	3.462117e-06	8.037525e-09	2.528903e+01	5.244773e+02
4.700000e-06	3.428227e-06	8.001824e-09	2.504148e+01	5.221824e+02
4.710000e-06	3.394001e-06	7.963793e-09	2.479148e+01	5.198608e+02
4.720000e-06	3.359369e-06	7.923015e-09	2.453851e+01	5.175107e+02
4.730000e-06	3.324401e-06	7.884511e-09	2.428309e+01	5.151297e+02
4.740000e-06	3.289223e-06	7.852323e-09	2.402613e+01	5.127155e+02
4.750000e-06	3.253849e-06	7.823507e-09	2.376774e+01	5.102654e+02
4.760000e-06	3.218306e-06	7.792216e-09	2.350812e+01	5.077774e+02
4.770000e-06	3.182592e-06	7.756019e-09	2.324724e+01	5.052498e+02
4.780000e-06	3.146610e-06	7.720363e-09	2.298442e+01	5.026817e+02
4.790000e-06	3.110398e-06	7.681187e-09	2.271990e+01	5.000723e+02
4.800000e-06	3.073985e-06	7.635334e-09	2.245392e+01	4.974215e+02
4.810000e-06	3.037381e-06	7.587050e-09	2.218655e+01	4.947296e+02
4.820000e-06	3.000656e-06	7.544996e-09	2.191829e+01	4.919968e+02
4.830000e-06	2.963829e-06	7.505751e-09	2.164929e+01	4.892235e+02
4.840000e-06	2.926816e-06	7.462624e-09	2.137892e+01	4.864102e+02
4.850000e-06	2.889462e-06	7.418413e-09	2.110608e+01	4.835571e+02
4.860000e-06	2.851750e-06	7.378563e-09	2.083061e+01	4.806646e+02
4.870000e-06	2.813742e-06	7.340584e-09	2.055298e+01	4.777330e+02
4.880000e-06	2.775489e-06	7.297018e-09	2.027356e+01	4.747630e+02
4.890000e-06	2.737085e-06	7.246728e-09	1.999304e+01	4.717550e+02
4.900000e-06	2.698581e-06	7.195782e-09	1.971179e+01	4.687099e+02
4.910000e-06	2.659952e-06	7.146578e-09	1.942962e+01	4.656284e+02
4.920000e-06	2.621105e-06	7.095607e-09	1.914586e+01	4.625112e+02
4.930000e-06	2.582050e-06	7.043419e-09	1.886058e+01	4.593589e+02
4.940000e-06	2.542842e-06	6.995277e-09	1.857419e+01	4.561714e+02
4.950000e-06	2.503480e-06	6.951909e-09	1.828667e+01	4.529482e+02
4.960000e-06	2.463993e-06	6.909489e-09	1.799824e+01	4.496880e+02
4.970000e-06	2.424340e-06	6.865069e-09	1.770859e+01	4.463890e+02
4.980000e-06	2.384525e-06	6.814885e-09	1.741776e+01	4.430484e+02
4.990000e-06	2.344604e-06	6.760185e-09	1.712616e+01	4.396632e+02
5.000000e-06	2.304561e-06	6.705099e-09	1.683367e+01	4.362303e+02
5.010000e-06	2.264396e-06	6.648768e-09	1.654028e+01	4.327463e+02
5.020000e-06	2.224009e-06	6.587663e-09	1.624528e+01	4.292088e+02
5.030000e-06	2.183305e-06	6.529067e-09	1.594795e+01	4.256159e+02
5.040000e-06	2.142323e-06	6.477764e-09	1.564860e+01	4.219669e+02
5.050000e-06	2.101157e-06	6.430201e-09	1.534790e+01	4.182619e+02
5.060000e-06	2.059820e-06	6.379077e-09	1.504595e+01	4.145023e+02
5.070000e-06	2.018331e-06	6.325630e-09	1.474289e+01	4.106902e+02
5.080000e-06	1.976755e-06	6.271538e-09	1.443920e+01	4.068284e+02
5.090000e-06	1.935074e-06	6.213922e-09	1.413474e+01	4.029194e+02
5.100000e-06	1.893259e-06	6.148617e-09	1.382931e+01	3.989655e+02
5.110000e-06	1.851307e-06	6.079377e-09	1.352287e+01	3.949683e+02
5.120000e-06	1.809221e-06	6.013788e-09	1.321545e+01	3.909283e+02
5.130000e-06	1.766984e-06	5.954072e-09	1.290693e+01	3.868446e+02
5.140000e-06	1.724608e-06	5.895702e-09	1.259740e+01	3.827152e+02
5.150000e-06	1.682138e-06	5.834419e-09	1.228718e+01	3.785371e+02
5.160000e-06	1.639540e-06	5.772137e-09	1.197602e+01	3.743066e+02
5.170000e-06	1.596852e-06	5.708387e-09	1.166420e+01	3.700199e+02
5.180000e-06	1.554076e-06	5.643887e-09	1.135175e+01	3.656733e+02
5.190000e-06	1.511193e-06	5.573046e-09	1.103851e+01	3.612639e+02
5.200000e-06	1.468216e-06	5.500988e-09	1.072458e+01	3.567899e+02
5.210000e-06	1.425144e-06	5.430262e-09	1.040996e+01	3.522508e+02
5.220000e-06	1.382029e-06	5.366432e-09	1.009503e+01	3.476472e+02
5.230000e-06	1.338857e-06	5.303276e-09	9.779680e+00	3.429808e+02
5.240000e-06	1.295616e-06	5.233058e-09	9.463823e+00	3.382542e+02
5.250000e-06	1.252327e-06	5.158728e-09	9.147623e+00	3.334700e+02
5.260000e-06	1.208960e-06	5.083795e-09	8.830848e+00	3.286305e+02
5.270000e-06	1.165480e-06	5.011699e-09	8.513250e+00	3.237373e+02
5.280000e-06	1.121922e-06	4.937657e-09	8.195076e+00	3.187909e+02
5.290000e-06	1.078272e-06	4.862384e-09	7.876238e+00	3.137901e+02
5.300000e-06	1.034483e-06	4.787705e-09	7.556381e+00	3.087325e+02
5.310000e-06	9.906264e-07	4.713105e-09	7.236030e+00	3.036144e+02
5.320000e-06	9.467161e-07	4.634174e-09	6.915288e+00	2.984312e+02
5.330000e-06	9.027487e-07	4.549560e-09	6.594128e+00	2.931775e+02
5.340000e-06	8.587370e-07	4.463730e-09	6.272644e+00	2.878484e+02
5.350000e-06	8.146410e-07	4.382361e-09	5.950545e+00	2.824390e+02
5.360000e-06	7.704938e-07	4.301686e-09	5.628071e+00	2.769457e+02
5.370000e-06	7.263126e-07	4.221409e-09	5.305350e+00	2.713659e+02
5.380000e-06	6.821043e-07	4.143217e-09	4.982431e+00	2.656984e+02
5.390000e-06	6.378319e-07	4.064142e-09	4.659043e+00	2.599429e+02
5.400000e-06	5.935001e-07	3.978990e-09	4.335221e+00	2.541003e+02
5.410000e-06	5.491175e-07	3.884260e-09	4.011029e+00	2.481719e+02
5.420000e-06	5.046844e-07	3.782760e-09	3.686467e+00	2.421592e+02
5.430000e-06	4.602582e-07	3.681341e-09	3.361956e+00	2.360632e+02
5.440000e-06	4.157886e-07	3.584225e-09	3.037127e+00	2.298844e+02
5.450000e-06	3.712842e-07	3.489212e-09	2.712046e+00	2.236223e+02
5.460000e-06	3.267825e-07	3.394268e-09	2.386982e+00	2.172754e+02
5.470000e-06	2.823048e-07	3.300262e-09	2.062095e+00	2.108414e+02
5.480000e-06	2.378329e-07	3.206575e-09	1.737251e+00	2.043171e+02
5.490000e-06	1.933288e-07	3.108226e-09	1.412170e+00	1.976991e+02
5.500000e-06	1.488356e-07	3.001313e-09	1.087170e+00	1.909838e+02
5.510000e-06	1.043121e-07	2.887936e-09	7.619474e-01	1.841679e+02
5.520000e-06	5.977337e-08	2.776504e-09	4.366145e-01	1.772486e+02
5.530000e-06	1.520644e-08	2.667783e-09	1.110754e-01	1.702238e+02
5.540000e-06	-2.936763e-08	2.554911e-09	-2.145158e-01	1.630921e+02
5.550000e-06	-7.390435e-08	2.438231e-09	-5.398343e-01	1.558528e+02
5.560000e-06	-1.184548e-07	2.324439e-09	-8.652533e-01	1.485056e+02
5.570000e-06	-1.629987e-07	2.214615e-09	-1.190624e+00	1.410504e+02
5.580000e-06	-2.075313e-07	2.100910e-09	-1.515912e+00	1.334872e+02
5.590000e-06	-2.520163e-07	1.980084e-09	-1.840853e+00	1.258158e+02
5.600000e-06	-2.964446e-07	1.857536e-09	-2.165380e+00	1.180354e+02
5.610000e-06	-3.408612e-07	1.737575e-09	-2.489821e+00	1.101453e+02
5.620000e-06	-3.852646e-07	1.616124e-09	-2.814165e+00	1.021439e+02
5.630000e-06	-4.296316e-07	1.486407e-09	-3.138244e+00	9.403000e+01
5.640000e-06	-4.739906e-07	1.351515e-09	-3.462265e+00	8.580219e+01
5.650000e-06	-5.183444e-07	1.219404e-09	-3.786247e+00	7.745953e+01
5.660000e-06	-5.626383e-07	1.091513e-09	-4.109791e+00	6.900168e+01
5.670000e-06	-6.068914e-07	9.619007e-10	-4.433038e+00	6.042911e+01
5.680000e-06	-6.511312e-07	8.274703e-10	-4.756188e+00	5.174320e+01
5.690000e-06	-6.953461e-07	6.949523e-10	-5.079155e+00	4.294628e+01
5.700000e-06	-7.394929e-07	5.660789e-10	-5.401625e+00	3.404150e+01
5.710000e-06	-7.835833e-07	4.320689e-10	-5.723684e+00	2.503277e+01
5.720000e-06	-8.276547e-07	2.878097e-10	-6.045604e+00	1.592448e+01
5.730000e-06	-8.716300e-07	1.391219e-10	-6.366821e+00	6.721369e+00
5.740000e-06	-9.155026e-07	-8.410673e-12	-6.687288e+00	-2.571630e+00
5.750000e-06	-9.593186e-07	-1.538579e-10	-7.007342e+00	-1.194950e+01
5.760000e-06	-1.003066e-06	-2.990787e-10	-7.326897e+00	-2.140711e+01
5.770000e-06	-1.046731e-06	-4.416582e-10	-7.645846e+00	-3.093916e+01
5.780000e-06	-1.090288e-06	-5.815659e-10	-7.964007e+00	-4.054000e+01
5.790000e-06	-1.133758e-06	-7.238436e-10	-8.281532e+00	-5.020347e+01
5.800000e-06	-1.177171e-06	-8.716530e-10	-8.598645e+00	-5.992267e+01
5.810000e-06	-1.220506e-06	-1.022841e-09	-8.915186e+00	-6.968985e+01
5.820000e-06	-1.263764e-06	-1.174184e-09	-9.231165e+00	-7.949631e+01
5.830000e-06	-1.306991e-06	-1.326790e-09	-9.546916e+00	-8.933244e+01
5.840000e-06	-1.350173e-06	-1.482587e-09	-9.862339e+00	-9.918784e+01
5.850000e-06	-1.393283e-06	-1.637617e-09	-1.017723e+01	-1.090515e+02
5.860000e-06	-1.436308e-06	-1.785507e-09	-1.049151e+01	-1.189123e+02
5.870000e-06	-1.479217e-06	-1.927346e-09	-1.080494e+01	-1.287588e+02
5.880000e-06	-1.522006e-06	-2.068875e-09	-1.111749e+01	-1.385801e+02
5.890000e-06	-1.564680e-06	-2.213867e-09	-1.142920e+01	-1.483660e+02
5.900000e-06	-1.607250e-06	-2.359388e-09	-1.174016e+01	-1.581066e+02
5.910000e-06	-1.649713e-06	-2.507309e-09	-1.205033e+01	-1.677929e+02
5.920000e-06	-1.692083e-06	-2.660796e-09	-1.235982e+01	-1.774164e+02
5.930000e-06	-1.734376e-06	-2.816791e-09	-1.266875e+01	-1.869692e+02
5.940000e-06	-1.776527e-06	-2.968749e-09	-1.297664e+01	-1.964433e+02
5.950000e-06	-1.818524e-06	-3.113147e-09	-1.328341e+01	-2.058306e+02
5.960000e-06	-1.860397e-06	-3.251153e-09	-1.358927e+01	-2.151229e+02
5.970000e-06	-1.902142e-06	-3.385167e-09	-1.389420e+01	-2.243114e+02
5.980000e-06	-1.943795e-06	-3.516205e-09	-1.419845e+01	-2.333869e+02
5.990000e-06	-1.985352e-06	-3.646090e-09	-1.450200e+01	-2.423399e+02
6.000000e-06	-2.026740e-06	-3.777373e-09	-1.480432e+01	-2.511608e+02
6.010000e-06	-2.067914e-06	-3.913368e-09	-1.510507e+01	-2.598403e+02
6.020000e-06	-2.108889e-06	-4.051240e-09	-1.540438e+01	-2.683699e+02
6.030000e-06	-2.149665e-06	-4.185495e-09	-1.570223e+01	-2.767420e+02
6.040000e-06	-2.190199e-06	-4.316509e-09	-1.599831e+01	-2.849507e+02
6.050000e-06	-2.230522e-06	-4.443762e-09	-1.629285e+01	-2.929916e+02
6.060000e-06	-2.270692e-06	-4.565392e-09	-1.658627e+01	-3.008621e+02
6.070000e-06	-2.310766e-06	-4.680647e-09	-1.687899e+01	-3.085614e+02
6.080000e-06	-2.350714e-06	-4.793129e-09	-1.717079e+01	-3.160905e+02
6.090000e-06	-2.390504e-06	-4.905778e-09	-1.746144e+01	-3.234512e+02
6.100000e-06	-2.430132e-06	-5.021879e-09	-1.775090e+01	-3.306467e+02
6.110000e-06	-2.469586e-06	-5.138158e-09	-1.803909e+01	-3.376804e+02
6.120000e-06	-2.508897e-06	-5.252822e-09	-1.832624e+01	-3.445559e+02
6.130000e-06	-2.548034e-06	-5.363936e-09	-1.861211e+01	-3.512768e+02
6.140000e-06	-2.586964e-06	-5.468985e-09	-1.889647e+01	-3.578465e+02
6.150000e-06	-2.625661e-06	-5.568122e-09	-1.917914e+01	-3.642679e+02
6.160000e-06	-2.664198e-06	-5.661712e-09	-1.946064e+01	-3.705441e+02
6.170000e-06	-2.702687e-06	-5.755087e-09	-1.974178e+01	-3.766778e+02
6.180000e-06	-2.741087e-06	-5.848255e-09	-2.002227e+01	-3.826721e+02
6.190000e-06	-2.779286e-06	-5.936515e-09	-2.030129e+01	-3.885303e+02
6.200000e-06	-2.817256e-06	-6.021867e-09	-2.057865e+01	-3.942564e+02
6.210000e-06	-2.854947e-06	-6.109077e-09	-2.085396e+01	-3.998547e+02
6.220000e-06	-2.892304e-06	-6.195604e-09	-2.112683e+01	-4.053302e+02
6.230000e-06	-2.929393e-06	-6.283116e-09	-2.139775e+01	-4.106878e+02
6.240000e-06	-2.966289e-06	-6.368772e-09	-2.166726e+01	-4.159328e+02
6.250000e-06	-3.003016e-06	-6.452203e-09	-2.193553e+01	-4.210698e+02
6.260000e-06	-3.039553e-06	-6.531716e-09	-2.220241e+01	-4.261029e+02
6.270000e-06	-3.075886e-06	-6.603913e-09	-2.246781e+01	-4.310355e+02
6.280000e-06	-3.111981e-06	-6.671387e-09	-2.273147e+01	-4.358695e+02
6.290000e-06	-3.147833e-06	-6.739622e-09	-2.299335e+01	-4.406062e+02
6.300000e-06	-3.183485e-06	-6.808838e-09	-2.325377e+01	-4.452455e+02
6.310000e-06	-3.218931e-06	-6.878693e-09	-2.351268e+01	-4.497870e+02
6.320000e-06	-3.254190e-06	-6.950228e-09	-2.377023e+01	-4.542298e+02
6.330000e-06	-3.289305e-06	-7.021827e-09	-2.402672e+01	-4.585731e+02
6.340000e-06	-3.324210e-06	-7.093154e-09	-2.428169e+01	-4.628165e+02
6.350000e-06	-3.358840e-06	-7.161734e-09	-2.453464e+01	-4.669606e+02
6.360000e-06	-3.393132e-06	-7.227009e-09	-2.478513e+01	-4.710072e+02
6.370000e-06	-3.427078e-06	-7.287925e-09	-2.503309e+01	-4.749587e+02
6.380000e-06	-3.460787e-06	-7.345868e-09	-2.527932e+01	-4.788192e+02
6.390000e-06	-3.494310e-06	-7.401765e-09	-2.552418e+01	-4.825929e+02
6.400000e-06	-3.527611e-06	-7.457322e-09	-2.576744e+01	-4.862849e+02
6.410000e-06	-3.560691e-06	-7.516321e-09	-2.600907e+01	-4.898999e+02
6.420000e-06	-3.593527e-06	-7.580039e-09	-2.624892e+01	-4.934422e+02
6.430000e-06	-3.626044e-06	-7.641397e-09	-2.648644e+01	-4.969152e+02
6.440000e-06	-3.658330e-06	-7.697832e-09	-2.672227e+01	-5.003211e+02
6.450000e-06	-3.690449e-06	-7.749622e-09	-2.695689e+01	-5.036608e+02
6.460000e-06	-3.722411e-06	-7.800427e-09	-2.719035e+01	-5.069339e+02
6.470000e-06	-3.754162e-06	-7.851423e-09	-2.742228e+01	-5.101391e+02
6.480000e-06	-3.785507e-06	-7.898915e-09	-2.765123e+01	-5.132745e+02
6.490000e-06	-3.816366e-06	-7.943418e-09	-2.787665e+01	-5.163379e+02
6.500000e-06	-3.846887e-06	-7.988823e-09	-2.809959e+01	-5.193275e+02
6.510000e-06	-3.877154e-06	-8.037851e-09	-2.832067e+01	-5.222423e+02
6.520000e-06	-3.907119e-06	-8.086176e-09	-2.853955e+01	-5.250822e+02
6.530000e-06	-3.936813e-06	-8.130616e-09	-2.875645e+01	-5.278485e+02
6.540000e-06	-3.966240e-06	-8.173184e-09	-2.897140e+01	-5.305439e+02
6.550000e-06	-3.995372e-06	-8.218636e-09	-2.918419e+01	-5.331722e+02
6.560000e-06	-4.024264e-06	-8.264836e-09	-2.939524e+01	-5.357380e+02
6.570000e-06	-4.052942e-06	-8.305139e-09	-2.960471e+01	-5.382465e+02
6.580000e-06	-4.081333e-06	-8.340341e-09	-2.981210e+01	-5.407030e+02
6.590000e-06	-4.109329e-06	-8.375037e-09	-3.001659e+01	-5.431125e+02
6.600000e-06	-4.136953e-06	-8.411950e-09	-3.021837e+01	-5.454790e+02
6.610000e-06	-4.164291e-06	-8.448192e-09	-3.041806e+01	-5.478057e+02
6.620000e-06	-4.191378e-06	-8.481959e-09	-3.061592e+01	-5.500946e+02
6.630000e-06	-4.218188e-06	-8.517774e-09	-3.081175e+01	-5.523465e+02
6.640000e-06	-4.244715e-06	-8.557488e-09	-3.100552e+01	-5.545612e+02
6.650000e-06	-4.270968e-06	-8.597951e-09	-3.119728e+01	-5.567376e+02
6.660000e-06	-4.296918e-06	-8.634511e-09	-3.138684e+01	-5.588740e+02
6.670000e-06	-4.322615e-06	-8.668366e-09	-3.157454e+01	-5.609686e+02
6.680000e-06	-4.347998e-06	-8.699449e-09	-3.175995e+01	-5.630195e+02
6.690000e-06	-4.372981e-06	-8.728126e-09	-3.194244e+01	-5.650251e+02
6.700000e-06	-4.397576e-06	-8.754645e-09	-3.212209e+01	-5.669843e+02
6.710000e-06	-4.421834e-06	-8.782523e-09	-3.229928e+01	-5.688965e+02
6.720000e-06	-4.445843e-06	-8.814398e-09	-3.247466e+01	-5.707616e+02
6.730000e-06	-4.469588e-06	-8.847886e-09	-3.264810e+01	-5.725800e+02
6.740000e-06	-4.493020e-06	-8.879821e-09	-3.281926e+01	-5.743525e+02
6.750000e-06	-4.516144e-06	-8.908198e-09	-3.298817e+01	-5.760804e+02
6.760000e-06	-4.538962e-06	-8.935932e-09	-3.315484e+01	-5.777648e+02
6.770000e-06	-4.561484e-06	-8.961857e-09	-3.331936e+01	-5.794071e+02
6.780000e-06	-4.583734e-06	-8.984663e-09	-3.348189e+01	-5.810088e+02
6.790000e-06	-4.605608e-06	-9.005460e-09	-3.364166e+01	-5.825713e+02
6.800000e-06	-4.626999e-06	-9.025785e-09	-3.379791e+01	-5.840958e+02
6.810000e-06	-4.647993e-06	-9.046891e-09	-3.395126e+01	-5.855838e+02
6.820000e-06	-4.668638e-06	-9.069123e-09	-3.410206e+01	-5.870365e+02
6.830000e-06	-4.688901e-06	-9.090936e-09	-3.425008e+01	-5.884551e+02
6.840000e-06	-4.708791e-06	-9.116933e-09	-3.439536e+01	-5.898408e+02
6.850000e-06	-4.728243e-06	-9.146461e-09	-3.453745e+01	-5.911945e+02
6.860000e-06	-4.747263e-06	-9.173689e-09	-3.467638e+01	-5.925170e+02
6.870000e-06	-4.765951e-06	-9.196315e-09	-3.481289e+01	-5.938088e+02
6.880000e-06	-4.784313e-06	-9.212662e-09	-3.494701e+01	-5.950702e+02
6.890000e-06	-4.802375e-06	-9.225233e-09	-3.507895e+01	-5.963009e+02
6.900000e-06	-4.820174e-06	-9.236339e-09	-3.520896e+01	-5.975005e+02
6.910000e-06	-4.837706e-06	-9.250658e-09	-3.533702e+01	-5.986685e+02
6.920000e-06	-4.854960e-06	-9.267583e-09	-3.546306e+01	-5.998040e+02
6.930000e-06	-4.871902e-06	-9.285032e-09	-3.558680e+01	-6.009064e+02
6.940000e-06	-4.888487e-06	-9.305772e-09	-3.570795e+01	-6.019750e+02
6.950000e-06	-4.904754e-06	-9.328546e-09	-3.582677e+01	-6.030099e+02
6.960000e-06	-4.920747e-06	-9.345815e-09	-3.594360e+01	-6.040112e+02
6.970000e-06	-4.936396e-06	-9.358381e-09	-3.605790e+01	-6.049798e+02
6.980000e-06	-4.951578e-06	-9.370840e-09	-3.616880e+01	-6.059171e+02
6.990000e-06	-4.966315e-06	-9.383813e-09	-3.627645e+01	-6.068248e+02
7.000000e-06	-4.980763e-06	-9.395751e-09	-3.638198e+01	-6.077053e+02
7.010000e-06	-4.994933e-06	-9.403425e-09	-3.648549e+01	-6.085606e+02
7.020000e-06	-5.008764e-06	-9.409609e-09	-3.658651e+01	-6.093931e+02
7.030000e-06	-5.022235e-06	-9.420700e-09	-3.668491e+01	-6.102047e+02
7.040000e-06	-5.035349e-06	-9.434123e-09	-3.678071e+01	-6.109966e+02
7.050000e-06	-5.048177e-06	-9.446455e-09	-3.687441e+01	-6.117698e+02
7.060000e-06	-5.060700e-06	-9.459464e-09	-3.696588e+01	-6.125243e+02
7.070000e-06	-5.072731e-06	-9.474978e-09	-3.705376e+01	-6.132596e+02
7.080000e-06	-5.084259e-06	-9.490512e-09	-3.713797e+01	-6.139748e+02
7.090000e-06	-5.095466e-06	-9.498161e-09	-3.721983e+01	-6.146686e+02
7.100000e-06	-5.106363e-06	-9.499595e-09	-3.729943e+01	-6.153395e+02
7.110000e-06	-5.116886e-06	-9.498888e-09	-3.737629e+01	-6.159864e+02
7.120000e-06	-5.127057e-06	-9.500903e-09	-3.745058e+01	-6.166083e+02
7.130000e-06	-5.136924e-06	-9.507474e-09	-3.752266e+01	-6.172049e+02
7.140000e-06	-5.146517e-06	-9.517323e-09	-3.759273e+01	-6.177764e+02
7.150000e-06	-5.155740e-06	-9.532127e-09	-3.766010e+01	-6.183235e+02
7.160000e-06	-5.164482e-06	-9.551552e-09	-3.772396e+01	-6.188475e+02
7.170000e-06	-5.172793e-06	-9.566834e-09	-3.778466e+01	-6.193498e+02
7.180000e-06	-5.180783e-06	-9.570324e-09	-3.784303e+01	-6.198320e+02
7.190000e-06	-5.188443e-06	-9.565456e-09	-3.789898e+01	-6.202955e+02
7.200000e-06	-5.195759e-06	-9.560019e-09	-3.795242e+01	-6.207411e+02
7.210000e-06	-5.202714e-06	-9.558171e-09	-3.800322e+01	-6.211691e+02
7.220000e-06	-5.209298e-06	-9.561534e-09	-3.805131e+01	-6.215791e+02
7.230000e-06	-5.215625e-06	-9.568203e-09	-3.809753e+01	-6.219701e+02
7.240000e-06	-5.221566e-06	-9.578109e-09	-3.814093e+01	-6.223403e+02
7.250000e-06	-5.226956e-06	-9.590597e-09	-3.818030e+01	-6.226877e+02
7.260000e-06	-5.231891e-06	-9.597542e-09	-3.821635e+01	-6.230100e+02
7.270000e-06	-5.236409e-06	-9.596664e-09	-3.824935e+01	-6.233054e+02
7.280000e-06	-5.240543e-06	-9.592734e-09	-3.827955e+01	-6.235722e+02
7.290000e-06	-5.244335e-06	-9.588642e-09	-3.830724e+01	-6.238094e+02
7.300000e-06	-5.247792e-06	-9.584925e-09	-3.833250e+01	-6.240172e+02
7.310000e-06	-5.250959e-06	-9.584518e-09	-3.835563e+01	-6.241962e+02
7.320000e-06	-5.253762e-06	-9.587039e-09	-3.837610e+01	-6.243481e+02
7.330000e-06	-5.256068e-06	-9.591273e-09	-3.839295e+01	-6.244753e+02
7.340000e-06	-5.257921e-06	-9.595930e-09	-3.840648e+01	-6.245804e+02
7.350000e-06	-5.259460e-06	-9.599269e-09	-3.841772e+01	-6.246665e+02
7.360000e-06	-5.260651e-06	-9.599869e-09	-3.842643e+01	-6.247361e+02
7.370000e-06	-5.261504e-06	-9.598508e-09	-3.843265e+01	-6.247915e+02
7.380000e-06	-5.262011e-06	-9.595815e-09	-3.843636e+01	-6.248343e+02
