# Temperatura_=_20.0
# Concentracion g/m^3_=_10000.0
# C_Vs_to_Am_M_A/Vsm_=_65563218390.804596
# pendiente_HvsI_1/m_=_3716.3
# ordenada_HvsI_A/m_=_1297.0
# frecuencia_Hz_=_135350.26949674837

Tiempo_(s)	Campo_(V.s)	Magnetizacion_(V.s)	Campo_(kA/m)	Magnetizacion_(A/m)
0.000000e+00	-5.293703e-06	-9.625593e-09	-3.844631e+01	-6.276016e+02
1.000000e-08	-5.293677e-06	-9.626744e-09	-3.844612e+01	-6.276942e+02
2.000000e-08	-5.293344e-06	-9.627468e-09	-3.844370e+01	-6.277767e+02
3.000000e-08	-5.292523e-06	-9.625560e-09	-3.843775e+01	-6.278392e+02
4.000000e-08	-5.291260e-06	-9.623622e-09	-3.842857e+01	-6.278715e+02
5.000000e-08	-5.289702e-06	-9.622251e-09	-3.841725e+01	-6.278634e+02
6.000000e-08	-5.287827e-06	-9.623041e-09	-3.840364e+01	-6.278066e+02
7.000000e-08	-5.285593e-06	-9.624478e-09	-3.838742e+01	-6.276956e+02
8.000000e-08	-5.282957e-06	-9.610950e-09	-3.836827e+01	-6.275283e+02
9.000000e-08	-5.279736e-06	-9.587543e-09	-3.834487e+01	-6.273070e+02
1.000000e-07	-5.275717e-06	-9.605273e-09	-3.831569e+01	-6.270375e+02
1.100000e-07	-5.271067e-06	-9.642008e-09	-3.828192e+01	-6.267292e+02
1.200000e-07	-5.266260e-06	-9.582979e-09	-3.824701e+01	-6.263940e+02
1.300000e-07	-5.261462e-06	-9.563998e-09	-3.821216e+01	-6.260449e+02
1.400000e-07	-5.256249e-06	-9.597526e-09	-3.817430e+01	-6.256943e+02
1.500000e-07	-5.250392e-06	-9.640407e-09	-3.813176e+01	-6.253532e+02
1.600000e-07	-5.244257e-06	-9.539869e-09	-3.808721e+01	-6.250293e+02
1.700000e-07	-5.237927e-06	-9.534327e-09	-3.804123e+01	-6.247263e+02
1.800000e-07	-5.230988e-06	-9.589167e-09	-3.799084e+01	-6.244434e+02
1.900000e-07	-5.223593e-06	-9.566927e-09	-3.793713e+01	-6.241757e+02
2.000000e-07	-5.216050e-06	-9.516499e-09	-3.788235e+01	-6.239142e+02
2.100000e-07	-5.208165e-06	-9.553396e-09	-3.782508e+01	-6.236476e+02
2.200000e-07	-5.199830e-06	-9.579232e-09	-3.776455e+01	-6.233631e+02
2.300000e-07	-5.191296e-06	-9.526887e-09	-3.770257e+01	-6.230484e+02
2.400000e-07	-5.182500e-06	-9.545692e-09	-3.763868e+01	-6.226928e+02
2.500000e-07	-5.173179e-06	-9.573546e-09	-3.757099e+01	-6.222886e+02
2.600000e-07	-5.163450e-06	-9.527944e-09	-3.750034e+01	-6.218317e+02
2.700000e-07	-5.153427e-06	-9.470778e-09	-3.742754e+01	-6.213225e+02
2.800000e-07	-5.142920e-06	-9.528441e-09	-3.735123e+01	-6.207649e+02
2.900000e-07	-5.131902e-06	-9.486413e-09	-3.727121e+01	-6.201661e+02
3.000000e-07	-5.120585e-06	-9.443739e-09	-3.718902e+01	-6.195355e+02
3.100000e-07	-5.109009e-06	-9.452375e-09	-3.710495e+01	-6.188830e+02
3.200000e-07	-5.097127e-06	-9.489758e-09	-3.701865e+01	-6.182181e+02
3.300000e-07	-5.084931e-06	-9.434262e-09	-3.693008e+01	-6.175482e+02
3.400000e-07	-5.072401e-06	-9.455792e-09	-3.683908e+01	-6.168781e+02
3.500000e-07	-5.059490e-06	-9.452718e-09	-3.674531e+01	-6.162094e+02
3.600000e-07	-5.046277e-06	-9.410901e-09	-3.664935e+01	-6.155401e+02
3.700000e-07	-5.032671e-06	-9.408256e-09	-3.655053e+01	-6.148658e+02
3.800000e-07	-5.018553e-06	-9.420437e-09	-3.644800e+01	-6.141798e+02
3.900000e-07	-5.004021e-06	-9.376610e-09	-3.634245e+01	-6.134747e+02
4.000000e-07	-4.989167e-06	-9.359062e-09	-3.623458e+01	-6.127433e+02
4.100000e-07	-4.973909e-06	-9.374180e-09	-3.612377e+01	-6.119798e+02
4.200000e-07	-4.958318e-06	-9.347086e-09	-3.601053e+01	-6.111808e+02
4.300000e-07	-4.942458e-06	-9.337799e-09	-3.589534e+01	-6.103453e+02
4.400000e-07	-4.926292e-06	-9.316499e-09	-3.577794e+01	-6.094754e+02
4.500000e-07	-4.909824e-06	-9.302329e-09	-3.565833e+01	-6.085751e+02
4.600000e-07	-4.892947e-06	-9.293906e-09	-3.553576e+01	-6.076506e+02
4.700000e-07	-4.875593e-06	-9.290090e-09	-3.540973e+01	-6.067082e+02
4.800000e-07	-4.857893e-06	-9.242137e-09	-3.528118e+01	-6.057543e+02
4.900000e-07	-4.839857e-06	-9.239799e-09	-3.515019e+01	-6.047936e+02
5.000000e-07	-4.821433e-06	-9.229440e-09	-3.501638e+01	-6.038289e+02
5.100000e-07	-4.802622e-06	-9.207511e-09	-3.487977e+01	-6.028602e+02
5.200000e-07	-4.783483e-06	-9.188552e-09	-3.474076e+01	-6.018852e+02
5.300000e-07	-4.764010e-06	-9.182137e-09	-3.459934e+01	-6.008993e+02
5.400000e-07	-4.744038e-06	-9.161072e-09	-3.445429e+01	-5.998962e+02
5.500000e-07	-4.723587e-06	-9.157099e-09	-3.430576e+01	-5.988692e+02
5.600000e-07	-4.702721e-06	-9.139882e-09	-3.415422e+01	-5.978120e+02
5.700000e-07	-4.681484e-06	-9.106329e-09	-3.399998e+01	-5.967193e+02
5.800000e-07	-4.659944e-06	-9.087757e-09	-3.384354e+01	-5.955881e+02
5.900000e-07	-4.638108e-06	-9.071468e-09	-3.368496e+01	-5.944176e+02
6.000000e-07	-4.615980e-06	-9.048227e-09	-3.352425e+01	-5.932095e+02
6.100000e-07	-4.593586e-06	-9.019557e-09	-3.336161e+01	-5.919674e+02
6.200000e-07	-4.570873e-06	-8.999880e-09	-3.319665e+01	-5.906966e+02
6.300000e-07	-4.547750e-06	-8.981530e-09	-3.302872e+01	-5.894029e+02
6.400000e-07	-4.524190e-06	-8.972891e-09	-3.285761e+01	-5.880918e+02
6.500000e-07	-4.500283e-06	-8.948225e-09	-3.268399e+01	-5.867677e+02
6.600000e-07	-4.476094e-06	-8.924311e-09	-3.250831e+01	-5.854333e+02
6.700000e-07	-4.451589e-06	-8.904051e-09	-3.233033e+01	-5.840891e+02
6.800000e-07	-4.426768e-06	-8.886722e-09	-3.215007e+01	-5.827337e+02
6.900000e-07	-4.401635e-06	-8.855995e-09	-3.196753e+01	-5.813636e+02
7.000000e-07	-4.376233e-06	-8.827819e-09	-3.178305e+01	-5.799744e+02
7.100000e-07	-4.350617e-06	-8.803455e-09	-3.159701e+01	-5.785610e+02
7.200000e-07	-4.324677e-06	-8.784471e-09	-3.140862e+01	-5.771186e+02
7.300000e-07	-4.298270e-06	-8.761039e-09	-3.121683e+01	-5.756435e+02
7.400000e-07	-4.271487e-06	-8.732915e-09	-3.102232e+01	-5.741336e+02
7.500000e-07	-4.244451e-06	-8.708255e-09	-3.082597e+01	-5.725888e+02
7.600000e-07	-4.217176e-06	-8.688872e-09	-3.062788e+01	-5.710104e+02
7.700000e-07	-4.189644e-06	-8.666192e-09	-3.042792e+01	-5.694016e+02
7.800000e-07	-4.161814e-06	-8.638446e-09	-3.022580e+01	-5.677664e+02
7.900000e-07	-4.133667e-06	-8.610677e-09	-3.002138e+01	-5.661089e+02
8.000000e-07	-4.105238e-06	-8.585060e-09	-2.981491e+01	-5.644329e+02
8.100000e-07	-4.076572e-06	-8.561526e-09	-2.960672e+01	-5.627410e+02
8.200000e-07	-4.047613e-06	-8.532709e-09	-2.939640e+01	-5.610341e+02
8.300000e-07	-4.018283e-06	-8.501834e-09	-2.918338e+01	-5.593114e+02
8.400000e-07	-3.988575e-06	-8.474635e-09	-2.896763e+01	-5.575701e+02
8.500000e-07	-3.958557e-06	-8.454164e-09	-2.874961e+01	-5.558061e+02
8.600000e-07	-3.928265e-06	-8.428440e-09	-2.852962e+01	-5.540145e+02
8.700000e-07	-3.897680e-06	-8.395348e-09	-2.830749e+01	-5.521900e+02
8.800000e-07	-3.866831e-06	-8.361164e-09	-2.808344e+01	-5.503279e+02
8.900000e-07	-3.835671e-06	-8.331734e-09	-2.785714e+01	-5.484243e+02
9.000000e-07	-3.804115e-06	-8.299469e-09	-2.762796e+01	-5.464770e+02
9.100000e-07	-3.772172e-06	-8.263886e-09	-2.739596e+01	-5.444855e+02
9.200000e-07	-3.739901e-06	-8.228456e-09	-2.716159e+01	-5.424507e+02
9.300000e-07	-3.707384e-06	-8.199479e-09	-2.692544e+01	-5.403750e+02
9.400000e-07	-3.674630e-06	-8.176167e-09	-2.668755e+01	-5.382616e+02
9.500000e-07	-3.641601e-06	-8.151122e-09	-2.644767e+01	-5.361142e+02
9.600000e-07	-3.608337e-06	-8.118840e-09	-2.620609e+01	-5.339359e+02
9.700000e-07	-3.574892e-06	-8.085278e-09	-2.596319e+01	-5.317292e+02
9.800000e-07	-3.541288e-06	-8.054443e-09	-2.571914e+01	-5.294955e+02
9.900000e-07	-3.507497e-06	-8.021185e-09	-2.547372e+01	-5.272347e+02
1.000000e-06	-3.473501e-06	-7.982560e-09	-2.522683e+01	-5.249454e+02
1.010000e-06	-3.439297e-06	-7.941790e-09	-2.497842e+01	-5.226255e+02
1.020000e-06	-3.404860e-06	-7.905367e-09	-2.472831e+01	-5.202718e+02
1.030000e-06	-3.370174e-06	-7.870470e-09	-2.447639e+01	-5.178812e+02
1.040000e-06	-3.335248e-06	-7.833754e-09	-2.422274e+01	-5.154506e+02
1.050000e-06	-3.300117e-06	-7.795696e-09	-2.396760e+01	-5.129779e+02
1.060000e-06	-3.264735e-06	-7.758471e-09	-2.371063e+01	-5.104615e+02
1.070000e-06	-3.229061e-06	-7.720533e-09	-2.345154e+01	-5.079011e+02
1.080000e-06	-3.193120e-06	-7.678782e-09	-2.319051e+01	-5.052974e+02
1.090000e-06	-3.156892e-06	-7.632195e-09	-2.292740e+01	-5.026518e+02
1.100000e-06	-3.120432e-06	-7.584943e-09	-2.266261e+01	-4.999662e+02
1.110000e-06	-3.083781e-06	-7.541608e-09	-2.239642e+01	-4.972428e+02
1.120000e-06	-3.046929e-06	-7.500752e-09	-2.212878e+01	-4.944835e+02
1.130000e-06	-3.009904e-06	-7.458802e-09	-2.185988e+01	-4.916900e+02
1.140000e-06	-2.972692e-06	-7.418291e-09	-2.158962e+01	-4.888634e+02
1.150000e-06	-2.935265e-06	-7.379818e-09	-2.131780e+01	-4.860042e+02
1.160000e-06	-2.897605e-06	-7.339903e-09	-2.104429e+01	-4.831124e+02
1.170000e-06	-2.859713e-06	-7.295899e-09	-2.076910e+01	-4.801875e+02
1.180000e-06	-2.821643e-06	-7.247693e-09	-2.049261e+01	-4.772291e+02
1.190000e-06	-2.783422e-06	-7.196675e-09	-2.021502e+01	-4.742364e+02
1.200000e-06	-2.745010e-06	-7.144830e-09	-1.993605e+01	-4.712090e+02
1.210000e-06	-2.706361e-06	-7.093033e-09	-1.965535e+01	-4.681465e+02
1.220000e-06	-2.667461e-06	-7.041854e-09	-1.937284e+01	-4.650487e+02
1.230000e-06	-2.628306e-06	-6.995595e-09	-1.908847e+01	-4.619152e+02
1.240000e-06	-2.588906e-06	-6.952302e-09	-1.880232e+01	-4.587459e+02
1.250000e-06	-2.549316e-06	-6.907191e-09	-1.851479e+01	-4.555398e+02
1.260000e-06	-2.509559e-06	-6.858090e-09	-1.822605e+01	-4.522960e+02
1.270000e-06	-2.469648e-06	-6.806396e-09	-1.793619e+01	-4.490125e+02
1.280000e-06	-2.429589e-06	-6.752774e-09	-1.764526e+01	-4.456873e+02
1.290000e-06	-2.389364e-06	-6.699449e-09	-1.735311e+01	-4.423175e+02
1.300000e-06	-2.348992e-06	-6.644184e-09	-1.705991e+01	-4.389003e+02
1.310000e-06	-2.308494e-06	-6.588240e-09	-1.676579e+01	-4.354328e+02
1.320000e-06	-2.267809e-06	-6.535394e-09	-1.647030e+01	-4.319124e+02
1.330000e-06	-2.226891e-06	-6.484949e-09	-1.617313e+01	-4.283372e+02
1.340000e-06	-2.185809e-06	-6.432209e-09	-1.587477e+01	-4.247062e+02
1.350000e-06	-2.144621e-06	-6.372551e-09	-1.557563e+01	-4.210192e+02
1.360000e-06	-2.103328e-06	-6.311742e-09	-1.527574e+01	-4.172771e+02
1.370000e-06	-2.061929e-06	-6.251969e-09	-1.497507e+01	-4.134813e+02
1.380000e-06	-2.020416e-06	-6.192171e-09	-1.467357e+01	-4.096337e+02
1.390000e-06	-1.978785e-06	-6.131476e-09	-1.437123e+01	-4.057364e+02
1.400000e-06	-1.937015e-06	-6.072476e-09	-1.406786e+01	-4.017912e+02
1.410000e-06	-1.895081e-06	-6.015324e-09	-1.376331e+01	-3.977990e+02
1.420000e-06	-1.852949e-06	-5.956857e-09	-1.345732e+01	-3.937602e+02
1.430000e-06	-1.810626e-06	-5.892201e-09	-1.314994e+01	-3.896739e+02
1.440000e-06	-1.768118e-06	-5.825530e-09	-1.284122e+01	-3.855384e+02
1.450000e-06	-1.725406e-06	-5.760993e-09	-1.253102e+01	-3.813511e+02
1.460000e-06	-1.682557e-06	-5.697485e-09	-1.221982e+01	-3.771092e+02
1.470000e-06	-1.639618e-06	-5.631555e-09	-1.190797e+01	-3.728095e+02
1.480000e-06	-1.596572e-06	-5.562950e-09	-1.159534e+01	-3.684491e+02
1.490000e-06	-1.553427e-06	-5.494034e-09	-1.128200e+01	-3.640259e+02
1.500000e-06	-1.510194e-06	-5.425239e-09	-1.096801e+01	-3.595387e+02
1.510000e-06	-1.466884e-06	-5.354330e-09	-1.065346e+01	-3.549869e+02
1.520000e-06	-1.423505e-06	-5.280733e-09	-1.033842e+01	-3.503711e+02
1.530000e-06	-1.380046e-06	-5.207235e-09	-1.002279e+01	-3.456927e+02
1.540000e-06	-1.336504e-06	-5.134777e-09	-9.706564e+00	-3.409532e+02
1.550000e-06	-1.292861e-06	-5.063223e-09	-9.389601e+00	-3.361543e+02
1.560000e-06	-1.249126e-06	-4.989245e-09	-9.071969e+00	-3.312971e+02
1.570000e-06	-1.205338e-06	-4.914080e-09	-8.753946e+00	-3.263822e+02
1.580000e-06	-1.161465e-06	-4.837990e-09	-8.435315e+00	-3.214091e+02
1.590000e-06	-1.117460e-06	-4.762194e-09	-8.115721e+00	-3.163761e+02
1.600000e-06	-1.073353e-06	-4.683927e-09	-7.795384e+00	-3.112808e+02
1.610000e-06	-1.029165e-06	-4.603900e-09	-7.474467e+00	-3.061198e+02
1.620000e-06	-9.849250e-07	-4.524618e-09	-7.153166e+00	-3.008892e+02
1.630000e-06	-9.406347e-07	-4.447413e-09	-6.831501e+00	-2.955853e+02
1.640000e-06	-8.962878e-07	-4.369855e-09	-6.509425e+00	-2.902044e+02
1.650000e-06	-8.519085e-07	-4.286407e-09	-6.187114e+00	-2.847437e+02
1.660000e-06	-8.075186e-07	-4.198432e-09	-5.864726e+00	-2.792010e+02
1.670000e-06	-7.630758e-07	-4.110055e-09	-5.541953e+00	-2.735752e+02
1.680000e-06	-7.185457e-07	-4.022222e-09	-5.218547e+00	-2.678662e+02
1.690000e-06	-6.740014e-07	-3.931506e-09	-4.895037e+00	-2.620745e+02
1.700000e-06	-6.294318e-07	-3.838200e-09	-4.571343e+00	-2.562009e+02
1.710000e-06	-5.847929e-07	-3.747140e-09	-4.247146e+00	-2.502466e+02
1.720000e-06	-5.401001e-07	-3.660262e-09	-3.922559e+00	-2.442124e+02
1.730000e-06	-4.953632e-07	-3.572821e-09	-3.597650e+00	-2.380983e+02
1.740000e-06	-4.506014e-07	-3.481677e-09	-3.272561e+00	-2.319038e+02
1.750000e-06	-4.058005e-07	-3.389198e-09	-2.947187e+00	-2.256274e+02
1.760000e-06	-3.609408e-07	-3.294935e-09	-2.621387e+00	-2.192667e+02
1.770000e-06	-3.161111e-07	-3.194527e-09	-2.295804e+00	-2.128187e+02
1.780000e-06	-2.712980e-07	-3.090494e-09	-1.970343e+00	-2.062797e+02
1.790000e-06	-2.264522e-07	-2.984112e-09	-1.644643e+00	-1.996457e+02
1.800000e-06	-1.815971e-07	-2.879136e-09	-1.318876e+00	-1.929128e+02
1.810000e-06	-1.367116e-07	-2.775378e-09	-9.928883e-01	-1.860774e+02
1.820000e-06	-9.183272e-08	-2.668881e-09	-6.669490e-01	-1.791363e+02
1.830000e-06	-4.695401e-08	-2.562675e-09	-3.410106e-01	-1.720866e+02
1.840000e-06	-2.018094e-09	-2.456654e-09	-1.465671e-02	-1.649262e+02
1.850000e-06	4.294373e-08	-2.350794e-09	3.118853e-01	-1.576534e+02
1.860000e-06	8.790568e-08	-2.239053e-09	6.384282e-01	-1.502670e+02
1.870000e-06	1.328381e-07	-2.120148e-09	9.647570e-01	-1.427659e+02
1.880000e-06	1.776988e-07	-1.998995e-09	1.290564e+00	-1.351495e+02
1.890000e-06	2.225367e-07	-1.876524e-09	1.616206e+00	-1.274169e+02
1.900000e-06	2.674149e-07	-1.755854e-09	1.942141e+00	-1.195677e+02
1.910000e-06	3.122786e-07	-1.636518e-09	2.267970e+00	-1.116011e+02
1.920000e-06	3.570744e-07	-1.515815e-09	2.593307e+00	-1.035168e+02
1.930000e-06	4.018252e-07	-1.395419e-09	2.918316e+00	-9.531446e+01
1.940000e-06	4.465248e-07	-1.272668e-09	3.242954e+00	-8.699403e+01
1.950000e-06	4.912065e-07	-1.142511e-09	3.567461e+00	-7.855574e+01
1.960000e-06	5.358909e-07	-1.005673e-09	3.891989e+00	-7.000018e+01
1.970000e-06	5.805587e-07	-8.656991e-10	4.216395e+00	-6.132829e+01
1.980000e-06	6.251762e-07	-7.264120e-10	4.540436e+00	-5.254134e+01
1.990000e-06	6.697514e-07	-5.888112e-10	4.864170e+00	-4.364092e+01
2.000000e-06	7.143001e-07	-4.503774e-10	5.187712e+00	-3.462897e+01
2.010000e-06	7.588306e-07	-3.107444e-10	5.511122e+00	-2.550772e+01
2.020000e-06	8.033253e-07	-1.726329e-10	5.834271e+00	-1.627978e+01
2.030000e-06	8.477383e-07	-3.363926e-11	6.156827e+00	-6.948266e+00
2.040000e-06	8.920852e-07	1.080841e-10	6.478903e+00	2.483114e+00
2.050000e-06	9.363585e-07	2.522615e-10	6.800445e+00	1.200984e+01
2.060000e-06	9.805430e-07	3.992228e-10	7.121341e+00	2.162644e+01
2.070000e-06	1.024642e-06	5.504200e-10	7.441617e+00	3.132628e+01
2.080000e-06	1.068691e-06	7.034049e-10	7.761530e+00	4.110154e+01
2.090000e-06	1.112708e-06	8.550869e-10	8.081207e+00	5.094315e+01
2.100000e-06	1.156665e-06	1.005419e-09	8.400456e+00	6.084092e+01
2.110000e-06	1.200536e-06	1.155561e-09	8.719076e+00	7.078371e+01
2.120000e-06	1.244325e-06	1.304875e-09	9.037096e+00	8.075976e+01
2.130000e-06	1.288055e-06	1.454712e-09	9.354691e+00	9.075703e+01
2.140000e-06	1.331701e-06	1.609384e-09	9.671682e+00	1.007636e+02
2.150000e-06	1.375237e-06	1.767523e-09	9.987866e+00	1.107680e+02
2.160000e-06	1.418672e-06	1.924474e-09	1.030332e+01	1.207594e+02
2.170000e-06	1.462002e-06	2.076271e-09	1.061801e+01	1.307282e+02
2.180000e-06	1.505248e-06	2.226714e-09	1.093209e+01	1.406654e+02
2.190000e-06	1.548414e-06	2.376032e-09	1.124559e+01	1.505631e+02
2.200000e-06	1.591479e-06	2.522243e-09	1.155836e+01	1.604136e+02
2.210000e-06	1.634437e-06	2.667110e-09	1.187034e+01	1.702098e+02
2.220000e-06	1.677292e-06	2.814680e-09	1.218159e+01	1.799444e+02
2.230000e-06	1.720003e-06	2.964768e-09	1.249178e+01	1.896094e+02
2.240000e-06	1.762553e-06	3.114989e-09	1.280081e+01	1.991963e+02
2.250000e-06	1.804969e-06	3.262509e-09	1.310886e+01	2.086954e+02
2.260000e-06	1.847219e-06	3.404472e-09	1.341570e+01	2.180964e+02
2.270000e-06	1.889299e-06	3.541807e-09	1.372132e+01	2.273881e+02
2.280000e-06	1.931210e-06	3.677470e-09	1.402571e+01	2.365592e+02
2.290000e-06	1.972943e-06	3.811210e-09	1.432880e+01	2.455984e+02
2.300000e-06	2.014512e-06	3.943877e-09	1.463070e+01	2.544952e+02
2.310000e-06	2.055946e-06	4.079029e-09	1.493161e+01	2.632402e+02
2.320000e-06	2.097245e-06	4.211091e-09	1.523156e+01	2.718257e+02
2.330000e-06	2.138394e-06	4.339323e-09	1.553041e+01	2.802459e+02
2.340000e-06	2.179434e-06	4.462953e-09	1.582847e+01	2.884972e+02
2.350000e-06	2.220335e-06	4.580518e-09	1.612552e+01	2.965777e+02
2.360000e-06	2.261050e-06	4.694586e-09	1.642121e+01	3.044875e+02
2.370000e-06	2.301605e-06	4.806500e-09	1.671575e+01	3.122278e+02
2.380000e-06	2.342014e-06	4.917915e-09	1.700923e+01	3.198010e+02
2.390000e-06	2.382275e-06	5.026840e-09	1.730163e+01	3.272096e+02
2.400000e-06	2.422404e-06	5.135010e-09	1.759308e+01	3.344561e+02
2.410000e-06	2.462397e-06	5.243530e-09	1.788353e+01	3.415428e+02
2.420000e-06	2.502215e-06	5.350991e-09	1.817271e+01	3.484716e+02
2.430000e-06	2.541823e-06	5.455900e-09	1.846037e+01	3.552436e+02
2.440000e-06	2.581219e-06	5.557292e-09	1.874649e+01	3.618599e+02
2.450000e-06	2.620424e-06	5.653553e-09	1.903122e+01	3.683217e+02
2.460000e-06	2.659362e-06	5.744468e-09	1.931402e+01	3.746302e+02
2.470000e-06	2.698004e-06	5.832765e-09	1.959466e+01	3.807878e+02
2.480000e-06	2.736418e-06	5.919248e-09	1.987364e+01	3.867975e+02
2.490000e-06	2.774668e-06	6.005269e-09	2.015144e+01	3.926635e+02
2.500000e-06	2.812740e-06	6.092967e-09	2.042795e+01	3.983913e+02
2.510000e-06	2.850618e-06	6.182906e-09	2.070304e+01	4.039871e+02
2.520000e-06	2.888337e-06	6.270225e-09	2.097698e+01	4.094577e+02
2.530000e-06	2.925900e-06	6.351213e-09	2.124979e+01	4.148103e+02
2.540000e-06	2.963290e-06	6.426591e-09	2.152134e+01	4.200514e+02
2.550000e-06	3.000486e-06	6.501655e-09	2.179148e+01	4.251868e+02
2.560000e-06	3.037469e-06	6.578181e-09	2.206007e+01	4.302212e+02
2.570000e-06	3.074228e-06	6.653801e-09	2.232704e+01	4.351575e+02
2.580000e-06	3.110779e-06	6.728430e-09	2.259250e+01	4.399975e+02
2.590000e-06	3.147110e-06	6.803521e-09	2.285636e+01	4.447411e+02
2.600000e-06	3.183171e-06	6.878790e-09	2.311826e+01	4.493876e+02
2.610000e-06	3.218887e-06	6.951048e-09	2.337765e+01	4.539353e+02
2.620000e-06	3.254296e-06	7.018604e-09	2.363481e+01	4.583823e+02
2.630000e-06	3.289489e-06	7.082491e-09	2.389041e+01	4.627272e+02
2.640000e-06	3.324474e-06	7.144881e-09	2.414449e+01	4.669690e+02
2.650000e-06	3.359295e-06	7.205326e-09	2.439739e+01	4.711081e+02
2.660000e-06	3.393916e-06	7.261776e-09	2.464882e+01	4.751459e+02
2.670000e-06	3.428274e-06	7.315268e-09	2.489836e+01	4.790849e+02
2.680000e-06	3.462401e-06	7.369884e-09	2.514621e+01	4.829287e+02
2.690000e-06	3.496288e-06	7.426825e-09	2.539232e+01	4.866815e+02
2.700000e-06	3.529950e-06	7.483932e-09	2.563679e+01	4.903477e+02
2.710000e-06	3.563424e-06	7.539419e-09	2.587991e+01	4.939318e+02
2.720000e-06	3.596691e-06	7.591763e-09	2.612151e+01	4.974375e+02
2.730000e-06	3.629719e-06	7.640059e-09	2.636138e+01	5.008681e+02
2.740000e-06	3.662459e-06	7.685375e-09	2.659916e+01	5.042259e+02
2.750000e-06	3.694906e-06	7.729702e-09	2.683481e+01	5.075122e+02
2.760000e-06	3.727107e-06	7.774714e-09	2.706867e+01	5.107278e+02
2.770000e-06	3.759066e-06	7.821191e-09	2.730078e+01	5.138731e+02
2.780000e-06	3.790728e-06	7.866029e-09	2.753073e+01	5.169483e+02
2.790000e-06	3.822074e-06	7.907855e-09	2.775839e+01	5.199538e+02
2.800000e-06	3.853156e-06	7.948327e-09	2.798413e+01	5.228904e+02
2.810000e-06	3.883990e-06	7.988494e-09	2.820807e+01	5.257598e+02
2.820000e-06	3.914568e-06	8.028620e-09	2.843014e+01	5.285642e+02
2.830000e-06	3.944851e-06	8.066282e-09	2.865007e+01	5.313065e+02
2.840000e-06	3.974800e-06	8.101883e-09	2.886758e+01	5.339903e+02
2.850000e-06	4.004374e-06	8.138562e-09	2.908237e+01	5.366190e+02
2.860000e-06	4.033547e-06	8.175500e-09	2.929424e+01	5.391964e+02
2.870000e-06	4.062387e-06	8.209232e-09	2.950370e+01	5.417254e+02
2.880000e-06	4.090976e-06	8.239784e-09	2.971133e+01	5.442085e+02
2.890000e-06	4.119285e-06	8.270800e-09	2.991693e+01	5.466472e+02
2.900000e-06	4.147280e-06	8.305470e-09	3.012025e+01	5.490421e+02
2.910000e-06	4.175015e-06	8.340898e-09	3.032167e+01	5.513927e+02
2.920000e-06	4.202495e-06	8.374405e-09	3.052125e+01	5.536981e+02
2.930000e-06	4.229702e-06	8.406355e-09	3.071885e+01	5.559565e+02
2.940000e-06	4.256692e-06	8.438369e-09	3.091487e+01	5.581661e+02
2.950000e-06	4.283407e-06	8.471959e-09	3.110889e+01	5.603250e+02
2.960000e-06	4.309674e-06	8.501270e-09	3.129966e+01	5.624320e+02
2.970000e-06	4.335519e-06	8.524815e-09	3.148736e+01	5.644863e+02
2.980000e-06	4.361044e-06	8.547945e-09	3.167274e+01	5.664879e+02
2.990000e-06	4.386298e-06	8.573693e-09	3.185615e+01	5.684375e+02
3.000000e-06	4.411300e-06	8.601855e-09	3.203773e+01	5.703366e+02
3.010000e-06	4.436023e-06	8.632760e-09	3.221729e+01	5.721872e+02
3.020000e-06	4.460457e-06	8.666939e-09	3.239474e+01	5.739915e+02
3.030000e-06	4.484602e-06	8.698015e-09	3.257010e+01	5.757521e+02
3.040000e-06	4.508467e-06	8.722761e-09	3.274342e+01	5.774713e+02
3.050000e-06	4.532041e-06	8.742533e-09	3.291463e+01	5.791510e+02
3.060000e-06	4.555240e-06	8.760075e-09	3.308312e+01	5.807930e+02
3.070000e-06	4.577984e-06	8.780489e-09	3.324830e+01	5.823984e+02
3.080000e-06	4.600369e-06	8.804108e-09	3.341087e+01	5.839680e+02
3.090000e-06	4.622506e-06	8.829719e-09	3.357164e+01	5.855023e+02
3.100000e-06	4.644358e-06	8.856970e-09	3.373035e+01	5.870016e+02
3.110000e-06	4.665879e-06	8.885631e-09	3.388665e+01	5.884662e+02
3.120000e-06	4.687046e-06	8.911948e-09	3.404038e+01	5.898963e+02
3.130000e-06	4.707856e-06	8.931773e-09	3.419151e+01	5.912925e+02
3.140000e-06	4.728304e-06	8.946990e-09	3.434002e+01	5.926556e+02
3.150000e-06	4.748295e-06	8.960677e-09	3.448521e+01	5.939865e+02
3.160000e-06	4.767804e-06	8.975419e-09	3.462690e+01	5.952864e+02
3.170000e-06	4.786950e-06	8.992384e-09	3.476594e+01	5.965564e+02
3.180000e-06	4.805811e-06	9.013677e-09	3.490293e+01	5.977978e+02
3.190000e-06	4.824336e-06	9.038910e-09	3.503747e+01	5.990114e+02
3.200000e-06	4.842533e-06	9.064862e-09	3.516962e+01	6.001980e+02
3.210000e-06	4.860442e-06	9.088920e-09	3.529969e+01	6.013577e+02
3.220000e-06	4.878057e-06	9.109613e-09	3.542762e+01	6.024905e+02
3.230000e-06	4.895375e-06	9.127261e-09	3.555339e+01	6.035961e+02
3.240000e-06	4.912292e-06	9.141814e-09	3.567626e+01	6.046738e+02
3.250000e-06	4.928738e-06	9.154992e-09	3.579570e+01	6.057230e+02
3.260000e-06	4.944748e-06	9.167907e-09	3.591198e+01	6.067431e+02
3.270000e-06	4.960418e-06	9.182008e-09	3.602578e+01	6.077336e+02
3.280000e-06	4.975797e-06	9.198578e-09	3.613748e+01	6.086946e+02
3.290000e-06	4.990869e-06	9.217036e-09	3.624693e+01	6.096263e+02
3.300000e-06	5.005627e-06	9.235268e-09	3.635412e+01	6.105293e+02
3.310000e-06	5.020071e-06	9.253433e-09	3.645902e+01	6.114048e+02
3.320000e-06	5.034226e-06	9.269903e-09	3.656183e+01	6.122538e+02
3.330000e-06	5.048036e-06	9.283704e-09	3.666212e+01	6.130776e+02
3.340000e-06	5.061390e-06	9.295768e-09	3.675911e+01	6.138776e+02
3.350000e-06	5.074321e-06	9.305875e-09	3.685302e+01	6.146545e+02
3.360000e-06	5.086929e-06	9.316713e-09	3.694459e+01	6.154091e+02
3.370000e-06	5.099197e-06	9.328583e-09	3.703368e+01	6.161416e+02
3.380000e-06	5.111080e-06	9.340328e-09	3.711999e+01	6.168519e+02
3.390000e-06	5.122644e-06	9.351087e-09	3.720397e+01	6.175396e+02
3.400000e-06	5.133898e-06	9.361603e-09	3.728571e+01	6.182042e+02
3.410000e-06	5.144790e-06	9.372365e-09	3.736481e+01	6.188453e+02
3.420000e-06	5.155319e-06	9.381610e-09	3.744128e+01	6.194626e+02
3.430000e-06	5.165387e-06	9.387598e-09	3.751440e+01	6.200563e+02
3.440000e-06	5.175012e-06	9.392628e-09	3.758430e+01	6.206270e+02
3.450000e-06	5.184282e-06	9.400135e-09	3.765163e+01	6.211757e+02
3.460000e-06	5.193200e-06	9.410029e-09	3.771639e+01	6.217039e+02
3.470000e-06	5.201784e-06	9.419937e-09	3.777874e+01	6.222132e+02
3.480000e-06	5.210031e-06	9.426835e-09	3.783863e+01	6.227050e+02
3.490000e-06	5.217995e-06	9.434127e-09	3.789647e+01	6.231807e+02
3.500000e-06	5.225673e-06	9.444903e-09	3.795224e+01	6.236406e+02
3.510000e-06	5.232968e-06	9.455689e-09	3.800522e+01	6.240844e+02
3.520000e-06	5.239832e-06	9.464053e-09	3.805507e+01	6.245107e+02
3.530000e-06	5.246277e-06	9.470676e-09	3.810187e+01	6.249172e+02
3.540000e-06	5.252320e-06	9.477126e-09	3.814576e+01	6.253005e+02
3.550000e-06	5.257950e-06	9.484478e-09	3.818666e+01	6.256570e+02
3.560000e-06	5.263200e-06	9.490939e-09	3.822478e+01	6.259831e+02
3.570000e-06	5.268103e-06	9.493661e-09	3.826039e+01	6.262754e+02
3.580000e-06	5.272606e-06	9.493635e-09	3.829310e+01	6.265318e+02
3.590000e-06	5.276640e-06	9.492933e-09	3.832239e+01	6.267516e+02
3.600000e-06	5.280162e-06	9.493195e-09	3.834797e+01	6.269359e+02
3.610000e-06	5.283282e-06	9.495431e-09	3.837063e+01	6.270879e+02
3.620000e-06	5.286114e-06	9.499235e-09	3.839120e+01	6.272124e+02
3.630000e-06	5.288585e-06	9.504422e-09	3.840914e+01	6.273157e+02
3.640000e-06	5.290658e-06	9.511726e-09	3.842420e+01	6.274049e+02
3.650000e-06	5.292405e-06	9.518657e-09	3.843689e+01	6.274870e+02
3.660000e-06	5.293851e-06	9.521669e-09	3.844739e+01	6.275682e+02
3.670000e-06	5.294897e-06	9.525556e-09	3.845499e+01	6.276528e+02
3.680000e-06	5.295449e-06	9.530002e-09	3.845900e+01	6.277428e+02
3.690000e-06	5.295587e-06	9.532175e-09	3.846000e+01	6.278370e+02
3.700000e-06	5.295406e-06	9.533356e-09	3.845868e+01	6.279315e+02
3.710000e-06	5.294870e-06	9.534692e-09	3.845479e+01	6.280194e+02
3.720000e-06	5.293991e-06	9.538637e-09	3.844841e+01	6.280915e+02
3.730000e-06	5.292814e-06	9.542516e-09	3.843986e+01	6.281377e+02
3.740000e-06	5.291347e-06	9.544822e-09	3.842920e+01	6.281476e+02
3.750000e-06	5.289608e-06	9.546243e-09	3.841657e+01	6.281120e+02
3.760000e-06	5.287525e-06	9.541778e-09	3.840145e+01	6.280240e+02
3.770000e-06	5.284943e-06	9.560415e-09	3.838269e+01	6.278803e+02
3.780000e-06	5.281724e-06	9.578690e-09	3.835932e+01	6.276810e+02
3.790000e-06	5.277719e-06	9.516127e-09	3.833023e+01	6.274307e+02
3.800000e-06	5.273029e-06	9.514495e-09	3.829617e+01	6.271373e+02
3.810000e-06	5.268344e-06	9.572318e-09	3.826214e+01	6.268118e+02
3.820000e-06	5.263905e-06	9.595672e-09	3.822991e+01	6.264669e+02
3.830000e-06	5.258984e-06	9.497928e-09	3.819416e+01	6.261155e+02
3.840000e-06	5.253236e-06	9.506968e-09	3.815242e+01	6.257694e+02
3.850000e-06	5.247216e-06	9.587988e-09	3.810870e+01	6.254377e+02
3.860000e-06	5.241212e-06	9.557660e-09	3.806509e+01	6.251258e+02
3.870000e-06	5.234664e-06	9.461243e-09	3.801753e+01	6.248350e+02
3.880000e-06	5.227403e-06	9.511944e-09	3.796480e+01	6.245618e+02
3.890000e-06	5.219945e-06	9.563270e-09	3.791063e+01	6.242991e+02
3.900000e-06	5.212364e-06	9.480422e-09	3.785558e+01	6.240361e+02
3.910000e-06	5.204276e-06	9.480212e-09	3.779684e+01	6.237607e+02
3.920000e-06	5.195745e-06	9.555283e-09	3.773488e+01	6.234601e+02
3.930000e-06	5.186975e-06	9.506478e-09	3.767119e+01	6.231227e+02
3.940000e-06	5.177719e-06	9.435275e-09	3.760396e+01	6.227395e+02
3.950000e-06	5.167893e-06	9.515062e-09	3.753260e+01	6.223048e+02
3.960000e-06	5.157766e-06	9.531189e-09	3.745906e+01	6.218171e+02
3.970000e-06	5.147322e-06	9.417196e-09	3.738320e+01	6.212790e+02
3.980000e-06	5.136484e-06	9.441077e-09	3.730448e+01	6.206964e+02
3.990000e-06	5.125349e-06	9.508131e-09	3.722362e+01	6.200779e+02
4.000000e-06	5.113859e-06	9.436056e-09	3.714017e+01	6.194334e+02
4.010000e-06	5.101878e-06	9.407888e-09	3.705315e+01	6.187726e+02
4.020000e-06	5.089536e-06	9.453700e-09	3.696352e+01	6.181041e+02
4.030000e-06	5.076888e-06	9.434473e-09	3.687166e+01	6.174338e+02
4.040000e-06	5.063803e-06	9.388254e-09	3.677663e+01	6.167645e+02
4.050000e-06	5.050386e-06	9.427640e-09	3.667919e+01	6.160960e+02
4.060000e-06	5.036706e-06	9.392588e-09	3.657983e+01	6.154245e+02
4.070000e-06	5.022683e-06	9.355713e-09	3.647799e+01	6.147443e+02
4.080000e-06	5.008296e-06	9.370017e-09	3.637350e+01	6.140481e+02
4.090000e-06	4.993541e-06	9.364335e-09	3.626635e+01	6.133285e+02
4.100000e-06	4.978306e-06	9.312250e-09	3.615570e+01	6.125790e+02
4.110000e-06	4.962598e-06	9.324056e-09	3.604161e+01	6.117951e+02
4.120000e-06	4.946570e-06	9.321918e-09	3.592521e+01	6.109748e+02
4.130000e-06	4.930249e-06	9.314514e-09	3.580667e+01	6.101189e+02
4.140000e-06	4.913577e-06	9.299540e-09	3.568559e+01	6.092306e+02
4.150000e-06	4.896629e-06	9.275668e-09	3.556250e+01	6.083155e+02
4.160000e-06	4.879396e-06	9.261089e-09	3.543735e+01	6.073798e+02
4.170000e-06	4.861856e-06	9.265301e-09	3.530996e+01	6.064301e+02
4.180000e-06	4.844035e-06	9.229391e-09	3.518054e+01	6.054718e+02
4.190000e-06	4.825813e-06	9.211876e-09	3.504819e+01	6.045086e+02
4.200000e-06	4.807162e-06	9.220747e-09	3.491274e+01	6.035417e+02
4.210000e-06	4.788224e-06	9.195965e-09	3.477519e+01	6.025699e+02
4.220000e-06	4.768943e-06	9.180342e-09	3.463517e+01	6.015892e+02
4.230000e-06	4.749235e-06	9.169312e-09	3.449204e+01	6.005941e+02
4.240000e-06	4.729165e-06	9.139779e-09	3.434627e+01	5.995780e+02
4.250000e-06	4.708776e-06	9.119684e-09	3.419819e+01	5.985341e+02
4.260000e-06	4.688065e-06	9.118417e-09	3.404778e+01	5.974567e+02
4.270000e-06	4.666981e-06	9.087302e-09	3.389465e+01	5.963419e+02
4.280000e-06	4.645401e-06	9.067894e-09	3.373792e+01	5.951877e+02
4.290000e-06	4.623372e-06	9.055807e-09	3.357794e+01	5.939950e+02
4.300000e-06	4.601055e-06	9.046244e-09	3.341585e+01	5.927665e+02
4.310000e-06	4.578422e-06	9.028871e-09	3.325148e+01	5.915071e+02
4.320000e-06	4.555440e-06	9.009299e-09	3.308457e+01	5.902222e+02
4.330000e-06	4.532148e-06	8.986714e-09	3.291540e+01	5.889178e+02
4.340000e-06	4.508554e-06	8.974333e-09	3.274405e+01	5.875987e+02
4.350000e-06	4.484667e-06	8.949424e-09	3.257057e+01	5.862684e+02
4.360000e-06	4.460483e-06	8.918121e-09	3.239493e+01	5.849284e+02
4.370000e-06	4.435924e-06	8.897791e-09	3.221657e+01	5.835781e+02
4.380000e-06	4.410945e-06	8.884716e-09	3.203515e+01	5.822147e+02
4.390000e-06	4.385597e-06	8.866106e-09	3.185106e+01	5.808341e+02
4.400000e-06	4.359951e-06	8.840920e-09	3.166480e+01	5.794314e+02
4.410000e-06	4.334070e-06	8.819795e-09	3.147684e+01	5.780016e+02
4.420000e-06	4.307939e-06	8.801162e-09	3.128706e+01	5.765405e+02
4.430000e-06	4.281490e-06	8.784961e-09	3.109497e+01	5.750454e+02
4.440000e-06	4.254736e-06	8.763867e-09	3.090066e+01	5.735150e+02
4.450000e-06	4.227713e-06	8.742041e-09	3.070440e+01	5.719504e+02
4.460000e-06	4.200426e-06	8.721171e-09	3.050623e+01	5.703539e+02
4.470000e-06	4.172812e-06	8.702446e-09	3.030568e+01	5.687292e+02
4.480000e-06	4.144784e-06	8.678251e-09	3.010212e+01	5.670805e+02
4.490000e-06	4.116339e-06	8.653528e-09	2.989553e+01	5.654119e+02
4.500000e-06	4.087582e-06	8.627216e-09	2.968668e+01	5.637265e+02
4.510000e-06	4.058591e-06	8.602432e-09	2.947612e+01	5.620259e+02
4.520000e-06	4.029363e-06	8.577212e-09	2.926386e+01	5.603100e+02
4.530000e-06	3.999892e-06	8.547653e-09	2.904982e+01	5.585769e+02
4.540000e-06	3.970125e-06	8.516663e-09	2.883363e+01	5.568230e+02
4.550000e-06	3.940075e-06	8.493228e-09	2.861539e+01	5.550436e+02
4.560000e-06	3.909770e-06	8.475047e-09	2.839529e+01	5.532334e+02
4.570000e-06	3.879152e-06	8.454830e-09	2.817292e+01	5.513876e+02
4.580000e-06	3.848141e-06	8.431743e-09	2.794770e+01	5.495017e+02
4.590000e-06	3.816701e-06	8.406795e-09	2.771937e+01	5.475728e+02
4.600000e-06	3.784908e-06	8.380744e-09	2.748847e+01	5.455997e+02
4.610000e-06	3.752864e-06	8.348583e-09	2.725574e+01	5.435828e+02
4.620000e-06	3.720601e-06	8.309322e-09	2.702143e+01	5.415238e+02
4.630000e-06	3.688091e-06	8.272240e-09	2.678531e+01	5.394258e+02
4.640000e-06	3.655294e-06	8.241162e-09	2.654713e+01	5.372921e+02
4.650000e-06	3.622244e-06	8.210915e-09	2.630709e+01	5.351264e+02
4.660000e-06	3.588964e-06	8.177890e-09	2.606539e+01	5.329313e+02
4.670000e-06	3.555498e-06	8.146126e-09	2.582234e+01	5.307089e+02
4.680000e-06	3.521892e-06	8.116738e-09	2.557827e+01	5.284594e+02
4.690000e-06	3.488075e-06	8.084604e-09	2.533267e+01	5.261823e+02
4.700000e-06	3.453972e-06	8.047070e-09	2.508499e+01	5.238756e+02
4.710000e-06	3.419536e-06	8.005201e-09	2.483489e+01	5.215364e+02
4.720000e-06	3.384770e-06	7.964997e-09	2.458240e+01	5.191616e+02
4.730000e-06	3.349714e-06	7.926936e-09	2.432780e+01	5.167480e+02
4.740000e-06	3.314432e-06	7.889023e-09	2.407156e+01	5.142931e+02
4.750000e-06	3.278936e-06	7.852509e-09	2.381377e+01	5.117951e+02
4.760000e-06	3.243206e-06	7.819137e-09	2.355427e+01	5.092531e+02
4.770000e-06	3.207273e-06	7.786871e-09	2.329331e+01	5.066673e+02
4.780000e-06	3.171147e-06	7.752984e-09	2.303093e+01	5.040390e+02
4.790000e-06	3.134802e-06	7.711010e-09	2.276697e+01	5.013698e+02
4.800000e-06	3.098264e-06	7.661800e-09	2.250161e+01	4.986620e+02
4.810000e-06	3.061545e-06	7.612171e-09	2.223493e+01	4.959174e+02
4.820000e-06	3.024661e-06	7.564986e-09	2.196705e+01	4.931381e+02
4.830000e-06	2.987659e-06	7.517896e-09	2.169832e+01	4.903252e+02
4.840000e-06	2.950431e-06	7.469130e-09	2.142795e+01	4.874796e+02
4.850000e-06	2.912840e-06	7.424486e-09	2.115494e+01	4.846014e+02
4.860000e-06	2.874920e-06	7.386509e-09	2.087954e+01	4.816904e+02
4.870000e-06	2.836765e-06	7.349477e-09	2.060244e+01	4.787461e+02
4.880000e-06	2.798416e-06	7.306746e-09	2.032392e+01	4.757678e+02
4.890000e-06	2.759880e-06	7.259300e-09	2.004404e+01	4.727550e+02
4.900000e-06	2.721194e-06	7.209412e-09	1.976308e+01	4.697072e+02
4.910000e-06	2.682329e-06	7.157437e-09	1.948082e+01	4.666242e+02
4.920000e-06	2.643267e-06	7.103479e-09	1.919712e+01	4.635056e+02
4.930000e-06	2.604061e-06	7.049474e-09	1.891239e+01	4.603513e+02
4.940000e-06	2.564682e-06	6.999797e-09	1.862639e+01	4.571607e+02
4.950000e-06	2.525118e-06	6.957867e-09	1.833905e+01	4.539329e+02
4.960000e-06	2.485412e-06	6.917754e-09	1.805068e+01	4.506662e+02
4.970000e-06	2.445570e-06	6.871336e-09	1.776132e+01	4.473587e+02
4.980000e-06	2.405616e-06	6.818881e-09	1.747115e+01	4.440079e+02
4.990000e-06	2.365538e-06	6.764335e-09	1.718008e+01	4.406109e+02
5.000000e-06	2.325252e-06	6.710573e-09	1.688749e+01	4.371647e+02
5.010000e-06	2.284751e-06	6.653369e-09	1.659335e+01	4.336666e+02
5.020000e-06	2.244016e-06	6.592154e-09	1.629750e+01	4.301145e+02
5.030000e-06	2.203013e-06	6.533632e-09	1.599972e+01	4.265068e+02
5.040000e-06	2.161815e-06	6.483169e-09	1.570051e+01	4.228432e+02
5.050000e-06	2.120484e-06	6.436240e-09	1.540033e+01	4.191239e+02
5.060000e-06	2.079001e-06	6.386454e-09	1.509906e+01	4.153503e+02
5.070000e-06	2.037348e-06	6.333474e-09	1.479655e+01	4.115241e+02
5.080000e-06	1.995539e-06	6.278077e-09	1.449290e+01	4.076474e+02
5.090000e-06	1.953608e-06	6.216520e-09	1.418837e+01	4.037220e+02
5.100000e-06	1.911560e-06	6.147032e-09	1.388299e+01	3.997493e+02
5.110000e-06	1.869369e-06	6.075609e-09	1.357657e+01	3.957300e+02
5.120000e-06	1.827063e-06	6.010074e-09	1.326932e+01	3.916637e+02
5.130000e-06	1.784654e-06	5.953937e-09	1.296132e+01	3.875490e+02
5.140000e-06	1.742106e-06	5.901232e-09	1.265231e+01	3.833837e+02
5.150000e-06	1.699394e-06	5.844233e-09	1.234210e+01	3.791650e+02
5.160000e-06	1.656568e-06	5.780361e-09	1.203107e+01	3.748897e+02
5.170000e-06	1.613660e-06	5.713791e-09	1.171945e+01	3.705550e+02
5.180000e-06	1.570675e-06	5.643789e-09	1.140726e+01	3.661583e+02
5.190000e-06	1.527630e-06	5.573761e-09	1.109464e+01	3.616978e+02
5.200000e-06	1.484494e-06	5.505062e-09	1.078136e+01	3.571729e+02
5.210000e-06	1.441272e-06	5.437617e-09	1.046746e+01	3.525838e+02
5.220000e-06	1.397994e-06	5.374440e-09	1.015314e+01	3.479313e+02
5.230000e-06	1.354616e-06	5.307205e-09	9.838104e+00	3.432171e+02
5.240000e-06	1.311127e-06	5.233397e-09	9.522255e+00	3.384428e+02
5.250000e-06	1.267579e-06	5.157044e-09	9.205980e+00	3.336099e+02
5.260000e-06	1.223950e-06	5.081666e-09	8.889125e+00	3.287191e+02
5.270000e-06	1.180186e-06	5.007172e-09	8.571276e+00	3.237704e+02
5.280000e-06	1.136291e-06	4.932834e-09	8.252485e+00	3.187626e+02
5.290000e-06	1.092310e-06	4.856620e-09	7.933065e+00	3.136937e+02
5.300000e-06	1.048308e-06	4.780527e-09	7.613494e+00	3.085605e+02
5.310000e-06	1.004272e-06	4.702629e-09	7.293673e+00	3.033595e+02
5.320000e-06	9.601254e-07	4.619837e-09	6.973055e+00	2.980866e+02
5.330000e-06	9.159315e-07	4.533429e-09	6.652090e+00	2.927383e+02
5.340000e-06	8.716682e-07	4.447534e-09	6.330622e+00	2.873111e+02
5.350000e-06	8.273420e-07	4.365618e-09	6.008696e+00	2.818028e+02
5.360000e-06	7.830362e-07	4.285364e-09	5.686918e+00	2.762118e+02
5.370000e-06	7.386557e-07	4.205897e-09	5.364598e+00	2.705375e+02
5.380000e-06	6.941816e-07	4.124708e-09	5.041598e+00	2.647802e+02
5.390000e-06	6.496503e-07	4.038633e-09	4.718183e+00	2.589406e+02
5.400000e-06	6.050340e-07	3.945084e-09	4.394151e+00	2.530199e+02
5.410000e-06	5.603508e-07	3.846145e-09	4.069632e+00	2.470189e+02
5.420000e-06	5.156290e-07	3.742019e-09	3.744833e+00	2.409381e+02
5.430000e-06	4.708462e-07	3.637877e-09	3.419591e+00	2.347773e+02
5.440000e-06	4.260573e-07	3.539528e-09	3.094305e+00	2.285353e+02
5.450000e-06	3.813043e-07	3.444821e-09	2.769280e+00	2.222102e+02
5.460000e-06	3.365073e-07	3.351548e-09	2.443935e+00	2.157990e+02
5.470000e-06	2.916594e-07	3.257287e-09	2.118220e+00	2.092984e+02
5.480000e-06	2.468068e-07	3.160653e-09	1.792472e+00	2.027045e+02
5.490000e-06	2.019738e-07	3.059876e-09	1.466865e+00	1.960134e+02
5.500000e-06	1.571599e-07	2.952055e-09	1.141397e+00	1.892212e+02
5.510000e-06	1.123160e-07	2.839279e-09	8.157115e-01	1.823245e+02
5.520000e-06	6.744978e-08	2.726682e-09	4.898642e-01	1.753203e+02
5.530000e-06	2.254496e-08	2.615223e-09	1.637361e-01	1.682063e+02
5.540000e-06	-2.239684e-08	2.503296e-09	-1.626605e-01	1.609806e+02
5.550000e-06	-6.734132e-08	2.389068e-09	-4.890765e-01	1.536417e+02
5.560000e-06	-1.122773e-07	2.273031e-09	-8.154308e-01	1.461886e+02
5.570000e-06	-1.572079e-07	2.158797e-09	-1.141746e+00	1.386204e+02
5.580000e-06	-2.021068e-07	2.043314e-09	-1.467831e+00	1.309363e+02
5.590000e-06	-2.469294e-07	1.921954e-09	-1.793362e+00	1.231358e+02
5.600000e-06	-2.916977e-07	1.797894e-09	-2.118498e+00	1.152182e+02
5.610000e-06	-3.364357e-07	1.674788e-09	-2.443415e+00	1.071830e+02
5.620000e-06	-3.811889e-07	1.551992e-09	-2.768442e+00	9.902995e+01
5.630000e-06	-4.259390e-07	1.424125e-09	-3.093446e+00	9.075875e+01
5.640000e-06	-4.706149e-07	1.290797e-09	-3.417911e+00	8.236956e+01
5.650000e-06	-5.152420e-07	1.159353e-09	-3.742023e+00	7.386282e+01
5.660000e-06	-5.598332e-07	1.031725e-09	-4.065873e+00	6.523930e+01
5.670000e-06	-6.043592e-07	9.016104e-10	-4.389250e+00	5.650016e+01
5.680000e-06	-6.488690e-07	7.657562e-10	-4.712509e+00	4.764685e+01
5.690000e-06	-6.933501e-07	6.295496e-10	-5.035560e+00	3.868116e+01
5.700000e-06	-7.377575e-07	4.960795e-10	-5.358075e+00	2.960520e+01
5.710000e-06	-7.820871e-07	3.590469e-10	-5.680025e+00	2.042141e+01
5.720000e-06	-8.263332e-07	2.132406e-10	-6.001369e+00	1.113268e+01
5.730000e-06	-8.705261e-07	6.483451e-11	-6.322327e+00	1.742458e+00
5.740000e-06	-9.146462e-07	-8.063498e-11	-6.642756e+00	-7.745107e+00
5.750000e-06	-9.586776e-07	-2.246154e-10	-6.962540e+00	-1.732495e+01
5.760000e-06	-1.002623e-06	-3.696668e-10	-7.281699e+00	-2.699094e+01
5.770000e-06	-1.046497e-06	-5.164443e-10	-7.600344e+00	-3.673577e+01
5.780000e-06	-1.090325e-06	-6.635593e-10	-7.918651e+00	-4.655086e+01
5.790000e-06	-1.134084e-06	-8.107137e-10	-8.236456e+00	-5.642649e+01
5.800000e-06	-1.177767e-06	-9.601978e-10	-8.553710e+00	-6.635188e+01
5.810000e-06	-1.221397e-06	-1.113111e-09	-8.870578e+00	-7.631549e+01
5.820000e-06	-1.264948e-06	-1.267453e-09	-9.186874e+00	-8.630534e+01
5.830000e-06	-1.308418e-06	-1.420394e-09	-9.502580e+00	-9.630941e+01
5.840000e-06	-1.351801e-06	-1.571713e-09	-9.817661e+00	-1.063160e+02
5.850000e-06	-1.395087e-06	-1.724813e-09	-1.013203e+01	-1.163141e+02
5.860000e-06	-1.438309e-06	-1.876618e-09	-1.044594e+01	-1.262934e+02
5.870000e-06	-1.481433e-06	-2.023712e-09	-1.075913e+01	-1.362447e+02
5.880000e-06	-1.524460e-06	-2.167604e-09	-1.107162e+01	-1.461597e+02
5.890000e-06	-1.567424e-06	-2.314643e-09	-1.138365e+01	-1.560307e+02
5.900000e-06	-1.610299e-06	-2.467105e-09	-1.169504e+01	-1.658504e+02
5.910000e-06	-1.653056e-06	-2.620892e-09	-1.200557e+01	-1.756116e+02
5.920000e-06	-1.695690e-06	-2.771106e-09	-1.231520e+01	-1.853065e+02
5.930000e-06	-1.738207e-06	-2.917288e-09	-1.262399e+01	-1.949270e+02
5.940000e-06	-1.780621e-06	-3.062151e-09	-1.293202e+01	-2.044639e+02
5.950000e-06	-1.822942e-06	-3.203400e-09	-1.323939e+01	-2.139070e+02
5.960000e-06	-1.865129e-06	-3.341731e-09	-1.354578e+01	-2.232456e+02
5.970000e-06	-1.907149e-06	-3.479706e-09	-1.385096e+01	-2.324683e+02
5.980000e-06	-1.949040e-06	-3.619923e-09	-1.415520e+01	-2.415638e+02
5.990000e-06	-1.990822e-06	-3.762271e-09	-1.445864e+01	-2.505211e+02
6.000000e-06	-2.032440e-06	-3.900067e-09	-1.476090e+01	-2.593303e+02
6.010000e-06	-2.073892e-06	-4.033541e-09	-1.506196e+01	-2.679830e+02
6.020000e-06	-2.115185e-06	-4.164695e-09	-1.536185e+01	-2.764726e+02
6.030000e-06	-2.156302e-06	-4.292432e-09	-1.566047e+01	-2.847946e+02
6.040000e-06	-2.197245e-06	-4.418130e-09	-1.595782e+01	-2.929463e+02
6.050000e-06	-2.237979e-06	-4.541625e-09	-1.625366e+01	-3.009270e+02
6.060000e-06	-2.278474e-06	-4.664866e-09	-1.654776e+01	-3.087377e+02
6.070000e-06	-2.318775e-06	-4.789667e-09	-1.684045e+01	-3.163802e+02
6.080000e-06	-2.358945e-06	-4.911014e-09	-1.713219e+01	-3.238570e+02
6.090000e-06	-2.398958e-06	-5.025158e-09	-1.742279e+01	-3.311707e+02
6.100000e-06	-2.438811e-06	-5.135639e-09	-1.771223e+01	-3.383238e+02
6.110000e-06	-2.478524e-06	-5.244391e-09	-1.800065e+01	-3.453181e+02
6.120000e-06	-2.518091e-06	-5.351123e-09	-1.828802e+01	-3.521552e+02
6.130000e-06	-2.557489e-06	-5.453608e-09	-1.857415e+01	-3.588363e+02
6.140000e-06	-2.596684e-06	-5.551843e-09	-1.885881e+01	-3.653622e+02
6.150000e-06	-2.635704e-06	-5.651555e-09	-1.914219e+01	-3.717344e+02
6.160000e-06	-2.674557e-06	-5.753485e-09	-1.942437e+01	-3.779545e+02
6.170000e-06	-2.713236e-06	-5.854783e-09	-1.970528e+01	-3.840253e+02
6.180000e-06	-2.751749e-06	-5.955479e-09	-1.998499e+01	-3.899505e+02
6.190000e-06	-2.790104e-06	-6.049792e-09	-2.026355e+01	-3.957352e+02
6.200000e-06	-2.828314e-06	-6.137968e-09	-2.054106e+01	-4.013851e+02
6.210000e-06	-2.866345e-06	-6.219603e-09	-2.081726e+01	-4.069070e+02
6.220000e-06	-2.904134e-06	-6.295261e-09	-2.109171e+01	-4.123079e+02
6.230000e-06	-2.941599e-06	-6.373012e-09	-2.136380e+01	-4.175946e+02
6.240000e-06	-2.978746e-06	-6.454306e-09	-2.163359e+01	-4.227734e+02
6.250000e-06	-3.015663e-06	-6.539011e-09	-2.190170e+01	-4.278494e+02
6.260000e-06	-3.052395e-06	-6.622744e-09	-2.216848e+01	-4.328262e+02
6.270000e-06	-3.088947e-06	-6.700083e-09	-2.243394e+01	-4.377062e+02
6.280000e-06	-3.125292e-06	-6.771609e-09	-2.269790e+01	-4.424900e+02
6.290000e-06	-3.161406e-06	-6.839076e-09	-2.296019e+01	-4.471771e+02
6.300000e-06	-3.197322e-06	-6.902938e-09	-2.322103e+01	-4.517661e+02
6.310000e-06	-3.233031e-06	-6.966334e-09	-2.348037e+01	-4.562553e+02
6.320000e-06	-3.268494e-06	-7.032497e-09	-2.373793e+01	-4.606428e+02
6.330000e-06	-3.303743e-06	-7.103032e-09	-2.399393e+01	-4.649276e+02
6.340000e-06	-3.338840e-06	-7.173210e-09	-2.424882e+01	-4.691093e+02
6.350000e-06	-3.373746e-06	-7.242367e-09	-2.450234e+01	-4.731890e+02
6.360000e-06	-3.408362e-06	-7.311563e-09	-2.475374e+01	-4.771688e+02
6.370000e-06	-3.442625e-06	-7.376378e-09	-2.500258e+01	-4.810517e+02
6.380000e-06	-3.476561e-06	-7.431289e-09	-2.524905e+01	-4.848418e+02
6.390000e-06	-3.510247e-06	-7.479694e-09	-2.549370e+01	-4.885435e+02
6.400000e-06	-3.543734e-06	-7.531008e-09	-2.573690e+01	-4.921613e+02
6.410000e-06	-3.577029e-06	-7.587212e-09	-2.597871e+01	-4.956992e+02
6.420000e-06	-3.610087e-06	-7.645831e-09	-2.621880e+01	-4.991607e+02
6.430000e-06	-3.642897e-06	-7.703329e-09	-2.645709e+01	-5.025486e+02
6.440000e-06	-3.675441e-06	-7.761217e-09	-2.669344e+01	-5.058645e+02
6.450000e-06	-3.707725e-06	-7.815381e-09	-2.692791e+01	-5.091094e+02
6.460000e-06	-3.739812e-06	-7.862841e-09	-2.716095e+01	-5.122840e+02
6.470000e-06	-3.771705e-06	-7.906311e-09	-2.739258e+01	-5.153883e+02
6.480000e-06	-3.803344e-06	-7.950257e-09	-2.762236e+01	-5.184227e+02
6.490000e-06	-3.834638e-06	-7.996636e-09	-2.784964e+01	-5.213878e+02
6.500000e-06	-3.865538e-06	-8.044472e-09	-2.807405e+01	-5.242850e+02
6.510000e-06	-3.896049e-06	-8.091904e-09	-2.829564e+01	-5.271161e+02
6.520000e-06	-3.926249e-06	-8.139140e-09	-2.851497e+01	-5.298838e+02
6.530000e-06	-3.956189e-06	-8.186659e-09	-2.873241e+01	-5.325915e+02
6.540000e-06	-3.985827e-06	-8.229895e-09	-2.894767e+01	-5.352427e+02
6.550000e-06	-4.015175e-06	-8.269258e-09	-2.916081e+01	-5.378410e+02
6.560000e-06	-4.044271e-06	-8.308429e-09	-2.937213e+01	-5.403897e+02
6.570000e-06	-4.073104e-06	-8.349058e-09	-2.958153e+01	-5.428917e+02
6.580000e-06	-4.101677e-06	-8.388628e-09	-2.978904e+01	-5.453487e+02
6.590000e-06	-4.129959e-06	-8.426574e-09	-2.999445e+01	-5.477618e+02
6.600000e-06	-4.157837e-06	-8.464597e-09	-3.019692e+01	-5.501310e+02
6.610000e-06	-4.185334e-06	-8.504425e-09	-3.039662e+01	-5.524554e+02
6.620000e-06	-4.212572e-06	-8.543563e-09	-3.059444e+01	-5.547335e+02
6.630000e-06	-4.239552e-06	-8.580616e-09	-3.079038e+01	-5.569636e+02
6.640000e-06	-4.266247e-06	-8.617566e-09	-3.098426e+01	-5.591438e+02
6.650000e-06	-4.292673e-06	-8.651723e-09	-3.117618e+01	-5.612726e+02
6.660000e-06	-4.318827e-06	-8.683856e-09	-3.136613e+01	-5.633488e+02
6.670000e-06	-4.344663e-06	-8.717312e-09	-3.155377e+01	-5.653723e+02
6.680000e-06	-4.370228e-06	-8.750441e-09	-3.173944e+01	-5.673434e+02
6.690000e-06	-4.395510e-06	-8.780739e-09	-3.192305e+01	-5.692632e+02
6.700000e-06	-4.420375e-06	-8.809587e-09	-3.210364e+01	-5.711337e+02
6.710000e-06	-4.444815e-06	-8.838639e-09	-3.228114e+01	-5.729570e+02
6.720000e-06	-4.468936e-06	-8.868540e-09	-3.245632e+01	-5.747355e+02
6.730000e-06	-4.492803e-06	-8.897984e-09	-3.262966e+01	-5.764716e+02
6.740000e-06	-4.516416e-06	-8.926393e-09	-3.280115e+01	-5.781675e+02
6.750000e-06	-4.539736e-06	-8.953336e-09	-3.297052e+01	-5.798250e+02
6.760000e-06	-4.562732e-06	-8.979092e-09	-3.313753e+01	-5.814454e+02
6.770000e-06	-4.585392e-06	-9.002785e-09	-3.330210e+01	-5.830299e+02
6.780000e-06	-4.607768e-06	-9.024395e-09	-3.346461e+01	-5.845788e+02
6.790000e-06	-4.629851e-06	-9.047166e-09	-3.362499e+01	-5.860926e+02
6.800000e-06	-4.651489e-06	-9.072827e-09	-3.378214e+01	-5.875716e+02
6.810000e-06	-4.672651e-06	-9.101134e-09	-3.393583e+01	-5.890159e+02
6.820000e-06	-4.693430e-06	-9.130063e-09	-3.408674e+01	-5.904261e+02
6.830000e-06	-4.713886e-06	-9.154014e-09	-3.423530e+01	-5.918029e+02
6.840000e-06	-4.733966e-06	-9.174400e-09	-3.438114e+01	-5.931470e+02
6.850000e-06	-4.753632e-06	-9.194313e-09	-3.452397e+01	-5.944596e+02
6.860000e-06	-4.772888e-06	-9.213867e-09	-3.466382e+01	-5.957419e+02
6.870000e-06	-4.791725e-06	-9.233083e-09	-3.480062e+01	-5.969951e+02
6.880000e-06	-4.810210e-06	-9.249265e-09	-3.493487e+01	-5.982201e+02
6.890000e-06	-4.828415e-06	-9.264775e-09	-3.506709e+01	-5.994179e+02
6.900000e-06	-4.846330e-06	-9.282095e-09	-3.519720e+01	-6.005887e+02
6.910000e-06	-4.863963e-06	-9.302542e-09	-3.532527e+01	-6.017327e+02
6.920000e-06	-4.881347e-06	-9.322588e-09	-3.545152e+01	-6.028496e+02
6.930000e-06	-4.898430e-06	-9.338487e-09	-3.557558e+01	-6.039390e+02
6.940000e-06	-4.915191e-06	-9.351870e-09	-3.569731e+01	-6.050001e+02
6.950000e-06	-4.931623e-06	-9.365827e-09	-3.581666e+01	-6.060324e+02
6.960000e-06	-4.947722e-06	-9.378518e-09	-3.593357e+01	-6.070352e+02
6.970000e-06	-4.963503e-06	-9.388195e-09	-3.604819e+01	-6.080085e+02
6.980000e-06	-4.978920e-06	-9.399165e-09	-3.616015e+01	-6.089522e+02
6.990000e-06	-4.993901e-06	-9.415421e-09	-3.626896e+01	-6.098671e+02
7.000000e-06	-5.008474e-06	-9.435209e-09	-3.637479e+01	-6.107538e+02
7.010000e-06	-5.022722e-06	-9.450066e-09	-3.647828e+01	-6.116136e+02
7.020000e-06	-5.036652e-06	-9.457591e-09	-3.657944e+01	-6.124478e+02
7.030000e-06	-5.050243e-06	-9.463341e-09	-3.667815e+01	-6.132575e+02
7.040000e-06	-5.063504e-06	-9.471073e-09	-3.677446e+01	-6.140439e+02
7.050000e-06	-5.076420e-06	-9.478516e-09	-3.686826e+01	-6.148077e+02
7.060000e-06	-5.089001e-06	-9.484364e-09	-3.695963e+01	-6.155494e+02
7.070000e-06	-5.101223e-06	-9.492420e-09	-3.704840e+01	-6.162689e+02
7.080000e-06	-5.112965e-06	-9.506611e-09	-3.713368e+01	-6.169660e+02
7.090000e-06	-5.124264e-06	-9.522297e-09	-3.721574e+01	-6.176403e+02
7.100000e-06	-5.135266e-06	-9.534285e-09	-3.729564e+01	-6.182912e+02
7.110000e-06	-5.145941e-06	-9.543619e-09	-3.737317e+01	-6.189184e+02
7.120000e-06	-5.156232e-06	-9.550625e-09	-3.744791e+01	-6.195218e+02
7.130000e-06	-5.166176e-06	-9.555178e-09	-3.752013e+01	-6.201019e+02
7.140000e-06	-5.175826e-06	-9.558198e-09	-3.759021e+01	-6.206596e+02
7.150000e-06	-5.185179e-06	-9.561698e-09	-3.765814e+01	-6.211961e+02
7.160000e-06	-5.194133e-06	-9.567633e-09	-3.772317e+01	-6.217130e+02
7.170000e-06	-5.202579e-06	-9.576611e-09	-3.778451e+01	-6.222119e+02
7.180000e-06	-5.210612e-06	-9.584668e-09	-3.784285e+01	-6.226942e+02
7.190000e-06	-5.218345e-06	-9.589925e-09	-3.789901e+01	-6.231606e+02
7.200000e-06	-5.225738e-06	-9.593975e-09	-3.795271e+01	-6.236112e+02
7.210000e-06	-5.232798e-06	-9.598781e-09	-3.800398e+01	-6.240450e+02
7.220000e-06	-5.239519e-06	-9.602720e-09	-3.805280e+01	-6.244600e+02
7.230000e-06	-5.245880e-06	-9.604917e-09	-3.809899e+01	-6.248533e+02
7.240000e-06	-5.251910e-06	-9.607341e-09	-3.814279e+01	-6.252215e+02
7.250000e-06	-5.257455e-06	-9.611670e-09	-3.818306e+01	-6.255606e+02
7.260000e-06	-5.262464e-06	-9.617512e-09	-3.821944e+01	-6.258673e+02
7.270000e-06	-5.267070e-06	-9.620246e-09	-3.825289e+01	-6.261388e+02
7.280000e-06	-5.271305e-06	-9.621713e-09	-3.828365e+01	-6.263737e+02
7.290000e-06	-5.275202e-06	-9.623234e-09	-3.831195e+01	-6.265726e+02
7.300000e-06	-5.278760e-06	-9.625297e-09	-3.833779e+01	-6.267375e+02
7.310000e-06	-5.281979e-06	-9.626705e-09	-3.836117e+01	-6.268727e+02
7.320000e-06	-5.284838e-06	-9.626786e-09	-3.838193e+01	-6.269840e+02
7.330000e-06	-5.287249e-06	-9.626834e-09	-3.839944e+01	-6.270781e+02
7.340000e-06	-5.289207e-06	-9.626797e-09	-3.841366e+01	-6.271623e+02
7.350000e-06	-5.290785e-06	-9.626093e-09	-3.842512e+01	-6.272432e+02
7.360000e-06	-5.292005e-06	-9.625077e-09	-3.843398e+01	-6.273259e+02
7.370000e-06	-5.292898e-06	-9.625243e-09	-3.844047e+01	-6.274136e+02
7.380000e-06	-5.293466e-06	-9.625286e-09	-3.844459e+01	-6.275063e+02
