# Temperatura_=_20.0
# Concentracion g/m^3_=_10000.0
# C_Vs_to_Am_M_A/Vsm_=_65563218390.804596
# pendiente_HvsI_1/m_=_3716.3
# ordenada_HvsI_A/m_=_1297.0
# frecuencia_Hz_=_135356.9766233285

Tiempo_(s)	Campo_(V.s)	Magnetizacion_(V.s)	Campo_(kA/m)	Magnetizacion_(A/m)
0.000000e+00	-5.274747e-06	-9.588439e-09	-3.843561e+01	-6.262211e+02
1.000000e-08	-5.274785e-06	-9.589747e-09	-3.843589e+01	-6.263327e+02
2.000000e-08	-5.274487e-06	-9.591443e-09	-3.843372e+01	-6.264305e+02
3.000000e-08	-5.273735e-06	-9.590100e-09	-3.842824e+01	-6.265039e+02
4.000000e-08	-5.272595e-06	-9.584611e-09	-3.841994e+01	-6.265415e+02
5.000000e-08	-5.271103e-06	-9.580628e-09	-3.840906e+01	-6.265330e+02
6.000000e-08	-5.269308e-06	-9.582507e-09	-3.839598e+01	-6.264703e+02
7.000000e-08	-5.267180e-06	-9.587677e-09	-3.838047e+01	-6.263488e+02
8.000000e-08	-5.264638e-06	-9.605371e-09	-3.836195e+01	-6.261682e+02
9.000000e-08	-5.261528e-06	-9.579702e-09	-3.833929e+01	-6.259329e+02
1.000000e-07	-5.257652e-06	-9.499798e-09	-3.831104e+01	-6.256513e+02
1.100000e-07	-5.253159e-06	-9.513720e-09	-3.827831e+01	-6.253355e+02
1.200000e-07	-5.248500e-06	-9.667021e-09	-3.824436e+01	-6.249994e+02
1.300000e-07	-5.243737e-06	-9.611633e-09	-3.820965e+01	-6.246575e+02
1.400000e-07	-5.238537e-06	-9.449170e-09	-3.817176e+01	-6.243226e+02
1.500000e-07	-5.232828e-06	-9.493930e-09	-3.813016e+01	-6.240050e+02
1.600000e-07	-5.226866e-06	-9.679519e-09	-3.808672e+01	-6.237105e+02
1.700000e-07	-5.220558e-06	-9.534218e-09	-3.804075e+01	-6.234403e+02
1.800000e-07	-5.213791e-06	-9.434381e-09	-3.799144e+01	-6.231901e+02
1.900000e-07	-5.206648e-06	-9.541116e-09	-3.793940e+01	-6.229515e+02
2.000000e-07	-5.199250e-06	-9.614687e-09	-3.788548e+01	-6.227125e+02
2.100000e-07	-5.191473e-06	-9.470584e-09	-3.782882e+01	-6.224591e+02
2.200000e-07	-5.183275e-06	-9.503995e-09	-3.776908e+01	-6.221772e+02
2.300000e-07	-5.174827e-06	-9.576895e-09	-3.770752e+01	-6.218540e+02
2.400000e-07	-5.166058e-06	-9.482640e-09	-3.764363e+01	-6.214801e+02
2.500000e-07	-5.156846e-06	-9.458032e-09	-3.757650e+01	-6.210499e+02
2.600000e-07	-5.147233e-06	-9.556164e-09	-3.750645e+01	-6.205625e+02
2.700000e-07	-5.137274e-06	-9.533850e-09	-3.743388e+01	-6.200220e+02
2.800000e-07	-5.126862e-06	-9.373129e-09	-3.735802e+01	-6.194360e+02
2.900000e-07	-5.116019e-06	-9.472517e-09	-3.727901e+01	-6.188153e+02
3.000000e-07	-5.104832e-06	-9.500554e-09	-3.719749e+01	-6.181719e+02
3.100000e-07	-5.093361e-06	-9.403889e-09	-3.711391e+01	-6.175176e+02
3.200000e-07	-5.081603e-06	-9.353323e-09	-3.702823e+01	-6.168623e+02
3.300000e-07	-5.069531e-06	-9.458226e-09	-3.694026e+01	-6.162132e+02
3.400000e-07	-5.057072e-06	-9.384860e-09	-3.684948e+01	-6.155734e+02
3.500000e-07	-5.044309e-06	-9.407166e-09	-3.675647e+01	-6.149421e+02
3.600000e-07	-5.031227e-06	-9.421777e-09	-3.666115e+01	-6.143147e+02
3.700000e-07	-5.017705e-06	-9.356937e-09	-3.656262e+01	-6.136834e+02
3.800000e-07	-5.003735e-06	-9.319052e-09	-3.646083e+01	-6.130389e+02
3.900000e-07	-4.989377e-06	-9.400869e-09	-3.635620e+01	-6.123711e+02
4.000000e-07	-4.974616e-06	-9.350566e-09	-3.624864e+01	-6.116709e+02
4.100000e-07	-4.959481e-06	-9.282582e-09	-3.613835e+01	-6.109312e+02
4.200000e-07	-4.944050e-06	-9.313010e-09	-3.602592e+01	-6.101477e+02
4.300000e-07	-4.928319e-06	-9.314987e-09	-3.591129e+01	-6.093197e+02
4.400000e-07	-4.912264e-06	-9.295399e-09	-3.579430e+01	-6.084496e+02
4.500000e-07	-4.895935e-06	-9.260906e-09	-3.567532e+01	-6.075423e+02
4.600000e-07	-4.879241e-06	-9.238739e-09	-3.555367e+01	-6.066050e+02
4.700000e-07	-4.862091e-06	-9.227837e-09	-3.542871e+01	-6.056453e+02
4.800000e-07	-4.844572e-06	-9.249394e-09	-3.530105e+01	-6.046706e+02
4.900000e-07	-4.826688e-06	-9.193215e-09	-3.517073e+01	-6.036868e+02
5.000000e-07	-4.808438e-06	-9.177289e-09	-3.503775e+01	-6.026974e+02
5.100000e-07	-4.789807e-06	-9.169801e-09	-3.490199e+01	-6.017032e+02
5.200000e-07	-4.770821e-06	-9.165064e-09	-3.476364e+01	-6.007023e+02
5.300000e-07	-4.751489e-06	-9.147075e-09	-3.462278e+01	-5.996905e+02
5.400000e-07	-4.731712e-06	-9.135528e-09	-3.447867e+01	-5.986618e+02
5.500000e-07	-4.711448e-06	-9.095770e-09	-3.433101e+01	-5.976095e+02
5.600000e-07	-4.690748e-06	-9.100238e-09	-3.418018e+01	-5.965274e+02
5.700000e-07	-4.669668e-06	-9.098193e-09	-3.402657e+01	-5.954103e+02
5.800000e-07	-4.648306e-06	-9.054254e-09	-3.387091e+01	-5.942554e+02
5.900000e-07	-4.626647e-06	-9.020476e-09	-3.371309e+01	-5.930621e+02
6.000000e-07	-4.604675e-06	-9.015992e-09	-3.355299e+01	-5.918326e+02
6.100000e-07	-4.582447e-06	-9.010043e-09	-3.339102e+01	-5.905714e+02
6.200000e-07	-4.559904e-06	-8.980262e-09	-3.322675e+01	-5.892844e+02
6.300000e-07	-4.536929e-06	-8.946138e-09	-3.305934e+01	-5.879785e+02
6.400000e-07	-4.513542e-06	-8.923426e-09	-3.288893e+01	-5.866605e+02
6.500000e-07	-4.489799e-06	-8.925583e-09	-3.271591e+01	-5.853357e+02
6.600000e-07	-4.465715e-06	-8.902432e-09	-3.254042e+01	-5.840079e+02
6.700000e-07	-4.441293e-06	-8.867800e-09	-3.236246e+01	-5.826781e+02
6.800000e-07	-4.416591e-06	-8.843169e-09	-3.218247e+01	-5.813450e+02
6.900000e-07	-4.391612e-06	-8.836404e-09	-3.200046e+01	-5.800049e+02
7.000000e-07	-4.366346e-06	-8.819565e-09	-3.181635e+01	-5.786522e+02
7.100000e-07	-4.340818e-06	-8.792073e-09	-3.163033e+01	-5.772801e+02
7.200000e-07	-4.315002e-06	-8.758315e-09	-3.144222e+01	-5.758819e+02
7.300000e-07	-4.288865e-06	-8.737640e-09	-3.125176e+01	-5.744516e+02
7.400000e-07	-4.262364e-06	-8.723060e-09	-3.105866e+01	-5.729847e+02
7.500000e-07	-4.235516e-06	-8.699856e-09	-3.086302e+01	-5.714788e+02
7.600000e-07	-4.208384e-06	-8.666720e-09	-3.066533e+01	-5.699340e+02
7.700000e-07	-4.180999e-06	-8.643361e-09	-3.046577e+01	-5.683525e+02
7.800000e-07	-4.153298e-06	-8.632857e-09	-3.026393e+01	-5.667385e+02
7.900000e-07	-4.125277e-06	-8.611869e-09	-3.005975e+01	-5.650971e+02
8.000000e-07	-4.096998e-06	-8.574592e-09	-2.985368e+01	-5.634339e+02
8.100000e-07	-4.068447e-06	-8.536312e-09	-2.964564e+01	-5.617537e+02
8.200000e-07	-4.039600e-06	-8.513157e-09	-2.943544e+01	-5.600600e+02
8.300000e-07	-4.010445e-06	-8.491894e-09	-2.922300e+01	-5.583541e+02
8.400000e-07	-3.980960e-06	-8.460182e-09	-2.900814e+01	-5.566352e+02
8.500000e-07	-3.951154e-06	-8.426475e-09	-2.879096e+01	-5.548999e+02
8.600000e-07	-3.921050e-06	-8.404046e-09	-2.857160e+01	-5.531430e+02
8.700000e-07	-3.890609e-06	-8.382504e-09	-2.834978e+01	-5.513580e+02
8.800000e-07	-3.859831e-06	-8.349278e-09	-2.812552e+01	-5.495375e+02
8.900000e-07	-3.828802e-06	-8.309871e-09	-2.789942e+01	-5.476748e+02
9.000000e-07	-3.797477e-06	-8.277641e-09	-2.767116e+01	-5.457642e+02
9.100000e-07	-3.765778e-06	-8.253330e-09	-2.744017e+01	-5.438018e+02
9.200000e-07	-3.733729e-06	-8.223954e-09	-2.720664e+01	-5.417862e+02
9.300000e-07	-3.701357e-06	-8.186448e-09	-2.697076e+01	-5.397181e+02
9.400000e-07	-3.668749e-06	-8.150669e-09	-2.673315e+01	-5.376007e+02
9.500000e-07	-3.635922e-06	-8.123102e-09	-2.649395e+01	-5.354387e+02
9.600000e-07	-3.602846e-06	-8.094411e-09	-2.625294e+01	-5.332380e+02
9.700000e-07	-3.569551e-06	-8.056455e-09	-2.601033e+01	-5.310044e+02
9.800000e-07	-3.536042e-06	-8.014583e-09	-2.576615e+01	-5.287435e+02
9.900000e-07	-3.502369e-06	-7.980916e-09	-2.552079e+01	-5.264593e+02
1.000000e-06	-3.468540e-06	-7.952896e-09	-2.527429e+01	-5.241540e+02
1.010000e-06	-3.434507e-06	-7.917660e-09	-2.502629e+01	-5.218277e+02
1.020000e-06	-3.400235e-06	-7.872633e-09	-2.477656e+01	-5.194787e+02
1.030000e-06	-3.365701e-06	-7.832142e-09	-2.452493e+01	-5.171034e+02
1.040000e-06	-3.330933e-06	-7.801097e-09	-2.427158e+01	-5.146972e+02
1.050000e-06	-3.295935e-06	-7.767697e-09	-2.401656e+01	-5.122550e+02
1.060000e-06	-3.260712e-06	-7.725565e-09	-2.375990e+01	-5.097721e+02
1.070000e-06	-3.225263e-06	-7.683235e-09	-2.350159e+01	-5.072446e+02
1.080000e-06	-3.189583e-06	-7.649151e-09	-2.324160e+01	-5.046702e+02
1.090000e-06	-3.153641e-06	-7.614657e-09	-2.297970e+01	-5.020483e+02
1.100000e-06	-3.117398e-06	-7.570809e-09	-2.271561e+01	-4.993798e+02
1.110000e-06	-3.080886e-06	-7.521133e-09	-2.244956e+01	-4.966675e+02
1.120000e-06	-3.044154e-06	-7.477344e-09	-2.218190e+01	-4.939149e+02
1.130000e-06	-3.007257e-06	-7.438657e-09	-2.191304e+01	-4.911262e+02
1.140000e-06	-2.970223e-06	-7.396940e-09	-2.164319e+01	-4.883056e+02
1.150000e-06	-2.932989e-06	-7.350606e-09	-2.137188e+01	-4.854564e+02
1.160000e-06	-2.895524e-06	-7.307745e-09	-2.109887e+01	-4.825810e+02
1.170000e-06	-2.857834e-06	-7.271014e-09	-2.082424e+01	-4.796804e+02
1.180000e-06	-2.819938e-06	-7.231611e-09	-2.054810e+01	-4.767539e+02
1.190000e-06	-2.781851e-06	-7.182333e-09	-2.027057e+01	-4.737999e+02
1.200000e-06	-2.743544e-06	-7.131612e-09	-1.999144e+01	-4.708154e+02
1.210000e-06	-2.705043e-06	-7.084876e-09	-1.971090e+01	-4.677972e+02
1.220000e-06	-2.666382e-06	-7.039519e-09	-1.942918e+01	-4.647415e+02
1.230000e-06	-2.627546e-06	-6.992410e-09	-1.914619e+01	-4.616452e+02
1.240000e-06	-2.588477e-06	-6.944020e-09	-1.886151e+01	-4.585055e+02
1.250000e-06	-2.549167e-06	-6.900151e-09	-1.857507e+01	-4.553204e+02
1.260000e-06	-2.509617e-06	-6.855818e-09	-1.828688e+01	-4.520888e+02
1.270000e-06	-2.469861e-06	-6.804609e-09	-1.799719e+01	-4.488101e+02
1.280000e-06	-2.429945e-06	-6.748683e-09	-1.770634e+01	-4.454842e+02
1.290000e-06	-2.389887e-06	-6.694929e-09	-1.741444e+01	-4.421111e+02
1.300000e-06	-2.349701e-06	-6.645578e-09	-1.712162e+01	-4.386909e+02
1.310000e-06	-2.309360e-06	-6.593193e-09	-1.682766e+01	-4.352230e+02
1.320000e-06	-2.268836e-06	-6.535886e-09	-1.653237e+01	-4.317067e+02
1.330000e-06	-2.228125e-06	-6.480935e-09	-1.623573e+01	-4.281406e+02
1.340000e-06	-2.187255e-06	-6.430621e-09	-1.593792e+01	-4.245232e+02
1.350000e-06	-2.146253e-06	-6.377756e-09	-1.563915e+01	-4.208529e+02
1.360000e-06	-2.105126e-06	-6.317483e-09	-1.533947e+01	-4.171283e+02
1.370000e-06	-2.063851e-06	-6.253465e-09	-1.503871e+01	-4.133486e+02
1.380000e-06	-2.022413e-06	-6.193655e-09	-1.473676e+01	-4.095138e+02
1.390000e-06	-1.980837e-06	-6.137134e-09	-1.443381e+01	-4.056244e+02
1.400000e-06	-1.939159e-06	-6.076435e-09	-1.413011e+01	-4.016820e+02
1.410000e-06	-1.897393e-06	-6.015008e-09	-1.382577e+01	-3.976886e+02
1.420000e-06	-1.855485e-06	-5.954857e-09	-1.352040e+01	-3.936466e+02
1.430000e-06	-1.813423e-06	-5.893397e-09	-1.321391e+01	-3.895579e+02
1.440000e-06	-1.771198e-06	-5.829144e-09	-1.290623e+01	-3.854241e+02
1.450000e-06	-1.728777e-06	-5.763265e-09	-1.259712e+01	-3.812458e+02
1.460000e-06	-1.686179e-06	-5.697327e-09	-1.228672e+01	-3.770225e+02
1.470000e-06	-1.643397e-06	-5.632300e-09	-1.197497e+01	-3.727522e+02
1.480000e-06	-1.600453e-06	-5.566095e-09	-1.166206e+01	-3.684323e+02
1.490000e-06	-1.557407e-06	-5.498025e-09	-1.134839e+01	-3.640591e+02
1.500000e-06	-1.514274e-06	-5.428636e-09	-1.103409e+01	-3.596288e+02
1.510000e-06	-1.471066e-06	-5.359938e-09	-1.071925e+01	-3.551377e+02
1.520000e-06	-1.427792e-06	-5.290363e-09	-1.040392e+01	-3.505832e+02
1.530000e-06	-1.384458e-06	-5.217909e-09	-1.008816e+01	-3.459635e+02
1.540000e-06	-1.341061e-06	-5.144525e-09	-9.771941e+00	-3.412785e+02
1.550000e-06	-1.297581e-06	-5.070499e-09	-9.455114e+00	-3.365296e+02
1.560000e-06	-1.254030e-06	-4.995374e-09	-9.137765e+00	-3.317193e+02
1.570000e-06	-1.210386e-06	-4.919430e-09	-8.819743e+00	-3.268509e+02
1.580000e-06	-1.166628e-06	-4.843413e-09	-8.500890e+00	-3.219279e+02
1.590000e-06	-1.122753e-06	-4.768637e-09	-8.181190e+00	-3.169533e+02
1.600000e-06	-1.078775e-06	-4.693698e-09	-7.860736e+00	-3.119287e+02
1.610000e-06	-1.034747e-06	-4.616658e-09	-7.539911e+00	-3.068541e+02
1.620000e-06	-9.906649e-07	-4.538371e-09	-7.218699e+00	-3.017271e+02
1.630000e-06	-9.465230e-07	-4.459916e-09	-6.897050e+00	-2.965434e+02
1.640000e-06	-9.023527e-07	-4.380287e-09	-6.575193e+00	-2.912964e+02
1.650000e-06	-8.581303e-07	-4.295498e-09	-6.252956e+00	-2.859785e+02
1.660000e-06	-8.138739e-07	-4.208961e-09	-5.930473e+00	-2.805809e+02
1.670000e-06	-7.695976e-07	-4.124300e-09	-5.607844e+00	-2.750953e+02
1.680000e-06	-7.252730e-07	-4.040738e-09	-5.284862e+00	-2.695144e+02
1.690000e-06	-6.808768e-07	-3.955592e-09	-4.961360e+00	-2.638324e+02
1.700000e-06	-6.364015e-07	-3.868019e-09	-4.637280e+00	-2.580460e+02
1.710000e-06	-5.918716e-07	-3.780153e-09	-4.312804e+00	-2.521545e+02
1.720000e-06	-5.472748e-07	-3.691606e-09	-3.987840e+00	-2.461593e+02
1.730000e-06	-5.026025e-07	-3.598981e-09	-3.662325e+00	-2.400640e+02
1.740000e-06	-4.578855e-07	-3.501511e-09	-3.336484e+00	-2.338735e+02
1.750000e-06	-4.131616e-07	-3.402057e-09	-3.010593e+00	-2.275932e+02
1.760000e-06	-3.684370e-07	-3.305379e-09	-2.684698e+00	-2.212278e+02
1.770000e-06	-3.237284e-07	-3.210456e-09	-2.358919e+00	-2.147811e+02
1.780000e-06	-2.790021e-07	-3.112810e-09	-2.033011e+00	-2.082550e+02
1.790000e-06	-2.342178e-07	-3.013128e-09	-1.706680e+00	-2.016489e+02
1.800000e-06	-1.894240e-07	-2.913239e-09	-1.380280e+00	-1.949605e+02
1.810000e-06	-1.446532e-07	-2.813395e-09	-1.054047e+00	-1.881851e+02
1.820000e-06	-9.987650e-08	-2.711116e-09	-7.277723e-01	-1.813171e+02
1.830000e-06	-5.505693e-08	-2.605139e-09	-4.011845e-01	-1.743498e+02
1.840000e-06	-1.023148e-08	-2.497709e-09	-7.455397e-02	-1.672768e+02
1.850000e-06	3.457234e-08	-2.391224e-09	2.519190e-01	-1.600927e+02
1.860000e-06	7.938476e-08	-2.281344e-09	5.784547e-01	-1.527931e+02
1.870000e-06	1.242073e-07	-2.168119e-09	9.050639e-01	-1.453758e+02
1.880000e-06	1.690289e-07	-2.054842e-09	1.231666e+00	-1.378399e+02
1.890000e-06	2.138419e-07	-1.941056e-09	1.558206e+00	-1.301864e+02
1.900000e-06	2.586323e-07	-1.823636e-09	1.884581e+00	-1.224174e+02
1.910000e-06	3.033895e-07	-1.701145e-09	2.210715e+00	-1.145355e+02
1.920000e-06	3.481270e-07	-1.578624e-09	2.536705e+00	-1.065434e+02
1.930000e-06	3.928464e-07	-1.457381e-09	2.862562e+00	-9.844305e+01
1.940000e-06	4.374891e-07	-1.335747e-09	3.187861e+00	-9.023570e+01
1.950000e-06	4.820640e-07	-1.210067e-09	3.512667e+00	-8.192136e+01
1.960000e-06	5.266022e-07	-1.079931e-09	3.837204e+00	-7.349903e+01
1.970000e-06	5.710857e-07	-9.485614e-10	4.161342e+00	-6.496701e+01
1.980000e-06	6.155529e-07	-8.162267e-10	4.485363e+00	-5.632336e+01
1.990000e-06	6.599931e-07	-6.825987e-10	4.809186e+00	-4.756646e+01
2.000000e-06	7.044079e-07	-5.462000e-10	5.132824e+00	-3.869565e+01
2.010000e-06	7.487863e-07	-4.084576e-10	5.456197e+00	-2.971168e+01
2.020000e-06	7.930878e-07	-2.716795e-10	5.779010e+00	-2.061706e+01
2.030000e-06	8.373242e-07	-1.326166e-10	6.101348e+00	-1.141614e+01
2.040000e-06	8.814933e-07	7.748276e-12	6.423197e+00	-2.115028e+00
2.050000e-06	9.256091e-07	1.505381e-10	6.744656e+00	7.278762e+00
2.060000e-06	9.696934e-07	2.959003e-10	7.065886e+00	1.675680e+01
2.070000e-06	1.013713e-06	4.434970e-10	7.386645e+00	2.631028e+01
2.080000e-06	1.057657e-06	5.912814e-10	7.706853e+00	3.593056e+01
2.090000e-06	1.101513e-06	7.384934e-10	8.026416e+00	4.560960e+01
2.100000e-06	1.145272e-06	8.868499e-10	8.345276e+00	5.534020e+01
2.110000e-06	1.188990e-06	1.035288e-09	8.663841e+00	6.511604e+01
2.120000e-06	1.232654e-06	1.181524e-09	8.982008e+00	7.493154e+01
2.130000e-06	1.276228e-06	1.327799e-09	9.299517e+00	8.478150e+01
2.140000e-06	1.319706e-06	1.481386e-09	9.616329e+00	9.466061e+01
2.150000e-06	1.363109e-06	1.639472e-09	9.932595e+00	1.045630e+02
2.160000e-06	1.406458e-06	1.795411e-09	1.024847e+01	1.144816e+02
2.170000e-06	1.449732e-06	1.947399e-09	1.056380e+01	1.244081e+02
2.180000e-06	1.492930e-06	2.099733e-09	1.087857e+01	1.343325e+02
2.190000e-06	1.535983e-06	2.250360e-09	1.119228e+01	1.442433e+02
2.200000e-06	1.578897e-06	2.396365e-09	1.150498e+01	1.541279e+02
2.210000e-06	1.621726e-06	2.540208e-09	1.181706e+01	1.639725e+02
2.220000e-06	1.664396e-06	2.687347e-09	1.212799e+01	1.737634e+02
2.230000e-06	1.706912e-06	2.839514e-09	1.243780e+01	1.834869e+02
2.240000e-06	1.749272e-06	2.993162e-09	1.274646e+01	1.931299e+02
2.250000e-06	1.791459e-06	3.143782e-09	1.305386e+01	2.026806e+02
2.260000e-06	1.833496e-06	3.290859e-09	1.336018e+01	2.121284e+02
2.270000e-06	1.875389e-06	3.432394e-09	1.366543e+01	2.214640e+02
2.280000e-06	1.917149e-06	3.568749e-09	1.396973e+01	2.306796e+02
2.290000e-06	1.958782e-06	3.700434e-09	1.427310e+01	2.397679e+02
2.300000e-06	2.000280e-06	3.828855e-09	1.457549e+01	2.487225e+02
2.310000e-06	2.041634e-06	3.960474e-09	1.487682e+01	2.575375e+02
2.320000e-06	2.082830e-06	4.093992e-09	1.517701e+01	2.662068e+02
2.330000e-06	2.123868e-06	4.227217e-09	1.547604e+01	2.747245e+02
2.340000e-06	2.164770e-06	4.358168e-09	1.577408e+01	2.830848e+02
2.350000e-06	2.205508e-06	4.485373e-09	1.607092e+01	2.912822e+02
2.360000e-06	2.246093e-06	4.604295e-09	1.636665e+01	2.993116e+02
2.370000e-06	2.286545e-06	4.715973e-09	1.666142e+01	3.071689e+02
2.380000e-06	2.326846e-06	4.826137e-09	1.695508e+01	3.148514e+02
2.390000e-06	2.367006e-06	4.936324e-09	1.724771e+01	3.223578e+02
2.400000e-06	2.407059e-06	5.045551e-09	1.753957e+01	3.296887e+02
2.410000e-06	2.446969e-06	5.151326e-09	1.783038e+01	3.368461e+02
2.420000e-06	2.486676e-06	5.255214e-09	1.811972e+01	3.438338e+02
2.430000e-06	2.526167e-06	5.359151e-09	1.840747e+01	3.506566e+02
2.440000e-06	2.565424e-06	5.460786e-09	1.869353e+01	3.573201e+02
2.450000e-06	2.604434e-06	5.560287e-09	1.897778e+01	3.638301e+02
2.460000e-06	2.643200e-06	5.656248e-09	1.926026e+01	3.701920e+02
2.470000e-06	2.681745e-06	5.748918e-09	1.954113e+01	3.764107e+02
2.480000e-06	2.720088e-06	5.839755e-09	1.982053e+01	3.824905e+02
2.490000e-06	2.758234e-06	5.928096e-09	2.009848e+01	3.884345e+02
2.500000e-06	2.796198e-06	6.013721e-09	2.037511e+01	3.942452e+02
2.510000e-06	2.834027e-06	6.096245e-09	2.065076e+01	3.999248e+02
2.520000e-06	2.871690e-06	6.179592e-09	2.092521e+01	4.054753e+02
2.530000e-06	2.909162e-06	6.263639e-09	2.119825e+01	4.108990e+02
2.540000e-06	2.946404e-06	6.344616e-09	2.146963e+01	4.161988e+02
2.550000e-06	2.983441e-06	6.423839e-09	2.173950e+01	4.213784e+02
2.560000e-06	3.020350e-06	6.503059e-09	2.200845e+01	4.264423e+02
2.570000e-06	3.057107e-06	6.580277e-09	2.227629e+01	4.313958e+02
2.580000e-06	3.093643e-06	6.654648e-09	2.254251e+01	4.362444e+02
2.590000e-06	3.129857e-06	6.725131e-09	2.280640e+01	4.409937e+02
2.600000e-06	3.165743e-06	6.794413e-09	2.306789e+01	4.456486e+02
2.610000e-06	3.201371e-06	6.864080e-09	2.332750e+01	4.502133e+02
2.620000e-06	3.236750e-06	6.930173e-09	2.358530e+01	4.546906e+02
2.630000e-06	3.271902e-06	6.994466e-09	2.384144e+01	4.590817e+02
2.640000e-06	3.306843e-06	7.059199e-09	2.409605e+01	4.633867e+02
2.650000e-06	3.341599e-06	7.123850e-09	2.434930e+01	4.676043e+02
2.660000e-06	3.376160e-06	7.187578e-09	2.460114e+01	4.717325e+02
2.670000e-06	3.410472e-06	7.246755e-09	2.485116e+01	4.757691e+02
2.680000e-06	3.444551e-06	7.301571e-09	2.509949e+01	4.797123e+02
2.690000e-06	3.478406e-06	7.356946e-09	2.534618e+01	4.835610e+02
2.700000e-06	3.512067e-06	7.413644e-09	2.559146e+01	4.873154e+02
2.710000e-06	3.545522e-06	7.467306e-09	2.583523e+01	4.909770e+02
2.720000e-06	3.578749e-06	7.516937e-09	2.607735e+01	4.945489e+02
2.730000e-06	3.611677e-06	7.565596e-09	2.631728e+01	4.980352e+02
2.740000e-06	3.644281e-06	7.614307e-09	2.655486e+01	5.014408e+02
2.750000e-06	3.676647e-06	7.663075e-09	2.679070e+01	5.047710e+02
2.760000e-06	3.708790e-06	7.711051e-09	2.702492e+01	5.080306e+02
2.770000e-06	3.740650e-06	7.759183e-09	2.725707e+01	5.112236e+02
2.780000e-06	3.772207e-06	7.807686e-09	2.748703e+01	5.143531e+02
2.790000e-06	3.803523e-06	7.854499e-09	2.771521e+01	5.174206e+02
2.800000e-06	3.834592e-06	7.896135e-09	2.794161e+01	5.204264e+02
2.810000e-06	3.865399e-06	7.934084e-09	2.816609e+01	5.233696e+02
2.820000e-06	3.895926e-06	7.973023e-09	2.838853e+01	5.262488e+02
2.830000e-06	3.926120e-06	8.014232e-09	2.860855e+01	5.290622e+02
2.840000e-06	3.955939e-06	8.054485e-09	2.882582e+01	5.318083e+02
2.850000e-06	3.985363e-06	8.092474e-09	2.904023e+01	5.344866e+02
2.860000e-06	4.014447e-06	8.131851e-09	2.925216e+01	5.370974e+02
2.870000e-06	4.043272e-06	8.171196e-09	2.946220e+01	5.396424e+02
2.880000e-06	4.071829e-06	8.206181e-09	2.967028e+01	5.421242e+02
2.890000e-06	4.100093e-06	8.236967e-09	2.987624e+01	5.445465e+02
2.900000e-06	4.128075e-06	8.268034e-09	3.008013e+01	5.469135e+02
2.910000e-06	4.155780e-06	8.300344e-09	3.028201e+01	5.492295e+02
2.920000e-06	4.183228e-06	8.332472e-09	3.048202e+01	5.514982e+02
2.930000e-06	4.210450e-06	8.363160e-09	3.068037e+01	5.537226e+02
2.940000e-06	4.237405e-06	8.394825e-09	3.087679e+01	5.559046e+02
2.950000e-06	4.264008e-06	8.428764e-09	3.107064e+01	5.580450e+02
2.960000e-06	4.290222e-06	8.460848e-09	3.126166e+01	5.601433e+02
2.970000e-06	4.316059e-06	8.488975e-09	3.144992e+01	5.621985e+02
2.980000e-06	4.341573e-06	8.516313e-09	3.163584e+01	5.642088e+02
2.990000e-06	4.366801e-06	8.542430e-09	3.181967e+01	5.661725e+02
3.000000e-06	4.391784e-06	8.569526e-09	3.200171e+01	5.680881e+02
3.010000e-06	4.416495e-06	8.600540e-09	3.218177e+01	5.699552e+02
3.020000e-06	4.440901e-06	8.632877e-09	3.235961e+01	5.717736e+02
3.030000e-06	4.465051e-06	8.660533e-09	3.253558e+01	5.735448e+02
3.040000e-06	4.488968e-06	8.683597e-09	3.270986e+01	5.752705e+02
3.050000e-06	4.512572e-06	8.707044e-09	3.288186e+01	5.769533e+02
3.060000e-06	4.535767e-06	8.728050e-09	3.305088e+01	5.785963e+02
3.070000e-06	4.558548e-06	8.748350e-09	3.321687e+01	5.802022e+02
3.080000e-06	4.580982e-06	8.770785e-09	3.338034e+01	5.817735e+02
3.090000e-06	4.603116e-06	8.796084e-09	3.354163e+01	5.833123e+02
3.100000e-06	4.624949e-06	8.824017e-09	3.370072e+01	5.848196e+02
3.110000e-06	4.646470e-06	8.849919e-09	3.385753e+01	5.862961e+02
3.120000e-06	4.667676e-06	8.869592e-09	3.401206e+01	5.877417e+02
3.130000e-06	4.688500e-06	8.885917e-09	3.416380e+01	5.891558e+02
3.140000e-06	4.708872e-06	8.903277e-09	3.431224e+01	5.905378e+02
3.150000e-06	4.728768e-06	8.922426e-09	3.445721e+01	5.918873e+02
3.160000e-06	4.748251e-06	8.943670e-09	3.459918e+01	5.932039e+02
3.170000e-06	4.767437e-06	8.965599e-09	3.473899e+01	5.944877e+02
3.180000e-06	4.786305e-06	8.987347e-09	3.487648e+01	5.957393e+02
3.190000e-06	4.804833e-06	9.007913e-09	3.501148e+01	5.969594e+02
3.200000e-06	4.823027e-06	9.026736e-09	3.514406e+01	5.981490e+02
3.210000e-06	4.840894e-06	9.043898e-09	3.527424e+01	5.993090e+02
3.220000e-06	4.858499e-06	9.060540e-09	3.540253e+01	6.004401e+02
3.230000e-06	4.875831e-06	9.078784e-09	3.552882e+01	6.015427e+02
3.240000e-06	4.892759e-06	9.097772e-09	3.565217e+01	6.026168e+02
3.250000e-06	4.909237e-06	9.115065e-09	3.577224e+01	6.036621e+02
3.260000e-06	4.925333e-06	9.130140e-09	3.588953e+01	6.046780e+02
3.270000e-06	4.941075e-06	9.145358e-09	3.600424e+01	6.056640e+02
3.280000e-06	4.956473e-06	9.162773e-09	3.611644e+01	6.066198e+02
3.290000e-06	4.971535e-06	9.179788e-09	3.622619e+01	6.075456e+02
3.300000e-06	4.986275e-06	9.194537e-09	3.633360e+01	6.084418e+02
3.310000e-06	5.000735e-06	9.209060e-09	3.643896e+01	6.093098e+02
3.320000e-06	5.014922e-06	9.222659e-09	3.654234e+01	6.101513e+02
3.330000e-06	5.028734e-06	9.235180e-09	3.664298e+01	6.109681e+02
3.340000e-06	5.042069e-06	9.248013e-09	3.674015e+01	6.117624e+02
3.350000e-06	5.055011e-06	9.261880e-09	3.683446e+01	6.125358e+02
3.360000e-06	5.067615e-06	9.276249e-09	3.692630e+01	6.132894e+02
3.370000e-06	5.079880e-06	9.290895e-09	3.701567e+01	6.140236e+02
3.380000e-06	5.091811e-06	9.303770e-09	3.710261e+01	6.147378e+02
3.390000e-06	5.103386e-06	9.315423e-09	3.718695e+01	6.154309e+02
3.400000e-06	5.114665e-06	9.326952e-09	3.726914e+01	6.161011e+02
3.410000e-06	5.125655e-06	9.337229e-09	3.734922e+01	6.167463e+02
3.420000e-06	5.136225e-06	9.346466e-09	3.742624e+01	6.173649e+02
3.430000e-06	5.146305e-06	9.353892e-09	3.749970e+01	6.179558e+02
3.440000e-06	5.155969e-06	9.360742e-09	3.757011e+01	6.185191e+02
3.450000e-06	5.165294e-06	9.369329e-09	3.763806e+01	6.190558e+02
3.460000e-06	5.174284e-06	9.380283e-09	3.770357e+01	6.195686e+02
3.470000e-06	5.182886e-06	9.391364e-09	3.776625e+01	6.200607e+02
3.480000e-06	5.191161e-06	9.402309e-09	3.782655e+01	6.205363e+02
3.490000e-06	5.199193e-06	9.412307e-09	3.788508e+01	6.209993e+02
3.500000e-06	5.206884e-06	9.422619e-09	3.794111e+01	6.214532e+02
3.510000e-06	5.214156e-06	9.430879e-09	3.799411e+01	6.219004e+02
3.520000e-06	5.221049e-06	9.435048e-09	3.804433e+01	6.223412e+02
3.530000e-06	5.227522e-06	9.440026e-09	3.809150e+01	6.227743e+02
3.540000e-06	5.233582e-06	9.446009e-09	3.813565e+01	6.231964e+02
3.550000e-06	5.239315e-06	9.455559e-09	3.817743e+01	6.236027e+02
3.560000e-06	5.244669e-06	9.467408e-09	3.821644e+01	6.239873e+02
3.570000e-06	5.249618e-06	9.478099e-09	3.825251e+01	6.243441e+02
3.580000e-06	5.254176e-06	9.487001e-09	3.828572e+01	6.246678e+02
3.590000e-06	5.258280e-06	9.492291e-09	3.831563e+01	6.249547e+02
3.600000e-06	5.261914e-06	9.492230e-09	3.834210e+01	6.252032e+02
3.610000e-06	5.265148e-06	9.489181e-09	3.836567e+01	6.254144e+02
3.620000e-06	5.268036e-06	9.487121e-09	3.838671e+01	6.255920e+02
3.630000e-06	5.270585e-06	9.487438e-09	3.840528e+01	6.257419e+02
3.640000e-06	5.272758e-06	9.492863e-09	3.842112e+01	6.258716e+02
3.650000e-06	5.274569e-06	9.503507e-09	3.843431e+01	6.259888e+02
3.660000e-06	5.276058e-06	9.516335e-09	3.844516e+01	6.261009e+02
3.670000e-06	5.277175e-06	9.524946e-09	3.845330e+01	6.262132e+02
3.680000e-06	5.277837e-06	9.528780e-09	3.845813e+01	6.263283e+02
3.690000e-06	5.278094e-06	9.526354e-09	3.846000e+01	6.264454e+02
3.700000e-06	5.277990e-06	9.518542e-09	3.845924e+01	6.265601e+02
3.710000e-06	5.277529e-06	9.513480e-09	3.845588e+01	6.266649e+02
3.720000e-06	5.276716e-06	9.513506e-09	3.844996e+01	6.267499e+02
3.730000e-06	5.275554e-06	9.517346e-09	3.844149e+01	6.268038e+02
3.740000e-06	5.274139e-06	9.524231e-09	3.843118e+01	6.268157e+02
3.750000e-06	5.272480e-06	9.531158e-09	3.841910e+01	6.267764e+02
3.760000e-06	5.270473e-06	9.528676e-09	3.840447e+01	6.266798e+02
3.770000e-06	5.267998e-06	9.498429e-09	3.838643e+01	6.265236e+02
3.780000e-06	5.264902e-06	9.540221e-09	3.836388e+01	6.263103e+02
3.790000e-06	5.260984e-06	9.637643e-09	3.833533e+01	6.260468e+02
3.800000e-06	5.256459e-06	9.496677e-09	3.830235e+01	6.257437e+02
3.810000e-06	5.251936e-06	9.394447e-09	3.826940e+01	6.254143e+02
3.820000e-06	5.247437e-06	9.495261e-09	3.823661e+01	6.250732e+02
3.830000e-06	5.242421e-06	9.649538e-09	3.820007e+01	6.247340e+02
3.840000e-06	5.236792e-06	9.466445e-09	3.815905e+01	6.244083e+02
3.850000e-06	5.230987e-06	9.347251e-09	3.811675e+01	6.241038e+02
3.860000e-06	5.224980e-06	9.545606e-09	3.807298e+01	6.238237e+02
3.870000e-06	5.218387e-06	9.597283e-09	3.802494e+01	6.235660e+02
3.880000e-06	5.211278e-06	9.393913e-09	3.797313e+01	6.233239e+02
3.890000e-06	5.203932e-06	9.384578e-09	3.791960e+01	6.230868e+02
3.900000e-06	5.196294e-06	9.576867e-09	3.786395e+01	6.228412e+02
3.910000e-06	5.188237e-06	9.454267e-09	3.780524e+01	6.225728e+02
3.920000e-06	5.179894e-06	9.344397e-09	3.774445e+01	6.222683e+02
3.930000e-06	5.171242e-06	9.536524e-09	3.768140e+01	6.219165e+02
3.940000e-06	5.162047e-06	9.556370e-09	3.761440e+01	6.215102e+02
3.950000e-06	5.152378e-06	9.319249e-09	3.754395e+01	6.210465e+02
3.960000e-06	5.142360e-06	9.376380e-09	3.747095e+01	6.205274e+02
3.970000e-06	5.131989e-06	9.566734e-09	3.739538e+01	6.199592e+02
3.980000e-06	5.121281e-06	9.415663e-09	3.731735e+01	6.193516e+02
3.990000e-06	5.110256e-06	9.306113e-09	3.723701e+01	6.187163e+02
4.000000e-06	5.098817e-06	9.469746e-09	3.715366e+01	6.180652e+02
4.010000e-06	5.086954e-06	9.470106e-09	3.706721e+01	6.174093e+02
4.020000e-06	5.074754e-06	9.347733e-09	3.697832e+01	6.167571e+02
4.030000e-06	5.062170e-06	9.370847e-09	3.688663e+01	6.161133e+02
4.040000e-06	5.049172e-06	9.383295e-09	3.679191e+01	6.154789e+02
4.050000e-06	5.035891e-06	9.330557e-09	3.669513e+01	6.148507e+02
4.060000e-06	5.022310e-06	9.383096e-09	3.659618e+01	6.142222e+02
4.070000e-06	5.008332e-06	9.364794e-09	3.649432e+01	6.135844e+02
4.080000e-06	4.994033e-06	9.301290e-09	3.639013e+01	6.129276e+02
4.090000e-06	4.979374e-06	9.342627e-09	3.628331e+01	6.122419e+02
4.100000e-06	4.964281e-06	9.365347e-09	3.617334e+01	6.115194e+02
4.110000e-06	4.948786e-06	9.274633e-09	3.606043e+01	6.107545e+02
4.120000e-06	4.932912e-06	9.276294e-09	3.594476e+01	6.099450e+02
4.130000e-06	4.916699e-06	9.288322e-09	3.582662e+01	6.090920e+02
4.140000e-06	4.900201e-06	9.277439e-09	3.570640e+01	6.081995e+02
4.150000e-06	4.883395e-06	9.269250e-09	3.558394e+01	6.072738e+02
4.160000e-06	4.866264e-06	9.248236e-09	3.545911e+01	6.063226e+02
4.170000e-06	4.848830e-06	9.218448e-09	3.533208e+01	6.053534e+02
4.180000e-06	4.831091e-06	9.243945e-09	3.520281e+01	6.043729e+02
4.190000e-06	4.812990e-06	9.217506e-09	3.507092e+01	6.033855e+02
4.200000e-06	4.794542e-06	9.175385e-09	3.493649e+01	6.023934e+02
4.210000e-06	4.775711e-06	9.177726e-09	3.479928e+01	6.013958e+02
4.220000e-06	4.756466e-06	9.155978e-09	3.465904e+01	6.003893e+02
4.230000e-06	4.736845e-06	9.141920e-09	3.451607e+01	5.993685e+02
4.240000e-06	4.716897e-06	9.147978e-09	3.437071e+01	5.983269e+02
4.250000e-06	4.696639e-06	9.111015e-09	3.422310e+01	5.972579e+02
4.260000e-06	4.676052e-06	9.076746e-09	3.407309e+01	5.961560e+02
4.270000e-06	4.655074e-06	9.099515e-09	3.392023e+01	5.950171e+02
4.280000e-06	4.633676e-06	9.076791e-09	3.376431e+01	5.938397e+02
4.290000e-06	4.611895e-06	9.028723e-09	3.360560e+01	5.926250e+02
4.300000e-06	4.589734e-06	9.006142e-09	3.344411e+01	5.913763e+02
4.310000e-06	4.567201e-06	9.014900e-09	3.327992e+01	5.900993e+02
4.320000e-06	4.544327e-06	9.006203e-09	3.311324e+01	5.888005e+02
4.330000e-06	4.521143e-06	8.975135e-09	3.294431e+01	5.874869e+02
4.340000e-06	4.497684e-06	8.942675e-09	3.277337e+01	5.861644e+02
4.350000e-06	4.473915e-06	8.941525e-09	3.260017e+01	5.848376e+02
4.360000e-06	4.449832e-06	8.928903e-09	3.242469e+01	5.835087e+02
4.370000e-06	4.425462e-06	8.894556e-09	3.224711e+01	5.821774e+02
4.380000e-06	4.400735e-06	8.864098e-09	3.206693e+01	5.808409e+02
4.390000e-06	4.375584e-06	8.850505e-09	3.188366e+01	5.794942e+02
4.400000e-06	4.350079e-06	8.838838e-09	3.169781e+01	5.781311e+02
4.410000e-06	4.324309e-06	8.818751e-09	3.151003e+01	5.767446e+02
4.420000e-06	4.298273e-06	8.791470e-09	3.132032e+01	5.753284e+02
4.430000e-06	4.271967e-06	8.763229e-09	3.112863e+01	5.738772e+02
4.440000e-06	4.245389e-06	8.746567e-09	3.093497e+01	5.723877e+02
4.450000e-06	4.218519e-06	8.728833e-09	3.073917e+01	5.708590e+02
4.460000e-06	4.191349e-06	8.701479e-09	3.054119e+01	5.692925e+02
4.470000e-06	4.163859e-06	8.667909e-09	3.034088e+01	5.676915e+02
4.480000e-06	4.135996e-06	8.652736e-09	3.013785e+01	5.660609e+02
4.490000e-06	4.107737e-06	8.641969e-09	2.993194e+01	5.644062e+02
4.500000e-06	4.079125e-06	8.617028e-09	2.972345e+01	5.627326e+02
4.510000e-06	4.050240e-06	8.579680e-09	2.951297e+01	5.610443e+02
4.520000e-06	4.021131e-06	8.552463e-09	2.930087e+01	5.593435e+02
4.530000e-06	3.991797e-06	8.536771e-09	2.908711e+01	5.576303e+02
4.540000e-06	3.962176e-06	8.511044e-09	2.887127e+01	5.559024e+02
4.550000e-06	3.932253e-06	8.474487e-09	2.865323e+01	5.541553e+02
4.560000e-06	3.902074e-06	8.449310e-09	2.843333e+01	5.523829e+02
4.570000e-06	3.871613e-06	8.436201e-09	2.821137e+01	5.505781e+02
4.580000e-06	3.840796e-06	8.415456e-09	2.798681e+01	5.487339e+02
4.590000e-06	3.809586e-06	8.382450e-09	2.775939e+01	5.468439e+02
4.600000e-06	3.778011e-06	8.349435e-09	2.752931e+01	5.449034e+02
4.610000e-06	3.746107e-06	8.325545e-09	2.729684e+01	5.429101e+02
4.620000e-06	3.713950e-06	8.298219e-09	2.706252e+01	5.408637e+02
4.630000e-06	3.681558e-06	8.261709e-09	2.682649e+01	5.387664e+02
4.640000e-06	3.648907e-06	8.222673e-09	2.658857e+01	5.366223e+02
4.650000e-06	3.616009e-06	8.191050e-09	2.634885e+01	5.344371e+02
4.660000e-06	3.582881e-06	8.165753e-09	2.610746e+01	5.322165e+02
4.670000e-06	3.549545e-06	8.134513e-09	2.586455e+01	5.299665e+02
4.680000e-06	3.516016e-06	8.094792e-09	2.562023e+01	5.276917e+02
4.690000e-06	3.482296e-06	8.056852e-09	2.537452e+01	5.253951e+02
4.700000e-06	3.448354e-06	8.027760e-09	2.512720e+01	5.230777e+02
4.710000e-06	3.414153e-06	7.997006e-09	2.487798e+01	5.207385e+02
4.720000e-06	3.379628e-06	7.954212e-09	2.462641e+01	5.183747e+02
4.730000e-06	3.344740e-06	7.906441e-09	2.437219e+01	5.159821e+02
4.740000e-06	3.309580e-06	7.871123e-09	2.411599e+01	5.135555e+02
4.750000e-06	3.274238e-06	7.845216e-09	2.385846e+01	5.110901e+02
4.760000e-06	3.238689e-06	7.810808e-09	2.359943e+01	5.085817e+02
4.770000e-06	3.202919e-06	7.768125e-09	2.333878e+01	5.060271e+02
4.780000e-06	3.166948e-06	7.731883e-09	2.307667e+01	5.034250e+02
4.790000e-06	3.130786e-06	7.699050e-09	2.281316e+01	5.007757e+02
4.800000e-06	3.094404e-06	7.657218e-09	2.254806e+01	4.980813e+02
4.810000e-06	3.057792e-06	7.604638e-09	2.228128e+01	4.953450e+02
4.820000e-06	3.020987e-06	7.554713e-09	2.201309e+01	4.925709e+02
4.830000e-06	2.984040e-06	7.515275e-09	2.174387e+01	4.897632e+02
4.840000e-06	2.946909e-06	7.475828e-09	2.147330e+01	4.869257e+02
4.850000e-06	2.909536e-06	7.429039e-09	2.120098e+01	4.840611e+02
4.860000e-06	2.871900e-06	7.382741e-09	2.092674e+01	4.811710e+02
4.870000e-06	2.833943e-06	7.344353e-09	2.065016e+01	4.782555e+02
4.880000e-06	2.795713e-06	7.305840e-09	2.037158e+01	4.753133e+02
4.890000e-06	2.757297e-06	7.260182e-09	2.009166e+01	4.723419e+02
4.900000e-06	2.718721e-06	7.208071e-09	1.981056e+01	4.693382e+02
4.910000e-06	2.680008e-06	7.157524e-09	1.952847e+01	4.662987e+02
4.920000e-06	2.641154e-06	7.111751e-09	1.924536e+01	4.632197e+02
4.930000e-06	2.602126e-06	7.063214e-09	1.896097e+01	4.600984e+02
4.940000e-06	2.562920e-06	7.008775e-09	1.867528e+01	4.569325e+02
4.950000e-06	2.523536e-06	6.956733e-09	1.838831e+01	4.537204e+02
4.960000e-06	2.484014e-06	6.913332e-09	1.810032e+01	4.504614e+02
4.970000e-06	2.444368e-06	6.870727e-09	1.781143e+01	4.471552e+02
4.980000e-06	2.404540e-06	6.820219e-09	1.752121e+01	4.438018e+02
4.990000e-06	2.364504e-06	6.765985e-09	1.722949e+01	4.404013e+02
5.000000e-06	2.324303e-06	6.714273e-09	1.693655e+01	4.369534e+02
5.010000e-06	2.283951e-06	6.662021e-09	1.664252e+01	4.334575e+02
5.020000e-06	2.243427e-06	6.602199e-09	1.634723e+01	4.299124e+02
5.030000e-06	2.202732e-06	6.540334e-09	1.605070e+01	4.263166e+02
5.040000e-06	2.161823e-06	6.485081e-09	1.575261e+01	4.226686e+02
5.050000e-06	2.120691e-06	6.434325e-09	1.545288e+01	4.189668e+02
5.060000e-06	2.079377e-06	6.380366e-09	1.515184e+01	4.152102e+02
5.070000e-06	2.037876e-06	6.322549e-09	1.484944e+01	4.113983e+02
5.080000e-06	1.996226e-06	6.267227e-09	1.454594e+01	4.075316e+02
5.090000e-06	1.954501e-06	6.213644e-09	1.424191e+01	4.036111e+02
5.100000e-06	1.912661e-06	6.153409e-09	1.393703e+01	3.996388e+02
5.110000e-06	1.870668e-06	6.086779e-09	1.363104e+01	3.956168e+02
5.120000e-06	1.828556e-06	6.020166e-09	1.332418e+01	3.915473e+02
5.130000e-06	1.786294e-06	5.956474e-09	1.301623e+01	3.874323e+02
5.140000e-06	1.743868e-06	5.894867e-09	1.270708e+01	3.832726e+02
5.150000e-06	1.701327e-06	5.831096e-09	1.239710e+01	3.790682e+02
5.160000e-06	1.658697e-06	5.764495e-09	1.208646e+01	3.748179e+02
5.170000e-06	1.615993e-06	5.699160e-09	1.177529e+01	3.705191e+02
5.180000e-06	1.573183e-06	5.639037e-09	1.146335e+01	3.661686e+02
5.190000e-06	1.530268e-06	5.576750e-09	1.115064e+01	3.617626e+02
5.200000e-06	1.487251e-06	5.509782e-09	1.083718e+01	3.572973e+02
5.210000e-06	1.444107e-06	5.439072e-09	1.052281e+01	3.527695e+02
5.220000e-06	1.400889e-06	5.371868e-09	1.020789e+01	3.481771e+02
5.230000e-06	1.357584e-06	5.304540e-09	9.892334e+00	3.435193e+02
5.240000e-06	1.314203e-06	5.231886e-09	9.576233e+00	3.387969e+02
5.250000e-06	1.270790e-06	5.156636e-09	9.259896e+00	3.340118e+02
5.260000e-06	1.227304e-06	5.082195e-09	8.943022e+00	3.291673e+02
5.270000e-06	1.183741e-06	5.008714e-09	8.625590e+00	3.242667e+02
5.280000e-06	1.140110e-06	4.930354e-09	8.307668e+00	3.193133e+02
5.290000e-06	1.096397e-06	4.853412e-09	7.989137e+00	3.143095e+02
5.300000e-06	1.052594e-06	4.779312e-09	7.669957e+00	3.092559e+02
5.310000e-06	1.008696e-06	4.707670e-09	7.350090e+00	3.041512e+02
5.320000e-06	9.646994e-07	4.633840e-09	7.029496e+00	2.989919e+02
5.330000e-06	9.206791e-07	4.554080e-09	6.708732e+00	2.937722e+02
5.340000e-06	8.766047e-07	4.468253e-09	6.387575e+00	2.884849e+02
5.350000e-06	8.324295e-07	4.381882e-09	6.065682e+00	2.831216e+02
5.360000e-06	7.881751e-07	4.295956e-09	5.743212e+00	2.776738e+02
5.370000e-06	7.438440e-07	4.210540e-09	5.420184e+00	2.721334e+02
5.380000e-06	6.994647e-07	4.127142e-09	5.096804e+00	2.664941e+02
5.390000e-06	6.550499e-07	4.045899e-09	4.773167e+00	2.607515e+02
5.400000e-06	6.105828e-07	3.963269e-09	4.449147e+00	2.549038e+02
5.410000e-06	5.660375e-07	3.874304e-09	4.124558e+00	2.489515e+02
5.420000e-06	5.214549e-07	3.779374e-09	3.799697e+00	2.428975e+02
5.430000e-06	4.768761e-07	3.678463e-09	3.474864e+00	2.367461e+02
5.440000e-06	4.322834e-07	3.577138e-09	3.149929e+00	2.305026e+02
5.450000e-06	3.876494e-07	3.477131e-09	2.824693e+00	2.241722e+02
5.460000e-06	3.429736e-07	3.378593e-09	2.499153e+00	2.177591e+02
5.470000e-06	2.982835e-07	3.280537e-09	2.173509e+00	2.112660e+02
5.480000e-06	2.536169e-07	3.182592e-09	1.848036e+00	2.046935e+02
5.490000e-06	2.089684e-07	3.084233e-09	1.522694e+00	1.980398e+02
5.500000e-06	1.643009e-07	2.984077e-09	1.197215e+00	1.913014e+02
5.510000e-06	1.195966e-07	2.878887e-09	8.714672e-01	1.844728e+02
5.520000e-06	7.491979e-08	2.768866e-09	5.459196e-01	1.775477e+02
5.530000e-06	3.022690e-08	2.656921e-09	2.202550e-01	1.705196e+02
5.540000e-06	-1.447787e-08	2.543450e-09	-1.054962e-01	1.633824e+02
5.550000e-06	-5.918851e-08	2.426756e-09	-4.312902e-01	1.561314e+02
5.560000e-06	-1.039373e-07	2.309901e-09	-7.573619e-01	1.487634e+02
5.570000e-06	-1.486571e-07	2.196908e-09	-1.083223e+00	1.412769e+02
5.580000e-06	-1.933830e-07	2.082750e-09	-1.409128e+00	1.336723e+02
5.590000e-06	-2.380959e-07	1.965629e-09	-1.734939e+00	1.259511e+02
5.600000e-06	-2.827646e-07	1.846561e-09	-2.060427e+00	1.181160e+02
5.610000e-06	-3.274139e-07	1.728790e-09	-2.385774e+00	1.101696e+02
5.620000e-06	-3.720292e-07	1.609545e-09	-2.710873e+00	1.021142e+02
5.630000e-06	-4.166008e-07	1.483389e-09	-3.035654e+00	9.395140e+01
5.640000e-06	-4.611356e-07	1.350429e-09	-3.360167e+00	8.568176e+01
5.650000e-06	-5.056308e-07	1.215906e-09	-3.684391e+00	7.730466e+01
5.660000e-06	-5.500890e-07	1.084668e-09	-4.008346e+00	6.881863e+01
5.670000e-06	-5.945090e-07	9.538282e-10	-4.332022e+00	6.022177e+01
5.680000e-06	-6.388876e-07	8.220489e-10	-4.655396e+00	5.151226e+01
5.690000e-06	-6.832096e-07	6.918020e-10	-4.978358e+00	4.268897e+01
5.700000e-06	-7.274833e-07	5.638419e-10	-5.300968e+00	3.375200e+01
5.710000e-06	-7.717197e-07	4.323877e-10	-5.623307e+00	2.470311e+01
5.720000e-06	-8.158619e-07	2.902579e-10	-5.944959e+00	1.554589e+01
5.730000e-06	-8.599147e-07	1.399725e-10	-6.265959e+00	6.285736e+00
5.740000e-06	-9.039105e-07	-1.039027e-11	-6.586544e+00	-3.070368e+00
5.750000e-06	-9.478279e-07	-1.595690e-10	-6.906558e+00	-1.251431e+01
5.760000e-06	-9.916657e-07	-3.063058e-10	-7.225992e+00	-2.203737e+01
5.770000e-06	-1.035409e-06	-4.486364e-10	-7.544740e+00	-3.163079e+01
5.780000e-06	-1.079045e-06	-5.891894e-10	-7.862699e+00	-4.128622e+01
5.790000e-06	-1.122612e-06	-7.296547e-10	-8.180160e+00	-5.099610e+01
5.800000e-06	-1.166140e-06	-8.737431e-10	-8.497339e+00	-6.075375e+01
5.810000e-06	-1.209616e-06	-1.025365e-09	-8.814133e+00	-7.055332e+01
5.820000e-06	-1.253036e-06	-1.182288e-09	-9.130527e+00	-8.038950e+01
5.830000e-06	-1.296422e-06	-1.339223e-09	-9.446667e+00	-9.025708e+01
5.840000e-06	-1.339761e-06	-1.492593e-09	-9.762466e+00	-1.001505e+02
5.850000e-06	-1.383012e-06	-1.643175e-09	-1.007762e+01	-1.100632e+02
5.860000e-06	-1.426143e-06	-1.790884e-09	-1.039191e+01	-1.199875e+02
5.870000e-06	-1.469157e-06	-1.935576e-09	-1.070534e+01	-1.299140e+02
5.880000e-06	-1.512071e-06	-2.080931e-09	-1.101804e+01	-1.398319e+02
5.890000e-06	-1.554886e-06	-2.230489e-09	-1.133002e+01	-1.497290e+02
5.900000e-06	-1.597595e-06	-2.384014e-09	-1.164123e+01	-1.595919e+02
5.910000e-06	-1.640213e-06	-2.536845e-09	-1.195178e+01	-1.694068e+02
5.920000e-06	-1.682759e-06	-2.686921e-09	-1.226180e+01	-1.791600e+02
5.930000e-06	-1.725197e-06	-2.835466e-09	-1.257103e+01	-1.888379e+02
5.940000e-06	-1.767490e-06	-2.983158e-09	-1.287921e+01	-1.984284e+02
5.950000e-06	-1.809622e-06	-3.127593e-09	-1.318622e+01	-2.079202e+02
5.960000e-06	-1.851639e-06	-3.267656e-09	-1.349238e+01	-2.173036e+02
5.970000e-06	-1.893552e-06	-3.406959e-09	-1.379778e+01	-2.265700e+02
5.980000e-06	-1.935355e-06	-3.548610e-09	-1.410239e+01	-2.357121e+02
5.990000e-06	-1.977049e-06	-3.690023e-09	-1.440621e+01	-2.447232e+02
6.000000e-06	-2.018542e-06	-3.825598e-09	-1.470855e+01	-2.535970e+02
6.010000e-06	-2.059829e-06	-3.957476e-09	-1.500940e+01	-2.623276e+02
6.020000e-06	-2.100944e-06	-4.090832e-09	-1.530899e+01	-2.709092e+02
6.030000e-06	-2.141879e-06	-4.223243e-09	-1.560728e+01	-2.793357e+02
6.040000e-06	-2.182615e-06	-4.350766e-09	-1.590410e+01	-2.876016e+02
6.050000e-06	-2.223150e-06	-4.476174e-09	-1.619947e+01	-2.957015e+02
6.060000e-06	-2.263532e-06	-4.602238e-09	-1.649373e+01	-3.036309e+02
6.070000e-06	-2.303736e-06	-4.727912e-09	-1.678668e+01	-3.113864e+02
6.080000e-06	-2.343777e-06	-4.847282e-09	-1.707845e+01	-3.189662e+02
6.090000e-06	-2.383689e-06	-4.956931e-09	-1.736927e+01	-3.263699e+02
6.100000e-06	-2.423436e-06	-5.066881e-09	-1.765890e+01	-3.335992e+02
6.110000e-06	-2.463009e-06	-5.178494e-09	-1.794726e+01	-3.406571e+02
6.120000e-06	-2.502456e-06	-5.287144e-09	-1.823470e+01	-3.475479e+02
6.130000e-06	-2.541737e-06	-5.389902e-09	-1.852093e+01	-3.542770e+02
6.140000e-06	-2.580821e-06	-5.490491e-09	-1.880572e+01	-3.608502e+02
6.150000e-06	-2.619726e-06	-5.593083e-09	-1.908921e+01	-3.672731e+02
6.160000e-06	-2.658466e-06	-5.691943e-09	-1.937150e+01	-3.735509e+02
6.170000e-06	-2.697089e-06	-5.787562e-09	-1.965294e+01	-3.796881e+02
6.180000e-06	-2.735561e-06	-5.883445e-09	-1.993327e+01	-3.856882e+02
6.190000e-06	-2.773870e-06	-5.977493e-09	-2.021242e+01	-3.915542e+02
6.200000e-06	-2.811962e-06	-6.063984e-09	-2.048998e+01	-3.972881e+02
6.210000e-06	-2.849792e-06	-6.145051e-09	-2.076564e+01	-4.028921e+02
6.220000e-06	-2.887395e-06	-6.225324e-09	-2.103964e+01	-4.083683e+02
6.230000e-06	-2.924756e-06	-6.308368e-09	-2.131189e+01	-4.137192e+02
6.240000e-06	-2.961871e-06	-6.390843e-09	-2.158233e+01	-4.189483e+02
6.250000e-06	-2.998760e-06	-6.468847e-09	-2.185113e+01	-4.240598e+02
6.260000e-06	-3.035430e-06	-6.544029e-09	-2.211834e+01	-4.290586e+02
6.270000e-06	-3.071880e-06	-6.621165e-09	-2.238394e+01	-4.339501e+02
6.280000e-06	-3.108113e-06	-6.699087e-09	-2.264796e+01	-4.387401e+02
6.290000e-06	-3.144136e-06	-6.772353e-09	-2.291044e+01	-4.434337e+02
6.300000e-06	-3.179922e-06	-6.838646e-09	-2.317121e+01	-4.480356e+02
6.310000e-06	-3.215510e-06	-6.903303e-09	-2.343052e+01	-4.525490e+02
6.320000e-06	-3.250939e-06	-6.971227e-09	-2.368869e+01	-4.569759e+02
6.330000e-06	-3.286186e-06	-7.038247e-09	-2.394553e+01	-4.613168e+02
6.340000e-06	-3.321232e-06	-7.103206e-09	-2.420089e+01	-4.655709e+02
6.350000e-06	-3.356019e-06	-7.170009e-09	-2.445438e+01	-4.697366e+02
6.360000e-06	-3.390470e-06	-7.241525e-09	-2.470541e+01	-4.738116e+02
6.370000e-06	-3.424596e-06	-7.310937e-09	-2.495408e+01	-4.777939e+02
6.380000e-06	-3.458462e-06	-7.371411e-09	-2.520085e+01	-4.816819e+02
6.390000e-06	-3.492107e-06	-7.424629e-09	-2.544601e+01	-4.854754e+02
6.400000e-06	-3.525528e-06	-7.478472e-09	-2.568954e+01	-4.891754e+02
6.410000e-06	-3.558717e-06	-7.535302e-09	-2.593138e+01	-4.927841e+02
6.420000e-06	-3.591677e-06	-7.593239e-09	-2.617155e+01	-4.963055e+02
6.430000e-06	-3.624397e-06	-7.648961e-09	-2.640997e+01	-4.997440e+02
6.440000e-06	-3.656890e-06	-7.705495e-09	-2.664674e+01	-5.031050e+02
6.450000e-06	-3.689182e-06	-7.762421e-09	-2.688205e+01	-5.063933e+02
6.460000e-06	-3.721255e-06	-7.816036e-09	-2.711575e+01	-5.096136e+02
6.470000e-06	-3.753050e-06	-7.865079e-09	-2.734743e+01	-5.127693e+02
6.480000e-06	-3.784558e-06	-7.911528e-09	-2.757702e+01	-5.158625e+02
6.490000e-06	-3.815769e-06	-7.957549e-09	-2.780445e+01	-5.188940e+02
6.500000e-06	-3.846587e-06	-8.005082e-09	-2.802901e+01	-5.218634e+02
6.510000e-06	-3.877008e-06	-8.051772e-09	-2.825068e+01	-5.247694e+02
6.520000e-06	-3.907140e-06	-8.094094e-09	-2.847025e+01	-5.276103e+02
6.530000e-06	-3.937003e-06	-8.139255e-09	-2.868785e+01	-5.303846e+02
6.540000e-06	-3.966576e-06	-8.186645e-09	-2.890334e+01	-5.330911e+02
6.550000e-06	-3.995884e-06	-8.232570e-09	-2.911689e+01	-5.357298e+02
6.560000e-06	-4.024951e-06	-8.276537e-09	-2.932870e+01	-5.383019e+02
6.570000e-06	-4.053732e-06	-8.317762e-09	-2.953842e+01	-5.408095e+02
6.580000e-06	-4.082222e-06	-8.356275e-09	-2.974602e+01	-5.432561e+02
6.590000e-06	-4.110394e-06	-8.393584e-09	-2.995130e+01	-5.456456e+02
6.600000e-06	-4.138211e-06	-8.429641e-09	-3.015399e+01	-5.479823e+02
6.610000e-06	-4.165701e-06	-8.465962e-09	-3.035430e+01	-5.502702e+02
6.620000e-06	-4.192871e-06	-8.503534e-09	-3.055228e+01	-5.525127e+02
6.630000e-06	-4.219775e-06	-8.541718e-09	-3.074832e+01	-5.547122e+02
6.640000e-06	-4.246440e-06	-8.578410e-09	-3.094263e+01	-5.568698e+02
6.650000e-06	-4.272822e-06	-8.612582e-09	-3.113487e+01	-5.589858e+02
6.660000e-06	-4.298905e-06	-8.647418e-09	-3.132493e+01	-5.610591e+02
6.670000e-06	-4.324690e-06	-8.681574e-09	-3.151281e+01	-5.630882e+02
6.680000e-06	-4.350178e-06	-8.710831e-09	-3.169854e+01	-5.650714e+02
6.690000e-06	-4.375356e-06	-8.736554e-09	-3.188200e+01	-5.670072e+02
6.700000e-06	-4.400195e-06	-8.762902e-09	-3.206299e+01	-5.688945e+02
6.710000e-06	-4.424657e-06	-8.792118e-09	-3.224125e+01	-5.707331e+02
6.720000e-06	-4.448775e-06	-8.822755e-09	-3.241699e+01	-5.725237e+02
6.730000e-06	-4.472607e-06	-8.852263e-09	-3.259064e+01	-5.742679e+02
6.740000e-06	-4.496179e-06	-8.879439e-09	-3.276241e+01	-5.759683e+02
6.750000e-06	-4.519474e-06	-8.907596e-09	-3.293215e+01	-5.776274e+02
6.760000e-06	-4.542460e-06	-8.935623e-09	-3.309964e+01	-5.792484e+02
6.770000e-06	-4.565162e-06	-8.959038e-09	-3.326507e+01	-5.808338e+02
6.780000e-06	-4.587560e-06	-8.978834e-09	-3.342827e+01	-5.823859e+02
6.790000e-06	-4.609573e-06	-8.999963e-09	-3.358867e+01	-5.839062e+02
6.800000e-06	-4.631166e-06	-9.024340e-09	-3.374602e+01	-5.853955e+02
6.810000e-06	-4.652345e-06	-9.049881e-09	-3.390035e+01	-5.868539e+02
6.820000e-06	-4.673108e-06	-9.074471e-09	-3.405164e+01	-5.882811e+02
6.830000e-06	-4.693513e-06	-9.095828e-09	-3.420032e+01	-5.896765e+02
6.840000e-06	-4.713603e-06	-9.116903e-09	-3.434672e+01	-5.910396e+02
6.850000e-06	-4.733280e-06	-9.139042e-09	-3.449009e+01	-5.923698e+02
6.860000e-06	-4.752528e-06	-9.158384e-09	-3.463035e+01	-5.936672e+02
6.870000e-06	-4.771417e-06	-9.174391e-09	-3.476799e+01	-5.949321e+02
6.880000e-06	-4.789946e-06	-9.191250e-09	-3.490300e+01	-5.961651e+02
6.890000e-06	-4.808148e-06	-9.209131e-09	-3.503564e+01	-5.973673e+02
6.900000e-06	-4.826061e-06	-9.224086e-09	-3.516617e+01	-5.985394e+02
6.910000e-06	-4.843718e-06	-9.238463e-09	-3.529483e+01	-5.996825e+02
6.920000e-06	-4.861102e-06	-9.256482e-09	-3.542150e+01	-6.007969e+02
6.930000e-06	-4.878205e-06	-9.276325e-09	-3.554612e+01	-6.018829e+02
6.940000e-06	-4.894941e-06	-9.294814e-09	-3.566807e+01	-6.029401e+02
6.950000e-06	-4.911339e-06	-9.310210e-09	-3.578756e+01	-6.039683e+02
6.960000e-06	-4.927475e-06	-9.322327e-09	-3.590514e+01	-6.049668e+02
6.970000e-06	-4.943271e-06	-9.332366e-09	-3.602024e+01	-6.059352e+02
6.980000e-06	-4.958674e-06	-9.342177e-09	-3.613248e+01	-6.068733e+02
6.990000e-06	-4.973611e-06	-9.354270e-09	-3.624132e+01	-6.077817e+02
7.000000e-06	-4.988199e-06	-9.367637e-09	-3.634762e+01	-6.086612e+02
7.010000e-06	-5.002503e-06	-9.379748e-09	-3.645185e+01	-6.095135e+02
7.020000e-06	-5.016455e-06	-9.392074e-09	-3.655351e+01	-6.103403e+02
7.030000e-06	-5.030043e-06	-9.403192e-09	-3.665252e+01	-6.111437e+02
7.040000e-06	-5.043282e-06	-9.413874e-09	-3.674900e+01	-6.119255e+02
7.050000e-06	-5.056219e-06	-9.423243e-09	-3.684326e+01	-6.126872e+02
7.060000e-06	-5.068840e-06	-9.431283e-09	-3.693523e+01	-6.134294e+02
7.070000e-06	-5.081066e-06	-9.440813e-09	-3.702431e+01	-6.141521e+02
7.080000e-06	-5.092816e-06	-9.451907e-09	-3.710993e+01	-6.148541e+02
7.090000e-06	-5.104155e-06	-9.463463e-09	-3.719256e+01	-6.155340e+02
7.100000e-06	-5.115179e-06	-9.473485e-09	-3.727288e+01	-6.161898e+02
7.110000e-06	-5.125885e-06	-9.481999e-09	-3.735090e+01	-6.168196e+02
7.120000e-06	-5.136253e-06	-9.488598e-09	-3.742644e+01	-6.174221e+02
7.130000e-06	-5.146278e-06	-9.494887e-09	-3.749950e+01	-6.179967e+02
7.140000e-06	-5.155993e-06	-9.500997e-09	-3.757029e+01	-6.185443e+02
7.150000e-06	-5.165377e-06	-9.506912e-09	-3.763866e+01	-6.190666e+02
7.160000e-06	-5.174318e-06	-9.513564e-09	-3.770382e+01	-6.195668e+02
7.170000e-06	-5.182801e-06	-9.521184e-09	-3.776563e+01	-6.200487e+02
7.180000e-06	-5.190896e-06	-9.527969e-09	-3.782462e+01	-6.205164e+02
7.190000e-06	-5.198665e-06	-9.533746e-09	-3.788123e+01	-6.209737e+02
7.200000e-06	-5.206123e-06	-9.539084e-09	-3.793557e+01	-6.214235e+02
7.210000e-06	-5.213211e-06	-9.543281e-09	-3.798722e+01	-6.218669e+02
7.220000e-06	-5.219944e-06	-9.547483e-09	-3.803628e+01	-6.223035e+02
7.230000e-06	-5.226383e-06	-9.552825e-09	-3.808320e+01	-6.227307e+02
7.240000e-06	-5.232432e-06	-9.558393e-09	-3.812728e+01	-6.231442e+02
7.250000e-06	-5.237988e-06	-9.562176e-09	-3.816776e+01	-6.235385e+02
7.260000e-06	-5.243052e-06	-9.566438e-09	-3.820466e+01	-6.239075e+02
7.270000e-06	-5.247684e-06	-9.569095e-09	-3.823842e+01	-6.242455e+02
7.280000e-06	-5.251965e-06	-9.570821e-09	-3.826960e+01	-6.245480e+02
7.290000e-06	-5.255889e-06	-9.573782e-09	-3.829820e+01	-6.248125e+02
7.300000e-06	-5.259474e-06	-9.578380e-09	-3.832432e+01	-6.250389e+02
7.310000e-06	-5.262741e-06	-9.581383e-09	-3.834813e+01	-6.252299e+02
7.320000e-06	-5.265622e-06	-9.583901e-09	-3.836912e+01	-6.253904e+02
7.330000e-06	-5.268050e-06	-9.585170e-09	-3.838682e+01	-6.255275e+02
7.340000e-06	-5.270047e-06	-9.586734e-09	-3.840136e+01	-6.256489e+02
7.350000e-06	-5.271676e-06	-9.587834e-09	-3.841323e+01	-6.257623e+02
7.360000e-06	-5.272971e-06	-9.586855e-09	-3.842267e+01	-6.258740e+02
7.370000e-06	-5.273940e-06	-9.587686e-09	-3.842973e+01	-6.259877e+02
7.380000e-06	-5.274511e-06	-9.587495e-09	-3.843389e+01	-6.261042e+02
