# Temperatura_=_20.0
# Concentracion g/m^3_=_10000.0
# C_Vs_to_Am_M_A/Vsm_=_65563218390.804596
# pendiente_HvsI_1/m_=_3716.3
# ordenada_HvsI_A/m_=_1297.0
# frecuencia_Hz_=_135355.2773046262

Tiempo_(s)	Campo_(V.s)	Magnetizacion_(V.s)	Campo_(kA/m)	Magnetizacion_(A/m)
0.000000e+00	-5.274590e-06	-9.621884e-09	-3.843920e+01	-6.273281e+02
1.000000e-08	-5.274685e-06	-9.626220e-09	-3.843989e+01	-6.273435e+02
2.000000e-08	-5.274482e-06	-9.626895e-09	-3.843841e+01	-6.273491e+02
3.000000e-08	-5.273775e-06	-9.621765e-09	-3.843326e+01	-6.273431e+02
4.000000e-08	-5.272610e-06	-9.614612e-09	-3.842477e+01	-6.273222e+02
5.000000e-08	-5.271131e-06	-9.607032e-09	-3.841399e+01	-6.272829e+02
6.000000e-08	-5.269347e-06	-9.602929e-09	-3.840099e+01	-6.272209e+02
7.000000e-08	-5.267231e-06	-9.603848e-09	-3.838556e+01	-6.271325e+02
8.000000e-08	-5.264746e-06	-9.604443e-09	-3.836746e+01	-6.270144e+02
9.000000e-08	-5.261785e-06	-9.611776e-09	-3.834588e+01	-6.268647e+02
1.000000e-07	-5.258071e-06	-9.617521e-09	-3.831881e+01	-6.266828e+02
1.100000e-07	-5.253546e-06	-9.594508e-09	-3.828584e+01	-6.264700e+02
1.200000e-07	-5.248779e-06	-9.576538e-09	-3.825109e+01	-6.262289e+02
1.300000e-07	-5.244078e-06	-9.592162e-09	-3.821683e+01	-6.259635e+02
1.400000e-07	-5.239053e-06	-9.587052e-09	-3.818021e+01	-6.256791e+02
1.500000e-07	-5.233392e-06	-9.565701e-09	-3.813896e+01	-6.253809e+02
1.600000e-07	-5.227353e-06	-9.550671e-09	-3.809495e+01	-6.250741e+02
1.700000e-07	-5.221146e-06	-9.578813e-09	-3.804972e+01	-6.247633e+02
1.800000e-07	-5.214459e-06	-9.575402e-09	-3.800098e+01	-6.244516e+02
1.900000e-07	-5.207291e-06	-9.542250e-09	-3.794874e+01	-6.241402e+02
2.000000e-07	-5.199918e-06	-9.541833e-09	-3.789502e+01	-6.238289e+02
2.100000e-07	-5.192215e-06	-9.559791e-09	-3.783888e+01	-6.235155e+02
2.200000e-07	-5.184004e-06	-9.553054e-09	-3.777904e+01	-6.231961e+02
2.300000e-07	-5.175541e-06	-9.537032e-09	-3.771736e+01	-6.228659e+02
2.400000e-07	-5.166893e-06	-9.544745e-09	-3.765434e+01	-6.225195e+02
2.500000e-07	-5.157765e-06	-9.542493e-09	-3.758782e+01	-6.221515e+02
2.600000e-07	-5.148148e-06	-9.515702e-09	-3.751773e+01	-6.217572e+02
2.700000e-07	-5.138275e-06	-9.510810e-09	-3.744578e+01	-6.213330e+02
2.800000e-07	-5.127981e-06	-9.510322e-09	-3.737076e+01	-6.208766e+02
2.900000e-07	-5.117144e-06	-9.473638e-09	-3.729179e+01	-6.203875e+02
3.000000e-07	-5.106012e-06	-9.465201e-09	-3.721066e+01	-6.198664e+02
3.100000e-07	-5.094638e-06	-9.477426e-09	-3.712777e+01	-6.193155e+02
3.200000e-07	-5.082908e-06	-9.466718e-09	-3.704229e+01	-6.187376e+02
3.300000e-07	-5.070862e-06	-9.443413e-09	-3.695450e+01	-6.181361e+02
3.400000e-07	-5.058492e-06	-9.451362e-09	-3.686435e+01	-6.175140e+02
3.500000e-07	-5.045728e-06	-9.436604e-09	-3.677133e+01	-6.168739e+02
3.600000e-07	-5.032696e-06	-9.421706e-09	-3.667636e+01	-6.162173e+02
3.700000e-07	-5.019307e-06	-9.414635e-09	-3.657879e+01	-6.155449e+02
3.800000e-07	-5.005403e-06	-9.392749e-09	-3.647746e+01	-6.148560e+02
3.900000e-07	-4.991069e-06	-9.375778e-09	-3.637300e+01	-6.141491e+02
4.000000e-07	-4.976393e-06	-9.384919e-09	-3.626605e+01	-6.134221e+02
4.100000e-07	-4.961340e-06	-9.370558e-09	-3.615635e+01	-6.126725e+02
4.200000e-07	-4.945930e-06	-9.348052e-09	-3.604404e+01	-6.118977e+02
4.300000e-07	-4.930207e-06	-9.343098e-09	-3.592946e+01	-6.110959e+02
4.400000e-07	-4.914229e-06	-9.324040e-09	-3.581302e+01	-6.102656e+02
4.500000e-07	-4.897957e-06	-9.304228e-09	-3.569444e+01	-6.094064e+02
4.600000e-07	-4.881279e-06	-9.295389e-09	-3.557289e+01	-6.085185e+02
4.700000e-07	-4.864145e-06	-9.272848e-09	-3.544803e+01	-6.076030e+02
4.800000e-07	-4.846602e-06	-9.251812e-09	-3.532019e+01	-6.066613e+02
4.900000e-07	-4.828742e-06	-9.256065e-09	-3.519003e+01	-6.056951e+02
5.000000e-07	-4.810552e-06	-9.236305e-09	-3.505747e+01	-6.047063e+02
5.100000e-07	-4.791986e-06	-9.211121e-09	-3.492216e+01	-6.036961e+02
5.200000e-07	-4.773051e-06	-9.201246e-09	-3.478417e+01	-6.026655e+02
5.300000e-07	-4.753766e-06	-9.187773e-09	-3.464363e+01	-6.016150e+02
5.400000e-07	-4.734081e-06	-9.166236e-09	-3.450017e+01	-6.005444e+02
5.500000e-07	-4.713896e-06	-9.155375e-09	-3.435307e+01	-5.994532e+02
5.600000e-07	-4.693228e-06	-9.133082e-09	-3.420245e+01	-5.983407e+02
5.700000e-07	-4.672191e-06	-9.113410e-09	-3.404914e+01	-5.972062e+02
5.800000e-07	-4.650852e-06	-9.103168e-09	-3.389363e+01	-5.960492e+02
5.900000e-07	-4.629235e-06	-9.081258e-09	-3.373609e+01	-5.948695e+02
6.000000e-07	-4.607307e-06	-9.052515e-09	-3.357630e+01	-5.936675e+02
6.100000e-07	-4.585075e-06	-9.033755e-09	-3.341427e+01	-5.924438e+02
6.200000e-07	-4.562569e-06	-9.018726e-09	-3.325026e+01	-5.911996e+02
6.300000e-07	-4.539687e-06	-8.999383e-09	-3.308351e+01	-5.899360e+02
6.400000e-07	-4.516348e-06	-8.980174e-09	-3.291342e+01	-5.886541e+02
6.500000e-07	-4.492639e-06	-8.960113e-09	-3.274063e+01	-5.873548e+02
6.600000e-07	-4.468617e-06	-8.942868e-09	-3.256557e+01	-5.860383e+02
6.700000e-07	-4.444293e-06	-8.922217e-09	-3.238831e+01	-5.847045e+02
6.800000e-07	-4.419657e-06	-8.896934e-09	-3.220877e+01	-5.833523e+02
6.900000e-07	-4.394704e-06	-8.871200e-09	-3.202692e+01	-5.819802e+02
7.000000e-07	-4.369458e-06	-8.851288e-09	-3.184294e+01	-5.805865e+02
7.100000e-07	-4.343957e-06	-8.831069e-09	-3.165710e+01	-5.791691e+02
7.200000e-07	-4.318231e-06	-8.810532e-09	-3.146962e+01	-5.777259e+02
7.300000e-07	-4.292144e-06	-8.787945e-09	-3.127950e+01	-5.762554e+02
7.400000e-07	-4.265645e-06	-8.763027e-09	-3.108639e+01	-5.747566e+02
7.500000e-07	-4.238827e-06	-8.737357e-09	-3.089095e+01	-5.732292e+02
7.600000e-07	-4.211742e-06	-8.711900e-09	-3.069356e+01	-5.716734e+02
7.700000e-07	-4.184364e-06	-8.684604e-09	-3.049405e+01	-5.700903e+02
7.800000e-07	-4.156690e-06	-8.660416e-09	-3.029237e+01	-5.684814e+02
7.900000e-07	-4.128742e-06	-8.638275e-09	-3.008869e+01	-5.668482e+02
8.000000e-07	-4.100488e-06	-8.613093e-09	-2.988279e+01	-5.651923e+02
8.100000e-07	-4.071953e-06	-8.582970e-09	-2.967484e+01	-5.635147e+02
8.200000e-07	-4.043179e-06	-8.552118e-09	-2.946515e+01	-5.618159e+02
8.300000e-07	-4.014101e-06	-8.524608e-09	-2.925323e+01	-5.600953e+02
8.400000e-07	-3.984660e-06	-8.499285e-09	-2.903868e+01	-5.583518e+02
8.500000e-07	-3.954864e-06	-8.473502e-09	-2.882154e+01	-5.565831e+02
8.600000e-07	-3.924753e-06	-8.444804e-09	-2.860210e+01	-5.547865e+02
8.700000e-07	-3.894356e-06	-8.415300e-09	-2.838058e+01	-5.529588e+02
8.800000e-07	-3.863676e-06	-8.382730e-09	-2.815699e+01	-5.510967e+02
8.900000e-07	-3.832692e-06	-8.349239e-09	-2.793120e+01	-5.491972e+02
9.000000e-07	-3.801373e-06	-8.315837e-09	-2.770295e+01	-5.472580e+02
9.100000e-07	-3.769681e-06	-8.283846e-09	-2.747200e+01	-5.452774e+02
9.200000e-07	-3.737624e-06	-8.251254e-09	-2.723837e+01	-5.432549e+02
9.300000e-07	-3.705304e-06	-8.218615e-09	-2.700284e+01	-5.411910e+02
9.400000e-07	-3.672772e-06	-8.186647e-09	-2.676576e+01	-5.390870e+02
9.500000e-07	-3.639997e-06	-8.154685e-09	-2.652691e+01	-5.369453e+02
9.600000e-07	-3.606969e-06	-8.120906e-09	-2.628621e+01	-5.347686e+02
9.700000e-07	-3.573689e-06	-8.085699e-09	-2.604368e+01	-5.325599e+02
9.800000e-07	-3.540193e-06	-8.050298e-09	-2.579957e+01	-5.303222e+02
9.900000e-07	-3.506554e-06	-8.015585e-09	-2.555442e+01	-5.280578e+02
1.000000e-06	-3.472722e-06	-7.981793e-09	-2.530787e+01	-5.257688e+02
1.010000e-06	-3.438668e-06	-7.946557e-09	-2.505970e+01	-5.234560e+02
1.020000e-06	-3.404400e-06	-7.909241e-09	-2.480997e+01	-5.211195e+02
1.030000e-06	-3.369885e-06	-7.871371e-09	-2.455844e+01	-5.187583e+02
1.040000e-06	-3.335140e-06	-7.832458e-09	-2.430523e+01	-5.163707e+02
1.050000e-06	-3.300186e-06	-7.793283e-09	-2.405049e+01	-5.139540e+02
1.060000e-06	-3.265000e-06	-7.754738e-09	-2.379407e+01	-5.115052e+02
1.070000e-06	-3.229584e-06	-7.714703e-09	-2.353598e+01	-5.090209e+02
1.080000e-06	-3.193923e-06	-7.676370e-09	-2.327609e+01	-5.064978e+02
1.090000e-06	-3.157962e-06	-7.637693e-09	-2.301402e+01	-5.039328e+02
1.100000e-06	-3.121739e-06	-7.596085e-09	-2.275004e+01	-5.013234e+02
1.110000e-06	-3.085284e-06	-7.552097e-09	-2.248437e+01	-4.986678e+02
1.120000e-06	-3.048614e-06	-7.506028e-09	-2.221714e+01	-4.959651e+02
1.130000e-06	-3.011759e-06	-7.460763e-09	-2.194855e+01	-4.932152e+02
1.140000e-06	-2.974717e-06	-7.418977e-09	-2.167860e+01	-4.904192e+02
1.150000e-06	-2.937490e-06	-7.378342e-09	-2.140731e+01	-4.875786e+02
1.160000e-06	-2.900043e-06	-7.338650e-09	-2.113440e+01	-4.846959e+02
1.170000e-06	-2.862371e-06	-7.299460e-09	-2.085986e+01	-4.817738e+02
1.180000e-06	-2.824508e-06	-7.258146e-09	-2.058393e+01	-4.788152e+02
1.190000e-06	-2.786449e-06	-7.212099e-09	-2.030658e+01	-4.758226e+02
1.200000e-06	-2.748207e-06	-7.160828e-09	-2.002788e+01	-4.727983e+02
1.210000e-06	-2.709779e-06	-7.106814e-09	-1.974783e+01	-4.697437e+02
1.220000e-06	-2.671112e-06	-7.053827e-09	-1.946604e+01	-4.666591e+02
1.230000e-06	-2.632223e-06	-7.007172e-09	-1.918264e+01	-4.635438e+02
1.240000e-06	-2.593118e-06	-6.962585e-09	-1.889765e+01	-4.603961e+02
1.250000e-06	-2.553761e-06	-6.916509e-09	-1.861084e+01	-4.572131e+02
1.260000e-06	-2.514195e-06	-6.869855e-09	-1.832249e+01	-4.539911e+02
1.270000e-06	-2.474431e-06	-6.820946e-09	-1.803271e+01	-4.507260e+02
1.280000e-06	-2.434528e-06	-6.768564e-09	-1.774191e+01	-4.474134e+02
1.290000e-06	-2.394518e-06	-6.714670e-09	-1.745033e+01	-4.440492e+02
1.300000e-06	-2.354355e-06	-6.660844e-09	-1.715764e+01	-4.406298e+02
1.310000e-06	-2.314012e-06	-6.607243e-09	-1.686363e+01	-4.371528e+02
1.320000e-06	-2.273493e-06	-6.552741e-09	-1.656835e+01	-4.336166e+02
1.330000e-06	-2.232789e-06	-6.497299e-09	-1.627171e+01	-4.300211e+02
1.340000e-06	-2.191929e-06	-6.441535e-09	-1.597394e+01	-4.263671e+02
1.350000e-06	-2.150942e-06	-6.384981e-09	-1.567524e+01	-4.226569e+02
1.360000e-06	-2.109818e-06	-6.326271e-09	-1.537554e+01	-4.188930e+02
1.370000e-06	-2.068552e-06	-6.265160e-09	-1.507482e+01	-4.150788e+02
1.380000e-06	-2.027134e-06	-6.203703e-09	-1.477298e+01	-4.112173e+02
1.390000e-06	-1.985602e-06	-6.143002e-09	-1.447031e+01	-4.073114e+02
1.400000e-06	-1.943954e-06	-6.083266e-09	-1.416679e+01	-4.033631e+02
1.410000e-06	-1.902169e-06	-6.025199e-09	-1.386228e+01	-3.993736e+02
1.420000e-06	-1.860258e-06	-5.966973e-09	-1.355685e+01	-3.953428e+02
1.430000e-06	-1.818194e-06	-5.905094e-09	-1.325030e+01	-3.912698e+02
1.440000e-06	-1.775966e-06	-5.838989e-09	-1.294256e+01	-3.871527e+02
1.450000e-06	-1.733568e-06	-5.772029e-09	-1.263358e+01	-3.829891e+02
1.460000e-06	-1.690973e-06	-5.707070e-09	-1.232316e+01	-3.787762e+02
1.470000e-06	-1.648206e-06	-5.641162e-09	-1.201150e+01	-3.745113e+02
1.480000e-06	-1.605296e-06	-5.575647e-09	-1.169878e+01	-3.701918e+02
1.490000e-06	-1.562290e-06	-5.508847e-09	-1.138537e+01	-3.658159e+02
1.500000e-06	-1.519204e-06	-5.441233e-09	-1.107138e+01	-3.613824e+02
1.510000e-06	-1.476033e-06	-5.371544e-09	-1.075677e+01	-3.568907e+02
1.520000e-06	-1.432803e-06	-5.295527e-09	-1.044172e+01	-3.523408e+02
1.530000e-06	-1.389507e-06	-5.217229e-09	-1.012619e+01	-3.477330e+02
1.540000e-06	-1.346144e-06	-5.142743e-09	-9.810186e+00	-3.430678e+02
1.550000e-06	-1.302715e-06	-5.073030e-09	-9.493688e+00	-3.383453e+02
1.560000e-06	-1.259172e-06	-5.004968e-09	-9.176366e+00	-3.335655e+02
1.570000e-06	-1.215520e-06	-4.934305e-09	-8.858248e+00	-3.287273e+02
1.580000e-06	-1.171776e-06	-4.860045e-09	-8.539454e+00	-3.238291e+02
1.590000e-06	-1.127950e-06	-4.783789e-09	-8.220071e+00	-3.188684e+02
1.600000e-06	-1.084043e-06	-4.704783e-09	-7.900089e+00	-3.138424e+02
1.610000e-06	-1.040023e-06	-4.624158e-09	-7.579288e+00	-3.087473e+02
1.620000e-06	-9.959500e-07	-4.541913e-09	-7.258103e+00	-3.035796e+02
1.630000e-06	-9.518236e-07	-4.460805e-09	-6.936527e+00	-2.983357e+02
1.640000e-06	-9.076509e-07	-4.381761e-09	-6.614612e+00	-2.930124e+02
1.650000e-06	-8.634359e-07	-4.303518e-09	-6.292391e+00	-2.876072e+02
1.660000e-06	-8.191543e-07	-4.221994e-09	-5.969683e+00	-2.821182e+02
1.670000e-06	-7.748337e-07	-4.135981e-09	-5.646692e+00	-2.765441e+02
1.680000e-06	-7.304668e-07	-4.047210e-09	-5.323363e+00	-2.708846e+02
1.690000e-06	-6.860567e-07	-3.957793e-09	-4.999719e+00	-2.651397e+02
1.700000e-06	-6.416038e-07	-3.867139e-09	-4.675763e+00	-2.593097e+02
1.710000e-06	-5.970975e-07	-3.776775e-09	-4.351418e+00	-2.533950e+02
1.720000e-06	-5.525426e-07	-3.687806e-09	-4.026719e+00	-2.473956e+02
1.730000e-06	-5.079573e-07	-3.597937e-09	-3.701798e+00	-2.413113e+02
1.740000e-06	-4.633297e-07	-3.505692e-09	-3.376570e+00	-2.351414e+02
1.750000e-06	-4.186548e-07	-3.412828e-09	-3.050996e+00	-2.288845e+02
1.760000e-06	-3.739454e-07	-3.319062e-09	-2.725171e+00	-2.225388e+02
1.770000e-06	-3.292069e-07	-3.220905e-09	-2.399134e+00	-2.161020e+02
1.780000e-06	-2.844512e-07	-3.119466e-09	-2.072972e+00	-2.095718e+02
1.790000e-06	-2.396628e-07	-3.015345e-09	-1.746571e+00	-2.029455e+02
1.800000e-06	-1.948908e-07	-2.912402e-09	-1.420289e+00	-1.962208e+02
1.810000e-06	-1.501236e-07	-2.810420e-09	-1.094043e+00	-1.893956e+02
1.820000e-06	-1.053444e-07	-2.707006e-09	-7.677095e-01	-1.824681e+02
1.830000e-06	-6.056263e-08	-2.602192e-09	-4.413573e-01	-1.754369e+02
1.840000e-06	-1.573873e-08	-2.497784e-09	-1.146979e-01	-1.683011e+02
1.850000e-06	2.907886e-08	-2.392344e-09	2.119156e-01	-1.610599e+02
1.860000e-06	7.387932e-08	-2.280961e-09	5.384042e-01	-1.537128e+02
1.870000e-06	1.186742e-07	-2.162906e-09	8.648520e-01	-1.462592e+02
1.880000e-06	1.634530e-07	-2.043600e-09	1.191183e+00	-1.386986e+02
1.890000e-06	2.082301e-07	-1.926709e-09	1.517501e+00	-1.310302e+02
1.900000e-06	2.530021e-07	-1.810774e-09	1.843783e+00	-1.232532e+02
1.910000e-06	2.977449e-07	-1.691926e-09	2.169851e+00	-1.153667e+02
1.920000e-06	3.424720e-07	-1.570843e-09	2.495805e+00	-1.073697e+02
1.930000e-06	3.871661e-07	-1.451437e-09	2.821518e+00	-9.926143e+01
1.940000e-06	4.318183e-07	-1.331736e-09	3.146927e+00	-9.104123e+01
1.950000e-06	4.764253e-07	-1.206053e-09	3.472005e+00	-8.270885e+01
1.960000e-06	5.209696e-07	-1.074510e-09	3.796627e+00	-7.426445e+01
1.970000e-06	5.654851e-07	-9.418850e-10	4.121040e+00	-6.570871e+01
1.980000e-06	6.100017e-07	-8.091393e-10	4.445459e+00	-5.704282e+01
1.990000e-06	6.544968e-07	-6.755469e-10	4.769723e+00	-4.826843e+01
2.000000e-06	6.989528e-07	-5.385543e-10	5.093701e+00	-3.938758e+01
2.010000e-06	7.433522e-07	-4.001268e-10	5.417266e+00	-3.040266e+01
2.020000e-06	7.876406e-07	-2.630251e-10	5.740023e+00	-2.131627e+01
2.030000e-06	8.318502e-07	-1.267048e-10	6.062207e+00	-1.213119e+01
2.040000e-06	8.760264e-07	9.920917e-12	6.384146e+00	-2.850375e+00
2.050000e-06	9.201560e-07	1.521727e-10	6.705745e+00	6.523035e+00
2.060000e-06	9.642395e-07	2.976203e-10	7.027009e+00	1.598560e+01
2.070000e-06	1.008239e-06	4.459612e-10	7.347664e+00	2.553346e+01
2.080000e-06	1.052176e-06	5.969832e-10	7.667859e+00	3.516214e+01
2.090000e-06	1.096062e-06	7.488843e-10	7.987682e+00	4.486639e+01
2.100000e-06	1.139867e-06	8.991309e-10	8.306913e+00	5.464003e+01
2.110000e-06	1.183598e-06	1.047428e-09	8.625612e+00	6.447577e+01
2.120000e-06	1.227254e-06	1.193577e-09	8.943759e+00	7.436518e+01
2.130000e-06	1.270820e-06	1.338684e-09	9.261252e+00	8.429867e+01
2.140000e-06	1.314272e-06	1.490625e-09	9.577909e+00	9.426554e+01
2.150000e-06	1.357642e-06	1.648457e-09	9.893978e+00	1.042542e+02
2.160000e-06	1.400941e-06	1.807354e-09	1.020952e+01	1.142522e+02
2.170000e-06	1.444181e-06	1.964115e-09	1.052464e+01	1.242468e+02
2.180000e-06	1.487392e-06	2.117986e-09	1.083954e+01	1.342248e+02
2.190000e-06	1.530524e-06	2.266419e-09	1.115387e+01	1.441732e+02
2.200000e-06	1.573525e-06	2.411130e-09	1.146725e+01	1.540792e+02
2.210000e-06	1.616346e-06	2.555192e-09	1.177931e+01	1.639304e+02
2.220000e-06	1.659014e-06	2.701605e-09	1.209026e+01	1.737152e+02
2.230000e-06	1.701531e-06	2.849164e-09	1.240010e+01	1.834225e+02
2.240000e-06	1.743893e-06	2.998651e-09	1.270883e+01	1.930421e+02
2.250000e-06	1.786099e-06	3.150202e-09	1.301641e+01	2.025645e+02
2.260000e-06	1.828130e-06	3.298657e-09	1.332272e+01	2.119808e+02
2.270000e-06	1.870031e-06	3.441122e-09	1.362807e+01	2.212829e+02
2.280000e-06	1.911792e-06	3.577214e-09	1.393241e+01	2.304632e+02
2.290000e-06	1.953450e-06	3.710203e-09	1.423600e+01	2.395150e+02
2.300000e-06	1.994987e-06	3.840103e-09	1.453870e+01	2.484319e+02
2.310000e-06	2.036371e-06	3.968486e-09	1.484030e+01	2.572081e+02
2.320000e-06	2.077598e-06	4.098774e-09	1.514074e+01	2.658385e+02
2.330000e-06	2.118646e-06	4.232016e-09	1.543988e+01	2.743185e+02
2.340000e-06	2.159535e-06	4.362841e-09	1.573787e+01	2.826443e+02
2.350000e-06	2.200292e-06	4.486342e-09	1.603489e+01	2.908127e+02
2.360000e-06	2.240928e-06	4.603055e-09	1.633103e+01	2.988211e+02
2.370000e-06	2.281412e-06	4.714727e-09	1.662606e+01	3.066677e+02
2.380000e-06	2.321741e-06	4.824788e-09	1.691996e+01	3.143513e+02
2.390000e-06	2.361901e-06	4.934246e-09	1.721263e+01	3.218714e+02
2.400000e-06	2.401911e-06	5.043105e-09	1.750421e+01	3.292281e+02
2.410000e-06	2.441838e-06	5.150701e-09	1.779518e+01	3.364220e+02
2.420000e-06	2.481624e-06	5.256550e-09	1.808513e+01	3.434542e+02
2.430000e-06	2.521165e-06	5.360203e-09	1.837329e+01	3.503263e+02
2.440000e-06	2.560426e-06	5.460951e-09	1.865941e+01	3.570404e+02
2.450000e-06	2.599394e-06	5.559367e-09	1.894339e+01	3.635989e+02
2.460000e-06	2.638123e-06	5.654843e-09	1.922563e+01	3.700046e+02
2.470000e-06	2.676689e-06	5.747419e-09	1.950669e+01	3.762606e+02
2.480000e-06	2.715064e-06	5.836744e-09	1.978635e+01	3.823705e+02
2.490000e-06	2.753203e-06	5.922101e-09	2.006429e+01	3.883382e+02
2.500000e-06	2.791165e-06	6.004724e-09	2.034094e+01	3.941677e+02
2.510000e-06	2.828981e-06	6.089261e-09	2.061653e+01	3.998636e+02
2.520000e-06	2.866633e-06	6.175692e-09	2.089092e+01	4.054304e+02
2.530000e-06	2.904106e-06	6.262075e-09	2.116402e+01	4.108728e+02
2.540000e-06	2.941392e-06	6.346373e-09	2.143574e+01	4.161957e+02
2.550000e-06	2.978487e-06	6.427175e-09	2.170607e+01	4.214036e+02
2.560000e-06	3.015400e-06	6.504854e-09	2.197508e+01	4.265011e+02
2.570000e-06	3.052160e-06	6.578981e-09	2.224297e+01	4.314921e+02
2.580000e-06	3.088720e-06	6.649171e-09	2.250941e+01	4.363805e+02
2.590000e-06	3.124982e-06	6.716980e-09	2.277368e+01	4.411692e+02
2.600000e-06	3.160915e-06	6.786625e-09	2.303554e+01	4.458609e+02
2.610000e-06	3.196547e-06	6.858977e-09	2.329521e+01	4.504575e+02
2.620000e-06	3.231936e-06	6.931740e-09	2.355311e+01	4.549602e+02
2.630000e-06	3.267131e-06	7.001397e-09	2.380960e+01	4.593699e+02
2.640000e-06	3.302117e-06	7.067331e-09	2.406457e+01	4.636868e+02
2.650000e-06	3.336877e-06	7.130420e-09	2.431788e+01	4.679110e+02
2.660000e-06	3.371414e-06	7.191868e-09	2.456957e+01	4.720421e+02
2.670000e-06	3.405743e-06	7.249901e-09	2.481975e+01	4.760801e+02
2.680000e-06	3.439828e-06	7.304104e-09	2.506815e+01	4.800249e+02
2.690000e-06	3.473680e-06	7.357234e-09	2.531485e+01	4.838769e+02
2.700000e-06	3.507364e-06	7.411397e-09	2.556033e+01	4.876369e+02
2.710000e-06	3.540860e-06	7.466329e-09	2.580443e+01	4.913063e+02
2.720000e-06	3.574094e-06	7.519921e-09	2.604663e+01	4.948869e+02
2.730000e-06	3.607042e-06	7.573328e-09	2.628674e+01	4.983814e+02
2.740000e-06	3.639730e-06	7.624574e-09	2.652496e+01	5.017928e+02
2.750000e-06	3.672144e-06	7.672956e-09	2.676118e+01	5.051244e+02
2.760000e-06	3.704285e-06	7.718926e-09	2.699541e+01	5.083797e+02
2.770000e-06	3.736191e-06	7.765176e-09	2.722793e+01	5.115624e+02
2.780000e-06	3.767850e-06	7.812292e-09	2.745865e+01	5.146758e+02
2.790000e-06	3.799215e-06	7.856709e-09	2.768722e+01	5.177229e+02
2.800000e-06	3.830320e-06	7.896554e-09	2.791391e+01	5.207064e+02
2.810000e-06	3.861157e-06	7.933194e-09	2.813863e+01	5.236283e+02
2.820000e-06	3.891693e-06	7.972084e-09	2.836117e+01	5.264901e+02
2.830000e-06	3.921928e-06	8.011551e-09	2.858151e+01	5.292930e+02
2.840000e-06	3.951818e-06	8.051751e-09	2.879934e+01	5.320377e+02
2.850000e-06	3.981332e-06	8.093509e-09	2.901442e+01	5.347246e+02
2.860000e-06	4.010458e-06	8.134851e-09	2.922668e+01	5.373543e+02
2.870000e-06	4.039278e-06	8.173973e-09	2.943671e+01	5.399273e+02
2.880000e-06	4.067850e-06	8.208918e-09	2.964494e+01	5.424444e+02
2.890000e-06	4.096147e-06	8.239762e-09	2.985115e+01	5.449066e+02
2.900000e-06	4.124171e-06	8.269751e-09	3.005538e+01	5.473155e+02
2.910000e-06	4.151910e-06	8.301236e-09	3.025753e+01	5.496725e+02
2.920000e-06	4.179361e-06	8.335219e-09	3.045758e+01	5.519795e+02
2.930000e-06	4.206577e-06	8.370753e-09	3.065593e+01	5.542382e+02
2.940000e-06	4.233545e-06	8.407166e-09	3.085246e+01	5.564504e+02
2.950000e-06	4.260176e-06	8.444494e-09	3.104654e+01	5.586173e+02
2.960000e-06	4.286411e-06	8.477684e-09	3.123772e+01	5.607400e+02
2.970000e-06	4.312286e-06	8.504551e-09	3.142629e+01	5.628191e+02
2.980000e-06	4.337836e-06	8.527639e-09	3.161249e+01	5.648548e+02
2.990000e-06	4.363132e-06	8.551578e-09	3.179684e+01	5.668468e+02
3.000000e-06	4.388180e-06	8.578297e-09	3.197938e+01	5.687949e+02
3.010000e-06	4.412899e-06	8.608383e-09	3.215952e+01	5.706989e+02
3.020000e-06	4.437304e-06	8.640830e-09	3.233737e+01	5.725586e+02
3.030000e-06	4.461465e-06	8.670884e-09	3.251345e+01	5.743744e+02
3.040000e-06	4.485402e-06	8.696827e-09	3.268789e+01	5.761472e+02
3.050000e-06	4.509022e-06	8.720640e-09	3.286003e+01	5.778785e+02
3.060000e-06	4.532239e-06	8.741501e-09	3.302922e+01	5.795701e+02
3.070000e-06	4.555052e-06	8.762289e-09	3.319548e+01	5.812247e+02
3.080000e-06	4.577546e-06	8.786506e-09	3.335941e+01	5.828447e+02
3.090000e-06	4.599756e-06	8.812069e-09	3.352127e+01	5.844328e+02
3.100000e-06	4.621646e-06	8.838093e-09	3.368079e+01	5.859912e+02
3.110000e-06	4.643206e-06	8.863094e-09	3.383791e+01	5.875216e+02
3.120000e-06	4.664418e-06	8.884015e-09	3.399249e+01	5.890249e+02
3.130000e-06	4.685256e-06	8.902709e-09	3.414435e+01	5.905009e+02
3.140000e-06	4.705716e-06	8.921452e-09	3.429346e+01	5.919485e+02
3.150000e-06	4.725695e-06	8.939404e-09	3.443906e+01	5.933659e+02
3.160000e-06	4.745175e-06	8.959197e-09	3.458102e+01	5.947504e+02
3.170000e-06	4.764335e-06	8.983049e-09	3.472065e+01	5.960991e+02
3.180000e-06	4.783207e-06	9.008025e-09	3.485818e+01	5.974091e+02
3.190000e-06	4.801771e-06	9.029314e-09	3.499347e+01	5.986779e+02
3.200000e-06	4.820019e-06	9.048580e-09	3.512646e+01	5.999036e+02
3.210000e-06	4.837933e-06	9.066911e-09	3.525701e+01	6.010853e+02
3.220000e-06	4.855577e-06	9.083088e-09	3.538559e+01	6.022235e+02
3.230000e-06	4.872953e-06	9.098614e-09	3.551222e+01	6.033194e+02
3.240000e-06	4.889966e-06	9.114002e-09	3.563620e+01	6.043756e+02
3.250000e-06	4.906530e-06	9.129943e-09	3.575692e+01	6.053955e+02
3.260000e-06	4.922645e-06	9.145759e-09	3.587436e+01	6.063828e+02
3.270000e-06	4.938391e-06	9.162210e-09	3.598911e+01	6.073416e+02
3.280000e-06	4.953842e-06	9.179534e-09	3.610170e+01	6.082757e+02
3.290000e-06	4.968969e-06	9.194423e-09	3.621194e+01	6.091883e+02
3.300000e-06	4.983744e-06	9.208509e-09	3.631962e+01	6.100820e+02
3.310000e-06	4.998227e-06	9.223413e-09	3.642517e+01	6.109580e+02
3.320000e-06	5.012429e-06	9.237348e-09	3.652867e+01	6.118168e+02
3.330000e-06	5.026253e-06	9.250939e-09	3.662941e+01	6.126578e+02
3.340000e-06	5.039655e-06	9.262695e-09	3.672708e+01	6.134796e+02
3.350000e-06	5.052656e-06	9.274259e-09	3.682183e+01	6.142803e+02
3.360000e-06	5.065304e-06	9.286682e-09	3.691400e+01	6.150576e+02
3.370000e-06	5.077624e-06	9.300980e-09	3.700378e+01	6.158094e+02
3.380000e-06	5.089583e-06	9.314975e-09	3.709094e+01	6.165337e+02
3.390000e-06	5.101195e-06	9.329286e-09	3.717556e+01	6.172293e+02
3.400000e-06	5.112499e-06	9.344371e-09	3.725794e+01	6.178955e+02
3.410000e-06	5.123515e-06	9.356351e-09	3.733822e+01	6.185325e+02
3.420000e-06	5.134150e-06	9.363687e-09	3.741572e+01	6.191412e+02
3.430000e-06	5.144279e-06	9.366404e-09	3.748954e+01	6.197232e+02
3.440000e-06	5.153952e-06	9.369258e-09	3.756003e+01	6.202806e+02
3.450000e-06	5.163283e-06	9.376224e-09	3.762803e+01	6.208158e+02
3.460000e-06	5.172297e-06	9.386152e-09	3.769373e+01	6.213314e+02
3.470000e-06	5.180969e-06	9.397878e-09	3.775692e+01	6.218294e+02
3.480000e-06	5.189303e-06	9.410178e-09	3.781766e+01	6.223120e+02
3.490000e-06	5.197337e-06	9.422580e-09	3.787621e+01	6.227804e+02
3.500000e-06	5.205071e-06	9.434630e-09	3.793257e+01	6.232353e+02
3.510000e-06	5.212450e-06	9.441849e-09	3.798634e+01	6.236765e+02
3.520000e-06	5.219430e-06	9.445375e-09	3.803721e+01	6.241031e+02
3.530000e-06	5.226048e-06	9.447754e-09	3.808544e+01	6.245134e+02
3.540000e-06	5.232263e-06	9.453157e-09	3.813073e+01	6.249053e+02
3.550000e-06	5.238027e-06	9.462351e-09	3.817274e+01	6.252761e+02
3.560000e-06	5.243384e-06	9.474367e-09	3.821178e+01	6.256230e+02
3.570000e-06	5.248349e-06	9.485266e-09	3.824796e+01	6.259432e+02
3.580000e-06	5.252952e-06	9.493248e-09	3.828151e+01	6.262342e+02
3.590000e-06	5.257113e-06	9.498621e-09	3.831183e+01	6.264942e+02
3.600000e-06	5.260798e-06	9.499554e-09	3.833868e+01	6.267223e+02
3.610000e-06	5.264091e-06	9.498293e-09	3.836268e+01	6.269183e+02
3.620000e-06	5.267031e-06	9.496494e-09	3.838410e+01	6.270832e+02
3.630000e-06	5.269598e-06	9.496616e-09	3.840282e+01	6.272190e+02
3.640000e-06	5.271791e-06	9.502001e-09	3.841880e+01	6.273283e+02
3.650000e-06	5.273649e-06	9.510441e-09	3.843233e+01	6.274146e+02
3.660000e-06	5.275209e-06	9.517316e-09	3.844371e+01	6.274817e+02
3.670000e-06	5.276434e-06	9.522625e-09	3.845263e+01	6.275330e+02
3.680000e-06	5.277186e-06	9.526487e-09	3.845812e+01	6.275717e+02
3.690000e-06	5.277445e-06	9.527410e-09	3.846000e+01	6.276000e+02
3.700000e-06	5.277361e-06	9.524088e-09	3.845939e+01	6.276192e+02
3.710000e-06	5.276955e-06	9.519105e-09	3.845643e+01	6.276291e+02
3.720000e-06	5.276207e-06	9.517422e-09	3.845098e+01	6.276283e+02
3.730000e-06	5.275155e-06	9.517479e-09	3.844331e+01	6.276140e+02
3.740000e-06	5.273780e-06	9.519600e-09	3.843329e+01	6.275829e+02
3.750000e-06	5.272134e-06	9.524096e-09	3.842130e+01	6.275309e+02
3.760000e-06	5.270199e-06	9.531255e-09	3.840719e+01	6.274539e+02
3.770000e-06	5.267825e-06	9.535072e-09	3.838990e+01	6.273485e+02
3.780000e-06	5.264868e-06	9.514539e-09	3.836834e+01	6.272121e+02
3.790000e-06	5.261103e-06	9.507106e-09	3.834091e+01	6.270436e+02
3.800000e-06	5.256547e-06	9.531544e-09	3.830771e+01	6.268435e+02
3.810000e-06	5.251864e-06	9.533477e-09	3.827358e+01	6.266137e+02
3.820000e-06	5.247425e-06	9.504147e-09	3.824123e+01	6.263579e+02
3.830000e-06	5.242662e-06	9.498004e-09	3.820651e+01	6.260808e+02
3.840000e-06	5.237066e-06	9.537762e-09	3.816574e+01	6.257876e+02
3.850000e-06	5.231116e-06	9.521665e-09	3.812237e+01	6.254839e+02
3.860000e-06	5.225235e-06	9.477422e-09	3.807951e+01	6.251743e+02
3.870000e-06	5.218885e-06	9.481734e-09	3.803324e+01	6.248627e+02
3.880000e-06	5.211794e-06	9.512544e-09	3.798156e+01	6.245511e+02
3.890000e-06	5.204434e-06	9.474523e-09	3.792793e+01	6.242400e+02
3.900000e-06	5.196953e-06	9.442224e-09	3.787341e+01	6.239278e+02
3.910000e-06	5.189056e-06	9.483290e-09	3.781586e+01	6.236115e+02
3.920000e-06	5.180755e-06	9.481138e-09	3.775536e+01	6.232865e+02
3.930000e-06	5.172162e-06	9.432773e-09	3.769274e+01	6.229475e+02
3.940000e-06	5.163065e-06	9.456630e-09	3.762644e+01	6.225891e+02
3.950000e-06	5.153408e-06	9.498702e-09	3.755607e+01	6.222063e+02
3.960000e-06	5.143427e-06	9.442120e-09	3.748333e+01	6.217949e+02
3.970000e-06	5.133126e-06	9.405675e-09	3.740826e+01	6.213521e+02
3.980000e-06	5.122396e-06	9.463812e-09	3.733007e+01	6.208766e+02
3.990000e-06	5.111362e-06	9.453189e-09	3.724965e+01	6.203686e+02
4.000000e-06	5.100026e-06	9.395462e-09	3.716704e+01	6.198299e+02
4.010000e-06	5.088199e-06	9.413807e-09	3.708085e+01	6.192628e+02
4.020000e-06	5.075988e-06	9.437484e-09	3.699186e+01	6.186708e+02
4.030000e-06	5.063516e-06	9.403908e-09	3.690097e+01	6.180570e+02
4.040000e-06	5.050658e-06	9.385269e-09	3.680726e+01	6.174241e+02
4.050000e-06	5.037394e-06	9.393547e-09	3.671060e+01	6.167743e+02
4.060000e-06	5.023837e-06	9.369290e-09	3.661180e+01	6.161085e+02
4.070000e-06	5.009932e-06	9.364169e-09	3.651047e+01	6.154266e+02
4.080000e-06	4.995673e-06	9.362049e-09	3.640656e+01	6.147275e+02
4.090000e-06	4.981119e-06	9.338778e-09	3.630049e+01	6.140091e+02
4.100000e-06	4.966161e-06	9.331938e-09	3.619149e+01	6.132692e+02
4.110000e-06	4.950707e-06	9.333560e-09	3.607886e+01	6.125052e+02
4.120000e-06	4.934853e-06	9.304640e-09	3.596332e+01	6.117149e+02
4.130000e-06	4.918689e-06	9.299029e-09	3.584552e+01	6.108966e+02
4.140000e-06	4.902220e-06	9.295778e-09	3.572551e+01	6.100495e+02
4.150000e-06	4.885451e-06	9.274792e-09	3.560330e+01	6.091735e+02
4.160000e-06	4.868320e-06	9.270287e-09	3.547845e+01	6.082693e+02
4.170000e-06	4.850867e-06	9.262703e-09	3.535126e+01	6.073383e+02
4.180000e-06	4.833177e-06	9.229564e-09	3.522234e+01	6.063821e+02
4.190000e-06	4.815154e-06	9.222909e-09	3.509100e+01	6.054025e+02
4.200000e-06	4.796712e-06	9.217439e-09	3.495660e+01	6.044011e+02
4.210000e-06	4.777909e-06	9.191211e-09	3.481957e+01	6.033790e+02
4.220000e-06	4.758749e-06	9.181086e-09	3.467994e+01	6.023368e+02
4.230000e-06	4.739215e-06	9.166690e-09	3.453759e+01	6.012746e+02
4.240000e-06	4.719329e-06	9.139972e-09	3.439267e+01	6.001920e+02
4.250000e-06	4.699099e-06	9.133379e-09	3.424524e+01	5.990885e+02
4.260000e-06	4.678554e-06	9.119486e-09	3.409551e+01	5.979633e+02
4.270000e-06	4.657697e-06	9.086793e-09	3.394351e+01	5.968157e+02
4.280000e-06	4.636431e-06	9.076279e-09	3.378854e+01	5.956454e+02
4.290000e-06	4.614689e-06	9.068584e-09	3.363009e+01	5.944527e+02
4.300000e-06	4.592524e-06	9.046428e-09	3.346856e+01	5.932379e+02
4.310000e-06	4.570045e-06	9.025053e-09	3.330474e+01	5.920022e+02
4.320000e-06	4.547254e-06	9.009692e-09	3.313865e+01	5.907465e+02
4.330000e-06	4.524151e-06	8.992270e-09	3.297028e+01	5.894721e+02
4.340000e-06	4.500731e-06	8.972973e-09	3.279961e+01	5.881800e+02
4.350000e-06	4.476975e-06	8.947712e-09	3.262648e+01	5.868707e+02
4.360000e-06	4.452953e-06	8.926326e-09	3.245142e+01	5.855442e+02
4.370000e-06	4.428651e-06	8.909757e-09	3.227432e+01	5.841998e+02
4.380000e-06	4.403957e-06	8.892767e-09	3.209435e+01	5.828362e+02
4.390000e-06	4.378812e-06	8.873820e-09	3.191111e+01	5.814518e+02
4.400000e-06	4.353302e-06	8.852553e-09	3.172520e+01	5.800445e+02
4.410000e-06	4.327574e-06	8.830075e-09	3.153771e+01	5.786123e+02
4.420000e-06	4.301605e-06	8.807244e-09	3.134845e+01	5.771534e+02
4.430000e-06	4.275318e-06	8.783146e-09	3.115688e+01	5.756665e+02
4.440000e-06	4.248740e-06	8.757324e-09	3.096319e+01	5.741510e+02
4.450000e-06	4.221860e-06	8.733442e-09	3.076730e+01	5.726069e+02
4.460000e-06	4.194714e-06	8.715548e-09	3.056947e+01	5.710351e+02
4.470000e-06	4.167295e-06	8.696411e-09	3.036965e+01	5.694367e+02
4.480000e-06	4.139499e-06	8.672628e-09	3.016708e+01	5.678135e+02
4.490000e-06	4.111292e-06	8.649856e-09	2.996152e+01	5.661669e+02
4.500000e-06	4.082716e-06	8.626758e-09	2.975327e+01	5.644982e+02
4.510000e-06	4.053862e-06	8.601067e-09	2.954300e+01	5.628082e+02
4.520000e-06	4.024782e-06	8.573310e-09	2.933107e+01	5.610969e+02
4.530000e-06	3.995428e-06	8.545545e-09	2.911715e+01	5.593631e+02
4.540000e-06	3.965809e-06	8.519366e-09	2.890130e+01	5.576053e+02
4.550000e-06	3.935948e-06	8.492196e-09	2.868368e+01	5.558207e+02
4.560000e-06	3.905813e-06	8.464752e-09	2.846407e+01	5.540063e+02
4.570000e-06	3.875406e-06	8.442434e-09	2.824248e+01	5.521589e+02
4.580000e-06	3.844646e-06	8.420403e-09	2.801831e+01	5.502754e+02
4.590000e-06	3.813466e-06	8.396500e-09	2.779108e+01	5.483529e+02
4.600000e-06	3.781903e-06	8.370748e-09	2.756106e+01	5.463897e+02
4.610000e-06	3.750065e-06	8.342149e-09	2.732904e+01	5.443847e+02
4.620000e-06	3.717992e-06	8.309043e-09	2.709531e+01	5.423379e+02
4.630000e-06	3.685641e-06	8.272176e-09	2.685954e+01	5.402505e+02
4.640000e-06	3.653018e-06	8.236777e-09	2.662180e+01	5.381242e+02
4.650000e-06	3.620142e-06	8.205380e-09	2.638221e+01	5.359617e+02
4.660000e-06	3.587049e-06	8.175307e-09	2.614104e+01	5.337660e+02
4.670000e-06	3.553731e-06	8.145509e-09	2.589823e+01	5.315400e+02
4.680000e-06	3.520214e-06	8.116575e-09	2.565397e+01	5.292865e+02
4.690000e-06	3.486560e-06	8.084964e-09	2.540872e+01	5.270076e+02
4.700000e-06	3.452701e-06	8.047149e-09	2.516196e+01	5.247046e+02
4.710000e-06	3.418526e-06	8.006745e-09	2.491291e+01	5.223781e+02
4.720000e-06	3.383989e-06	7.969143e-09	2.466122e+01	5.200274e+02
4.730000e-06	3.349133e-06	7.932160e-09	2.440720e+01	5.176511e+02
4.740000e-06	3.314024e-06	7.895173e-09	2.415134e+01	5.152469e+02
4.750000e-06	3.278689e-06	7.861438e-09	2.389383e+01	5.128119e+02
4.760000e-06	3.243162e-06	7.832607e-09	2.363492e+01	5.103428e+02
4.770000e-06	3.207420e-06	7.801131e-09	2.337445e+01	5.078362e+02
4.780000e-06	3.171440e-06	7.764743e-09	2.311224e+01	5.052890e+02
4.790000e-06	3.135246e-06	7.725201e-09	2.284847e+01	5.026984e+02
4.800000e-06	3.098840e-06	7.682943e-09	2.258316e+01	5.000622e+02
4.810000e-06	3.062224e-06	7.641951e-09	2.231632e+01	4.973792e+02
4.820000e-06	3.025478e-06	7.598132e-09	2.204852e+01	4.946489e+02
4.830000e-06	2.988597e-06	7.555662e-09	2.177975e+01	4.918720e+02
4.840000e-06	2.951534e-06	7.513239e-09	2.150965e+01	4.890497e+02
4.850000e-06	2.914203e-06	7.469310e-09	2.123759e+01	4.861843e+02
4.860000e-06	2.876572e-06	7.424257e-09	2.096336e+01	4.832783e+02
4.870000e-06	2.838699e-06	7.379241e-09	2.068735e+01	4.803345e+02
4.880000e-06	2.800594e-06	7.334779e-09	2.040965e+01	4.773558e+02
4.890000e-06	2.762241e-06	7.291517e-09	2.013016e+01	4.743445e+02
4.900000e-06	2.723673e-06	7.247193e-09	1.984908e+01	4.713024e+02
4.910000e-06	2.684954e-06	7.199276e-09	1.956692e+01	4.682303e+02
4.920000e-06	2.646077e-06	7.150960e-09	1.928360e+01	4.651280e+02
4.930000e-06	2.607035e-06	7.101401e-09	1.899907e+01	4.619941e+02
4.940000e-06	2.567839e-06	7.051828e-09	1.871343e+01	4.588262e+02
4.950000e-06	2.528472e-06	7.002793e-09	1.842654e+01	4.556210e+02
4.960000e-06	2.488925e-06	6.954980e-09	1.813833e+01	4.523744e+02
4.970000e-06	2.449233e-06	6.905798e-09	1.784908e+01	4.490821e+02
4.980000e-06	2.409413e-06	6.859535e-09	1.755888e+01	4.457399e+02
4.990000e-06	2.369468e-06	6.811949e-09	1.726778e+01	4.423439e+02
5.000000e-06	2.329382e-06	6.762487e-09	1.697565e+01	4.388912e+02
5.010000e-06	2.289100e-06	6.708232e-09	1.668208e+01	4.353797e+02
5.020000e-06	2.248603e-06	6.648445e-09	1.638696e+01	4.318089e+02
5.030000e-06	2.207875e-06	6.587040e-09	1.609015e+01	4.281791e+02
5.040000e-06	2.166941e-06	6.527516e-09	1.579183e+01	4.244920e+02
5.050000e-06	2.125854e-06	6.471688e-09	1.549241e+01	4.207501e+02
5.060000e-06	2.084602e-06	6.417999e-09	1.519178e+01	4.169565e+02
5.070000e-06	2.043185e-06	6.367567e-09	1.488995e+01	4.131143e+02
5.080000e-06	2.001589e-06	6.316456e-09	1.458681e+01	4.092267e+02
5.090000e-06	1.959845e-06	6.260999e-09	1.428260e+01	4.052959e+02
5.100000e-06	1.917997e-06	6.195980e-09	1.397763e+01	4.013234e+02
5.110000e-06	1.876037e-06	6.127503e-09	1.367184e+01	3.973099e+02
5.120000e-06	1.833949e-06	6.059446e-09	1.336512e+01	3.932547e+02
5.130000e-06	1.791717e-06	5.995824e-09	1.305735e+01	3.891562e+02
5.140000e-06	1.749323e-06	5.935126e-09	1.274839e+01	3.850124e+02
5.150000e-06	1.706768e-06	5.875633e-09	1.243827e+01	3.808204e+02
5.160000e-06	1.664136e-06	5.815692e-09	1.212759e+01	3.765774e+02
5.170000e-06	1.621408e-06	5.751438e-09	1.181620e+01	3.722810e+02
5.180000e-06	1.578540e-06	5.684527e-09	1.150380e+01	3.679288e+02
5.190000e-06	1.535570e-06	5.617815e-09	1.119065e+01	3.635194e+02
5.200000e-06	1.492560e-06	5.550703e-09	1.087720e+01	3.590520e+02
5.210000e-06	1.449490e-06	5.482776e-09	1.056333e+01	3.545263e+02
5.220000e-06	1.406326e-06	5.416324e-09	1.024876e+01	3.499426e+02
5.230000e-06	1.363083e-06	5.349117e-09	9.933627e+00	3.453013e+02
5.240000e-06	1.319742e-06	5.280499e-09	9.617774e+00	3.406027e+02
5.250000e-06	1.276318e-06	5.209457e-09	9.301319e+00	3.358468e+02
5.260000e-06	1.232847e-06	5.135761e-09	8.984519e+00	3.310331e+02
5.270000e-06	1.189295e-06	5.059600e-09	8.667128e+00	3.261602e+02
5.280000e-06	1.145637e-06	4.982822e-09	8.348964e+00	3.212259e+02
5.290000e-06	1.101921e-06	4.906608e-09	8.030378e+00	3.162275e+02
5.300000e-06	1.058107e-06	4.830070e-09	7.711080e+00	3.111616e+02
5.310000e-06	1.014200e-06	4.751325e-09	7.391098e+00	3.060246e+02
5.320000e-06	9.702378e-07	4.672490e-09	7.070722e+00	3.008129e+02
5.330000e-06	9.262407e-07	4.592122e-09	6.750088e+00	2.955231e+02
5.340000e-06	8.821745e-07	4.509171e-09	6.428951e+00	2.901523e+02
5.350000e-06	8.380239e-07	4.425081e-09	6.107198e+00	2.846984e+02
5.360000e-06	7.938092e-07	4.339167e-09	5.784978e+00	2.791598e+02
5.370000e-06	7.495320e-07	4.254741e-09	5.462302e+00	2.735360e+02
5.380000e-06	7.052163e-07	4.170864e-09	5.139347e+00	2.678267e+02
5.390000e-06	6.608727e-07	4.087378e-09	4.816188e+00	2.620321e+02
5.400000e-06	6.164559e-07	4.001044e-09	4.492495e+00	2.561526e+02
5.410000e-06	5.719524e-07	3.908655e-09	4.168170e+00	2.501885e+02
5.420000e-06	5.274047e-07	3.810696e-09	3.843524e+00	2.441397e+02
5.430000e-06	4.828026e-07	3.710182e-09	3.518481e+00	2.380056e+02
5.440000e-06	4.381676e-07	3.609962e-09	3.193198e+00	2.317851e+02
5.450000e-06	3.935135e-07	3.511022e-09	2.867776e+00	2.254767e+02
5.460000e-06	3.488675e-07	3.412948e-09	2.542413e+00	2.190782e+02
5.470000e-06	3.042524e-07	3.314552e-09	2.217275e+00	2.125872e+02
5.480000e-06	2.596315e-07	3.218426e-09	1.892095e+00	2.060012e+02
5.490000e-06	2.149765e-07	3.123433e-09	1.566667e+00	1.993178e+02
5.500000e-06	1.702932e-07	3.023198e-09	1.241032e+00	1.925347e+02
5.510000e-06	1.255936e-07	2.914793e-09	9.152783e-01	1.856500e+02
5.520000e-06	8.089297e-08	2.802137e-09	5.895170e-01	1.786622e+02
5.530000e-06	3.619290e-08	2.688242e-09	2.637600e-01	1.715701e+02
5.540000e-06	-8.496310e-09	2.575037e-09	-6.191786e-02	1.643730e+02
5.550000e-06	-5.321086e-08	2.459709e-09	-3.877804e-01	1.570700e+02
5.560000e-06	-9.791698e-08	2.344415e-09	-7.135815e-01	1.496609e+02
5.570000e-06	-1.426067e-07	2.231727e-09	-1.039263e+00	1.421449e+02
5.580000e-06	-1.873234e-07	2.120169e-09	-1.365142e+00	1.345215e+02
5.590000e-06	-2.320318e-07	2.005109e-09	-1.690959e+00	1.267899e+02
5.600000e-06	-2.767085e-07	1.885529e-09	-2.016546e+00	1.189492e+02
5.610000e-06	-3.213219e-07	1.764405e-09	-2.341671e+00	1.109983e+02
5.620000e-06	-3.658966e-07	1.640503e-09	-2.666514e+00	1.029366e+02
5.630000e-06	-4.104697e-07	1.510815e-09	-2.991346e+00	9.476306e+01
5.640000e-06	-4.550059e-07	1.375332e-09	-3.315909e+00	8.647744e+01
5.650000e-06	-4.995013e-07	1.241234e-09	-3.640174e+00	7.807967e+01
5.660000e-06	-5.439917e-07	1.113436e-09	-3.964403e+00	6.957022e+01
5.670000e-06	-5.884560e-07	9.874856e-10	-4.288443e+00	6.095006e+01
5.680000e-06	-6.328542e-07	8.588572e-10	-4.612000e+00	5.222066e+01
5.690000e-06	-6.771927e-07	7.263770e-10	-4.935122e+00	4.338391e+01
5.700000e-06	-7.214604e-07	5.922802e-10	-5.257728e+00	3.444206e+01
5.710000e-06	-7.656794e-07	4.558525e-10	-5.579979e+00	2.539763e+01
5.720000e-06	-8.098464e-07	3.120640e-10	-5.901851e+00	1.625333e+01
5.730000e-06	-8.539115e-07	1.629567e-10	-6.222981e+00	7.012048e+00
5.740000e-06	-8.978788e-07	1.355524e-11	-6.543397e+00	-2.323170e+00
5.750000e-06	-9.417594e-07	-1.312150e-10	-6.863182e+00	-1.174902e+01
5.760000e-06	-9.855682e-07	-2.725802e-10	-7.182444e+00	-2.126183e+01
5.770000e-06	-1.029312e-06	-4.133677e-10	-7.501230e+00	-3.085741e+01
5.780000e-06	-1.072997e-06	-5.558410e-10	-7.819591e+00	-4.053086e+01
5.790000e-06	-1.116616e-06	-7.008319e-10	-8.137469e+00	-5.027640e+01
5.800000e-06	-1.160171e-06	-8.485187e-10	-8.454884e+00	-6.008721e+01
5.810000e-06	-1.203677e-06	-1.000048e-09	-8.771940e+00	-6.995535e+01
5.820000e-06	-1.247118e-06	-1.154771e-09	-9.088516e+00	-7.987170e+01
5.830000e-06	-1.290491e-06	-1.311263e-09	-9.404607e+00	-8.982601e+01
5.840000e-06	-1.333826e-06	-1.468204e-09	-9.720411e+00	-9.980704e+01
5.850000e-06	-1.377095e-06	-1.622153e-09	-1.003574e+01	-1.098027e+02
5.860000e-06	-1.420243e-06	-1.771139e-09	-1.035019e+01	-1.198003e+02
5.870000e-06	-1.463278e-06	-1.917025e-09	-1.066381e+01	-1.297868e+02
5.880000e-06	-1.506207e-06	-2.063080e-09	-1.097666e+01	-1.397491e+02
5.890000e-06	-1.549043e-06	-2.213061e-09	-1.128883e+01	-1.496742e+02
5.900000e-06	-1.591782e-06	-2.365852e-09	-1.160030e+01	-1.595497e+02
5.910000e-06	-1.634407e-06	-2.519461e-09	-1.191093e+01	-1.693636e+02
5.920000e-06	-1.676946e-06	-2.673813e-09	-1.222094e+01	-1.791045e+02
5.930000e-06	-1.719380e-06	-2.824986e-09	-1.253019e+01	-1.887618e+02
5.940000e-06	-1.761718e-06	-2.971478e-09	-1.283873e+01	-1.983258e+02
5.950000e-06	-1.803960e-06	-3.115336e-09	-1.314657e+01	-2.077873e+02
5.960000e-06	-1.846075e-06	-3.255468e-09	-1.345349e+01	-2.171379e+02
5.970000e-06	-1.888052e-06	-3.394455e-09	-1.375940e+01	-2.263698e+02
5.980000e-06	-1.929904e-06	-3.534255e-09	-1.406440e+01	-2.354760e+02
5.990000e-06	-1.971633e-06	-3.672750e-09	-1.436851e+01	-2.444498e+02
6.000000e-06	-2.013194e-06	-3.807164e-09	-1.467139e+01	-2.532853e+02
6.010000e-06	-2.054572e-06	-3.939299e-09	-1.497293e+01	-2.619770e+02
6.020000e-06	-2.095713e-06	-4.071540e-09	-1.527275e+01	-2.705202e+02
6.030000e-06	-2.136621e-06	-4.202228e-09	-1.557088e+01	-2.789107e+02
6.040000e-06	-2.177385e-06	-4.330989e-09	-1.586795e+01	-2.871450e+02
6.050000e-06	-2.217983e-06	-4.459526e-09	-1.616381e+01	-2.952203e+02
6.060000e-06	-2.258393e-06	-4.589619e-09	-1.645831e+01	-3.031345e+02
6.070000e-06	-2.298657e-06	-4.717033e-09	-1.675173e+01	-3.108861e+02
6.080000e-06	-2.338794e-06	-4.837527e-09	-1.704423e+01	-3.184743e+02
6.090000e-06	-2.378780e-06	-4.947355e-09	-1.733564e+01	-3.258991e+02
6.100000e-06	-2.418586e-06	-5.054380e-09	-1.762573e+01	-3.331606e+02
6.110000e-06	-2.458209e-06	-5.162310e-09	-1.791449e+01	-3.402600e+02
6.120000e-06	-2.497684e-06	-5.270665e-09	-1.820216e+01	-3.471986e+02
6.130000e-06	-2.536989e-06	-5.377840e-09	-1.848861e+01	-3.539783e+02
6.140000e-06	-2.576131e-06	-5.484464e-09	-1.877386e+01	-3.606013e+02
6.150000e-06	-2.615101e-06	-5.591557e-09	-1.905786e+01	-3.670703e+02
6.160000e-06	-2.653882e-06	-5.693437e-09	-1.934048e+01	-3.733882e+02
6.170000e-06	-2.692526e-06	-5.790355e-09	-1.962210e+01	-3.795585e+02
6.180000e-06	-2.731032e-06	-5.884255e-09	-1.990272e+01	-3.855850e+02
6.190000e-06	-2.769371e-06	-5.976365e-09	-2.018212e+01	-3.914715e+02
6.200000e-06	-2.807467e-06	-6.061529e-09	-2.045975e+01	-3.972225e+02
6.210000e-06	-2.845267e-06	-6.142516e-09	-2.073522e+01	-4.028425e+02
6.220000e-06	-2.882821e-06	-6.221562e-09	-2.100890e+01	-4.083362e+02
6.230000e-06	-2.920166e-06	-6.306651e-09	-2.128106e+01	-4.137083e+02
6.240000e-06	-2.957271e-06	-6.395215e-09	-2.155146e+01	-4.189636e+02
6.250000e-06	-2.994161e-06	-6.480085e-09	-2.182030e+01	-4.241065e+02
6.260000e-06	-3.030848e-06	-6.559781e-09	-2.208766e+01	-4.291414e+02
6.270000e-06	-3.067321e-06	-6.634671e-09	-2.235346e+01	-4.340721e+02
6.280000e-06	-3.103573e-06	-6.705783e-09	-2.261765e+01	-4.389020e+02
6.290000e-06	-3.139585e-06	-6.772899e-09	-2.288010e+01	-4.436339e+02
6.300000e-06	-3.175400e-06	-6.837080e-09	-2.314110e+01	-4.482699e+02
6.310000e-06	-3.211013e-06	-6.901424e-09	-2.340063e+01	-4.528116e+02
6.320000e-06	-3.246438e-06	-6.971787e-09	-2.365880e+01	-4.572600e+02
6.330000e-06	-3.281704e-06	-7.045733e-09	-2.391580e+01	-4.616155e+02
6.340000e-06	-3.316738e-06	-7.117032e-09	-2.417112e+01	-4.658783e+02
6.350000e-06	-3.351481e-06	-7.184274e-09	-2.442431e+01	-4.700482e+02
6.360000e-06	-3.385923e-06	-7.252877e-09	-2.467531e+01	-4.741250e+02
6.370000e-06	-3.420072e-06	-7.318497e-09	-2.492418e+01	-4.781087e+02
6.380000e-06	-3.453975e-06	-7.376550e-09	-2.517125e+01	-4.819993e+02
6.390000e-06	-3.487647e-06	-7.428192e-09	-2.541664e+01	-4.857974e+02
6.400000e-06	-3.521095e-06	-7.480778e-09	-2.566040e+01	-4.895043e+02
6.410000e-06	-3.554312e-06	-7.538562e-09	-2.590247e+01	-4.931217e+02
6.420000e-06	-3.587304e-06	-7.598347e-09	-2.614290e+01	-4.966517e+02
6.430000e-06	-3.620058e-06	-7.655405e-09	-2.638160e+01	-5.000973e+02
6.440000e-06	-3.652557e-06	-7.711299e-09	-2.661844e+01	-5.034617e+02
6.450000e-06	-3.684829e-06	-7.766334e-09	-2.685362e+01	-5.067484e+02
6.460000e-06	-3.716909e-06	-7.819341e-09	-2.708741e+01	-5.099609e+02
6.470000e-06	-3.748768e-06	-7.869049e-09	-2.731959e+01	-5.131028e+02
6.480000e-06	-3.780309e-06	-7.916640e-09	-2.754945e+01	-5.161771e+02
6.490000e-06	-3.811489e-06	-7.962748e-09	-2.777667e+01	-5.191869e+02
6.500000e-06	-3.842306e-06	-8.010582e-09	-2.800125e+01	-5.221342e+02
6.510000e-06	-3.872778e-06	-8.060411e-09	-2.822332e+01	-5.250209e+02
6.520000e-06	-3.902957e-06	-8.105203e-09	-2.844326e+01	-5.278482e+02
6.530000e-06	-3.932889e-06	-8.149158e-09	-2.866139e+01	-5.306170e+02
6.540000e-06	-3.962532e-06	-8.194537e-09	-2.887742e+01	-5.333279e+02
6.550000e-06	-3.991852e-06	-8.239470e-09	-2.909109e+01	-5.359814e+02
6.560000e-06	-4.020916e-06	-8.282426e-09	-2.930290e+01	-5.385779e+02
6.570000e-06	-4.049758e-06	-8.323049e-09	-2.951309e+01	-5.411182e+02
6.580000e-06	-4.078333e-06	-8.362123e-09	-2.972133e+01	-5.436031e+02
6.590000e-06	-4.106558e-06	-8.403312e-09	-2.992703e+01	-5.460340e+02
6.600000e-06	-4.134417e-06	-8.443048e-09	-3.013005e+01	-5.484124e+02
6.610000e-06	-4.161967e-06	-8.479026e-09	-3.033083e+01	-5.507400e+02
6.620000e-06	-4.189223e-06	-8.512590e-09	-3.052945e+01	-5.530187e+02
6.630000e-06	-4.216191e-06	-8.545470e-09	-3.072599e+01	-5.552500e+02
6.640000e-06	-4.242921e-06	-8.578781e-09	-3.092078e+01	-5.574356e+02
6.650000e-06	-4.269384e-06	-8.611836e-09	-3.111363e+01	-5.595767e+02
6.660000e-06	-4.295513e-06	-8.647911e-09	-3.130406e+01	-5.616739e+02
6.670000e-06	-4.321370e-06	-8.687907e-09	-3.149250e+01	-5.637276e+02
6.680000e-06	-4.346970e-06	-8.725009e-09	-3.167905e+01	-5.657379e+02
6.690000e-06	-4.372211e-06	-8.754998e-09	-3.186300e+01	-5.677043e+02
6.700000e-06	-4.397074e-06	-8.781863e-09	-3.204419e+01	-5.696267e+02
6.710000e-06	-4.421567e-06	-8.807244e-09	-3.222269e+01	-5.715048e+02
6.720000e-06	-4.445751e-06	-8.833583e-09	-3.239893e+01	-5.733389e+02
6.730000e-06	-4.469664e-06	-8.860772e-09	-3.257320e+01	-5.751294e+02
6.740000e-06	-4.493291e-06	-8.888457e-09	-3.274539e+01	-5.768778e+02
6.750000e-06	-4.516607e-06	-8.918346e-09	-3.291531e+01	-5.785856e+02
6.760000e-06	-4.539604e-06	-8.949689e-09	-3.308290e+01	-5.802553e+02
6.770000e-06	-4.562335e-06	-8.978655e-09	-3.324856e+01	-5.818893e+02
6.780000e-06	-4.584754e-06	-9.004295e-09	-3.341193e+01	-5.834904e+02
6.790000e-06	-4.606818e-06	-9.028206e-09	-3.357273e+01	-5.850610e+02
6.800000e-06	-4.628474e-06	-9.050609e-09	-3.373055e+01	-5.866029e+02
6.810000e-06	-4.649660e-06	-9.072606e-09	-3.388495e+01	-5.881174e+02
6.820000e-06	-4.670494e-06	-9.094461e-09	-3.403677e+01	-5.896049e+02
6.830000e-06	-4.690988e-06	-9.116286e-09	-3.418613e+01	-5.910645e+02
6.840000e-06	-4.711097e-06	-9.139417e-09	-3.433268e+01	-5.924947e+02
6.850000e-06	-4.730809e-06	-9.164728e-09	-3.447633e+01	-5.938933e+02
6.860000e-06	-4.750037e-06	-9.188870e-09	-3.461645e+01	-5.952573e+02
6.870000e-06	-4.768864e-06	-9.208830e-09	-3.475366e+01	-5.965837e+02
6.880000e-06	-4.787415e-06	-9.225834e-09	-3.488885e+01	-5.978699e+02
6.890000e-06	-4.805682e-06	-9.242264e-09	-3.502198e+01	-5.991137e+02
6.900000e-06	-4.823657e-06	-9.257346e-09	-3.515297e+01	-6.003138e+02
6.910000e-06	-4.841373e-06	-9.272267e-09	-3.528208e+01	-6.014700e+02
6.920000e-06	-4.858812e-06	-9.289487e-09	-3.540916e+01	-6.025833e+02
6.930000e-06	-4.875917e-06	-9.307616e-09	-3.553382e+01	-6.036556e+02
6.940000e-06	-4.892662e-06	-9.326166e-09	-3.565585e+01	-6.046902e+02
6.950000e-06	-4.909085e-06	-9.344867e-09	-3.577554e+01	-6.056906e+02
6.960000e-06	-4.925244e-06	-9.359653e-09	-3.589330e+01	-6.066608e+02
6.970000e-06	-4.941083e-06	-9.369510e-09	-3.600872e+01	-6.076047e+02
6.980000e-06	-4.956506e-06	-9.379200e-09	-3.612112e+01	-6.085259e+02
6.990000e-06	-4.971491e-06	-9.390645e-09	-3.623032e+01	-6.094272e+02
7.000000e-06	-4.986122e-06	-9.403246e-09	-3.633695e+01	-6.103105e+02
7.010000e-06	-5.000445e-06	-9.414954e-09	-3.644133e+01	-6.111764e+02
7.020000e-06	-5.014449e-06	-9.426925e-09	-3.654339e+01	-6.120250e+02
7.030000e-06	-5.028109e-06	-9.439703e-09	-3.664294e+01	-6.128550e+02
7.040000e-06	-5.041400e-06	-9.452357e-09	-3.673980e+01	-6.136648e+02
7.050000e-06	-5.054397e-06	-9.464265e-09	-3.683452e+01	-6.144521e+02
7.060000e-06	-5.067068e-06	-9.474590e-09	-3.692686e+01	-6.152148e+02
7.070000e-06	-5.079315e-06	-9.484837e-09	-3.701610e+01	-6.159507e+02
7.080000e-06	-5.091103e-06	-9.495064e-09	-3.710201e+01	-6.166584e+02
7.090000e-06	-5.102498e-06	-9.503870e-09	-3.718505e+01	-6.173368e+02
7.100000e-06	-5.113597e-06	-9.510449e-09	-3.726594e+01	-6.179859e+02
7.110000e-06	-5.124365e-06	-9.517885e-09	-3.734441e+01	-6.186062e+02
7.120000e-06	-5.134760e-06	-9.527242e-09	-3.742017e+01	-6.191991e+02
7.130000e-06	-5.144787e-06	-9.536108e-09	-3.749324e+01	-6.197665e+02
7.140000e-06	-5.154496e-06	-9.544293e-09	-3.756399e+01	-6.203106e+02
7.150000e-06	-5.163902e-06	-9.552760e-09	-3.763255e+01	-6.208341e+02
7.160000e-06	-5.172890e-06	-9.561940e-09	-3.769804e+01	-6.213391e+02
7.170000e-06	-5.181407e-06	-9.570492e-09	-3.776011e+01	-6.218280e+02
7.180000e-06	-5.189546e-06	-9.577376e-09	-3.781943e+01	-6.223021e+02
7.190000e-06	-5.197377e-06	-9.581221e-09	-3.787650e+01	-6.227626e+02
7.200000e-06	-5.204877e-06	-9.582789e-09	-3.793115e+01	-6.232095e+02
7.210000e-06	-5.212002e-06	-9.584894e-09	-3.798308e+01	-6.236424e+02
7.220000e-06	-5.218807e-06	-9.588105e-09	-3.803267e+01	-6.240597e+02
7.230000e-06	-5.225319e-06	-9.592568e-09	-3.808013e+01	-6.244596e+02
7.240000e-06	-5.231443e-06	-9.597368e-09	-3.812475e+01	-6.248396e+02
7.250000e-06	-5.237054e-06	-9.603547e-09	-3.816565e+01	-6.251967e+02
7.260000e-06	-5.242149e-06	-9.610489e-09	-3.820278e+01	-6.255283e+02
7.270000e-06	-5.246834e-06	-9.615075e-09	-3.823692e+01	-6.258317e+02
7.280000e-06	-5.251155e-06	-9.616690e-09	-3.826841e+01	-6.261049e+02
7.290000e-06	-5.255139e-06	-9.615542e-09	-3.829745e+01	-6.263463e+02
7.300000e-06	-5.258783e-06	-9.616365e-09	-3.832400e+01	-6.265556e+02
7.310000e-06	-5.262064e-06	-9.618444e-09	-3.834791e+01	-6.267333e+02
7.320000e-06	-5.265012e-06	-9.620265e-09	-3.836940e+01	-6.268809e+02
7.330000e-06	-5.267508e-06	-9.622272e-09	-3.838759e+01	-6.270008e+02
7.340000e-06	-5.269535e-06	-9.624539e-09	-3.840236e+01	-6.270963e+02
7.350000e-06	-5.271221e-06	-9.624742e-09	-3.841464e+01	-6.271709e+02
7.360000e-06	-5.272569e-06	-9.620714e-09	-3.842447e+01	-6.272283e+02
7.370000e-06	-5.273607e-06	-9.617051e-09	-3.843203e+01	-6.272719e+02
7.380000e-06	-5.274281e-06	-9.617018e-09	-3.843694e+01	-6.273044e+02
