# Temperatura_=_20.0
# Concentracion g/m^3_=_10000.0
# C_Vs_to_Am_M_A/Vsm_=_65563218390.804596
# pendiente_HvsI_1/m_=_3716.3
# ordenada_HvsI_A/m_=_1297.0
# frecuencia_Hz_=_135357.59692780208

Tiempo_(s)	Campo_(V.s)	Magnetizacion_(V.s)	Campo_(kA/m)	Magnetizacion_(A/m)
0.000000e+00	-5.266307e-06	-9.564035e-09	-3.843970e+01	-6.249082e+02
1.000000e-08	-5.266395e-06	-9.568694e-09	-3.844034e+01	-6.249669e+02
2.000000e-08	-5.266196e-06	-9.570569e-09	-3.843890e+01	-6.250010e+02
3.000000e-08	-5.265549e-06	-9.566829e-09	-3.843417e+01	-6.250053e+02
4.000000e-08	-5.264434e-06	-9.559096e-09	-3.842603e+01	-6.249746e+02
5.000000e-08	-5.262984e-06	-9.549970e-09	-3.841545e+01	-6.249048e+02
6.000000e-08	-5.261250e-06	-9.543916e-09	-3.840279e+01	-6.247941e+02
7.000000e-08	-5.259177e-06	-9.541524e-09	-3.838766e+01	-6.246426e+02
8.000000e-08	-5.256754e-06	-9.537135e-09	-3.836998e+01	-6.244536e+02
9.000000e-08	-5.253850e-06	-9.553157e-09	-3.834878e+01	-6.242329e+02
1.000000e-07	-5.250145e-06	-9.579358e-09	-3.832173e+01	-6.239888e+02
1.100000e-07	-5.245615e-06	-9.544807e-09	-3.828867e+01	-6.237312e+02
1.200000e-07	-5.240852e-06	-9.489512e-09	-3.825390e+01	-6.234706e+02
1.300000e-07	-5.236222e-06	-9.545950e-09	-3.822011e+01	-6.232171e+02
1.400000e-07	-5.231257e-06	-9.571291e-09	-3.818387e+01	-6.229790e+02
1.500000e-07	-5.225644e-06	-9.506053e-09	-3.814290e+01	-6.227620e+02
1.600000e-07	-5.219663e-06	-9.445012e-09	-3.809924e+01	-6.225681e+02
1.700000e-07	-5.213516e-06	-9.534838e-09	-3.805438e+01	-6.223953e+02
1.800000e-07	-5.206831e-06	-9.531563e-09	-3.800558e+01	-6.222378e+02
1.900000e-07	-5.199590e-06	-9.469128e-09	-3.795273e+01	-6.220861e+02
2.000000e-07	-5.192210e-06	-9.482107e-09	-3.789885e+01	-6.219282e+02
2.100000e-07	-5.184607e-06	-9.544736e-09	-3.784336e+01	-6.217509e+02
2.200000e-07	-5.176521e-06	-9.492185e-09	-3.778434e+01	-6.215408e+02
2.300000e-07	-5.168133e-06	-9.471323e-09	-3.772312e+01	-6.212860e+02
2.400000e-07	-5.159539e-06	-9.525725e-09	-3.766039e+01	-6.209772e+02
2.500000e-07	-5.150460e-06	-9.501877e-09	-3.759412e+01	-6.206089e+02
2.600000e-07	-5.140888e-06	-9.429626e-09	-3.752425e+01	-6.201794e+02
2.700000e-07	-5.131044e-06	-9.461461e-09	-3.745240e+01	-6.196911e+02
2.800000e-07	-5.120787e-06	-9.514553e-09	-3.737753e+01	-6.191500e+02
2.900000e-07	-5.110035e-06	-9.413509e-09	-3.729905e+01	-6.185648e+02
3.000000e-07	-5.098970e-06	-9.398998e-09	-3.721828e+01	-6.179457e+02
3.100000e-07	-5.087614e-06	-9.451137e-09	-3.713539e+01	-6.173029e+02
3.200000e-07	-5.075910e-06	-9.447221e-09	-3.704997e+01	-6.166459e+02
3.300000e-07	-5.063886e-06	-9.368062e-09	-3.696220e+01	-6.159816e+02
3.400000e-07	-5.051554e-06	-9.409693e-09	-3.687219e+01	-6.153142e+02
3.500000e-07	-5.038878e-06	-9.387962e-09	-3.677966e+01	-6.146447e+02
3.600000e-07	-5.025952e-06	-9.368126e-09	-3.668531e+01	-6.139710e+02
3.700000e-07	-5.012670e-06	-9.376679e-09	-3.658836e+01	-6.132883e+02
3.800000e-07	-4.998866e-06	-9.373056e-09	-3.648761e+01	-6.125905e+02
3.900000e-07	-4.984580e-06	-9.322141e-09	-3.638333e+01	-6.118705e+02
4.000000e-07	-4.969931e-06	-9.342463e-09	-3.627641e+01	-6.111219e+02
4.100000e-07	-4.954867e-06	-9.345609e-09	-3.616645e+01	-6.103398e+02
4.200000e-07	-4.939453e-06	-9.305187e-09	-3.605394e+01	-6.095213e+02
4.300000e-07	-4.923771e-06	-9.283447e-09	-3.593948e+01	-6.086661e+02
4.400000e-07	-4.907802e-06	-9.262322e-09	-3.582291e+01	-6.077763e+02
4.500000e-07	-4.891547e-06	-9.256747e-09	-3.570427e+01	-6.068561e+02
4.600000e-07	-4.874981e-06	-9.249618e-09	-3.558335e+01	-6.059111e+02
4.700000e-07	-4.857966e-06	-9.227900e-09	-3.545915e+01	-6.049475e+02
4.800000e-07	-4.840499e-06	-9.195970e-09	-3.533166e+01	-6.039706e+02
4.900000e-07	-4.822693e-06	-9.219182e-09	-3.520168e+01	-6.029850e+02
5.000000e-07	-4.804512e-06	-9.202544e-09	-3.506898e+01	-6.019928e+02
5.100000e-07	-4.785929e-06	-9.173669e-09	-3.493334e+01	-6.009942e+02
5.200000e-07	-4.767005e-06	-9.149629e-09	-3.479521e+01	-5.999870e+02
5.300000e-07	-4.747788e-06	-9.142685e-09	-3.465494e+01	-5.989673e+02
5.400000e-07	-4.728133e-06	-9.126006e-09	-3.451148e+01	-5.979297e+02
5.500000e-07	-4.707986e-06	-9.114748e-09	-3.436442e+01	-5.968687e+02
5.600000e-07	-4.687400e-06	-9.078197e-09	-3.421416e+01	-5.957790e+02
5.700000e-07	-4.666432e-06	-9.061142e-09	-3.406111e+01	-5.946566e+02
5.800000e-07	-4.645153e-06	-9.065249e-09	-3.390579e+01	-5.934994e+02
5.900000e-07	-4.623575e-06	-9.047153e-09	-3.374829e+01	-5.923072e+02
6.000000e-07	-4.601658e-06	-9.012015e-09	-3.358831e+01	-5.910822e+02
6.100000e-07	-4.579456e-06	-8.989493e-09	-3.342626e+01	-5.898282e+02
6.200000e-07	-4.557023e-06	-8.978331e-09	-3.326251e+01	-5.885503e+02
6.300000e-07	-4.534251e-06	-8.957201e-09	-3.309630e+01	-5.872539e+02
6.400000e-07	-4.510979e-06	-8.929716e-09	-3.292643e+01	-5.859444e+02
6.500000e-07	-4.487277e-06	-8.895978e-09	-3.275343e+01	-5.846257e+02
6.600000e-07	-4.463293e-06	-8.883685e-09	-3.257836e+01	-5.833003e+02
6.700000e-07	-4.439014e-06	-8.875068e-09	-3.240114e+01	-5.819687e+02
6.800000e-07	-4.414434e-06	-8.855340e-09	-3.222174e+01	-5.806291e+02
6.900000e-07	-4.389588e-06	-8.823361e-09	-3.204037e+01	-5.792781e+02
7.000000e-07	-4.364437e-06	-8.802900e-09	-3.185680e+01	-5.779112e+02
7.100000e-07	-4.338998e-06	-8.788398e-09	-3.167111e+01	-5.765229e+02
7.200000e-07	-4.313343e-06	-8.770129e-09	-3.148385e+01	-5.751080e+02
7.300000e-07	-4.287373e-06	-8.739350e-09	-3.129430e+01	-5.736621e+02
7.400000e-07	-4.260937e-06	-8.708276e-09	-3.110133e+01	-5.721821e+02
7.500000e-07	-4.234104e-06	-8.686734e-09	-3.090547e+01	-5.706665e+02
7.600000e-07	-4.207039e-06	-8.667235e-09	-3.070792e+01	-5.691157e+02
7.700000e-07	-4.179754e-06	-8.638996e-09	-3.050876e+01	-5.675316e+02
7.800000e-07	-4.152154e-06	-8.610429e-09	-3.030731e+01	-5.659173e+02
7.900000e-07	-4.124211e-06	-8.590805e-09	-3.010334e+01	-5.642765e+02
8.000000e-07	-4.095996e-06	-8.570861e-09	-2.989740e+01	-5.626130e+02
8.100000e-07	-4.067546e-06	-8.542166e-09	-2.968974e+01	-5.609299e+02
8.200000e-07	-4.038847e-06	-8.505963e-09	-2.948026e+01	-5.592294e+02
8.300000e-07	-4.009828e-06	-8.474755e-09	-2.926844e+01	-5.575122e+02
8.400000e-07	-3.980441e-06	-8.450845e-09	-2.905394e+01	-5.557776e+02
8.500000e-07	-3.950688e-06	-8.426465e-09	-2.883677e+01	-5.540232e+02
8.600000e-07	-3.920600e-06	-8.394014e-09	-2.861715e+01	-5.522459e+02
8.700000e-07	-3.890222e-06	-8.361597e-09	-2.839542e+01	-5.504418e+02
8.800000e-07	-3.859553e-06	-8.334986e-09	-2.817156e+01	-5.486065e+02
8.900000e-07	-3.828633e-06	-8.309826e-09	-2.794587e+01	-5.467365e+02
9.000000e-07	-3.797470e-06	-8.277017e-09	-2.771841e+01	-5.448285e+02
9.100000e-07	-3.765940e-06	-8.239550e-09	-2.748826e+01	-5.428806e+02
9.200000e-07	-3.733988e-06	-8.206757e-09	-2.725503e+01	-5.408919e+02
9.300000e-07	-3.701713e-06	-8.180204e-09	-2.701946e+01	-5.388625e+02
9.400000e-07	-3.669231e-06	-8.150283e-09	-2.678236e+01	-5.367937e+02
9.500000e-07	-3.636525e-06	-8.113090e-09	-2.654363e+01	-5.346871e+02
9.600000e-07	-3.603527e-06	-8.077455e-09	-2.630278e+01	-5.325449e+02
9.700000e-07	-3.570276e-06	-8.046450e-09	-2.606008e+01	-5.303689e+02
9.800000e-07	-3.536860e-06	-8.016493e-09	-2.581617e+01	-5.281610e+02
9.900000e-07	-3.503284e-06	-7.982328e-09	-2.557109e+01	-5.259221e+02
1.000000e-06	-3.469564e-06	-7.947080e-09	-2.532496e+01	-5.236527e+02
1.010000e-06	-3.435655e-06	-7.914560e-09	-2.507745e+01	-5.213527e+02
1.020000e-06	-3.401465e-06	-7.881587e-09	-2.482789e+01	-5.190214e+02
1.030000e-06	-3.367039e-06	-7.841960e-09	-2.457661e+01	-5.166579e+02
1.040000e-06	-3.332364e-06	-7.797568e-09	-2.432352e+01	-5.142612e+02
1.050000e-06	-3.297447e-06	-7.756983e-09	-2.406865e+01	-5.118304e+02
1.060000e-06	-3.262360e-06	-7.722075e-09	-2.381254e+01	-5.093646e+02
1.070000e-06	-3.227057e-06	-7.685337e-09	-2.355486e+01	-5.068633e+02
1.080000e-06	-3.191504e-06	-7.645493e-09	-2.329535e+01	-5.043265e+02
1.090000e-06	-3.155654e-06	-7.606495e-09	-2.303368e+01	-5.017540e+02
1.100000e-06	-3.119484e-06	-7.567710e-09	-2.276966e+01	-4.991458e+02
1.110000e-06	-3.083034e-06	-7.527084e-09	-2.250361e+01	-4.965018e+02
1.120000e-06	-3.046395e-06	-7.484055e-09	-2.223618e+01	-4.938215e+02
1.130000e-06	-3.009631e-06	-7.440045e-09	-2.196783e+01	-4.911045e+02
1.140000e-06	-2.972667e-06	-7.399145e-09	-2.169802e+01	-4.883495e+02
1.150000e-06	-2.935477e-06	-7.361320e-09	-2.142656e+01	-4.855553e+02
1.160000e-06	-2.898088e-06	-7.320704e-09	-2.115366e+01	-4.827205e+02
1.170000e-06	-2.860484e-06	-7.277014e-09	-2.087918e+01	-4.798436e+02
1.180000e-06	-2.822663e-06	-7.231724e-09	-2.060311e+01	-4.769234e+02
1.190000e-06	-2.784644e-06	-7.186296e-09	-2.032561e+01	-4.739590e+02
1.200000e-06	-2.746452e-06	-7.139146e-09	-2.004684e+01	-4.709501e+02
1.210000e-06	-2.708129e-06	-7.089082e-09	-1.976711e+01	-4.678967e+02
1.220000e-06	-2.669635e-06	-7.038410e-09	-1.948614e+01	-4.647996e+02
1.230000e-06	-2.630886e-06	-6.992160e-09	-1.920331e+01	-4.616598e+02
1.240000e-06	-2.591843e-06	-6.947512e-09	-1.891832e+01	-4.584784e+02
1.250000e-06	-2.552557e-06	-6.898840e-09	-1.863156e+01	-4.552567e+02
1.260000e-06	-2.513063e-06	-6.845100e-09	-1.834329e+01	-4.519955e+02
1.270000e-06	-2.473360e-06	-6.790031e-09	-1.805349e+01	-4.486953e+02
1.280000e-06	-2.433519e-06	-6.737981e-09	-1.776268e+01	-4.453559e+02
1.290000e-06	-2.393578e-06	-6.689666e-09	-1.747115e+01	-4.419766e+02
1.300000e-06	-2.353518e-06	-6.640244e-09	-1.717874e+01	-4.385559e+02
1.310000e-06	-2.313289e-06	-6.589582e-09	-1.688510e+01	-4.350920e+02
1.320000e-06	-2.272886e-06	-6.538565e-09	-1.659019e+01	-4.315828e+02
1.330000e-06	-2.232311e-06	-6.486476e-09	-1.629403e+01	-4.280261e+02
1.340000e-06	-2.191523e-06	-6.431632e-09	-1.599631e+01	-4.244201e+02
1.350000e-06	-2.150563e-06	-6.371628e-09	-1.569734e+01	-4.207634e+02
1.360000e-06	-2.109476e-06	-6.308934e-09	-1.539744e+01	-4.170551e+02
1.370000e-06	-2.068266e-06	-6.246438e-09	-1.509664e+01	-4.132950e+02
1.380000e-06	-2.026946e-06	-6.184904e-09	-1.479504e+01	-4.094837e+02
1.390000e-06	-1.985515e-06	-6.124714e-09	-1.449263e+01	-4.056220e+02
1.400000e-06	-1.943972e-06	-6.068698e-09	-1.418939e+01	-4.017111e+02
1.410000e-06	-1.902336e-06	-6.013904e-09	-1.388549e+01	-3.977522e+02
1.420000e-06	-1.860567e-06	-5.957481e-09	-1.358061e+01	-3.937462e+02
1.430000e-06	-1.818618e-06	-5.895041e-09	-1.327441e+01	-3.896938e+02
1.440000e-06	-1.776490e-06	-5.828970e-09	-1.296692e+01	-3.855948e+02
1.450000e-06	-1.734161e-06	-5.761904e-09	-1.265795e+01	-3.814484e+02
1.460000e-06	-1.691631e-06	-5.694421e-09	-1.234752e+01	-3.772534e+02
1.470000e-06	-1.648905e-06	-5.626619e-09	-1.203565e+01	-3.730078e+02
1.480000e-06	-1.606023e-06	-5.559235e-09	-1.172265e+01	-3.687096e+02
1.490000e-06	-1.563051e-06	-5.493142e-09	-1.140899e+01	-3.643563e+02
1.500000e-06	-1.519996e-06	-5.427034e-09	-1.109472e+01	-3.599461e+02
1.510000e-06	-1.476882e-06	-5.359322e-09	-1.078002e+01	-3.554771e+02
1.520000e-06	-1.433721e-06	-5.287594e-09	-1.046498e+01	-3.509482e+02
1.530000e-06	-1.390484e-06	-5.213158e-09	-1.014939e+01	-3.463588e+02
1.540000e-06	-1.347174e-06	-5.140197e-09	-9.833258e+00	-3.417090e+02
1.550000e-06	-1.303766e-06	-5.067309e-09	-9.516416e+00	-3.369991e+02
1.560000e-06	-1.260283e-06	-4.993272e-09	-9.199025e+00	-3.322297e+02
1.570000e-06	-1.216725e-06	-4.918450e-09	-8.881090e+00	-3.274016e+02
1.580000e-06	-1.173045e-06	-4.843272e-09	-8.562266e+00	-3.225151e+02
1.590000e-06	-1.129257e-06	-4.768812e-09	-8.242643e+00	-3.175702e+02
1.600000e-06	-1.085404e-06	-4.694184e-09	-7.922555e+00	-3.125662e+02
1.610000e-06	-1.041480e-06	-4.617979e-09	-7.601947e+00	-3.075015e+02
1.620000e-06	-9.974766e-07	-4.540386e-09	-7.280758e+00	-3.023738e+02
1.630000e-06	-9.534060e-07	-4.462072e-09	-6.959079e+00	-2.971802e+02
1.640000e-06	-9.092794e-07	-4.382608e-09	-6.636991e+00	-2.919172e+02
1.650000e-06	-8.651021e-07	-4.301323e-09	-6.314533e+00	-2.865808e+02
1.660000e-06	-8.208858e-07	-4.217844e-09	-5.991790e+00	-2.811671e+02
1.670000e-06	-7.766217e-07	-4.132799e-09	-5.668699e+00	-2.756722e+02
1.680000e-06	-7.322867e-07	-4.045804e-09	-5.345090e+00	-2.700929e+02
1.690000e-06	-6.879149e-07	-3.956196e-09	-5.021213e+00	-2.644261e+02
1.700000e-06	-6.435076e-07	-3.864448e-09	-4.697076e+00	-2.586697e+02
1.710000e-06	-5.990388e-07	-3.775255e-09	-4.372490e+00	-2.528223e+02
1.720000e-06	-5.545133e-07	-3.687095e-09	-4.047491e+00	-2.468830e+02
1.730000e-06	-5.099438e-07	-3.599259e-09	-3.722170e+00	-2.408517e+02
1.740000e-06	-4.653250e-07	-3.507331e-09	-3.396489e+00	-2.347285e+02
1.750000e-06	-4.206780e-07	-3.414870e-09	-3.070603e+00	-2.285138e+02
1.760000e-06	-3.760290e-07	-3.322298e-09	-2.744702e+00	-2.222082e+02
1.770000e-06	-3.313857e-07	-3.225546e-09	-2.418842e+00	-2.158120e+02
1.780000e-06	-2.867324e-07	-3.123296e-09	-2.092910e+00	-2.093253e+02
1.790000e-06	-2.420655e-07	-3.019328e-09	-1.766879e+00	-2.027477e+02
1.800000e-06	-1.974058e-07	-2.917386e-09	-1.440899e+00	-1.960785e+02
1.810000e-06	-1.527613e-07	-2.815749e-09	-1.115032e+00	-1.893163e+02
1.820000e-06	-1.081166e-07	-2.714164e-09	-7.891621e-01	-1.824593e+02
1.830000e-06	-6.344527e-08	-2.610928e-09	-4.630982e-01	-1.755052e+02
1.840000e-06	-1.874179e-08	-2.508475e-09	-1.367997e-01	-1.684513e+02
1.850000e-06	2.597812e-08	-2.404102e-09	1.896189e-01	-1.612947e+02
1.860000e-06	7.068912e-08	-2.296306e-09	5.159724e-01	-1.540325e+02
1.870000e-06	1.153940e-07	-2.180864e-09	8.422809e-01	-1.466615e+02
1.880000e-06	1.600902e-07	-2.061612e-09	1.168526e+00	-1.391788e+02
1.890000e-06	2.047846e-07	-1.944716e-09	1.494759e+00	-1.315819e+02
1.900000e-06	2.494758e-07	-1.829866e-09	1.820968e+00	-1.238684e+02
1.910000e-06	2.941278e-07	-1.712341e-09	2.146891e+00	-1.160366e+02
1.920000e-06	3.387567e-07	-1.592693e-09	2.472645e+00	-1.080853e+02
1.930000e-06	3.833677e-07	-1.476769e-09	2.798268e+00	-1.000140e+02
1.940000e-06	4.279278e-07	-1.359671e-09	3.123521e+00	-9.182278e+01
1.950000e-06	4.724579e-07	-1.233318e-09	3.448554e+00	-8.351249e+01
1.960000e-06	5.169640e-07	-1.098137e-09	3.773412e+00	-7.508454e+01
1.970000e-06	5.614411e-07	-9.599401e-10	4.098057e+00	-6.654093e+01
1.980000e-06	6.058998e-07	-8.234444e-10	4.422569e+00	-5.788417e+01
1.990000e-06	6.503191e-07	-6.893076e-10	4.746794e+00	-4.911713e+01
2.000000e-06	6.946654e-07	-5.552030e-10	5.070485e+00	-4.024299e+01
2.010000e-06	7.389800e-07	-4.224992e-10	5.393946e+00	-3.126510e+01
2.020000e-06	7.832598e-07	-2.906957e-10	5.717151e+00	-2.218698e+01
2.030000e-06	8.274493e-07	-1.561335e-10	6.039699e+00	-1.301225e+01
2.040000e-06	8.715920e-07	-1.646563e-11	6.361904e+00	-3.744646e+00
2.050000e-06	9.156706e-07	1.290881e-10	6.683641e+00	5.611928e+00
2.060000e-06	9.596752e-07	2.777501e-10	7.004839e+00	1.505329e+01
2.070000e-06	1.003596e-06	4.276143e-10	7.325426e+00	2.457488e+01
2.080000e-06	1.047448e-06	5.747047e-10	7.645509e+00	3.417159e+01
2.090000e-06	1.091274e-06	7.213196e-10	7.965405e+00	4.383766e+01
2.100000e-06	1.135027e-06	8.667947e-10	8.284764e+00	5.356650e+01
2.110000e-06	1.178698e-06	1.012821e-09	8.603521e+00	6.335070e+01
2.120000e-06	1.222289e-06	1.159836e-09	8.921705e+00	7.318190e+01
2.130000e-06	1.265779e-06	1.309490e-09	9.239146e+00	8.305089e+01
2.140000e-06	1.309183e-06	1.466595e-09	9.555957e+00	9.294766e+01
2.150000e-06	1.352500e-06	1.625620e-09	9.872139e+00	1.028616e+02
2.160000e-06	1.395753e-06	1.781956e-09	1.018785e+01	1.127815e+02
2.170000e-06	1.438971e-06	1.933109e-09	1.050330e+01	1.226963e+02
2.180000e-06	1.482111e-06	2.082646e-09	1.081819e+01	1.325944e+02
2.190000e-06	1.525179e-06	2.228910e-09	1.113255e+01	1.424648e+02
2.200000e-06	1.568192e-06	2.372378e-09	1.144651e+01	1.522966e+02
2.210000e-06	1.611101e-06	2.516176e-09	1.175971e+01	1.620796e+02
2.220000e-06	1.653833e-06	2.664079e-09	1.207162e+01	1.718038e+02
2.230000e-06	1.696370e-06	2.814543e-09	1.238211e+01	1.814599e+02
2.240000e-06	1.738714e-06	2.965298e-09	1.269118e+01	1.910389e+02
2.250000e-06	1.780863e-06	3.114328e-09	1.299883e+01	2.005320e+02
2.260000e-06	1.822827e-06	3.261772e-09	1.330513e+01	2.099309e+02
2.270000e-06	1.864618e-06	3.404170e-09	1.361018e+01	2.192269e+02
2.280000e-06	1.906264e-06	3.541177e-09	1.391415e+01	2.284117e+02
2.290000e-06	1.947818e-06	3.673681e-09	1.421747e+01	2.374768e+02
2.300000e-06	1.989285e-06	3.803950e-09	1.452014e+01	2.464138e+02
2.310000e-06	2.030604e-06	3.934768e-09	1.482174e+01	2.552142e+02
2.320000e-06	2.071766e-06	4.063670e-09	1.512218e+01	2.638703e+02
2.330000e-06	2.112776e-06	4.192371e-09	1.542152e+01	2.723745e+02
2.340000e-06	2.153647e-06	4.319042e-09	1.571985e+01	2.807202e+02
2.350000e-06	2.194382e-06	4.444641e-09	1.601718e+01	2.889020e+02
2.360000e-06	2.234964e-06	4.566837e-09	1.631340e+01	2.969154e+02
2.370000e-06	2.275377e-06	4.681650e-09	1.660838e+01	3.047577e+02
2.380000e-06	2.315621e-06	4.792153e-09	1.690213e+01	3.124274e+02
2.390000e-06	2.355731e-06	4.901571e-09	1.719490e+01	3.199244e+02
2.400000e-06	2.395726e-06	5.007728e-09	1.748682e+01	3.272502e+02
2.410000e-06	2.435580e-06	5.112118e-09	1.777773e+01	3.344071e+02
2.420000e-06	2.475281e-06	5.215925e-09	1.806752e+01	3.413985e+02
2.430000e-06	2.514808e-06	5.321097e-09	1.835603e+01	3.482282e+02
2.440000e-06	2.554089e-06	5.425869e-09	1.864275e+01	3.549007e+02
2.450000e-06	2.593070e-06	5.526938e-09	1.892728e+01	3.614201e+02
2.460000e-06	2.631766e-06	5.623629e-09	1.920973e+01	3.677908e+02
2.470000e-06	2.670248e-06	5.715064e-09	1.949061e+01	3.740169e+02
2.480000e-06	2.708575e-06	5.803017e-09	1.977036e+01	3.801023e+02
2.490000e-06	2.746737e-06	5.888772e-09	2.004892e+01	3.860507e+02
2.500000e-06	2.784709e-06	5.973122e-09	2.032608e+01	3.918658e+02
2.510000e-06	2.822474e-06	6.057350e-09	2.060173e+01	3.975515e+02
2.520000e-06	2.860066e-06	6.143034e-09	2.087613e+01	4.031117e+02
2.530000e-06	2.897490e-06	6.228340e-09	2.114929e+01	4.085506e+02
2.540000e-06	2.934716e-06	6.309771e-09	2.142101e+01	4.138727e+02
2.550000e-06	2.971746e-06	6.387148e-09	2.169130e+01	4.190827e+02
2.560000e-06	3.008591e-06	6.462438e-09	2.196024e+01	4.241853e+02
2.570000e-06	3.045281e-06	6.537039e-09	2.222804e+01	4.291851e+02
2.580000e-06	3.081805e-06	6.612251e-09	2.249464e+01	4.340863e+02
2.590000e-06	3.118079e-06	6.687548e-09	2.275941e+01	4.388924e+02
2.600000e-06	3.154006e-06	6.761980e-09	2.302165e+01	4.436062e+02
2.610000e-06	3.189551e-06	6.835362e-09	2.328109e+01	4.482293e+02
2.620000e-06	3.224824e-06	6.905502e-09	2.353856e+01	4.527621e+02
2.630000e-06	3.259941e-06	6.971561e-09	2.379489e+01	4.572042e+02
2.640000e-06	3.294892e-06	7.034931e-09	2.405000e+01	4.615541e+02
2.650000e-06	3.329622e-06	7.096408e-09	2.430350e+01	4.658099e+02
2.660000e-06	3.364115e-06	7.156318e-09	2.455527e+01	4.699694e+02
2.670000e-06	3.398409e-06	7.216130e-09	2.480559e+01	4.740305e+02
2.680000e-06	3.432529e-06	7.275216e-09	2.505464e+01	4.779919e+02
2.690000e-06	3.466418e-06	7.334877e-09	2.530200e+01	4.818532e+02
2.700000e-06	3.500044e-06	7.394224e-09	2.554744e+01	4.856150e+02
2.710000e-06	3.533476e-06	7.448791e-09	2.579146e+01	4.892793e+02
2.720000e-06	3.566711e-06	7.496968e-09	2.603405e+01	4.928496e+02
2.730000e-06	3.599658e-06	7.542998e-09	2.627454e+01	4.963301e+02
2.740000e-06	3.632314e-06	7.590054e-09	2.651290e+01	4.997261e+02
2.750000e-06	3.664703e-06	7.637356e-09	2.674931e+01	5.030430e+02
2.760000e-06	3.696837e-06	7.685694e-09	2.698387e+01	5.062863e+02
2.770000e-06	3.728715e-06	7.735087e-09	2.721655e+01	5.094610e+02
2.780000e-06	3.760284e-06	7.784962e-09	2.744697e+01	5.125711e+02
2.790000e-06	3.791551e-06	7.832440e-09	2.767520e+01	5.156198e+02
2.800000e-06	3.822560e-06	7.874626e-09	2.790154e+01	5.186088e+02
2.810000e-06	3.853321e-06	7.911052e-09	2.812607e+01	5.215389e+02
2.820000e-06	3.883822e-06	7.947036e-09	2.834870e+01	5.244098e+02
2.830000e-06	3.914075e-06	7.984652e-09	2.856953e+01	5.272207e+02
2.840000e-06	3.944008e-06	8.020988e-09	2.878801e+01	5.299703e+02
2.850000e-06	3.973514e-06	8.056352e-09	2.900338e+01	5.326576e+02
2.860000e-06	4.002582e-06	8.094325e-09	2.921555e+01	5.352818e+02
2.870000e-06	4.031345e-06	8.135617e-09	2.942550e+01	5.378431e+02
2.880000e-06	4.059922e-06	8.175190e-09	2.963409e+01	5.403423e+02
2.890000e-06	4.088232e-06	8.209841e-09	2.984072e+01	5.427810e+02
2.900000e-06	4.116212e-06	8.241132e-09	3.004496e+01	5.451618e+02
2.910000e-06	4.143906e-06	8.272963e-09	3.024710e+01	5.474877e+02
2.920000e-06	4.171333e-06	8.306004e-09	3.044729e+01	5.497619e+02
2.930000e-06	4.198520e-06	8.336366e-09	3.064574e+01	5.519878e+02
2.940000e-06	4.225493e-06	8.364385e-09	3.084262e+01	5.541681e+02
2.950000e-06	4.252134e-06	8.395182e-09	3.103707e+01	5.563054e+02
2.960000e-06	4.278320e-06	8.427348e-09	3.122821e+01	5.584013e+02
2.970000e-06	4.304088e-06	8.456226e-09	3.141630e+01	5.604570e+02
2.980000e-06	4.329586e-06	8.482082e-09	3.160241e+01	5.624729e+02
2.990000e-06	4.354868e-06	8.509701e-09	3.178695e+01	5.644491e+02
3.000000e-06	4.379862e-06	8.539218e-09	3.196938e+01	5.663852e+02
3.010000e-06	4.404535e-06	8.568181e-09	3.214948e+01	5.682813e+02
3.020000e-06	4.428926e-06	8.597781e-09	3.232751e+01	5.701371e+02
3.030000e-06	4.453078e-06	8.625123e-09	3.250380e+01	5.719532e+02
3.040000e-06	4.477012e-06	8.649065e-09	3.267850e+01	5.737303e+02
3.050000e-06	4.500682e-06	8.672011e-09	3.285128e+01	5.754695e+02
3.060000e-06	4.523941e-06	8.694517e-09	3.302104e+01	5.771720e+02
3.070000e-06	4.546711e-06	8.718036e-09	3.318724e+01	5.788395e+02
3.080000e-06	4.569128e-06	8.743830e-09	3.335087e+01	5.804729e+02
3.090000e-06	4.591313e-06	8.771634e-09	3.351280e+01	5.820732e+02
3.100000e-06	4.613216e-06	8.798674e-09	3.367268e+01	5.836407e+02
3.110000e-06	4.634771e-06	8.822198e-09	3.383001e+01	5.851748e+02
3.120000e-06	4.655973e-06	8.841524e-09	3.398477e+01	5.866745e+02
3.130000e-06	4.676820e-06	8.858973e-09	3.413694e+01	5.881383e+02
3.140000e-06	4.697229e-06	8.876199e-09	3.428590e+01	5.895640e+02
3.150000e-06	4.717154e-06	8.893527e-09	3.443134e+01	5.909495e+02
3.160000e-06	4.736648e-06	8.914753e-09	3.457363e+01	5.922930e+02
3.170000e-06	4.755799e-06	8.938010e-09	3.471342e+01	5.935929e+02
3.180000e-06	4.774642e-06	8.960295e-09	3.485095e+01	5.948485e+02
3.190000e-06	4.793193e-06	8.980349e-09	3.498636e+01	5.960599e+02
3.200000e-06	4.811440e-06	9.000668e-09	3.511955e+01	5.972283e+02
3.210000e-06	4.829354e-06	9.020580e-09	3.525031e+01	5.983556e+02
3.220000e-06	4.846981e-06	9.038024e-09	3.537897e+01	5.994447e+02
3.230000e-06	4.864373e-06	9.056025e-09	3.550592e+01	6.004990e+02
3.240000e-06	4.881398e-06	9.074249e-09	3.563019e+01	6.015221e+02
3.250000e-06	4.897888e-06	9.092282e-09	3.575055e+01	6.025177e+02
3.260000e-06	4.913956e-06	9.107054e-09	3.586783e+01	6.034890e+02
3.270000e-06	4.929742e-06	9.118691e-09	3.598306e+01	6.044390e+02
3.280000e-06	4.945225e-06	9.131488e-09	3.609607e+01	6.053698e+02
3.290000e-06	4.960343e-06	9.147134e-09	3.620642e+01	6.062828e+02
3.300000e-06	4.975113e-06	9.163391e-09	3.631423e+01	6.071787e+02
3.310000e-06	4.989592e-06	9.178861e-09	3.641991e+01	6.080573e+02
3.320000e-06	5.003818e-06	9.194297e-09	3.652375e+01	6.089179e+02
3.330000e-06	5.017715e-06	9.209407e-09	3.662519e+01	6.097596e+02
3.340000e-06	5.031096e-06	9.224868e-09	3.672286e+01	6.105809e+02
3.350000e-06	5.044017e-06	9.239268e-09	3.681717e+01	6.113805e+02
3.360000e-06	5.056621e-06	9.250596e-09	3.690917e+01	6.121569e+02
3.370000e-06	5.068914e-06	9.262009e-09	3.699890e+01	6.129088e+02
3.380000e-06	5.080880e-06	9.274757e-09	3.708624e+01	6.136353e+02
3.390000e-06	5.092491e-06	9.288626e-09	3.717099e+01	6.143356e+02
3.400000e-06	5.103783e-06	9.302206e-09	3.725341e+01	6.150094e+02
3.410000e-06	5.114802e-06	9.314156e-09	3.733384e+01	6.156567e+02
3.420000e-06	5.125450e-06	9.324782e-09	3.741156e+01	6.162778e+02
3.430000e-06	5.135613e-06	9.332508e-09	3.748575e+01	6.168734e+02
3.440000e-06	5.145325e-06	9.338611e-09	3.755664e+01	6.174445e+02
3.450000e-06	5.154678e-06	9.344691e-09	3.762491e+01	6.179924e+02
3.460000e-06	5.163705e-06	9.351539e-09	3.769080e+01	6.185185e+02
3.470000e-06	5.172379e-06	9.360101e-09	3.775411e+01	6.190243e+02
3.480000e-06	5.180714e-06	9.369062e-09	3.781494e+01	6.195113e+02
3.490000e-06	5.188760e-06	9.379593e-09	3.787368e+01	6.199807e+02
3.500000e-06	5.196519e-06	9.393567e-09	3.793031e+01	6.204332e+02
3.510000e-06	5.203890e-06	9.407838e-09	3.798411e+01	6.208693e+02
3.520000e-06	5.210840e-06	9.418090e-09	3.803484e+01	6.212887e+02
3.530000e-06	5.217414e-06	9.424645e-09	3.808283e+01	6.216905e+02
3.540000e-06	5.223593e-06	9.431065e-09	3.812793e+01	6.220733e+02
3.550000e-06	5.229389e-06	9.436886e-09	3.817023e+01	6.224355e+02
3.560000e-06	5.234804e-06	9.441267e-09	3.820976e+01	6.227751e+02
3.570000e-06	5.239840e-06	9.446120e-09	3.824651e+01	6.230903e+02
3.580000e-06	5.244510e-06	9.453824e-09	3.828060e+01	6.233799e+02
3.590000e-06	5.248712e-06	9.463417e-09	3.831127e+01	6.236431e+02
3.600000e-06	5.252388e-06	9.470711e-09	3.833811e+01	6.238801e+02
3.610000e-06	5.255658e-06	9.474733e-09	3.836197e+01	6.240920e+02
3.620000e-06	5.258607e-06	9.477251e-09	3.838350e+01	6.242807e+02
3.630000e-06	5.261199e-06	9.478975e-09	3.840242e+01	6.244490e+02
3.640000e-06	5.263397e-06	9.480240e-09	3.841846e+01	6.245996e+02
3.650000e-06	5.265225e-06	9.482418e-09	3.843181e+01	6.247353e+02
3.660000e-06	5.266777e-06	9.486650e-09	3.844313e+01	6.248583e+02
3.670000e-06	5.268006e-06	9.495307e-09	3.845211e+01	6.249694e+02
3.680000e-06	5.268775e-06	9.504234e-09	3.845772e+01	6.250684e+02
3.690000e-06	5.269087e-06	9.511139e-09	3.846000e+01	6.251533e+02
3.700000e-06	5.269053e-06	9.514545e-09	3.845975e+01	6.252206e+02
3.710000e-06	5.268699e-06	9.512779e-09	3.845716e+01	6.252657e+02
3.720000e-06	5.267992e-06	9.509930e-09	3.845200e+01	6.252831e+02
3.730000e-06	5.266920e-06	9.504219e-09	3.844418e+01	6.252675e+02
3.740000e-06	5.265521e-06	9.499750e-09	3.843397e+01	6.252145e+02
3.750000e-06	5.263885e-06	9.502438e-09	3.842203e+01	6.251209e+02
3.760000e-06	5.261998e-06	9.510763e-09	3.840825e+01	6.249862e+02
3.770000e-06	5.259690e-06	9.521167e-09	3.839140e+01	6.248123e+02
3.780000e-06	5.256802e-06	9.482945e-09	3.837033e+01	6.246040e+02
3.790000e-06	5.253120e-06	9.451921e-09	3.834345e+01	6.243686e+02
3.800000e-06	5.248559e-06	9.529766e-09	3.831016e+01	6.241153e+02
3.810000e-06	5.243817e-06	9.535886e-09	3.827555e+01	6.238547e+02
3.820000e-06	5.239428e-06	9.468180e-09	3.824351e+01	6.235972e+02
3.830000e-06	5.234747e-06	9.435842e-09	3.820934e+01	6.233519e+02
3.840000e-06	5.229159e-06	9.542302e-09	3.816855e+01	6.231257e+02
3.850000e-06	5.223186e-06	9.521290e-09	3.812496e+01	6.229222e+02
3.860000e-06	5.217340e-06	9.417620e-09	3.808229e+01	6.227411e+02
3.870000e-06	5.211051e-06	9.448803e-09	3.803638e+01	6.225782e+02
3.880000e-06	5.203963e-06	9.528342e-09	3.798464e+01	6.224254e+02
3.890000e-06	5.196626e-06	9.462364e-09	3.793109e+01	6.222717e+02
3.900000e-06	5.189224e-06	9.416515e-09	3.787706e+01	6.221042e+02
3.910000e-06	5.181345e-06	9.538884e-09	3.781955e+01	6.219093e+02
3.920000e-06	5.173024e-06	9.501000e-09	3.775881e+01	6.216745e+02
3.930000e-06	5.164510e-06	9.364563e-09	3.769667e+01	6.213892e+02
3.940000e-06	5.155542e-06	9.446589e-09	3.763121e+01	6.210462e+02
3.950000e-06	5.145924e-06	9.562844e-09	3.756101e+01	6.206421e+02
3.960000e-06	5.135960e-06	9.413722e-09	3.748828e+01	6.201778e+02
3.970000e-06	5.125713e-06	9.330337e-09	3.741349e+01	6.196578e+02
3.980000e-06	5.115043e-06	9.490369e-09	3.733560e+01	6.190898e+02
3.990000e-06	5.104066e-06	9.480471e-09	3.725548e+01	6.184836e+02
4.000000e-06	5.092789e-06	9.332270e-09	3.717316e+01	6.178495e+02
4.010000e-06	5.080999e-06	9.386286e-09	3.708711e+01	6.171975e+02
4.020000e-06	5.068870e-06	9.462527e-09	3.699857e+01	6.165355e+02
4.030000e-06	5.056470e-06	9.377869e-09	3.690807e+01	6.158692e+02
4.040000e-06	5.043612e-06	9.340673e-09	3.681422e+01	6.152007e+02
4.050000e-06	5.030350e-06	9.381723e-09	3.671742e+01	6.145292e+02
4.060000e-06	5.016814e-06	9.334906e-09	3.661861e+01	6.138510e+02
4.070000e-06	5.002962e-06	9.317221e-09	3.651750e+01	6.131603e+02
4.080000e-06	4.988732e-06	9.340404e-09	3.641364e+01	6.124504e+02
4.090000e-06	4.974200e-06	9.320477e-09	3.630756e+01	6.117145e+02
4.100000e-06	4.959287e-06	9.295613e-09	3.619871e+01	6.109469e+02
4.110000e-06	4.943862e-06	9.312886e-09	3.608612e+01	6.101438e+02
4.120000e-06	4.928033e-06	9.288466e-09	3.597058e+01	6.093038e+02
4.130000e-06	4.911921e-06	9.278465e-09	3.585298e+01	6.084280e+02
4.140000e-06	4.895484e-06	9.252246e-09	3.573300e+01	6.075199e+02
4.150000e-06	4.878739e-06	9.227700e-09	3.561078e+01	6.065846e+02
4.160000e-06	4.861687e-06	9.239512e-09	3.548631e+01	6.056280e+02
4.170000e-06	4.844341e-06	9.237182e-09	3.535970e+01	6.046561e+02
4.180000e-06	4.826706e-06	9.177048e-09	3.523098e+01	6.036737e+02
4.190000e-06	4.808705e-06	9.179239e-09	3.509959e+01	6.026841e+02
4.200000e-06	4.790303e-06	9.198020e-09	3.496527e+01	6.016884e+02
4.210000e-06	4.771558e-06	9.164788e-09	3.482845e+01	6.006852e+02
4.220000e-06	4.752471e-06	9.139320e-09	3.468913e+01	5.996713e+02
4.230000e-06	4.732990e-06	9.122674e-09	3.454693e+01	5.986419e+02
4.240000e-06	4.713116e-06	9.103543e-09	3.440187e+01	5.975914e+02
4.250000e-06	4.692930e-06	9.100904e-09	3.425453e+01	5.965143e+02
4.260000e-06	4.672455e-06	9.079270e-09	3.410507e+01	5.954059e+02
4.270000e-06	4.651639e-06	9.036566e-09	3.395313e+01	5.942633e+02
4.280000e-06	4.630405e-06	9.039165e-09	3.379814e+01	5.930856e+02
4.290000e-06	4.608704e-06	9.037893e-09	3.363974e+01	5.918740e+02
4.300000e-06	4.586576e-06	9.013601e-09	3.347823e+01	5.906315e+02
4.310000e-06	4.564109e-06	8.988117e-09	3.331424e+01	5.893629e+02
4.320000e-06	4.541362e-06	8.976584e-09	3.314821e+01	5.880736e+02
4.330000e-06	4.518333e-06	8.963236e-09	3.298011e+01	5.867691e+02
4.340000e-06	4.494961e-06	8.946318e-09	3.280951e+01	5.854538e+02
4.350000e-06	4.471236e-06	8.911944e-09	3.263634e+01	5.841311e+02
4.360000e-06	4.447259e-06	8.884448e-09	3.246133e+01	5.828022e+02
4.370000e-06	4.423040e-06	8.872072e-09	3.228455e+01	5.814662e+02
4.380000e-06	4.398443e-06	8.862728e-09	3.210501e+01	5.801206e+02
4.390000e-06	4.373390e-06	8.840597e-09	3.192214e+01	5.787610e+02
4.400000e-06	4.347993e-06	8.812885e-09	3.173677e+01	5.773822e+02
4.410000e-06	4.322353e-06	8.793636e-09	3.154961e+01	5.759791e+02
4.420000e-06	4.296441e-06	8.779492e-09	3.136048e+01	5.745466e+02
4.430000e-06	4.270206e-06	8.755865e-09	3.116899e+01	5.730811e+02
4.440000e-06	4.243682e-06	8.721182e-09	3.097538e+01	5.715804e+02
4.450000e-06	4.216882e-06	8.697433e-09	3.077977e+01	5.700442e+02
4.460000e-06	4.189796e-06	8.686296e-09	3.058206e+01	5.684737e+02
4.470000e-06	4.162467e-06	8.668964e-09	3.038258e+01	5.668716e+02
4.480000e-06	4.134809e-06	8.637716e-09	3.018070e+01	5.652414e+02
4.490000e-06	4.106674e-06	8.613036e-09	2.997534e+01	5.635869e+02
4.500000e-06	4.078146e-06	8.595491e-09	2.976711e+01	5.619117e+02
4.510000e-06	4.049361e-06	8.573442e-09	2.955700e+01	5.602183e+02
4.520000e-06	4.020357e-06	8.542066e-09	2.934530e+01	5.585082e+02
4.530000e-06	3.991109e-06	8.510728e-09	2.913181e+01	5.567810e+02
4.540000e-06	3.961569e-06	8.486560e-09	2.891619e+01	5.550352e+02
4.550000e-06	3.931757e-06	8.465002e-09	2.869859e+01	5.532680e+02
4.560000e-06	3.901694e-06	8.436093e-09	2.847916e+01	5.514756e+02
4.570000e-06	3.871356e-06	8.406209e-09	2.825771e+01	5.496538e+02
4.580000e-06	3.840684e-06	8.384388e-09	2.803383e+01	5.477987e+02
4.590000e-06	3.809635e-06	8.367488e-09	2.780720e+01	5.459069e+02
4.600000e-06	3.778184e-06	8.343441e-09	2.757764e+01	5.439758e+02
4.610000e-06	3.746402e-06	8.310128e-09	2.734565e+01	5.420042e+02
4.620000e-06	3.714361e-06	8.276559e-09	2.711178e+01	5.399917e+02
4.630000e-06	3.682063e-06	8.245685e-09	2.687603e+01	5.379391e+02
4.640000e-06	3.649504e-06	8.214096e-09	2.663838e+01	5.358481e+02
4.650000e-06	3.616716e-06	8.177895e-09	2.639905e+01	5.337205e+02
4.660000e-06	3.583709e-06	8.141878e-09	2.615812e+01	5.315584e+02
4.670000e-06	3.550463e-06	8.111750e-09	2.591546e+01	5.293637e+02
4.680000e-06	3.517007e-06	8.083434e-09	2.567125e+01	5.271376e+02
4.690000e-06	3.483385e-06	8.048710e-09	2.542585e+01	5.248809e+02
4.700000e-06	3.449607e-06	8.009540e-09	2.517929e+01	5.225938e+02
4.710000e-06	3.415570e-06	7.972905e-09	2.493085e+01	5.202756e+02
4.720000e-06	3.381126e-06	7.940673e-09	2.467943e+01	5.179257e+02
4.730000e-06	3.346273e-06	7.905628e-09	2.442504e+01	5.155431e+02
4.740000e-06	3.311170e-06	7.866358e-09	2.416882e+01	5.131266e+02
4.750000e-06	3.275880e-06	7.830722e-09	2.391123e+01	5.106754e+02
4.760000e-06	3.240392e-06	7.799148e-09	2.365219e+01	5.081890e+02
4.770000e-06	3.204715e-06	7.763565e-09	2.339178e+01	5.056671e+02
4.780000e-06	3.168849e-06	7.722976e-09	2.312999e+01	5.031095e+02
4.790000e-06	3.132766e-06	7.681703e-09	2.286661e+01	5.005162e+02
4.800000e-06	3.096446e-06	7.641770e-09	2.260151e+01	4.978872e+02
4.810000e-06	3.059922e-06	7.602241e-09	2.233491e+01	4.952221e+02
4.820000e-06	3.023232e-06	7.558717e-09	2.206711e+01	4.925205e+02
4.830000e-06	2.986394e-06	7.514769e-09	2.179822e+01	4.897815e+02
4.840000e-06	2.949392e-06	7.473577e-09	2.152814e+01	4.870039e+02
4.850000e-06	2.912194e-06	7.430157e-09	2.125662e+01	4.841862e+02
4.860000e-06	2.874706e-06	7.382132e-09	2.098299e+01	4.813271e+02
4.870000e-06	2.836887e-06	7.335258e-09	2.070694e+01	4.784251e+02
4.880000e-06	2.798796e-06	7.292074e-09	2.042890e+01	4.754792e+02
4.890000e-06	2.760494e-06	7.252492e-09	2.014934e+01	4.724889e+02
4.900000e-06	2.722015e-06	7.212060e-09	1.986847e+01	4.694540e+02
4.910000e-06	2.683385e-06	7.165739e-09	1.958650e+01	4.663751e+02
4.920000e-06	2.644603e-06	7.117290e-09	1.930342e+01	4.632529e+02
4.930000e-06	2.605638e-06	7.068667e-09	1.901901e+01	4.600888e+02
4.940000e-06	2.566497e-06	7.017368e-09	1.873332e+01	4.568837e+02
4.950000e-06	2.527181e-06	6.963394e-09	1.844634e+01	4.536389e+02
4.960000e-06	2.487715e-06	6.910769e-09	1.815827e+01	4.503550e+02
4.970000e-06	2.448142e-06	6.862530e-09	1.786942e+01	4.470321e+02
4.980000e-06	2.408408e-06	6.816089e-09	1.757940e+01	4.436696e+02
4.990000e-06	2.368497e-06	6.766120e-09	1.728808e+01	4.402664e+02
5.000000e-06	2.328455e-06	6.714558e-09	1.699580e+01	4.368208e+02
5.010000e-06	2.288266e-06	6.663186e-09	1.670246e+01	4.333307e+02
5.020000e-06	2.247873e-06	6.608358e-09	1.640762e+01	4.297941e+02
5.030000e-06	2.207249e-06	6.548570e-09	1.611110e+01	4.262089e+02
5.040000e-06	2.166399e-06	6.488334e-09	1.581293e+01	4.225734e+02
5.050000e-06	2.125328e-06	6.432166e-09	1.551315e+01	4.188867e+02
5.060000e-06	2.084109e-06	6.378506e-09	1.521228e+01	4.151482e+02
5.070000e-06	2.042744e-06	6.324396e-09	1.491035e+01	4.113582e+02
5.080000e-06	2.001192e-06	6.270144e-09	1.460705e+01	4.075174e+02
5.090000e-06	1.959535e-06	6.215600e-09	1.430299e+01	4.036269e+02
5.100000e-06	1.917781e-06	6.157347e-09	1.399822e+01	3.996879e+02
5.110000e-06	1.875862e-06	6.094952e-09	1.369225e+01	3.957015e+02
5.120000e-06	1.833807e-06	6.030325e-09	1.338528e+01	3.916684e+02
5.130000e-06	1.791635e-06	5.965043e-09	1.307746e+01	3.875889e+02
5.140000e-06	1.749327e-06	5.901415e-09	1.276864e+01	3.834624e+02
5.150000e-06	1.706898e-06	5.839882e-09	1.245895e+01	3.792879e+02
5.160000e-06	1.664347e-06	5.777046e-09	1.214836e+01	3.750637e+02
5.170000e-06	1.621664e-06	5.714147e-09	1.183681e+01	3.707877e+02
5.180000e-06	1.578878e-06	5.649146e-09	1.152451e+01	3.664577e+02
5.190000e-06	1.535996e-06	5.585614e-09	1.121151e+01	3.620714e+02
5.200000e-06	1.493031e-06	5.521649e-09	1.089790e+01	3.576271e+02
5.210000e-06	1.450011e-06	5.453395e-09	1.058389e+01	3.531233e+02
5.220000e-06	1.406927e-06	5.384208e-09	1.026941e+01	3.485592e+02
5.230000e-06	1.363772e-06	5.314193e-09	9.954416e+00	3.439346e+02
5.240000e-06	1.320530e-06	5.245790e-09	9.638781e+00	3.392497e+02
5.250000e-06	1.277216e-06	5.176580e-09	9.322626e+00	3.345051e+02
5.260000e-06	1.233840e-06	5.106069e-09	9.006016e+00	3.297014e+02
5.270000e-06	1.190368e-06	5.033134e-09	8.688706e+00	3.248392e+02
5.280000e-06	1.146814e-06	4.957026e-09	8.370798e+00	3.199188e+02
5.290000e-06	1.103170e-06	4.876227e-09	8.052231e+00	3.149395e+02
5.300000e-06	1.059422e-06	4.796521e-09	7.732910e+00	3.099004e+02
5.310000e-06	1.015621e-06	4.716216e-09	7.413194e+00	3.047993e+02
5.320000e-06	9.717521e-07	4.635947e-09	7.092990e+00	2.996336e+02
5.330000e-06	9.277903e-07	4.556239e-09	6.772105e+00	2.944000e+02
5.340000e-06	8.837658e-07	4.478416e-09	6.450763e+00	2.890947e+02
5.350000e-06	8.396577e-07	4.400755e-09	6.128810e+00	2.837137e+02
5.360000e-06	7.954630e-07	4.319622e-09	5.806225e+00	2.782531e+02
5.370000e-06	7.512092e-07	4.239100e-09	5.483209e+00	2.727094e+02
5.380000e-06	7.069176e-07	4.155775e-09	5.159916e+00	2.670794e+02
5.390000e-06	6.626068e-07	4.067650e-09	4.836484e+00	2.613606e+02
5.400000e-06	6.182657e-07	3.975433e-09	4.512831e+00	2.555513e+02
5.410000e-06	5.738656e-07	3.880457e-09	4.188746e+00	2.496504e+02
5.420000e-06	5.293968e-07	3.785167e-09	3.864161e+00	2.436574e+02
5.430000e-06	4.849105e-07	3.690766e-09	3.539447e+00	2.375725e+02
5.440000e-06	4.403897e-07	3.597352e-09	3.214482e+00	2.313959e+02
5.450000e-06	3.958109e-07	3.506230e-09	2.889094e+00	2.251282e+02
5.460000e-06	3.512356e-07	3.412973e-09	2.563731e+00	2.187697e+02
5.470000e-06	3.066722e-07	3.315487e-09	2.238454e+00	2.123208e+02
5.480000e-06	2.621005e-07	3.213244e-09	1.913118e+00	2.057812e+02
5.490000e-06	2.175201e-07	3.107985e-09	1.587718e+00	1.991503e+02
5.500000e-06	1.729480e-07	3.000415e-09	1.262378e+00	1.924271e+02
5.510000e-06	1.283424e-07	2.892063e-09	9.367940e-01	1.856099e+02
5.520000e-06	8.370086e-08	2.785371e-09	6.109473e-01	1.786965e+02
5.530000e-06	3.906352e-08	2.681495e-09	2.851315e-01	1.716846e+02
5.540000e-06	-5.617288e-09	2.577163e-09	-4.100158e-02	1.645712e+02
5.550000e-06	-5.029527e-08	2.467927e-09	-3.671141e-01	1.573534e+02
5.560000e-06	-9.495371e-08	2.352066e-09	-6.930839e-01	1.500281e+02
5.570000e-06	-1.396117e-07	2.233252e-09	-1.019051e+00	1.425924e+02
5.580000e-06	-1.842529e-07	2.113936e-09	-1.344894e+00	1.350434e+02
5.590000e-06	-2.288929e-07	1.992391e-09	-1.670730e+00	1.273787e+02
5.600000e-06	-2.734719e-07	1.869164e-09	-1.996120e+00	1.195964e+02
5.610000e-06	-3.179528e-07	1.749394e-09	-2.320794e+00	1.116951e+02
5.620000e-06	-3.624024e-07	1.634777e-09	-2.645239e+00	1.036738e+02
5.630000e-06	-4.068647e-07	1.518088e-09	-2.969777e+00	9.553256e+01
5.640000e-06	-4.513325e-07	1.391199e-09	-3.294356e+00	8.727178e+01
5.650000e-06	-4.957430e-07	1.256955e-09	-3.618516e+00	7.889268e+01
5.660000e-06	-5.400919e-07	1.123787e-09	-3.942226e+00	7.039702e+01
5.670000e-06	-5.844146e-07	9.926520e-10	-4.265746e+00	6.178711e+01
5.680000e-06	-6.286996e-07	8.577477e-10	-4.588989e+00	5.306569e+01
5.690000e-06	-6.729318e-07	7.202893e-10	-4.911848e+00	4.423580e+01
5.700000e-06	-7.171317e-07	5.865668e-10	-5.234471e+00	3.530076e+01
5.710000e-06	-7.613103e-07	4.540979e-10	-5.556939e+00	2.626400e+01
5.720000e-06	-8.054221e-07	3.161244e-10	-5.878918e+00	1.712912e+01
5.730000e-06	-8.494633e-07	1.709400e-10	-6.200382e+00	7.899781e+00
5.740000e-06	-8.934125e-07	2.555816e-11	-6.521176e+00	-1.420178e+00
5.750000e-06	-9.372799e-07	-1.176226e-10	-6.841371e+00	-1.082671e+01
5.760000e-06	-9.810753e-07	-2.616499e-10	-7.161042e+00	-2.031542e+01
5.770000e-06	-1.024788e-06	-4.092201e-10	-7.480112e+00	-2.988146e+01
5.780000e-06	-1.068440e-06	-5.569034e-10	-7.798729e+00	-3.951934e+01
5.790000e-06	-1.112018e-06	-7.027524e-10	-8.116819e+00	-4.922284e+01
5.800000e-06	-1.155529e-06	-8.487123e-10	-8.434409e+00	-5.898490e+01
5.810000e-06	-1.198985e-06	-1.000204e-09	-8.751604e+00	-6.879756e+01
5.820000e-06	-1.242375e-06	-1.153629e-09	-9.068315e+00	-7.865194e+01
5.830000e-06	-1.285708e-06	-1.302227e-09	-9.384608e+00	-8.853836e+01
5.840000e-06	-1.328992e-06	-1.448043e-09	-9.700545e+00	-9.844642e+01
5.850000e-06	-1.372202e-06	-1.595709e-09	-1.001594e+01	-1.083652e+02
5.860000e-06	-1.415292e-06	-1.747009e-09	-1.033047e+01	-1.182835e+02
5.870000e-06	-1.458287e-06	-1.899443e-09	-1.064429e+01	-1.281898e+02
5.880000e-06	-1.501207e-06	-2.051420e-09	-1.095757e+01	-1.380731e+02
5.890000e-06	-1.544001e-06	-2.204553e-09	-1.126993e+01	-1.479222e+02
5.900000e-06	-1.586695e-06	-2.358508e-09	-1.158157e+01	-1.577267e+02
5.910000e-06	-1.629297e-06	-2.506734e-09	-1.189253e+01	-1.674766e+02
5.920000e-06	-1.671780e-06	-2.651227e-09	-1.220262e+01	-1.771621e+02
5.930000e-06	-1.714168e-06	-2.792968e-09	-1.251202e+01	-1.867743e+02
5.940000e-06	-1.756432e-06	-2.935376e-09	-1.282051e+01	-1.963042e+02
5.950000e-06	-1.798566e-06	-3.080844e-09	-1.312805e+01	-2.057433e+02
5.960000e-06	-1.840560e-06	-3.226065e-09	-1.343457e+01	-2.150832e+02
5.970000e-06	-1.882403e-06	-3.372274e-09	-1.373999e+01	-2.243154e+02
5.980000e-06	-1.924148e-06	-3.516658e-09	-1.404470e+01	-2.334313e+02
5.990000e-06	-1.965770e-06	-3.656897e-09	-1.434850e+01	-2.424227e+02
6.000000e-06	-2.007261e-06	-3.790148e-09	-1.465135e+01	-2.512809e+02
6.010000e-06	-2.048584e-06	-3.917441e-09	-1.495297e+01	-2.599981e+02
6.020000e-06	-2.089697e-06	-4.044623e-09	-1.525307e+01	-2.685664e+02
6.030000e-06	-2.130581e-06	-4.175009e-09	-1.555149e+01	-2.769788e+02
6.040000e-06	-2.171226e-06	-4.305632e-09	-1.584817e+01	-2.852295e+02
6.050000e-06	-2.211700e-06	-4.437564e-09	-1.614359e+01	-2.933135e+02
6.060000e-06	-2.251989e-06	-4.568791e-09	-1.643767e+01	-3.012273e+02
6.070000e-06	-2.292112e-06	-4.695454e-09	-1.673053e+01	-3.089689e+02
6.080000e-06	-2.332123e-06	-4.815910e-09	-1.702258e+01	-3.165377e+02
6.090000e-06	-2.372011e-06	-4.927776e-09	-1.731373e+01	-3.239346e+02
6.100000e-06	-2.411768e-06	-5.034121e-09	-1.760392e+01	-3.311615e+02
6.110000e-06	-2.451378e-06	-5.139172e-09	-1.789304e+01	-3.382213e+02
6.120000e-06	-2.490817e-06	-5.244759e-09	-1.818091e+01	-3.451179e+02
6.130000e-06	-2.530082e-06	-5.349449e-09	-1.846751e+01	-3.518553e+02
6.140000e-06	-2.569152e-06	-5.451678e-09	-1.875269e+01	-3.584380e+02
6.150000e-06	-2.608009e-06	-5.552691e-09	-1.903632e+01	-3.648701e+02
6.160000e-06	-2.646701e-06	-5.654549e-09	-1.931874e+01	-3.711559e+02
6.170000e-06	-2.685276e-06	-5.754360e-09	-1.960031e+01	-3.772994e+02
6.180000e-06	-2.723730e-06	-5.849649e-09	-1.988099e+01	-3.833044e+02
6.190000e-06	-2.762053e-06	-5.940054e-09	-2.016072e+01	-3.891746e+02
6.200000e-06	-2.800177e-06	-6.027293e-09	-2.043898e+01	-3.949138e+02
6.210000e-06	-2.838021e-06	-6.111088e-09	-2.071521e+01	-4.005257e+02
6.220000e-06	-2.875569e-06	-6.191653e-09	-2.098928e+01	-4.060146e+02
6.230000e-06	-2.912834e-06	-6.272699e-09	-2.126129e+01	-4.113848e+02
6.240000e-06	-2.949883e-06	-6.355961e-09	-2.153172e+01	-4.166408e+02
6.250000e-06	-2.986744e-06	-6.440801e-09	-2.180077e+01	-4.217875e+02
6.260000e-06	-3.023394e-06	-6.523498e-09	-2.206829e+01	-4.268296e+02
6.270000e-06	-3.059857e-06	-6.599025e-09	-2.233444e+01	-4.317714e+02
6.280000e-06	-3.096098e-06	-6.669927e-09	-2.259896e+01	-4.366167e+02
6.290000e-06	-3.132100e-06	-6.740213e-09	-2.286175e+01	-4.413687e+02
6.300000e-06	-3.167875e-06	-6.807703e-09	-2.312288e+01	-4.460294e+02
6.310000e-06	-3.203404e-06	-6.871925e-09	-2.338221e+01	-4.505998e+02
6.320000e-06	-3.238759e-06	-6.937251e-09	-2.364027e+01	-4.550798e+02
6.330000e-06	-3.273971e-06	-7.006147e-09	-2.389729e+01	-4.594683e+02
6.340000e-06	-3.309033e-06	-7.076802e-09	-2.415322e+01	-4.637635e+02
6.350000e-06	-3.343874e-06	-7.146972e-09	-2.440753e+01	-4.679633e+02
6.360000e-06	-3.378380e-06	-7.214521e-09	-2.465939e+01	-4.720656e+02
6.370000e-06	-3.412508e-06	-7.279798e-09	-2.490850e+01	-4.760687e+02
6.380000e-06	-3.446327e-06	-7.341732e-09	-2.515535e+01	-4.799716e+02
6.390000e-06	-3.479950e-06	-7.398068e-09	-2.540077e+01	-4.837746e+02
6.400000e-06	-3.513371e-06	-7.452539e-09	-2.564472e+01	-4.874792e+02
6.410000e-06	-3.546566e-06	-7.507091e-09	-2.588701e+01	-4.910882e+02
6.420000e-06	-3.579537e-06	-7.563715e-09	-2.612767e+01	-4.946055e+02
6.430000e-06	-3.612271e-06	-7.620941e-09	-2.636660e+01	-4.980360e+02
6.440000e-06	-3.644745e-06	-7.676838e-09	-2.660363e+01	-5.013851e+02
6.450000e-06	-3.676983e-06	-7.729569e-09	-2.683895e+01	-5.046584e+02
6.460000e-06	-3.709026e-06	-7.780495e-09	-2.707284e+01	-5.078611e+02
6.470000e-06	-3.740860e-06	-7.830922e-09	-2.730520e+01	-5.109977e+02
6.480000e-06	-3.772419e-06	-7.881125e-09	-2.753555e+01	-5.140716e+02
6.490000e-06	-3.803587e-06	-7.928971e-09	-2.776306e+01	-5.170853e+02
6.500000e-06	-3.834315e-06	-7.975996e-09	-2.798734e+01	-5.200399e+02
6.510000e-06	-3.864704e-06	-8.024887e-09	-2.820915e+01	-5.229355e+02
6.520000e-06	-3.894831e-06	-8.071798e-09	-2.842906e+01	-5.257715e+02
6.530000e-06	-3.924709e-06	-8.116092e-09	-2.864714e+01	-5.285467e+02
6.540000e-06	-3.954319e-06	-8.160544e-09	-2.886328e+01	-5.312601e+02
6.550000e-06	-3.983647e-06	-8.206237e-09	-2.907734e+01	-5.339106e+02
6.560000e-06	-4.012707e-06	-8.250360e-09	-2.928945e+01	-5.364980e+02
6.570000e-06	-4.041537e-06	-8.294229e-09	-2.949989e+01	-5.390229e+02
6.580000e-06	-4.070134e-06	-8.337299e-09	-2.970863e+01	-5.414865e+02
6.590000e-06	-4.098392e-06	-8.377391e-09	-2.991489e+01	-5.438911e+02
6.600000e-06	-4.126227e-06	-8.411765e-09	-3.011806e+01	-5.462394e+02
6.610000e-06	-4.153702e-06	-8.442594e-09	-3.031860e+01	-5.485348e+02
6.620000e-06	-4.180920e-06	-8.475885e-09	-3.051727e+01	-5.507803e+02
6.630000e-06	-4.207881e-06	-8.513228e-09	-3.071407e+01	-5.529793e+02
6.640000e-06	-4.234572e-06	-8.550917e-09	-3.090889e+01	-5.551342e+02
6.650000e-06	-4.260977e-06	-8.586142e-09	-3.110162e+01	-5.572472e+02
6.660000e-06	-4.287070e-06	-8.621960e-09	-3.129208e+01	-5.593195e+02
6.670000e-06	-4.312894e-06	-8.660416e-09	-3.148057e+01	-5.613519e+02
6.680000e-06	-4.338460e-06	-8.696376e-09	-3.166718e+01	-5.633446e+02
6.690000e-06	-4.363701e-06	-8.726964e-09	-3.185142e+01	-5.652974e+02
6.700000e-06	-4.388564e-06	-8.754274e-09	-3.203290e+01	-5.672102e+02
6.710000e-06	-4.413025e-06	-8.781778e-09	-3.221145e+01	-5.690827e+02
6.720000e-06	-4.437170e-06	-8.809349e-09	-3.238769e+01	-5.709153e+02
6.730000e-06	-4.461059e-06	-8.834457e-09	-3.256206e+01	-5.727085e+02
6.740000e-06	-4.484673e-06	-8.858380e-09	-3.273442e+01	-5.744632e+02
6.750000e-06	-4.507981e-06	-8.886106e-09	-3.290455e+01	-5.761808e+02
6.760000e-06	-4.530971e-06	-8.917274e-09	-3.307236e+01	-5.778627e+02
6.770000e-06	-4.553651e-06	-8.946531e-09	-3.323790e+01	-5.795102e+02
6.780000e-06	-4.576050e-06	-8.973479e-09	-3.340140e+01	-5.811242e+02
6.790000e-06	-4.598118e-06	-9.000603e-09	-3.356248e+01	-5.827053e+02
6.800000e-06	-4.619746e-06	-9.025877e-09	-3.372034e+01	-5.842534e+02
6.810000e-06	-4.640922e-06	-9.047351e-09	-3.387491e+01	-5.857676e+02
6.820000e-06	-4.661724e-06	-9.067725e-09	-3.402675e+01	-5.872465e+02
6.830000e-06	-4.682184e-06	-9.087444e-09	-3.417609e+01	-5.886883e+02
6.840000e-06	-4.702293e-06	-9.109335e-09	-3.432286e+01	-5.900908e+02
6.850000e-06	-4.722048e-06	-9.133011e-09	-3.446706e+01	-5.914519e+02
6.860000e-06	-4.741345e-06	-9.155525e-09	-3.460791e+01	-5.927701e+02
6.870000e-06	-4.760176e-06	-9.177559e-09	-3.474537e+01	-5.940441e+02
6.880000e-06	-4.778711e-06	-9.197987e-09	-3.488066e+01	-5.952739e+02
6.890000e-06	-4.796964e-06	-9.214467e-09	-3.501389e+01	-5.964599e+02
6.900000e-06	-4.814899e-06	-9.224770e-09	-3.514480e+01	-5.976040e+02
6.910000e-06	-4.832575e-06	-9.232627e-09	-3.527382e+01	-5.987087e+02
6.920000e-06	-4.849996e-06	-9.244440e-09	-3.540098e+01	-5.997770e+02
6.930000e-06	-4.867129e-06	-9.260645e-09	-3.552604e+01	-6.008126e+02
6.940000e-06	-4.883916e-06	-9.278137e-09	-3.564856e+01	-6.018192e+02
6.950000e-06	-4.900352e-06	-9.295247e-09	-3.576853e+01	-6.028002e+02
6.960000e-06	-4.916514e-06	-9.312731e-09	-3.588651e+01	-6.037587e+02
6.970000e-06	-4.932399e-06	-9.328311e-09	-3.600245e+01	-6.046973e+02
6.980000e-06	-4.947875e-06	-9.340088e-09	-3.611541e+01	-6.056176e+02
6.990000e-06	-4.962873e-06	-9.349642e-09	-3.622489e+01	-6.065205e+02
7.000000e-06	-4.977466e-06	-9.359195e-09	-3.633141e+01	-6.074063e+02
7.010000e-06	-4.991748e-06	-9.369907e-09	-3.643565e+01	-6.082745e+02
7.020000e-06	-5.005750e-06	-9.380739e-09	-3.653786e+01	-6.091242e+02
7.030000e-06	-5.019419e-06	-9.391486e-09	-3.663763e+01	-6.099542e+02
7.040000e-06	-5.032705e-06	-9.402676e-09	-3.673460e+01	-6.107629e+02
7.050000e-06	-5.045686e-06	-9.413728e-09	-3.682935e+01	-6.115491e+02
7.060000e-06	-5.058403e-06	-9.423968e-09	-3.692218e+01	-6.123113e+02
7.070000e-06	-5.070704e-06	-9.434051e-09	-3.701196e+01	-6.130485e+02
7.080000e-06	-5.082487e-06	-9.443771e-09	-3.709797e+01	-6.137597e+02
7.090000e-06	-5.093865e-06	-9.453662e-09	-3.718102e+01	-6.144446e+02
7.100000e-06	-5.104946e-06	-9.463101e-09	-3.726190e+01	-6.151029e+02
7.110000e-06	-5.115697e-06	-9.472105e-09	-3.734037e+01	-6.157348e+02
7.120000e-06	-5.126057e-06	-9.481897e-09	-3.741600e+01	-6.163408e+02
7.130000e-06	-5.136055e-06	-9.490403e-09	-3.748897e+01	-6.169220e+02
7.140000e-06	-5.145771e-06	-9.497326e-09	-3.755989e+01	-6.174793e+02
7.150000e-06	-5.155222e-06	-9.502888e-09	-3.762887e+01	-6.180143e+02
7.160000e-06	-5.164260e-06	-9.507634e-09	-3.769484e+01	-6.185283e+02
7.170000e-06	-5.172777e-06	-9.514334e-09	-3.775701e+01	-6.190230e+02
7.180000e-06	-5.180911e-06	-9.522301e-09	-3.781639e+01	-6.194995e+02
7.190000e-06	-5.188739e-06	-9.529862e-09	-3.787353e+01	-6.199590e+02
7.200000e-06	-5.196220e-06	-9.536340e-09	-3.792813e+01	-6.204019e+02
7.210000e-06	-5.203353e-06	-9.540608e-09	-3.798019e+01	-6.208283e+02
7.220000e-06	-5.210151e-06	-9.542234e-09	-3.802981e+01	-6.212375e+02
7.230000e-06	-5.216654e-06	-9.541554e-09	-3.807728e+01	-6.216284e+02
7.240000e-06	-5.222812e-06	-9.539956e-09	-3.812223e+01	-6.219994e+02
7.250000e-06	-5.228446e-06	-9.540447e-09	-3.816335e+01	-6.223486e+02
7.260000e-06	-5.233565e-06	-9.546203e-09	-3.820072e+01	-6.226741e+02
7.270000e-06	-5.238287e-06	-9.553852e-09	-3.823518e+01	-6.229745e+02
7.280000e-06	-5.242643e-06	-9.559306e-09	-3.826698e+01	-6.232486e+02
7.290000e-06	-5.246647e-06	-9.561231e-09	-3.829620e+01	-6.234964e+02
7.300000e-06	-5.250280e-06	-9.563790e-09	-3.832272e+01	-6.237185e+02
7.310000e-06	-5.253591e-06	-9.567008e-09	-3.834689e+01	-6.239166e+02
7.320000e-06	-5.256617e-06	-9.567601e-09	-3.836897e+01	-6.240931e+02
7.330000e-06	-5.259197e-06	-9.565377e-09	-3.838781e+01	-6.242506e+02
7.340000e-06	-5.261256e-06	-9.562399e-09	-3.840284e+01	-6.243922e+02
7.350000e-06	-5.262951e-06	-9.560834e-09	-3.841521e+01	-6.245203e+02
7.360000e-06	-5.264318e-06	-9.559683e-09	-3.842518e+01	-6.246362e+02
7.370000e-06	-5.265339e-06	-9.559491e-09	-3.843264e+01	-6.247404e+02
7.380000e-06	-5.265992e-06	-9.560438e-09	-3.843740e+01	-6.248315e+02
