# Temperatura_=_20.0
# Concentracion g/m^3_=_10000.0
# C_Vs_to_Am_M_A/Vsm_=_65563218390.804596
# pendiente_HvsI_1/m_=_3716.3
# ordenada_HvsI_A/m_=_1297.0
# frecuencia_Hz_=_301493.83655888075

Tiempo_(s)	Campo_(V.s)	Magnetizacion_(V.s)	Campo_(kA/m)	Magnetizacion_(A/m)
0.000000e+00	-8.216426e-06	-7.312821e-10	-5.690248e+01	-4.861403e+01
1.000000e-08	-8.214363e-06	-7.364717e-10	-5.688819e+01	-4.858783e+01
2.000000e-08	-8.209492e-06	-7.367322e-10	-5.685446e+01	-4.854419e+01
3.000000e-08	-8.202024e-06	-7.374246e-10	-5.680274e+01	-4.848311e+01
4.000000e-08	-8.191776e-06	-7.370316e-10	-5.673177e+01	-4.840462e+01
5.000000e-08	-8.178608e-06	-7.330311e-10	-5.664057e+01	-4.830875e+01
6.000000e-08	-8.162507e-06	-7.261689e-10	-5.652907e+01	-4.819553e+01
7.000000e-08	-8.143682e-06	-7.174395e-10	-5.639870e+01	-4.806501e+01
8.000000e-08	-8.122407e-06	-7.452351e-10	-5.625136e+01	-4.791722e+01
9.000000e-08	-8.098293e-06	-8.056812e-10	-5.608436e+01	-4.775223e+01
1.000000e-07	-8.070825e-06	-7.480671e-10	-5.589413e+01	-4.757009e+01
1.100000e-07	-8.040156e-06	-6.949487e-10	-5.568173e+01	-4.737087e+01
1.200000e-07	-8.006547e-06	-7.255687e-10	-5.544897e+01	-4.715464e+01
1.300000e-07	-7.970145e-06	-7.284418e-10	-5.519687e+01	-4.692147e+01
1.400000e-07	-7.931444e-06	-6.630064e-10	-5.492885e+01	-4.667146e+01
1.500000e-07	-7.890588e-06	-6.869569e-10	-5.464590e+01	-4.640468e+01
1.600000e-07	-7.847021e-06	-7.756636e-10	-5.434418e+01	-4.612124e+01
1.700000e-07	-7.800522e-06	-6.257083e-10	-5.402216e+01	-4.582124e+01
1.800000e-07	-7.751238e-06	-7.202537e-10	-5.368084e+01	-4.550478e+01
1.900000e-07	-7.698872e-06	-7.426263e-10	-5.331818e+01	-4.517198e+01
2.000000e-07	-7.643535e-06	-6.512962e-10	-5.293495e+01	-4.482296e+01
2.100000e-07	-7.585441e-06	-7.039441e-10	-5.253262e+01	-4.445785e+01
2.200000e-07	-7.524561e-06	-6.437605e-10	-5.211100e+01	-4.407676e+01
2.300000e-07	-7.461078e-06	-6.894267e-10	-5.167135e+01	-4.367985e+01
2.400000e-07	-7.394851e-06	-6.531920e-10	-5.121270e+01	-4.326725e+01
2.500000e-07	-7.325807e-06	-6.441118e-10	-5.073454e+01	-4.283911e+01
2.600000e-07	-7.254065e-06	-6.523872e-10	-5.023769e+01	-4.239559e+01
2.700000e-07	-7.179557e-06	-6.284312e-10	-4.972169e+01	-4.193684e+01
2.800000e-07	-7.102273e-06	-6.407280e-10	-4.918647e+01	-4.146304e+01
2.900000e-07	-7.022218e-06	-6.078469e-10	-4.863204e+01	-4.097433e+01
3.000000e-07	-6.939519e-06	-6.311936e-10	-4.805932e+01	-4.047092e+01
3.100000e-07	-6.854415e-06	-6.098104e-10	-4.746993e+01	-3.995297e+01
3.200000e-07	-6.767070e-06	-6.052175e-10	-4.686503e+01	-3.942066e+01
3.300000e-07	-6.677384e-06	-6.217083e-10	-4.624391e+01	-3.887420e+01
3.400000e-07	-6.585261e-06	-5.816715e-10	-4.560592e+01	-3.831378e+01
3.500000e-07	-6.490804e-06	-5.779169e-10	-4.495177e+01	-3.773960e+01
3.600000e-07	-6.394023e-06	-5.695776e-10	-4.428151e+01	-3.715186e+01
3.700000e-07	-6.294934e-06	-5.666859e-10	-4.359527e+01	-3.655078e+01
3.800000e-07	-6.193582e-06	-5.526802e-10	-4.289337e+01	-3.593656e+01
3.900000e-07	-6.089927e-06	-5.431277e-10	-4.217551e+01	-3.530944e+01
4.000000e-07	-5.984001e-06	-5.355921e-10	-4.144192e+01	-3.466964e+01
4.100000e-07	-5.875960e-06	-5.231480e-10	-4.069369e+01	-3.401738e+01
4.200000e-07	-5.765875e-06	-5.175035e-10	-3.993130e+01	-3.335290e+01
4.300000e-07	-5.653710e-06	-4.986690e-10	-3.915451e+01	-3.267644e+01
4.400000e-07	-5.539313e-06	-4.910187e-10	-3.836226e+01	-3.198824e+01
4.500000e-07	-5.422715e-06	-4.832546e-10	-3.755476e+01	-3.128855e+01
4.600000e-07	-5.304115e-06	-4.733270e-10	-3.673340e+01	-3.057762e+01
4.700000e-07	-5.183621e-06	-4.599595e-10	-3.589893e+01	-2.985570e+01
4.800000e-07	-5.061213e-06	-4.418058e-10	-3.505120e+01	-2.912306e+01
4.900000e-07	-4.936933e-06	-4.312399e-10	-3.419050e+01	-2.837995e+01
5.000000e-07	-4.810896e-06	-4.237806e-10	-3.331764e+01	-2.762665e+01
5.100000e-07	-4.683142e-06	-4.172670e-10	-3.243288e+01	-2.686341e+01
5.200000e-07	-4.553724e-06	-4.039824e-10	-3.153660e+01	-2.609053e+01
5.300000e-07	-4.422629e-06	-3.887510e-10	-3.062871e+01	-2.530827e+01
5.400000e-07	-4.289932e-06	-3.762078e-10	-2.970972e+01	-2.451691e+01
5.500000e-07	-4.155626e-06	-3.613204e-10	-2.877960e+01	-2.371674e+01
5.600000e-07	-4.019784e-06	-3.462248e-10	-2.783883e+01	-2.290805e+01
5.700000e-07	-3.882551e-06	-3.251088e-10	-2.688843e+01	-2.209112e+01
5.800000e-07	-3.743774e-06	-3.119498e-10	-2.592734e+01	-2.126625e+01
5.900000e-07	-3.603442e-06	-3.041882e-10	-2.495547e+01	-2.043374e+01
6.000000e-07	-3.461718e-06	-2.991023e-10	-2.397397e+01	-1.959388e+01
6.100000e-07	-3.318639e-06	-2.874890e-10	-2.298308e+01	-1.874697e+01
6.200000e-07	-3.174222e-06	-2.699918e-10	-2.198293e+01	-1.789333e+01
6.300000e-07	-3.028614e-06	-2.561777e-10	-2.097453e+01	-1.703325e+01
6.400000e-07	-2.881947e-06	-2.420458e-10	-1.995879e+01	-1.616704e+01
6.500000e-07	-2.734303e-06	-2.274779e-10	-1.893629e+01	-1.529502e+01
6.600000e-07	-2.585850e-06	-2.071987e-10	-1.790819e+01	-1.441749e+01
6.700000e-07	-2.436619e-06	-1.936994e-10	-1.687469e+01	-1.353478e+01
6.800000e-07	-2.286459e-06	-1.849088e-10	-1.583477e+01	-1.264719e+01
6.900000e-07	-2.135459e-06	-1.778279e-10	-1.478902e+01	-1.175505e+01
7.000000e-07	-1.983787e-06	-1.653743e-10	-1.373863e+01	-1.085868e+01
7.100000e-07	-1.831474e-06	-1.506095e-10	-1.268379e+01	-9.958401e+00
7.200000e-07	-1.678469e-06	-1.376040e-10	-1.162416e+01	-9.054531e+00
7.300000e-07	-1.524812e-06	-1.244218e-10	-1.056001e+01	-8.147397e+00
7.400000e-07	-1.370517e-06	-1.102154e-10	-9.491455e+00	-7.237324e+00
7.500000e-07	-1.215594e-06	-9.051915e-11	-8.418540e+00	-6.324640e+00
7.600000e-07	-1.060255e-06	-7.538360e-11	-7.342744e+00	-5.409672e+00
7.700000e-07	-9.045362e-07	-6.346448e-11	-6.264324e+00	-4.492747e+00
7.800000e-07	-7.484480e-07	-5.540027e-11	-5.183342e+00	-3.574195e+00
7.900000e-07	-5.921852e-07	-4.234690e-11	-4.101151e+00	-2.654345e+00
8.000000e-07	-4.358176e-07	-2.469054e-11	-3.018235e+00	-1.733528e+00
8.100000e-07	-2.792819e-07	-7.303150e-12	-1.934154e+00	-8.120732e-01
8.200000e-07	-1.225980e-07	9.358277e-12	-8.490467e-01	1.096880e-01
8.300000e-07	3.416029e-08	2.403044e-11	2.365755e-01	1.031425e+00
8.400000e-07	1.908774e-07	4.045024e-11	1.321912e+00	1.952808e+00
8.500000e-07	3.474887e-07	5.418439e-11	2.406517e+00	2.873505e+00
8.600000e-07	5.040377e-07	6.529549e-11	3.490690e+00	3.793186e+00
8.700000e-07	6.604487e-07	7.293148e-11	4.573907e+00	4.711522e+00
8.800000e-07	8.165672e-07	8.363239e-11	5.655099e+00	5.628183e+00
8.900000e-07	9.723742e-07	9.895393e-11	6.734133e+00	6.542840e+00
9.000000e-07	1.127879e-06	1.150417e-10	7.811073e+00	7.455165e+00
9.100000e-07	1.282985e-06	1.289435e-10	8.885251e+00	8.364830e+00
9.200000e-07	1.437560e-06	1.416436e-10	9.955758e+00	9.271510e+00
9.300000e-07	1.591503e-06	1.567546e-10	1.102188e+01	1.017488e+01
9.400000e-07	1.744796e-06	1.714646e-10	1.208350e+01	1.107461e+01
9.500000e-07	1.897526e-06	1.836021e-10	1.314123e+01	1.197039e+01
9.600000e-07	2.049643e-06	1.927934e-10	1.419471e+01	1.286188e+01
9.700000e-07	2.200983e-06	2.053762e-10	1.524281e+01	1.374878e+01
9.800000e-07	2.351483e-06	2.208096e-10	1.628508e+01	1.463076e+01
9.900000e-07	2.501141e-06	2.364237e-10	1.732154e+01	1.550750e+01
1.000000e-06	2.649935e-06	2.499297e-10	1.835201e+01	1.637870e+01
1.010000e-06	2.797845e-06	2.618178e-10	1.937635e+01	1.724404e+01
1.020000e-06	2.944756e-06	2.751704e-10	2.039377e+01	1.810320e+01
1.030000e-06	3.090576e-06	2.905061e-10	2.140364e+01	1.895589e+01
1.040000e-06	3.235294e-06	3.048485e-10	2.240588e+01	1.980179e+01
1.050000e-06	3.378821e-06	3.157155e-10	2.339987e+01	2.064060e+01
1.060000e-06	3.521100e-06	3.281494e-10	2.438521e+01	2.147202e+01
1.070000e-06	3.662047e-06	3.433815e-10	2.536134e+01	2.229575e+01
1.080000e-06	3.801541e-06	3.581637e-10	2.632740e+01	2.311150e+01
1.090000e-06	3.939542e-06	3.690715e-10	2.728312e+01	2.391897e+01
1.100000e-06	4.076069e-06	3.793070e-10	2.822863e+01	2.471788e+01
1.110000e-06	4.211083e-06	3.936291e-10	2.916366e+01	2.550793e+01
1.120000e-06	4.344643e-06	4.097798e-10	3.008863e+01	2.628884e+01
1.130000e-06	4.476702e-06	4.229785e-10	3.100319e+01	2.706034e+01
1.140000e-06	4.607091e-06	4.318588e-10	3.190620e+01	2.782215e+01
1.150000e-06	4.735803e-06	4.409771e-10	3.279759e+01	2.857399e+01
1.160000e-06	4.862855e-06	4.520678e-10	3.367748e+01	2.931559e+01
1.170000e-06	4.988316e-06	4.636018e-10	3.454635e+01	3.004669e+01
1.180000e-06	5.112004e-06	4.734788e-10	3.540295e+01	3.076703e+01
1.190000e-06	5.233773e-06	4.831307e-10	3.624625e+01	3.147634e+01
1.200000e-06	5.353690e-06	4.956477e-10	3.707673e+01	3.217438e+01
1.210000e-06	5.471659e-06	5.099133e-10	3.789372e+01	3.286089e+01
1.220000e-06	5.587444e-06	5.224712e-10	3.869559e+01	3.353562e+01
1.230000e-06	5.700995e-06	5.291278e-10	3.948198e+01	3.419834e+01
1.240000e-06	5.812489e-06	5.347213e-10	4.025412e+01	3.484880e+01
1.250000e-06	5.921994e-06	5.413134e-10	4.101250e+01	3.548677e+01
1.260000e-06	6.029421e-06	5.483725e-10	4.175647e+01	3.611203e+01
1.270000e-06	6.134651e-06	5.563971e-10	4.248524e+01	3.672435e+01
1.280000e-06	6.237681e-06	5.651041e-10	4.319877e+01	3.732351e+01
1.290000e-06	6.338411e-06	5.763464e-10	4.389637e+01	3.790929e+01
1.300000e-06	6.436775e-06	5.900059e-10	4.457759e+01	3.848149e+01
1.310000e-06	6.532803e-06	6.008643e-10	4.524262e+01	3.903989e+01
1.320000e-06	6.626611e-06	6.065857e-10	4.589229e+01	3.958430e+01
1.330000e-06	6.718134e-06	6.100976e-10	4.652613e+01	4.011453e+01
1.340000e-06	6.807232e-06	6.149278e-10	4.714317e+01	4.063038e+01
1.350000e-06	6.893983e-06	6.225166e-10	4.774396e+01	4.113167e+01
1.360000e-06	6.978426e-06	6.289414e-10	4.832876e+01	4.161822e+01
1.370000e-06	7.060412e-06	6.359829e-10	4.889656e+01	4.208985e+01
1.380000e-06	7.139799e-06	6.440306e-10	4.944635e+01	4.254639e+01
1.390000e-06	7.216533e-06	6.532466e-10	4.997777e+01	4.298769e+01
1.400000e-06	7.290541e-06	6.631812e-10	5.049030e+01	4.341357e+01
1.410000e-06	7.361917e-06	6.675462e-10	5.098462e+01	4.382390e+01
1.420000e-06	7.430691e-06	6.680279e-10	5.146090e+01	4.421852e+01
1.430000e-06	7.496741e-06	6.701418e-10	5.191834e+01	4.459729e+01
1.440000e-06	7.560139e-06	6.762021e-10	5.235739e+01	4.496008e+01
1.450000e-06	7.621065e-06	6.838269e-10	5.277933e+01	4.530675e+01
1.460000e-06	7.679322e-06	6.893905e-10	5.318279e+01	4.563718e+01
1.470000e-06	7.734780e-06	6.945272e-10	5.356686e+01	4.595125e+01
1.480000e-06	7.787210e-06	7.019475e-10	5.392997e+01	4.624885e+01
1.490000e-06	7.836364e-06	7.080032e-10	5.427038e+01	4.652987e+01
1.500000e-06	7.882676e-06	7.093666e-10	5.459111e+01	4.679422e+01
1.510000e-06	7.926291e-06	7.081843e-10	5.489316e+01	4.704179e+01
1.520000e-06	7.967026e-06	7.087777e-10	5.517527e+01	4.727250e+01
1.530000e-06	8.004987e-06	7.141759e-10	5.543817e+01	4.748626e+01
1.540000e-06	8.040163e-06	7.205073e-10	5.568178e+01	4.768301e+01
1.550000e-06	8.072474e-06	7.238119e-10	5.590554e+01	4.786266e+01
1.560000e-06	8.102062e-06	7.254993e-10	5.611046e+01	4.802515e+01
1.570000e-06	8.128754e-06	7.291924e-10	5.629531e+01	4.817043e+01
1.580000e-06	8.152421e-06	7.335422e-10	5.645921e+01	4.829844e+01
1.590000e-06	8.173337e-06	7.357457e-10	5.660407e+01	4.840914e+01
1.600000e-06	8.191429e-06	7.360554e-10	5.672936e+01	4.850248e+01
1.610000e-06	8.206519e-06	7.366965e-10	5.683387e+01	4.857844e+01
1.620000e-06	8.218474e-06	7.396255e-10	5.691666e+01	4.863699e+01
1.630000e-06	8.227283e-06	7.419534e-10	5.697767e+01	4.867810e+01
1.640000e-06	8.233243e-06	7.412096e-10	5.701894e+01	4.870176e+01
1.650000e-06	8.236331e-06	7.396117e-10	5.704033e+01	4.870797e+01
1.660000e-06	8.236500e-06	7.416710e-10	5.704150e+01	4.869671e+01
1.670000e-06	8.233959e-06	7.379160e-10	5.702390e+01	4.866800e+01
1.680000e-06	8.228694e-06	7.398526e-10	5.698744e+01	4.862184e+01
1.690000e-06	8.220683e-06	7.395528e-10	5.693196e+01	4.855826e+01
1.700000e-06	8.209845e-06	7.358318e-10	5.685690e+01	4.847726e+01
1.710000e-06	8.196052e-06	7.373407e-10	5.676138e+01	4.837889e+01
1.720000e-06	8.179616e-06	7.486245e-10	5.664755e+01	4.826318e+01
1.730000e-06	8.160856e-06	7.515345e-10	5.651763e+01	4.813017e+01
1.740000e-06	8.139445e-06	6.576856e-10	5.636935e+01	4.797990e+01
1.750000e-06	8.114599e-06	6.859809e-10	5.619728e+01	4.781244e+01
1.760000e-06	8.085853e-06	7.536937e-10	5.599821e+01	4.762784e+01
1.770000e-06	8.053648e-06	7.342717e-10	5.577517e+01	4.742616e+01
1.780000e-06	8.018905e-06	7.295289e-10	5.553456e+01	4.720748e+01
1.790000e-06	7.981848e-06	8.091333e-10	5.527792e+01	4.697189e+01
1.800000e-06	7.942650e-06	6.938286e-10	5.500646e+01	4.671945e+01
1.810000e-06	7.901387e-06	6.596719e-10	5.472069e+01	4.645027e+01
1.820000e-06	7.857357e-06	7.957640e-10	5.441576e+01	4.616444e+01
1.830000e-06	7.810553e-06	6.362694e-10	5.409162e+01	4.586206e+01
1.840000e-06	7.760814e-06	7.290133e-10	5.374716e+01	4.554324e+01
1.850000e-06	7.707770e-06	6.802660e-10	5.337981e+01	4.520810e+01
1.860000e-06	7.651913e-06	6.590200e-10	5.299297e+01	4.485675e+01
1.870000e-06	7.593305e-06	7.717549e-10	5.258708e+01	4.448933e+01
1.880000e-06	7.532020e-06	6.326791e-10	5.216266e+01	4.410595e+01
1.890000e-06	7.468050e-06	7.133848e-10	5.171964e+01	4.370677e+01
1.900000e-06	7.401170e-06	6.275240e-10	5.125646e+01	4.329193e+01
1.910000e-06	7.331551e-06	6.458009e-10	5.077432e+01	4.286156e+01
1.920000e-06	7.259150e-06	6.796064e-10	5.027291e+01	4.241584e+01
1.930000e-06	7.183963e-06	6.033251e-10	4.975221e+01	4.195491e+01
1.940000e-06	7.105963e-06	6.800683e-10	4.921202e+01	4.147894e+01
1.950000e-06	7.025372e-06	5.899280e-10	4.865389e+01	4.098811e+01
1.960000e-06	6.942372e-06	6.715602e-10	4.807908e+01	4.048258e+01
1.970000e-06	6.856734e-06	6.139564e-10	4.748600e+01	3.996255e+01
1.980000e-06	6.768639e-06	5.747836e-10	4.687589e+01	3.942820e+01
1.990000e-06	6.678198e-06	5.998038e-10	4.624956e+01	3.887971e+01
2.000000e-06	6.585429e-06	5.642914e-10	4.560708e+01	3.831729e+01
2.010000e-06	6.490291e-06	6.173813e-10	4.494821e+01	3.774114e+01
2.020000e-06	6.392838e-06	5.452926e-10	4.427331e+01	3.715146e+01
2.030000e-06	6.293151e-06	5.674804e-10	4.358293e+01	3.654847e+01
2.040000e-06	6.191137e-06	5.276874e-10	4.287644e+01	3.593238e+01
2.050000e-06	6.086899e-06	5.488049e-10	4.215454e+01	3.530341e+01
2.060000e-06	5.980561e-06	5.373371e-10	4.141810e+01	3.466179e+01
2.070000e-06	5.872153e-06	5.099577e-10	4.066732e+01	3.400776e+01
2.080000e-06	5.761614e-06	5.118153e-10	3.990179e+01	3.334153e+01
2.090000e-06	5.648920e-06	4.889784e-10	3.912133e+01	3.266336e+01
2.100000e-06	5.533993e-06	5.040950e-10	3.832541e+01	3.197349e+01
2.110000e-06	5.416858e-06	4.653966e-10	3.751420e+01	3.127216e+01
2.120000e-06	5.297675e-06	4.591675e-10	3.668881e+01	3.055962e+01
2.130000e-06	5.176625e-06	4.386934e-10	3.585048e+01	2.983613e+01
2.140000e-06	5.053772e-06	4.485999e-10	3.499967e+01	2.910196e+01
2.150000e-06	4.929008e-06	4.344145e-10	3.413562e+01	2.835736e+01
2.160000e-06	4.802398e-06	4.141665e-10	3.325879e+01	2.760260e+01
2.170000e-06	4.674111e-06	3.949831e-10	3.237034e+01	2.683795e+01
2.180000e-06	4.544182e-06	3.862672e-10	3.147052e+01	2.606369e+01
2.190000e-06	4.412669e-06	3.868675e-10	3.055973e+01	2.528009e+01
2.200000e-06	4.279595e-06	3.737090e-10	2.963814e+01	2.448744e+01
2.210000e-06	4.144937e-06	3.610876e-10	2.870557e+01	2.368602e+01
2.220000e-06	4.008755e-06	3.498919e-10	2.776245e+01	2.287611e+01
2.230000e-06	3.871035e-06	3.455138e-10	2.680868e+01	2.205801e+01
2.240000e-06	3.731892e-06	3.289940e-10	2.584505e+01	2.123201e+01
2.250000e-06	3.591376e-06	3.041849e-10	2.487191e+01	2.039841e+01
2.260000e-06	3.449440e-06	2.805169e-10	2.388894e+01	1.955751e+01
2.270000e-06	3.306285e-06	2.716453e-10	2.289752e+01	1.870960e+01
2.280000e-06	3.161937e-06	2.689121e-10	2.189785e+01	1.785500e+01
2.290000e-06	3.016338e-06	2.631786e-10	2.088951e+01	1.699400e+01
2.300000e-06	2.869639e-06	2.460011e-10	1.987355e+01	1.612693e+01
2.310000e-06	2.722064e-06	2.341136e-10	1.885153e+01	1.525408e+01
2.320000e-06	2.573633e-06	2.226549e-10	1.782357e+01	1.437577e+01
2.330000e-06	2.424151e-06	2.097897e-10	1.678835e+01	1.349233e+01
2.340000e-06	2.273721e-06	1.860460e-10	1.574655e+01	1.260405e+01
2.350000e-06	2.122648e-06	1.627020e-10	1.470030e+01	1.171127e+01
2.360000e-06	1.970894e-06	1.516225e-10	1.364934e+01	1.081430e+01
2.370000e-06	1.818351e-06	1.488535e-10	1.259291e+01	9.913468e+00
2.380000e-06	1.665058e-06	1.424795e-10	1.153128e+01	9.009092e+00
2.390000e-06	1.511177e-06	1.251938e-10	1.046559e+01	8.101499e+00
2.400000e-06	1.356842e-06	1.091989e-10	9.396745e+00	7.191014e+00
2.410000e-06	1.202030e-06	9.605169e-11	8.324600e+00	6.277964e+00
2.420000e-06	1.046733e-06	8.384518e-11	7.249102e+00	5.362677e+00
2.430000e-06	8.910759e-07	6.447938e-11	6.171105e+00	4.445480e+00
2.440000e-06	7.352614e-07	4.420648e-11	5.092019e+00	3.526703e+00
2.450000e-06	5.792818e-07	3.060811e-11	4.011789e+00	2.606675e+00
2.460000e-06	4.230827e-07	2.222480e-11	2.930040e+00	1.685728e+00
2.470000e-06	2.666396e-07	1.446051e-11	1.846600e+00	7.641896e-01
2.480000e-06	1.100558e-07	1.986634e-12	7.621864e-01	-1.576078e-01
2.490000e-06	-4.650423e-08	-1.289560e-11	-3.220629e-01	-1.079334e+00
2.500000e-06	-2.029683e-07	-2.740766e-11	-1.405648e+00	-2.000658e+00
2.510000e-06	-3.593606e-07	-4.043813e-11	-2.488735e+00	-2.921250e+00
2.520000e-06	-5.157185e-07	-5.658241e-11	-3.571585e+00	-3.840778e+00
2.530000e-06	-6.718595e-07	-7.379949e-11	-4.652932e+00	-4.758915e+00
2.540000e-06	-8.276877e-07	-8.752582e-11	-5.732113e+00	-5.675329e+00
2.550000e-06	-9.832319e-07	-9.767589e-11	-6.809327e+00	-6.589692e+00
2.560000e-06	-1.138478e-06	-1.070239e-10	-7.884480e+00	-7.501676e+00
2.570000e-06	-1.293253e-06	-1.201872e-10	-8.956363e+00	-8.410954e+00
2.580000e-06	-1.447490e-06	-1.353072e-10	-1.002452e+01	-9.317200e+00
2.590000e-06	-1.601258e-06	-1.492704e-10	-1.108944e+01	-1.022009e+01
2.600000e-06	-1.754507e-06	-1.625218e-10	-1.215076e+01	-1.111930e+01
2.610000e-06	-1.907153e-06	-1.780620e-10	-1.320790e+01	-1.201450e+01
2.620000e-06	-2.059046e-06	-1.959565e-10	-1.425983e+01	-1.290538e+01
2.630000e-06	-2.210114e-06	-2.115764e-10	-1.530604e+01	-1.379161e+01
2.640000e-06	-2.360368e-06	-2.226461e-10	-1.634662e+01	-1.467288e+01
2.650000e-06	-2.509868e-06	-2.332130e-10	-1.738197e+01	-1.554887e+01
2.660000e-06	-2.658456e-06	-2.472062e-10	-1.841102e+01	-1.641927e+01
2.670000e-06	-2.805988e-06	-2.634435e-10	-1.943274e+01	-1.728376e+01
2.680000e-06	-2.952565e-06	-2.774747e-10	-2.044785e+01	-1.814204e+01
2.690000e-06	-3.098166e-06	-2.883025e-10	-2.145621e+01	-1.899379e+01
2.700000e-06	-3.242716e-06	-3.001742e-10	-2.245728e+01	-1.983872e+01
2.710000e-06	-3.386063e-06	-3.155602e-10	-2.345002e+01	-2.067651e+01
2.720000e-06	-3.528045e-06	-3.320114e-10	-2.443331e+01	-2.150687e+01
2.730000e-06	-3.668604e-06	-3.452072e-10	-2.540675e+01	-2.232950e+01
2.740000e-06	-3.807761e-06	-3.564974e-10	-2.637047e+01	-2.314410e+01
2.750000e-06	-3.945509e-06	-3.693523e-10	-2.732444e+01	-2.395039e+01
2.760000e-06	-4.081836e-06	-3.825537e-10	-2.826857e+01	-2.474806e+01
2.770000e-06	-4.216686e-06	-3.922138e-10	-2.920246e+01	-2.553685e+01
2.780000e-06	-4.349970e-06	-3.982539e-10	-3.012552e+01	-2.631646e+01
2.790000e-06	-4.481724e-06	-4.075311e-10	-3.103797e+01	-2.708661e+01
2.800000e-06	-4.611915e-06	-4.246343e-10	-3.193961e+01	-2.784703e+01
2.810000e-06	-4.740522e-06	-4.432506e-10	-3.283027e+01	-2.859744e+01
2.820000e-06	-4.867417e-06	-4.563816e-10	-3.370908e+01	-2.933758e+01
2.830000e-06	-4.992499e-06	-4.663613e-10	-3.457532e+01	-3.006718e+01
2.840000e-06	-5.115874e-06	-4.774587e-10	-3.542975e+01	-3.078597e+01
2.850000e-06	-5.237489e-06	-4.893450e-10	-3.627199e+01	-3.149371e+01
2.860000e-06	-5.357149e-06	-4.968620e-10	-3.710069e+01	-3.219013e+01
2.870000e-06	-5.474716e-06	-5.022638e-10	-3.791490e+01	-3.287499e+01
2.880000e-06	-5.590120e-06	-5.108529e-10	-3.871412e+01	-3.354804e+01
2.890000e-06	-5.703243e-06	-5.230764e-10	-3.949755e+01	-3.420904e+01
2.900000e-06	-5.814052e-06	-5.378750e-10	-4.026495e+01	-3.485776e+01
2.910000e-06	-5.922700e-06	-5.503109e-10	-4.101739e+01	-3.549395e+01
2.920000e-06	-6.029388e-06	-5.595026e-10	-4.175625e+01	-3.611739e+01
2.930000e-06	-6.134141e-06	-5.677808e-10	-4.248171e+01	-3.672786e+01
2.940000e-06	-6.236622e-06	-5.765327e-10	-4.319144e+01	-3.732514e+01
2.950000e-06	-6.336688e-06	-5.835456e-10	-4.388444e+01	-3.790901e+01
2.960000e-06	-6.434522e-06	-5.885078e-10	-4.456199e+01	-3.847927e+01
2.970000e-06	-6.530241e-06	-5.945114e-10	-4.522488e+01	-3.903571e+01
2.980000e-06	-6.623727e-06	-6.027005e-10	-4.587232e+01	-3.957813e+01
2.990000e-06	-6.714827e-06	-6.134708e-10	-4.650322e+01	-4.010633e+01
3.000000e-06	-6.803615e-06	-6.246074e-10	-4.711812e+01	-4.062013e+01
3.010000e-06	-6.890010e-06	-6.342164e-10	-4.771645e+01	-4.111934e+01
3.020000e-06	-6.973861e-06	-6.414540e-10	-4.829716e+01	-4.160379e+01
3.030000e-06	-7.055273e-06	-6.482034e-10	-4.886097e+01	-4.207329e+01
3.040000e-06	-7.134137e-06	-6.541069e-10	-4.940714e+01	-4.252769e+01
3.050000e-06	-7.210159e-06	-6.587403e-10	-4.993362e+01	-4.296681e+01
3.060000e-06	-7.283470e-06	-6.619846e-10	-5.044133e+01	-4.339051e+01
3.070000e-06	-7.354192e-06	-6.659520e-10	-5.093112e+01	-4.379862e+01
3.080000e-06	-7.422243e-06	-6.723617e-10	-5.140240e+01	-4.419100e+01
3.090000e-06	-7.487742e-06	-6.800826e-10	-5.185601e+01	-4.456751e+01
3.100000e-06	-7.550721e-06	-6.857615e-10	-5.229217e+01	-4.492803e+01
3.110000e-06	-7.610983e-06	-6.893593e-10	-5.270951e+01	-4.527240e+01
3.120000e-06	-7.668461e-06	-6.943725e-10	-5.310757e+01	-4.560052e+01
3.130000e-06	-7.723118e-06	-6.995421e-10	-5.348610e+01	-4.591227e+01
3.140000e-06	-7.774803e-06	-7.023541e-10	-5.384404e+01	-4.620753e+01
3.150000e-06	-7.823324e-06	-7.036155e-10	-5.418007e+01	-4.648619e+01
3.160000e-06	-7.868829e-06	-7.058232e-10	-5.449521e+01	-4.674817e+01
3.170000e-06	-7.911807e-06	-7.088487e-10	-5.479286e+01	-4.699335e+01
3.180000e-06	-7.952256e-06	-7.125085e-10	-5.507298e+01	-4.722167e+01
3.190000e-06	-7.989865e-06	-7.168818e-10	-5.533344e+01	-4.743302e+01
3.200000e-06	-8.024648e-06	-7.198868e-10	-5.557433e+01	-4.762735e+01
3.210000e-06	-8.056698e-06	-7.241642e-10	-5.579629e+01	-4.780457e+01
3.220000e-06	-8.085806e-06	-7.276074e-10	-5.599788e+01	-4.796463e+01
3.230000e-06	-8.111958e-06	-7.283045e-10	-5.617899e+01	-4.810746e+01
3.240000e-06	-8.135339e-06	-7.278914e-10	-5.634092e+01	-4.823302e+01
3.250000e-06	-8.155842e-06	-7.279466e-10	-5.648291e+01	-4.834126e+01
3.260000e-06	-8.173436e-06	-7.290738e-10	-5.660476e+01	-4.843215e+01
3.270000e-06	-8.188068e-06	-7.287523e-10	-5.670609e+01	-4.850564e+01
3.280000e-06	-8.199533e-06	-7.294453e-10	-5.678549e+01	-4.856171e+01
3.290000e-06	-8.207953e-06	-7.315420e-10	-5.684380e+01	-4.860035e+01
3.300000e-06	-8.213439e-06	-7.354172e-10	-5.688179e+01	-4.862154e+01
3.310000e-06	-8.216074e-06	-7.351641e-10	-5.690004e+01	-4.862527e+01
