# Temperatura_=_20.0
# Concentracion g/m^3_=_10000.0
# C_Vs_to_Am_M_A/Vsm_=_65563218390.804596
# pendiente_HvsI_1/m_=_3716.3
# ordenada_HvsI_A/m_=_1297.0
# frecuencia_Hz_=_81161.38458926666

Tiempo_(s)	Campo_(V.s)	Magnetizacion_(V.s)	Campo_(kA/m)	Magnetizacion_(A/m)
0.000000e+00	-3.110299e-06	-7.082384e-09	-2.356041e+01	-4.573712e+02
1.000000e-08	-3.110285e-06	-7.221525e-09	-2.356031e+01	-4.573791e+02
2.000000e-08	-3.110392e-06	-7.055797e-09	-2.356112e+01	-4.573749e+02
3.000000e-08	-3.110412e-06	-7.086196e-09	-2.356127e+01	-4.573610e+02
4.000000e-08	-3.110252e-06	-7.194401e-09	-2.356006e+01	-4.573393e+02
5.000000e-08	-3.109941e-06	-7.072884e-09	-2.355770e+01	-4.573118e+02
6.000000e-08	-3.109541e-06	-7.113360e-09	-2.355467e+01	-4.572797e+02
7.000000e-08	-3.109033e-06	-7.054939e-09	-2.355082e+01	-4.572445e+02
8.000000e-08	-3.108392e-06	-7.019657e-09	-2.354596e+01	-4.572066e+02
9.000000e-08	-3.107677e-06	-7.065880e-09	-2.354055e+01	-4.571666e+02
1.000000e-07	-3.106913e-06	-7.093170e-09	-2.353476e+01	-4.571242e+02
1.100000e-07	-3.106186e-06	-7.156215e-09	-2.352926e+01	-4.570791e+02
1.200000e-07	-3.105358e-06	-7.067142e-09	-2.352298e+01	-4.570304e+02
1.300000e-07	-3.104429e-06	-7.050312e-09	-2.351595e+01	-4.569772e+02
1.400000e-07	-3.103414e-06	-7.062924e-09	-2.350826e+01	-4.569182e+02
1.500000e-07	-3.102307e-06	-7.104072e-09	-2.349987e+01	-4.568521e+02
1.600000e-07	-3.101096e-06	-7.085438e-09	-2.349070e+01	-4.567777e+02
1.700000e-07	-3.099760e-06	-7.002879e-09	-2.348058e+01	-4.566937e+02
1.800000e-07	-3.098408e-06	-7.103429e-09	-2.347034e+01	-4.565992e+02
1.900000e-07	-3.096962e-06	-7.090767e-09	-2.345938e+01	-4.564934e+02
2.000000e-07	-3.095381e-06	-7.077811e-09	-2.344741e+01	-4.563759e+02
2.100000e-07	-3.093644e-06	-7.013997e-09	-2.343425e+01	-4.562466e+02
2.200000e-07	-3.091850e-06	-7.013858e-09	-2.342066e+01	-4.561059e+02
2.300000e-07	-3.090045e-06	-7.092015e-09	-2.340699e+01	-4.559544e+02
2.400000e-07	-3.088130e-06	-7.077825e-09	-2.339248e+01	-4.557932e+02
2.500000e-07	-3.086133e-06	-7.072470e-09	-2.337735e+01	-4.556237e+02
2.600000e-07	-3.084062e-06	-6.999797e-09	-2.336167e+01	-4.554475e+02
2.700000e-07	-3.081923e-06	-7.041103e-09	-2.334547e+01	-4.552664e+02
2.800000e-07	-3.079694e-06	-7.046699e-09	-2.332858e+01	-4.550825e+02
2.900000e-07	-3.077377e-06	-7.015912e-09	-2.331103e+01	-4.548977e+02
3.000000e-07	-3.075005e-06	-7.011522e-09	-2.329306e+01	-4.547138e+02
3.100000e-07	-3.072542e-06	-6.999960e-09	-2.327441e+01	-4.545327e+02
3.200000e-07	-3.070028e-06	-7.062022e-09	-2.325536e+01	-4.543558e+02
3.300000e-07	-3.067449e-06	-7.027308e-09	-2.323583e+01	-4.541844e+02
3.400000e-07	-3.064811e-06	-7.007892e-09	-2.321584e+01	-4.540194e+02
3.500000e-07	-3.062054e-06	-6.986843e-09	-2.319496e+01	-4.538613e+02
3.600000e-07	-3.059157e-06	-6.995076e-09	-2.317301e+01	-4.537103e+02
3.700000e-07	-3.056204e-06	-7.031844e-09	-2.315064e+01	-4.535660e+02
3.800000e-07	-3.053180e-06	-6.998522e-09	-2.312774e+01	-4.534278e+02
3.900000e-07	-3.050093e-06	-7.000678e-09	-2.310435e+01	-4.532948e+02
4.000000e-07	-3.046921e-06	-6.976129e-09	-2.308033e+01	-4.531656e+02
4.100000e-07	-3.043703e-06	-7.008370e-09	-2.305595e+01	-4.530389e+02
4.200000e-07	-3.040439e-06	-7.009942e-09	-2.303123e+01	-4.529129e+02
4.300000e-07	-3.037095e-06	-6.974431e-09	-2.300590e+01	-4.527859e+02
4.400000e-07	-3.033676e-06	-6.977368e-09	-2.298000e+01	-4.526562e+02
4.500000e-07	-3.030170e-06	-6.970687e-09	-2.295344e+01	-4.525219e+02
4.600000e-07	-3.026563e-06	-7.003401e-09	-2.292612e+01	-4.523815e+02
4.700000e-07	-3.022845e-06	-6.967114e-09	-2.289796e+01	-4.522335e+02
4.800000e-07	-3.019056e-06	-6.950082e-09	-2.286925e+01	-4.520763e+02
4.900000e-07	-3.015194e-06	-6.955846e-09	-2.283999e+01	-4.519089e+02
5.000000e-07	-3.011256e-06	-6.963124e-09	-2.281016e+01	-4.517301e+02
5.100000e-07	-3.007237e-06	-6.967924e-09	-2.277972e+01	-4.515393e+02
5.200000e-07	-3.003129e-06	-6.919500e-09	-2.274860e+01	-4.513356e+02
5.300000e-07	-2.998975e-06	-6.930468e-09	-2.271713e+01	-4.511184e+02
5.400000e-07	-2.994742e-06	-6.938616e-09	-2.268507e+01	-4.508875e+02
5.500000e-07	-2.990398e-06	-6.952945e-09	-2.265217e+01	-4.506422e+02
5.600000e-07	-2.985948e-06	-6.940184e-09	-2.261846e+01	-4.503824e+02
5.700000e-07	-2.981425e-06	-6.919116e-09	-2.258420e+01	-4.501076e+02
5.800000e-07	-2.976851e-06	-6.937715e-09	-2.254955e+01	-4.498175e+02
5.900000e-07	-2.972184e-06	-6.920383e-09	-2.251419e+01	-4.495118e+02
6.000000e-07	-2.967446e-06	-6.911265e-09	-2.247830e+01	-4.491900e+02
6.100000e-07	-2.962625e-06	-6.880392e-09	-2.244179e+01	-4.488517e+02
6.200000e-07	-2.957733e-06	-6.884333e-09	-2.240473e+01	-4.484964e+02
6.300000e-07	-2.952779e-06	-6.898109e-09	-2.236720e+01	-4.481240e+02
6.400000e-07	-2.947730e-06	-6.886962e-09	-2.232896e+01	-4.477338e+02
6.500000e-07	-2.942565e-06	-6.883739e-09	-2.228983e+01	-4.473258e+02
6.600000e-07	-2.937278e-06	-6.857816e-09	-2.224978e+01	-4.468997e+02
6.700000e-07	-2.931924e-06	-6.865332e-09	-2.220922e+01	-4.464557e+02
6.800000e-07	-2.926492e-06	-6.853053e-09	-2.216808e+01	-4.459938e+02
6.900000e-07	-2.920976e-06	-6.833919e-09	-2.212630e+01	-4.455147e+02
7.000000e-07	-2.915383e-06	-6.817849e-09	-2.208393e+01	-4.450189e+02
7.100000e-07	-2.909715e-06	-6.810316e-09	-2.204100e+01	-4.445074e+02
7.200000e-07	-2.904013e-06	-6.825825e-09	-2.199780e+01	-4.439814e+02
7.300000e-07	-2.898238e-06	-6.802566e-09	-2.195406e+01	-4.434423e+02
7.400000e-07	-2.892377e-06	-6.787623e-09	-2.190966e+01	-4.428916e+02
7.500000e-07	-2.886413e-06	-6.770326e-09	-2.186448e+01	-4.423309e+02
7.600000e-07	-2.880347e-06	-6.770278e-09	-2.181853e+01	-4.417622e+02
7.700000e-07	-2.874216e-06	-6.763440e-09	-2.177209e+01	-4.411873e+02
7.800000e-07	-2.868019e-06	-6.734535e-09	-2.172515e+01	-4.406079e+02
7.900000e-07	-2.861756e-06	-6.729231e-09	-2.167771e+01	-4.400257e+02
8.000000e-07	-2.855419e-06	-6.719324e-09	-2.162970e+01	-4.394423e+02
8.100000e-07	-2.849022e-06	-6.722901e-09	-2.158125e+01	-4.388590e+02
8.200000e-07	-2.842553e-06	-6.700897e-09	-2.153225e+01	-4.382769e+02
8.300000e-07	-2.836020e-06	-6.677765e-09	-2.148276e+01	-4.376968e+02
8.400000e-07	-2.829436e-06	-6.676036e-09	-2.143288e+01	-4.371192e+02
8.500000e-07	-2.822758e-06	-6.671014e-09	-2.138230e+01	-4.365444e+02
8.600000e-07	-2.815977e-06	-6.667087e-09	-2.133093e+01	-4.359722e+02
8.700000e-07	-2.809115e-06	-6.640498e-09	-2.127896e+01	-4.354023e+02
8.800000e-07	-2.802207e-06	-6.632491e-09	-2.122662e+01	-4.348343e+02
8.900000e-07	-2.795237e-06	-6.627173e-09	-2.117383e+01	-4.342674e+02
9.000000e-07	-2.788192e-06	-6.617354e-09	-2.112046e+01	-4.337008e+02
9.100000e-07	-2.781079e-06	-6.603997e-09	-2.106658e+01	-4.331337e+02
9.200000e-07	-2.773875e-06	-6.582587e-09	-2.101201e+01	-4.325653e+02
9.300000e-07	-2.766609e-06	-6.582429e-09	-2.095697e+01	-4.319949e+02
9.400000e-07	-2.759285e-06	-6.574352e-09	-2.090149e+01	-4.314220e+02
9.500000e-07	-2.751898e-06	-6.565403e-09	-2.084554e+01	-4.308460e+02
9.600000e-07	-2.744422e-06	-6.549336e-09	-2.078891e+01	-4.302669e+02
9.700000e-07	-2.736853e-06	-6.539297e-09	-2.073157e+01	-4.296848e+02
9.800000e-07	-2.729214e-06	-6.540751e-09	-2.067370e+01	-4.290997e+02
9.900000e-07	-2.721478e-06	-6.529811e-09	-2.061511e+01	-4.285124e+02
1.000000e-06	-2.713667e-06	-6.518017e-09	-2.055594e+01	-4.279232e+02
1.010000e-06	-2.705792e-06	-6.497991e-09	-2.049628e+01	-4.273331e+02
1.020000e-06	-2.697852e-06	-6.490444e-09	-2.043614e+01	-4.267428e+02
1.030000e-06	-2.689819e-06	-6.477723e-09	-2.037529e+01	-4.261531e+02
1.040000e-06	-2.681683e-06	-6.458267e-09	-2.031366e+01	-4.255648e+02
1.050000e-06	-2.673473e-06	-6.449151e-09	-2.025147e+01	-4.249785e+02
1.060000e-06	-2.665196e-06	-6.441931e-09	-2.018877e+01	-4.243946e+02
1.070000e-06	-2.656849e-06	-6.443970e-09	-2.012555e+01	-4.238133e+02
1.080000e-06	-2.648421e-06	-6.432678e-09	-2.006171e+01	-4.232344e+02
1.090000e-06	-2.639935e-06	-6.421190e-09	-1.999742e+01	-4.226575e+02
1.100000e-06	-2.631410e-06	-6.410850e-09	-1.993285e+01	-4.220817e+02
1.110000e-06	-2.622848e-06	-6.399741e-09	-1.986799e+01	-4.215062e+02
1.120000e-06	-2.614240e-06	-6.389930e-09	-1.980278e+01	-4.209293e+02
1.130000e-06	-2.605551e-06	-6.370863e-09	-1.973697e+01	-4.203496e+02
1.140000e-06	-2.596791e-06	-6.362114e-09	-1.967061e+01	-4.197652e+02
1.150000e-06	-2.587975e-06	-6.356677e-09	-1.960383e+01	-4.191741e+02
1.160000e-06	-2.579105e-06	-6.354129e-09	-1.953663e+01	-4.185743e+02
1.170000e-06	-2.570181e-06	-6.344131e-09	-1.946904e+01	-4.179637e+02
1.180000e-06	-2.561206e-06	-6.329521e-09	-1.940105e+01	-4.173406e+02
1.190000e-06	-2.552161e-06	-6.319562e-09	-1.933253e+01	-4.167030e+02
1.200000e-06	-2.543009e-06	-6.299855e-09	-1.926321e+01	-4.160496e+02
1.210000e-06	-2.533756e-06	-6.279866e-09	-1.919312e+01	-4.153790e+02
1.220000e-06	-2.524442e-06	-6.258554e-09	-1.912257e+01	-4.146903e+02
1.230000e-06	-2.515087e-06	-6.248476e-09	-1.905170e+01	-4.139830e+02
1.240000e-06	-2.505680e-06	-6.245578e-09	-1.898045e+01	-4.132568e+02
1.250000e-06	-2.496214e-06	-6.237489e-09	-1.890874e+01	-4.125117e+02
1.260000e-06	-2.486684e-06	-6.228456e-09	-1.883655e+01	-4.117482e+02
1.270000e-06	-2.477089e-06	-6.213628e-09	-1.876387e+01	-4.109669e+02
1.280000e-06	-2.467444e-06	-6.196970e-09	-1.869080e+01	-4.101686e+02
1.290000e-06	-2.457741e-06	-6.172363e-09	-1.861731e+01	-4.093543e+02
1.300000e-06	-2.447979e-06	-6.149751e-09	-1.854336e+01	-4.085250e+02
1.310000e-06	-2.438153e-06	-6.134209e-09	-1.846893e+01	-4.076820e+02
1.320000e-06	-2.428239e-06	-6.124607e-09	-1.839383e+01	-4.068262e+02
1.330000e-06	-2.418226e-06	-6.117476e-09	-1.831798e+01	-4.059585e+02
1.340000e-06	-2.408134e-06	-6.102816e-09	-1.824154e+01	-4.050798e+02
1.350000e-06	-2.398002e-06	-6.089099e-09	-1.816478e+01	-4.041908e+02
1.360000e-06	-2.387823e-06	-6.073806e-09	-1.808768e+01	-4.032920e+02
1.370000e-06	-2.377592e-06	-6.057159e-09	-1.801018e+01	-4.023836e+02
1.380000e-06	-2.367304e-06	-6.036111e-09	-1.793225e+01	-4.014658e+02
1.390000e-06	-2.356952e-06	-6.015267e-09	-1.785383e+01	-4.005386e+02
1.400000e-06	-2.346544e-06	-6.000933e-09	-1.777500e+01	-3.996020e+02
1.410000e-06	-2.336076e-06	-5.985604e-09	-1.769570e+01	-3.986559e+02
1.420000e-06	-2.325561e-06	-5.970658e-09	-1.761605e+01	-3.977001e+02
1.430000e-06	-2.315004e-06	-5.952436e-09	-1.753608e+01	-3.967345e+02
1.440000e-06	-2.304383e-06	-5.938268e-09	-1.745562e+01	-3.957593e+02
1.450000e-06	-2.293667e-06	-5.928457e-09	-1.737445e+01	-3.947745e+02
1.460000e-06	-2.282849e-06	-5.917686e-09	-1.729251e+01	-3.937806e+02
1.470000e-06	-2.271964e-06	-5.905995e-09	-1.721005e+01	-3.927781e+02
1.480000e-06	-2.261037e-06	-5.889821e-09	-1.712728e+01	-3.917676e+02
1.490000e-06	-2.250071e-06	-5.871393e-09	-1.704421e+01	-3.907503e+02
1.500000e-06	-2.239046e-06	-5.848853e-09	-1.696070e+01	-3.897270e+02
1.510000e-06	-2.227965e-06	-5.829819e-09	-1.687676e+01	-3.886992e+02
1.520000e-06	-2.216841e-06	-5.809910e-09	-1.679250e+01	-3.876682e+02
1.530000e-06	-2.205663e-06	-5.789891e-09	-1.670782e+01	-3.866352e+02
1.540000e-06	-2.194430e-06	-5.778366e-09	-1.662274e+01	-3.856016e+02
1.550000e-06	-2.183153e-06	-5.767200e-09	-1.653731e+01	-3.845686e+02
1.560000e-06	-2.171832e-06	-5.754525e-09	-1.645155e+01	-3.835374e+02
1.570000e-06	-2.160452e-06	-5.734446e-09	-1.636535e+01	-3.825088e+02
1.580000e-06	-2.148994e-06	-5.713179e-09	-1.627856e+01	-3.814833e+02
1.590000e-06	-2.137451e-06	-5.695148e-09	-1.619112e+01	-3.804613e+02
1.600000e-06	-2.125824e-06	-5.677048e-09	-1.610305e+01	-3.794428e+02
1.610000e-06	-2.114135e-06	-5.662363e-09	-1.601450e+01	-3.784274e+02
1.620000e-06	-2.102400e-06	-5.645227e-09	-1.592561e+01	-3.774145e+02
1.630000e-06	-2.090618e-06	-5.632659e-09	-1.583636e+01	-3.764031e+02
1.640000e-06	-2.078786e-06	-5.624590e-09	-1.574674e+01	-3.753921e+02
1.650000e-06	-2.066893e-06	-5.612727e-09	-1.565665e+01	-3.743800e+02
1.660000e-06	-2.054947e-06	-5.595328e-09	-1.556615e+01	-3.733654e+02
1.670000e-06	-2.042957e-06	-5.575148e-09	-1.547533e+01	-3.723466e+02
1.680000e-06	-2.030930e-06	-5.559011e-09	-1.538423e+01	-3.713220e+02
1.690000e-06	-2.018857e-06	-5.539379e-09	-1.529277e+01	-3.702902e+02
1.700000e-06	-2.006737e-06	-5.515873e-09	-1.520097e+01	-3.692496e+02
1.710000e-06	-1.994565e-06	-5.492219e-09	-1.510877e+01	-3.681990e+02
1.720000e-06	-1.982337e-06	-5.476364e-09	-1.501614e+01	-3.671374e+02
1.730000e-06	-1.970038e-06	-5.470448e-09	-1.492297e+01	-3.660640e+02
1.740000e-06	-1.957668e-06	-5.459690e-09	-1.482927e+01	-3.649782e+02
1.750000e-06	-1.945246e-06	-5.440961e-09	-1.473517e+01	-3.638798e+02
1.760000e-06	-1.932763e-06	-5.417004e-09	-1.464062e+01	-3.627685e+02
1.770000e-06	-1.920241e-06	-5.396083e-09	-1.454576e+01	-3.616446e+02
1.780000e-06	-1.907684e-06	-5.375798e-09	-1.445064e+01	-3.605081e+02
1.790000e-06	-1.895081e-06	-5.353744e-09	-1.435517e+01	-3.593594e+02
1.800000e-06	-1.882429e-06	-5.335682e-09	-1.425934e+01	-3.581989e+02
1.810000e-06	-1.869727e-06	-5.319239e-09	-1.416312e+01	-3.570269e+02
1.820000e-06	-1.856972e-06	-5.307349e-09	-1.406650e+01	-3.558435e+02
1.830000e-06	-1.844173e-06	-5.290049e-09	-1.396955e+01	-3.546489e+02
1.840000e-06	-1.831334e-06	-5.268252e-09	-1.387229e+01	-3.534429e+02
1.850000e-06	-1.818463e-06	-5.250768e-09	-1.377480e+01	-3.522254e+02
1.860000e-06	-1.805560e-06	-5.234790e-09	-1.367706e+01	-3.509959e+02
1.870000e-06	-1.792605e-06	-5.218912e-09	-1.357892e+01	-3.497537e+02
1.880000e-06	-1.779593e-06	-5.194383e-09	-1.348036e+01	-3.484979e+02
1.890000e-06	-1.766537e-06	-5.168322e-09	-1.338146e+01	-3.472276e+02
1.900000e-06	-1.753431e-06	-5.143075e-09	-1.328218e+01	-3.459418e+02
1.910000e-06	-1.740247e-06	-5.120255e-09	-1.318232e+01	-3.446393e+02
1.920000e-06	-1.727000e-06	-5.100581e-09	-1.308197e+01	-3.433190e+02
1.930000e-06	-1.713721e-06	-5.082825e-09	-1.298138e+01	-3.419800e+02
1.940000e-06	-1.700404e-06	-5.067287e-09	-1.288050e+01	-3.406213e+02
1.950000e-06	-1.687050e-06	-5.047390e-09	-1.277935e+01	-3.392425e+02
1.960000e-06	-1.673666e-06	-5.026808e-09	-1.267796e+01	-3.378432e+02
1.970000e-06	-1.660247e-06	-5.001345e-09	-1.257631e+01	-3.364231e+02
1.980000e-06	-1.646787e-06	-4.971224e-09	-1.247436e+01	-3.349827e+02
1.990000e-06	-1.633283e-06	-4.942871e-09	-1.237207e+01	-3.335224e+02
2.000000e-06	-1.619730e-06	-4.918116e-09	-1.226940e+01	-3.320432e+02
2.010000e-06	-1.606146e-06	-4.895964e-09	-1.216650e+01	-3.305463e+02
2.020000e-06	-1.592528e-06	-4.873756e-09	-1.206334e+01	-3.290330e+02
2.030000e-06	-1.578870e-06	-4.852596e-09	-1.195989e+01	-3.275049e+02
2.040000e-06	-1.565181e-06	-4.832214e-09	-1.185619e+01	-3.259639e+02
2.050000e-06	-1.551451e-06	-4.812496e-09	-1.175219e+01	-3.244117e+02
2.060000e-06	-1.537682e-06	-4.790236e-09	-1.164789e+01	-3.228501e+02
2.070000e-06	-1.523876e-06	-4.765400e-09	-1.154331e+01	-3.212809e+02
2.080000e-06	-1.510028e-06	-4.742582e-09	-1.143841e+01	-3.197056e+02
2.090000e-06	-1.496136e-06	-4.719314e-09	-1.133318e+01	-3.181257e+02
2.100000e-06	-1.482178e-06	-4.696666e-09	-1.122745e+01	-3.165422e+02
2.110000e-06	-1.468158e-06	-4.670338e-09	-1.112125e+01	-3.149560e+02
2.120000e-06	-1.454089e-06	-4.640781e-09	-1.101468e+01	-3.133678e+02
2.130000e-06	-1.439979e-06	-4.613694e-09	-1.090779e+01	-3.117779e+02
2.140000e-06	-1.425843e-06	-4.590128e-09	-1.080071e+01	-3.101863e+02
2.150000e-06	-1.411676e-06	-4.570698e-09	-1.069340e+01	-3.085930e+02
2.160000e-06	-1.397471e-06	-4.549933e-09	-1.058579e+01	-3.069976e+02
2.170000e-06	-1.383229e-06	-4.527371e-09	-1.047791e+01	-3.053996e+02
2.180000e-06	-1.368956e-06	-4.501890e-09	-1.036980e+01	-3.037987e+02
2.190000e-06	-1.354640e-06	-4.476535e-09	-1.026135e+01	-3.021943e+02
2.200000e-06	-1.340274e-06	-4.452145e-09	-1.015253e+01	-3.005860e+02
2.210000e-06	-1.325877e-06	-4.425234e-09	-1.004348e+01	-2.989735e+02
2.220000e-06	-1.311434e-06	-4.401443e-09	-9.934068e+00	-2.973567e+02
2.230000e-06	-1.296949e-06	-4.380687e-09	-9.824348e+00	-2.957356e+02
2.240000e-06	-1.282425e-06	-4.361097e-09	-9.714325e+00	-2.941106e+02
2.250000e-06	-1.267862e-06	-4.342171e-09	-9.604009e+00	-2.924821e+02
2.260000e-06	-1.253273e-06	-4.322557e-09	-9.493499e+00	-2.908509e+02
2.270000e-06	-1.238639e-06	-4.299563e-09	-9.382653e+00	-2.892177e+02
2.280000e-06	-1.223968e-06	-4.274939e-09	-9.271521e+00	-2.875835e+02
2.290000e-06	-1.209276e-06	-4.250532e-09	-9.160228e+00	-2.859494e+02
2.300000e-06	-1.194555e-06	-4.222415e-09	-9.048716e+00	-2.843163e+02
2.310000e-06	-1.179805e-06	-4.195594e-09	-8.936988e+00	-2.826852e+02
2.320000e-06	-1.165022e-06	-4.170997e-09	-8.825006e+00	-2.810570e+02
2.330000e-06	-1.150208e-06	-4.148764e-09	-8.712791e+00	-2.794321e+02
2.340000e-06	-1.135377e-06	-4.129424e-09	-8.600447e+00	-2.778110e+02
2.350000e-06	-1.120529e-06	-4.109116e-09	-8.487970e+00	-2.761936e+02
2.360000e-06	-1.105660e-06	-4.089887e-09	-8.375340e+00	-2.745796e+02
2.370000e-06	-1.090764e-06	-4.069555e-09	-8.262498e+00	-2.729683e+02
2.380000e-06	-1.075845e-06	-4.047105e-09	-8.149490e+00	-2.713585e+02
2.390000e-06	-1.060912e-06	-4.019834e-09	-8.036374e+00	-2.697488e+02
2.400000e-06	-1.045958e-06	-3.988887e-09	-7.923095e+00	-2.681376e+02
2.410000e-06	-1.030977e-06	-3.961460e-09	-7.809620e+00	-2.665227e+02
2.420000e-06	-1.015965e-06	-3.937911e-09	-7.695898e+00	-2.649018e+02
2.430000e-06	-1.000925e-06	-3.917386e-09	-7.581975e+00	-2.632727e+02
2.440000e-06	-9.858742e-07	-3.897616e-09	-7.467964e+00	-2.616329e+02
2.450000e-06	-9.708035e-07	-3.876623e-09	-7.353805e+00	-2.599799e+02
2.460000e-06	-9.557025e-07	-3.853034e-09	-7.239415e+00	-2.583115e+02
2.470000e-06	-9.405786e-07	-3.826829e-09	-7.124852e+00	-2.566255e+02
2.480000e-06	-9.254332e-07	-3.799380e-09	-7.010126e+00	-2.549200e+02
2.490000e-06	-9.102671e-07	-3.769631e-09	-6.895244e+00	-2.531934e+02
2.500000e-06	-8.950787e-07	-3.743477e-09	-6.780191e+00	-2.514444e+02
2.510000e-06	-8.798665e-07	-3.719462e-09	-6.664960e+00	-2.496721e+02
2.520000e-06	-8.646341e-07	-3.695518e-09	-6.549575e+00	-2.478760e+02
2.530000e-06	-8.493708e-07	-3.671708e-09	-6.433956e+00	-2.460558e+02
2.540000e-06	-8.340856e-07	-3.646957e-09	-6.318171e+00	-2.442117e+02
2.550000e-06	-8.187856e-07	-3.624901e-09	-6.202274e+00	-2.423442e+02
2.560000e-06	-8.034560e-07	-3.596385e-09	-6.086153e+00	-2.404539e+02
2.570000e-06	-7.881132e-07	-3.562470e-09	-5.969932e+00	-2.385416e+02
2.580000e-06	-7.727579e-07	-3.528605e-09	-5.853615e+00	-2.366086e+02
2.590000e-06	-7.573709e-07	-3.495500e-09	-5.737059e+00	-2.346558e+02
2.600000e-06	-7.419645e-07	-3.464842e-09	-5.620357e+00	-2.326844e+02
2.610000e-06	-7.265427e-07	-3.433398e-09	-5.503537e+00	-2.306956e+02
2.620000e-06	-7.110926e-07	-3.405314e-09	-5.386503e+00	-2.286903e+02
2.630000e-06	-6.956157e-07	-3.378432e-09	-5.269266e+00	-2.266697e+02
2.640000e-06	-6.801234e-07	-3.351189e-09	-5.151912e+00	-2.246343e+02
2.650000e-06	-6.645856e-07	-3.322260e-09	-5.034214e+00	-2.225851e+02
2.660000e-06	-6.490104e-07	-3.289456e-09	-4.916233e+00	-2.205225e+02
2.670000e-06	-6.334210e-07	-3.259720e-09	-4.798144e+00	-2.184470e+02
2.680000e-06	-6.178009e-07	-3.231362e-09	-4.679821e+00	-2.163588e+02
2.690000e-06	-6.021650e-07	-3.200266e-09	-4.561380e+00	-2.142582e+02
2.700000e-06	-5.865191e-07	-3.165304e-09	-4.442863e+00	-2.121454e+02
2.710000e-06	-5.708552e-07	-3.131816e-09	-4.324209e+00	-2.100206e+02
2.720000e-06	-5.551754e-07	-3.101327e-09	-4.205435e+00	-2.078838e+02
2.730000e-06	-5.394841e-07	-3.070322e-09	-4.086574e+00	-2.057352e+02
2.740000e-06	-5.237825e-07	-3.036280e-09	-3.967635e+00	-2.035752e+02
2.750000e-06	-5.080701e-07	-2.997193e-09	-3.848614e+00	-2.014040e+02
2.760000e-06	-4.923502e-07	-2.964015e-09	-3.729536e+00	-1.992220e+02
2.770000e-06	-4.766213e-07	-2.937612e-09	-3.610391e+00	-1.970299e+02
2.780000e-06	-4.608835e-07	-2.909532e-09	-3.491177e+00	-1.948281e+02
2.790000e-06	-4.451365e-07	-2.877541e-09	-3.371894e+00	-1.926173e+02
2.800000e-06	-4.293746e-07	-2.845128e-09	-3.252498e+00	-1.903984e+02
2.810000e-06	-4.136054e-07	-2.817129e-09	-3.133047e+00	-1.881721e+02
2.820000e-06	-3.978377e-07	-2.786398e-09	-3.013608e+00	-1.859391e+02
2.830000e-06	-3.820694e-07	-2.748431e-09	-2.894163e+00	-1.837004e+02
2.840000e-06	-3.662935e-07	-2.711166e-09	-2.774661e+00	-1.814566e+02
2.850000e-06	-3.505091e-07	-2.682637e-09	-2.655095e+00	-1.792085e+02
2.860000e-06	-3.347198e-07	-2.658433e-09	-2.535492e+00	-1.769566e+02
2.870000e-06	-3.189218e-07	-2.631194e-09	-2.415822e+00	-1.747015e+02
2.880000e-06	-3.031133e-07	-2.597296e-09	-2.296073e+00	-1.724435e+02
2.890000e-06	-2.872981e-07	-2.560496e-09	-2.176274e+00	-1.701829e+02
2.900000e-06	-2.714800e-07	-2.526840e-09	-2.056452e+00	-1.679200e+02
2.910000e-06	-2.556481e-07	-2.492316e-09	-1.936526e+00	-1.656547e+02
2.920000e-06	-2.398005e-07	-2.455490e-09	-1.816481e+00	-1.633872e+02
2.930000e-06	-2.239552e-07	-2.420432e-09	-1.696453e+00	-1.611171e+02
2.940000e-06	-2.081151e-07	-2.390438e-09	-1.576465e+00	-1.588444e+02
2.950000e-06	-1.922599e-07	-2.363313e-09	-1.456362e+00	-1.565690e+02
2.960000e-06	-1.763950e-07	-2.334247e-09	-1.336187e+00	-1.542904e+02
2.970000e-06	-1.605246e-07	-2.304751e-09	-1.215969e+00	-1.520086e+02
2.980000e-06	-1.446431e-07	-2.272493e-09	-1.095667e+00	-1.497232e+02
2.990000e-06	-1.287714e-07	-2.239604e-09	-9.754391e-01	-1.474339e+02
3.000000e-06	-1.128984e-07	-2.206242e-09	-8.552014e-01	-1.451405e+02
3.010000e-06	-9.700907e-08	-2.170218e-09	-7.348405e-01	-1.428428e+02
3.020000e-06	-8.111156e-08	-2.135994e-09	-6.144174e-01	-1.405403e+02
3.030000e-06	-6.521786e-08	-2.104211e-09	-4.940232e-01	-1.382328e+02
3.040000e-06	-4.932764e-08	-2.073611e-09	-3.736553e-01	-1.359199e+02
3.050000e-06	-3.344052e-08	-2.043773e-09	-2.533108e-01	-1.336010e+02
3.060000e-06	-1.755298e-08	-2.014198e-09	-1.329632e-01	-1.312756e+02
3.070000e-06	-1.662261e-09	-1.982875e-09	-1.259157e-02	-1.289430e+02
3.080000e-06	1.422417e-08	-1.949828e-09	1.077476e-01	-1.266023e+02
3.090000e-06	3.011863e-08	-1.912275e-09	2.281476e-01	-1.242527e+02
3.100000e-06	4.601683e-08	-1.870464e-09	3.485760e-01	-1.218929e+02
3.110000e-06	6.189955e-08	-1.834216e-09	4.688871e-01	-1.195219e+02
3.120000e-06	7.777991e-08	-1.803199e-09	5.891802e-01	-1.171383e+02
3.130000e-06	9.367072e-08	-1.772456e-09	7.095526e-01	-1.147408e+02
3.140000e-06	1.095461e-07	-1.742017e-09	8.298083e-01	-1.123277e+02
3.150000e-06	1.253988e-07	-1.709621e-09	9.498921e-01	-1.098978e+02
3.160000e-06	1.412555e-07	-1.674275e-09	1.070006e+00	-1.074496e+02
3.170000e-06	1.571233e-07	-1.638825e-09	1.190204e+00	-1.049816e+02
3.180000e-06	1.729879e-07	-1.603324e-09	1.310378e+00	-1.024927e+02
3.190000e-06	1.888453e-07	-1.563732e-09	1.430497e+00	-9.998174e+01
3.200000e-06	2.046968e-07	-1.523552e-09	1.550571e+00	-9.744784e+01
3.210000e-06	2.205320e-07	-1.485782e-09	1.670523e+00	-9.489032e+01
3.220000e-06	2.363675e-07	-1.450427e-09	1.790476e+00	-9.230877e+01
3.230000e-06	2.522071e-07	-1.414669e-09	1.910460e+00	-8.970302e+01
3.240000e-06	2.680355e-07	-1.376289e-09	2.030360e+00	-8.707318e+01
3.250000e-06	2.838606e-07	-1.341060e-09	2.150235e+00	-8.441960e+01
3.260000e-06	2.996745e-07	-1.306604e-09	2.270024e+00	-8.174289e+01
3.270000e-06	3.154792e-07	-1.266511e-09	2.389745e+00	-7.904385e+01
3.280000e-06	3.312870e-07	-1.220434e-09	2.509488e+00	-7.632344e+01
3.290000e-06	3.470845e-07	-1.177443e-09	2.629153e+00	-7.358278e+01
3.300000e-06	3.628659e-07	-1.138545e-09	2.748698e+00	-7.082304e+01
3.310000e-06	3.786360e-07	-1.099348e-09	2.868155e+00	-6.804545e+01
3.320000e-06	3.944015e-07	-1.060893e-09	2.987578e+00	-6.525120e+01
3.330000e-06	4.101669e-07	-1.019810e-09	3.107001e+00	-6.244144e+01
3.340000e-06	4.259201e-07	-9.802093e-10	3.226331e+00	-5.961723e+01
3.350000e-06	4.416645e-07	-9.387608e-10	3.345594e+00	-5.677949e+01
3.360000e-06	4.574039e-07	-8.920439e-10	3.464820e+00	-5.392903e+01
3.370000e-06	4.731392e-07	-8.456941e-10	3.584014e+00	-5.106649e+01
3.380000e-06	4.888668e-07	-8.044008e-10	3.703150e+00	-4.819238e+01
3.390000e-06	5.045814e-07	-7.686589e-10	3.822188e+00	-4.530707e+01
3.400000e-06	5.202834e-07	-7.281214e-10	3.941130e+00	-4.241084e+01
3.410000e-06	5.359712e-07	-6.827636e-10	4.059964e+00	-3.950386e+01
3.420000e-06	5.516423e-07	-6.391391e-10	4.178672e+00	-3.658631e+01
3.430000e-06	5.673019e-07	-5.993488e-10	4.297293e+00	-3.365831e+01
3.440000e-06	5.829528e-07	-5.601125e-10	4.415848e+00	-3.072007e+01
3.450000e-06	5.985874e-07	-5.158578e-10	4.534280e+00	-2.777185e+01
3.460000e-06	6.142071e-07	-4.726175e-10	4.652598e+00	-2.481402e+01
3.470000e-06	6.298089e-07	-4.331085e-10	4.770782e+00	-2.184707e+01
3.480000e-06	6.453870e-07	-3.955386e-10	4.888785e+00	-1.887167e+01
3.490000e-06	6.609293e-07	-3.550818e-10	5.006518e+00	-1.588863e+01
3.500000e-06	6.764505e-07	-3.080049e-10	5.124090e+00	-1.289889e+01
3.510000e-06	6.919504e-07	-2.594623e-10	5.241502e+00	-9.903564e+00
3.520000e-06	7.074028e-07	-2.123354e-10	5.358553e+00	-6.903834e+00
3.530000e-06	7.228179e-07	-1.674161e-10	5.475322e+00	-3.900971e+00
3.540000e-06	7.382158e-07	-1.197860e-10	5.591961e+00	-8.962635e-01
3.550000e-06	7.536043e-07	-7.049561e-11	5.708528e+00	2.109023e+00
3.560000e-06	7.689632e-07	-2.748014e-11	5.824871e+00	5.113699e+00
3.570000e-06	7.842942e-07	1.135967e-11	5.941003e+00	8.116706e+00
3.580000e-06	7.996116e-07	5.207584e-11	6.057031e+00	1.111716e+01
3.590000e-06	8.149125e-07	9.617376e-11	6.172935e+00	1.411441e+01
3.600000e-06	8.301933e-07	1.389167e-10	6.288687e+00	1.710803e+01
3.610000e-06	8.454404e-07	1.796518e-10	6.404184e+00	2.009791e+01
3.620000e-06	8.606547e-07	2.225007e-10	6.519431e+00	2.308420e+01
3.630000e-06	8.758547e-07	2.698286e-10	6.634570e+00	2.606738e+01
3.640000e-06	8.910363e-07	3.164418e-10	6.749571e+00	2.904816e+01
3.650000e-06	9.061985e-07	3.576081e-10	6.864424e+00	3.202754e+01
3.660000e-06	9.213436e-07	3.982695e-10	6.979147e+00	3.500674e+01
3.670000e-06	9.364562e-07	4.397029e-10	7.093625e+00	3.798714e+01
3.680000e-06	9.515294e-07	4.818268e-10	7.207804e+00	4.097025e+01
3.690000e-06	9.665854e-07	5.248371e-10	7.321852e+00	4.395764e+01
3.700000e-06	9.816262e-07	5.708212e-10	7.435786e+00	4.695091e+01
3.710000e-06	9.966434e-07	6.217691e-10	7.549541e+00	4.995158e+01
3.720000e-06	1.011641e-06	6.719591e-10	7.663149e+00	5.296110e+01
3.730000e-06	1.026615e-06	7.185115e-10	7.776572e+00	5.598076e+01
3.740000e-06	1.041569e-06	7.589007e-10	7.889848e+00	5.901167e+01
3.750000e-06	1.056508e-06	7.964589e-10	8.003011e+00	6.205473e+01
3.760000e-06	1.071423e-06	8.391022e-10	8.115994e+00	6.511059e+01
3.770000e-06	1.086313e-06	8.839307e-10	8.228787e+00	6.817968e+01
3.780000e-06	1.101179e-06	9.284420e-10	8.341397e+00	7.126220e+01
3.790000e-06	1.116021e-06	9.752916e-10	8.453823e+00	7.435811e+01
3.800000e-06	1.130841e-06	1.023941e-09	8.566083e+00	7.746718e+01
3.810000e-06	1.145625e-06	1.074575e-09	8.678071e+00	8.058899e+01
3.820000e-06	1.160384e-06	1.127543e-09	8.789868e+00	8.372301e+01
3.830000e-06	1.175100e-06	1.179621e-09	8.901344e+00	8.686857e+01
3.840000e-06	1.189777e-06	1.226727e-09	9.012518e+00	9.002495e+01
3.850000e-06	1.204433e-06	1.269675e-09	9.123539e+00	9.319138e+01
3.860000e-06	1.219059e-06	1.312095e-09	9.234333e+00	9.636708e+01
3.870000e-06	1.233672e-06	1.353618e-09	9.345025e+00	9.955129e+01
3.880000e-06	1.248264e-06	1.396880e-09	9.455557e+00	1.027433e+02
3.890000e-06	1.262808e-06	1.445635e-09	9.565726e+00	1.059423e+02
3.900000e-06	1.277300e-06	1.501390e-09	9.675509e+00	1.091477e+02
3.910000e-06	1.291757e-06	1.559228e-09	9.785018e+00	1.123590e+02
3.920000e-06	1.306179e-06	1.614735e-09	9.894266e+00	1.155754e+02
3.930000e-06	1.320559e-06	1.663591e-09	1.000319e+01	1.187964e+02
3.940000e-06	1.334896e-06	1.704645e-09	1.011179e+01	1.220215e+02
3.950000e-06	1.349199e-06	1.748288e-09	1.022014e+01	1.252499e+02
3.960000e-06	1.363471e-06	1.794647e-09	1.032825e+01	1.284811e+02
3.970000e-06	1.377716e-06	1.839509e-09	1.043615e+01	1.317144e+02
3.980000e-06	1.391929e-06	1.886462e-09	1.054382e+01	1.349488e+02
3.990000e-06	1.406102e-06	1.939424e-09	1.065118e+01	1.381836e+02
4.000000e-06	1.420237e-06	1.995522e-09	1.075824e+01	1.414177e+02
4.010000e-06	1.434336e-06	2.046035e-09	1.086505e+01	1.446501e+02
4.020000e-06	1.448397e-06	2.093347e-09	1.097156e+01	1.478796e+02
4.030000e-06	1.462411e-06	2.142025e-09	1.107772e+01	1.511049e+02
4.040000e-06	1.476383e-06	2.189614e-09	1.118355e+01	1.543248e+02
4.050000e-06	1.490303e-06	2.231884e-09	1.128899e+01	1.575379e+02
4.060000e-06	1.504163e-06	2.269014e-09	1.139399e+01	1.607428e+02
4.070000e-06	1.517975e-06	2.308934e-09	1.149861e+01	1.639381e+02
4.080000e-06	1.531733e-06	2.357393e-09	1.160282e+01	1.671225e+02
4.090000e-06	1.545446e-06	2.409915e-09	1.170670e+01	1.702946e+02
4.100000e-06	1.559140e-06	2.460061e-09	1.181043e+01	1.734532e+02
4.110000e-06	1.572806e-06	2.511067e-09	1.191396e+01	1.765970e+02
4.120000e-06	1.586433e-06	2.562262e-09	1.201718e+01	1.797249e+02
4.130000e-06	1.600022e-06	2.609646e-09	1.212011e+01	1.828358e+02
4.140000e-06	1.613565e-06	2.652749e-09	1.222270e+01	1.859288e+02
4.150000e-06	1.627063e-06	2.694375e-09	1.232495e+01	1.890030e+02
4.160000e-06	1.640521e-06	2.740887e-09	1.242689e+01	1.920575e+02
4.170000e-06	1.653936e-06	2.790388e-09	1.252851e+01	1.950915e+02
4.180000e-06	1.667310e-06	2.837195e-09	1.262982e+01	1.981043e+02
4.190000e-06	1.680647e-06	2.880546e-09	1.273085e+01	2.010952e+02
4.200000e-06	1.693959e-06	2.921677e-09	1.283168e+01	2.040636e+02
4.210000e-06	1.707242e-06	2.962426e-09	1.293230e+01	2.070088e+02
4.220000e-06	1.720489e-06	3.000511e-09	1.303265e+01	2.099303e+02
4.230000e-06	1.733681e-06	3.039723e-09	1.313257e+01	2.128276e+02
4.240000e-06	1.746814e-06	3.083994e-09	1.323206e+01	2.157001e+02
4.250000e-06	1.759892e-06	3.128398e-09	1.333113e+01	2.185475e+02
4.260000e-06	1.772896e-06	3.169447e-09	1.342963e+01	2.213694e+02
4.270000e-06	1.785840e-06	3.206074e-09	1.352768e+01	2.241657e+02
4.280000e-06	1.798753e-06	3.242727e-09	1.362549e+01	2.269362e+02
4.290000e-06	1.811639e-06	3.281738e-09	1.372310e+01	2.296811e+02
4.300000e-06	1.824485e-06	3.321511e-09	1.382041e+01	2.324006e+02
4.310000e-06	1.837275e-06	3.358721e-09	1.391730e+01	2.350952e+02
4.320000e-06	1.850014e-06	3.399906e-09	1.401379e+01	2.377654e+02
4.330000e-06	1.862715e-06	3.446953e-09	1.411000e+01	2.404121e+02
4.340000e-06	1.875378e-06	3.489377e-09	1.420593e+01	2.430363e+02
4.350000e-06	1.887999e-06	3.523276e-09	1.430153e+01	2.456392e+02
4.360000e-06	1.900572e-06	3.552195e-09	1.439677e+01	2.482222e+02
4.370000e-06	1.913109e-06	3.585676e-09	1.449174e+01	2.507867e+02
4.380000e-06	1.925608e-06	3.621005e-09	1.458642e+01	2.533343e+02
4.390000e-06	1.938059e-06	3.653586e-09	1.468074e+01	2.558664e+02
4.400000e-06	1.950462e-06	3.687306e-09	1.477469e+01	2.583846e+02
4.410000e-06	1.962794e-06	3.729033e-09	1.486810e+01	2.608904e+02
4.420000e-06	1.975036e-06	3.779473e-09	1.496084e+01	2.633850e+02
4.430000e-06	1.987218e-06	3.826420e-09	1.505311e+01	2.658696e+02
4.440000e-06	1.999358e-06	3.861429e-09	1.514507e+01	2.683450e+02
4.450000e-06	2.011457e-06	3.891109e-09	1.523672e+01	2.708119e+02
4.460000e-06	2.023517e-06	3.925218e-09	1.532808e+01	2.732705e+02
4.470000e-06	2.035528e-06	3.959866e-09	1.541906e+01	2.757210e+02
4.480000e-06	2.047485e-06	3.990866e-09	1.550963e+01	2.781628e+02
4.490000e-06	2.059400e-06	4.027110e-09	1.559989e+01	2.805956e+02
4.500000e-06	2.071260e-06	4.071871e-09	1.568972e+01	2.830183e+02
4.510000e-06	2.083058e-06	4.117390e-09	1.577910e+01	2.854299e+02
4.520000e-06	2.094807e-06	4.157424e-09	1.586809e+01	2.878291e+02
4.530000e-06	2.106510e-06	4.192627e-09	1.595674e+01	2.902143e+02
4.540000e-06	2.118157e-06	4.228774e-09	1.604497e+01	2.925842e+02
4.550000e-06	2.129716e-06	4.263114e-09	1.613253e+01	2.949372e+02
4.560000e-06	2.141183e-06	4.293856e-09	1.621939e+01	2.972718e+02
4.570000e-06	2.152575e-06	4.322789e-09	1.630568e+01	2.995866e+02
4.580000e-06	2.163910e-06	4.355134e-09	1.639155e+01	3.018805e+02
4.590000e-06	2.175210e-06	4.393983e-09	1.647714e+01	3.041524e+02
4.600000e-06	2.186470e-06	4.434092e-09	1.656244e+01	3.064016e+02
4.610000e-06	2.197675e-06	4.474175e-09	1.664732e+01	3.086275e+02
4.620000e-06	2.208818e-06	4.512854e-09	1.673172e+01	3.108299e+02
4.630000e-06	2.219912e-06	4.547964e-09	1.681576e+01	3.130087e+02
4.640000e-06	2.230960e-06	4.578884e-09	1.689945e+01	3.151642e+02
4.650000e-06	2.241951e-06	4.610410e-09	1.698270e+01	3.172966e+02
4.660000e-06	2.252894e-06	4.640865e-09	1.706559e+01	3.194064e+02
4.670000e-06	2.263793e-06	4.666174e-09	1.714815e+01	3.214944e+02
4.680000e-06	2.274649e-06	4.694548e-09	1.723039e+01	3.235610e+02
4.690000e-06	2.285443e-06	4.727444e-09	1.731216e+01	3.256069e+02
4.700000e-06	2.296143e-06	4.760005e-09	1.739321e+01	3.276327e+02
4.710000e-06	2.306757e-06	4.790350e-09	1.747361e+01	3.296387e+02
4.720000e-06	2.317309e-06	4.821357e-09	1.755354e+01	3.316252e+02
4.730000e-06	2.327814e-06	4.857168e-09	1.763312e+01	3.335922e+02
4.740000e-06	2.338273e-06	4.891518e-09	1.771234e+01	3.355398e+02
4.750000e-06	2.348670e-06	4.922727e-09	1.779110e+01	3.374675e+02
4.760000e-06	2.359012e-06	4.950431e-09	1.786944e+01	3.393748e+02
4.770000e-06	2.369296e-06	4.976418e-09	1.794734e+01	3.412612e+02
4.780000e-06	2.379509e-06	5.005044e-09	1.802470e+01	3.431257e+02
4.790000e-06	2.389667e-06	5.033784e-09	1.810165e+01	3.449675e+02
4.800000e-06	2.399776e-06	5.061113e-09	1.817823e+01	3.467856e+02
4.810000e-06	2.409834e-06	5.087827e-09	1.825441e+01	3.485792e+02
4.820000e-06	2.419815e-06	5.116713e-09	1.833002e+01	3.503473e+02
4.830000e-06	2.429700e-06	5.145877e-09	1.840490e+01	3.520893e+02
4.840000e-06	2.439508e-06	5.172678e-09	1.847920e+01	3.538044e+02
4.850000e-06	2.449252e-06	5.197969e-09	1.855301e+01	3.554923e+02
4.860000e-06	2.458943e-06	5.220399e-09	1.862641e+01	3.571527e+02
4.870000e-06	2.468585e-06	5.239152e-09	1.869945e+01	3.587857e+02
4.880000e-06	2.478167e-06	5.259308e-09	1.877203e+01	3.603916e+02
4.890000e-06	2.487684e-06	5.281491e-09	1.884413e+01	3.619707e+02
4.900000e-06	2.497142e-06	5.303053e-09	1.891577e+01	3.635239e+02
4.910000e-06	2.506553e-06	5.326320e-09	1.898705e+01	3.650519e+02
4.920000e-06	2.515908e-06	5.354316e-09	1.905792e+01	3.665557e+02
4.930000e-06	2.525209e-06	5.386101e-09	1.912838e+01	3.680364e+02
4.940000e-06	2.534466e-06	5.414681e-09	1.919850e+01	3.694952e+02
4.950000e-06	2.543648e-06	5.438466e-09	1.926805e+01	3.709332e+02
4.960000e-06	2.552718e-06	5.459404e-09	1.933676e+01	3.723517e+02
4.970000e-06	2.561686e-06	5.475214e-09	1.940469e+01	3.737515e+02
4.980000e-06	2.570599e-06	5.488657e-09	1.947220e+01	3.751338e+02
4.990000e-06	2.579478e-06	5.504733e-09	1.953946e+01	3.764993e+02
5.000000e-06	2.588300e-06	5.524032e-09	1.960628e+01	3.778488e+02
5.010000e-06	2.597053e-06	5.547352e-09	1.967259e+01	3.791829e+02
5.020000e-06	2.605744e-06	5.575982e-09	1.973843e+01	3.805020e+02
5.030000e-06	2.614372e-06	5.603304e-09	1.980378e+01	3.818066e+02
5.040000e-06	2.622932e-06	5.626114e-09	1.986862e+01	3.830969e+02
5.050000e-06	2.631442e-06	5.645716e-09	1.993309e+01	3.843732e+02
5.060000e-06	2.639906e-06	5.662723e-09	1.999720e+01	3.856356e+02
5.070000e-06	2.648307e-06	5.677272e-09	2.006084e+01	3.868844e+02
5.080000e-06	2.656629e-06	5.689354e-09	2.012388e+01	3.881198e+02
5.090000e-06	2.664877e-06	5.705862e-09	2.018635e+01	3.893422e+02
5.100000e-06	2.673050e-06	5.730639e-09	2.024827e+01	3.905520e+02
5.110000e-06	2.681165e-06	5.760044e-09	2.030974e+01	3.917496e+02
5.120000e-06	2.689230e-06	5.785193e-09	2.037083e+01	3.929356e+02
5.130000e-06	2.697204e-06	5.803556e-09	2.043123e+01	3.941107e+02
5.140000e-06	2.705095e-06	5.820985e-09	2.049101e+01	3.952756e+02
5.150000e-06	2.712921e-06	5.838302e-09	2.055029e+01	3.964312e+02
5.160000e-06	2.720685e-06	5.852263e-09	2.060910e+01	3.975783e+02
5.170000e-06	2.728382e-06	5.866059e-09	2.066740e+01	3.987177e+02
5.180000e-06	2.735999e-06	5.885817e-09	2.072510e+01	3.998501e+02
5.190000e-06	2.743518e-06	5.908034e-09	2.078206e+01	4.009762e+02
5.200000e-06	2.750926e-06	5.928064e-09	2.083818e+01	4.020967e+02
5.210000e-06	2.758258e-06	5.947551e-09	2.089372e+01	4.032119e+02
5.220000e-06	2.765544e-06	5.968947e-09	2.094891e+01	4.043220e+02
5.230000e-06	2.772771e-06	5.991709e-09	2.100365e+01	4.054273e+02
5.240000e-06	2.779924e-06	6.010839e-09	2.105783e+01	4.065274e+02
5.250000e-06	2.787007e-06	6.027332e-09	2.111149e+01	4.076222e+02
5.260000e-06	2.794016e-06	6.044659e-09	2.116458e+01	4.087112e+02
5.270000e-06	2.800957e-06	6.061663e-09	2.121715e+01	4.097936e+02
5.280000e-06	2.807855e-06	6.076681e-09	2.126941e+01	4.108689e+02
5.290000e-06	2.814701e-06	6.092198e-09	2.132127e+01	4.119361e+02
5.300000e-06	2.821428e-06	6.110678e-09	2.137222e+01	4.129944e+02
5.310000e-06	2.828034e-06	6.132191e-09	2.142227e+01	4.140428e+02
5.320000e-06	2.834573e-06	6.155791e-09	2.147180e+01	4.150806e+02
5.330000e-06	2.841065e-06	6.179105e-09	2.152097e+01	4.161069e+02
5.340000e-06	2.847509e-06	6.197175e-09	2.156978e+01	4.171211e+02
5.350000e-06	2.853885e-06	6.210984e-09	2.161809e+01	4.181226e+02
5.360000e-06	2.860191e-06	6.225770e-09	2.166585e+01	4.191110e+02
5.370000e-06	2.866426e-06	6.243035e-09	2.171308e+01	4.200860e+02
5.380000e-06	2.872598e-06	6.261673e-09	2.175984e+01	4.210475e+02
5.390000e-06	2.878722e-06	6.278504e-09	2.180622e+01	4.219953e+02
5.400000e-06	2.884782e-06	6.293614e-09	2.185213e+01	4.229296e+02
5.410000e-06	2.890748e-06	6.310858e-09	2.189732e+01	4.238504e+02
5.420000e-06	2.896604e-06	6.331044e-09	2.194168e+01	4.247580e+02
5.430000e-06	2.902366e-06	6.348279e-09	2.198533e+01	4.256524e+02
5.440000e-06	2.908068e-06	6.362167e-09	2.202852e+01	4.265337e+02
5.450000e-06	2.913718e-06	6.375446e-09	2.207132e+01	4.274018e+02
5.460000e-06	2.919290e-06	6.387231e-09	2.211353e+01	4.282568e+02
5.470000e-06	2.924791e-06	6.397224e-09	2.215519e+01	4.290984e+02
5.480000e-06	2.930220e-06	6.406293e-09	2.219632e+01	4.299262e+02
5.490000e-06	2.935565e-06	6.418760e-09	2.223681e+01	4.307396e+02
5.500000e-06	2.940831e-06	6.432670e-09	2.227670e+01	4.315380e+02
5.510000e-06	2.945994e-06	6.443281e-09	2.231581e+01	4.323208e+02
5.520000e-06	2.951016e-06	6.455344e-09	2.235385e+01	4.330869e+02
5.530000e-06	2.955943e-06	6.472074e-09	2.239117e+01	4.338356e+02
5.540000e-06	2.960828e-06	6.489873e-09	2.242818e+01	4.345660e+02
5.550000e-06	2.965649e-06	6.505496e-09	2.246469e+01	4.352772e+02
5.560000e-06	2.970392e-06	6.520208e-09	2.250062e+01	4.359685e+02
5.570000e-06	2.975069e-06	6.532769e-09	2.253605e+01	4.366392e+02
5.580000e-06	2.979676e-06	6.540275e-09	2.257095e+01	4.372889e+02
5.590000e-06	2.984215e-06	6.544971e-09	2.260533e+01	4.379174e+02
5.600000e-06	2.988698e-06	6.550857e-09	2.263929e+01	4.385248e+02
5.610000e-06	2.993124e-06	6.560461e-09	2.267281e+01	4.391111e+02
5.620000e-06	2.997454e-06	6.576990e-09	2.270562e+01	4.396771e+02
5.630000e-06	3.001659e-06	6.594523e-09	2.273747e+01	4.402233e+02
5.640000e-06	3.005781e-06	6.608266e-09	2.276869e+01	4.407508e+02
5.650000e-06	3.009852e-06	6.619052e-09	2.279953e+01	4.412607e+02
5.660000e-06	3.013850e-06	6.622473e-09	2.282982e+01	4.417543e+02
5.670000e-06	3.017775e-06	6.620959e-09	2.285955e+01	4.422331e+02
5.680000e-06	3.021625e-06	6.619651e-09	2.288871e+01	4.426985e+02
5.690000e-06	3.025391e-06	6.625144e-09	2.291724e+01	4.431520e+02
5.700000e-06	3.029103e-06	6.638363e-09	2.294536e+01	4.435951e+02
5.710000e-06	3.032773e-06	6.655371e-09	2.297316e+01	4.440291e+02
5.720000e-06	3.036357e-06	6.674817e-09	2.300030e+01	4.444552e+02
5.730000e-06	3.039814e-06	6.690559e-09	2.302649e+01	4.448748e+02
5.740000e-06	3.043169e-06	6.700863e-09	2.305191e+01	4.452886e+02
5.750000e-06	3.046467e-06	6.703602e-09	2.307689e+01	4.456976e+02
5.760000e-06	3.049708e-06	6.698141e-09	2.310144e+01	4.461024e+02
5.770000e-06	3.052879e-06	6.692285e-09	2.312546e+01	4.465036e+02
5.780000e-06	3.055965e-06	6.692316e-09	2.314884e+01	4.469015e+02
5.790000e-06	3.058967e-06	6.700817e-09	2.317157e+01	4.472965e+02
5.800000e-06	3.061904e-06	6.714539e-09	2.319382e+01	4.476888e+02
5.810000e-06	3.064792e-06	6.732016e-09	2.321570e+01	4.480786e+02
5.820000e-06	3.067614e-06	6.749211e-09	2.323708e+01	4.484661e+02
5.830000e-06	3.070332e-06	6.757796e-09	2.325766e+01	4.488515e+02
5.840000e-06	3.072934e-06	6.759515e-09	2.327738e+01	4.492351e+02
5.850000e-06	3.075450e-06	6.759435e-09	2.329643e+01	4.496171e+02
5.860000e-06	3.077903e-06	6.762991e-09	2.331502e+01	4.499977e+02
5.870000e-06	3.080280e-06	6.771292e-09	2.333302e+01	4.503773e+02
5.880000e-06	3.082581e-06	6.780214e-09	2.335045e+01	4.507562e+02
5.890000e-06	3.084800e-06	6.786322e-09	2.336726e+01	4.511346e+02
5.900000e-06	3.086945e-06	6.793562e-09	2.338351e+01	4.515128e+02
5.910000e-06	3.089038e-06	6.807984e-09	2.339936e+01	4.518907e+02
5.920000e-06	3.091065e-06	6.821231e-09	2.341471e+01	4.522684e+02
5.930000e-06	3.093016e-06	6.828248e-09	2.342950e+01	4.526455e+02
5.940000e-06	3.094879e-06	6.832372e-09	2.344361e+01	4.530216e+02
5.950000e-06	3.096660e-06	6.834908e-09	2.345710e+01	4.533958e+02
5.960000e-06	3.098373e-06	6.836200e-09	2.347008e+01	4.537673e+02
5.970000e-06	3.099981e-06	6.835849e-09	2.348226e+01	4.541346e+02
5.980000e-06	3.101493e-06	6.842692e-09	2.349371e+01	4.544963e+02
5.990000e-06	3.102929e-06	6.859037e-09	2.350459e+01	4.548505e+02
6.000000e-06	3.104283e-06	6.876022e-09	2.351484e+01	4.551953e+02
6.010000e-06	3.105569e-06	6.889331e-09	2.352458e+01	4.555285e+02
6.020000e-06	3.106773e-06	6.895803e-09	2.353371e+01	4.558480e+02
6.030000e-06	3.107863e-06	6.898534e-09	2.354196e+01	4.561516e+02
6.040000e-06	3.108837e-06	6.898675e-09	2.354934e+01	4.564372e+02
6.050000e-06	3.109740e-06	6.899045e-09	2.355618e+01	4.567029e+02
6.060000e-06	3.110597e-06	6.903394e-09	2.356267e+01	4.569469e+02
6.070000e-06	3.111373e-06	6.910514e-09	2.356855e+01	4.571680e+02
6.080000e-06	3.112054e-06	6.921366e-09	2.357371e+01	4.573651e+02
6.090000e-06	3.112659e-06	6.926864e-09	2.357829e+01	4.575377e+02
6.100000e-06	3.113198e-06	6.925852e-09	2.358237e+01	4.576857e+02
6.110000e-06	3.113684e-06	6.918692e-09	2.358605e+01	4.578095e+02
6.120000e-06	3.114109e-06	6.905695e-09	2.358928e+01	4.579098e+02
6.130000e-06	3.114436e-06	6.918440e-09	2.359175e+01	4.579879e+02
6.140000e-06	3.114645e-06	7.001054e-09	2.359333e+01	4.580454e+02
6.150000e-06	3.114774e-06	7.041518e-09	2.359431e+01	4.580842e+02
6.160000e-06	3.114839e-06	6.962902e-09	2.359480e+01	4.581064e+02
6.170000e-06	3.114836e-06	6.846921e-09	2.359478e+01	4.581143e+02
6.180000e-06	3.114729e-06	6.968011e-09	2.359397e+01	4.581102e+02
6.190000e-06	3.114452e-06	6.944708e-09	2.359187e+01	4.580963e+02
6.200000e-06	3.114107e-06	6.875611e-09	2.358926e+01	4.580747e+02
6.210000e-06	3.113757e-06	6.986575e-09	2.358660e+01	4.580471e+02
6.220000e-06	3.113302e-06	6.908657e-09	2.358316e+01	4.580151e+02
6.230000e-06	3.112829e-06	6.980994e-09	2.357958e+01	4.579799e+02
6.240000e-06	3.112302e-06	6.959083e-09	2.357559e+01	4.579420e+02
6.250000e-06	3.111641e-06	6.938508e-09	2.357058e+01	4.579020e+02
6.260000e-06	3.110883e-06	6.951844e-09	2.356483e+01	4.578597e+02
6.270000e-06	3.110017e-06	6.888540e-09	2.355827e+01	4.578146e+02
6.280000e-06	3.109165e-06	6.958025e-09	2.355183e+01	4.577659e+02
6.290000e-06	3.108245e-06	6.935848e-09	2.354485e+01	4.577127e+02
6.300000e-06	3.107196e-06	6.988251e-09	2.353691e+01	4.576537e+02
6.310000e-06	3.105996e-06	6.947323e-09	2.352781e+01	4.575877e+02
6.320000e-06	3.104727e-06	6.949968e-09	2.351821e+01	4.575133e+02
6.330000e-06	3.103449e-06	6.980515e-09	2.350852e+01	4.574293e+02
6.340000e-06	3.102015e-06	6.905084e-09	2.349766e+01	4.573348e+02
6.350000e-06	3.100485e-06	6.969101e-09	2.348607e+01	4.572291e+02
6.360000e-06	3.098880e-06	6.954827e-09	2.347392e+01	4.571116e+02
6.370000e-06	3.097262e-06	6.997273e-09	2.346165e+01	4.569823e+02
6.380000e-06	3.095563e-06	6.972131e-09	2.344879e+01	4.568416e+02
6.390000e-06	3.093725e-06	6.934796e-09	2.343487e+01	4.566902e+02
6.400000e-06	3.091824e-06	6.956158e-09	2.342047e+01	4.565290e+02
6.410000e-06	3.089870e-06	6.926037e-09	2.340567e+01	4.563595e+02
6.420000e-06	3.087870e-06	6.970678e-09	2.339051e+01	4.561833e+02
6.430000e-06	3.085731e-06	6.918799e-09	2.337431e+01	4.560023e+02
6.440000e-06	3.083480e-06	6.934122e-09	2.335726e+01	4.558184e+02
6.450000e-06	3.081176e-06	6.939681e-09	2.333980e+01	4.556336e+02
6.460000e-06	3.078801e-06	6.933900e-09	2.332182e+01	4.554497e+02
6.470000e-06	3.076347e-06	6.956292e-09	2.330322e+01	4.552686e+02
6.480000e-06	3.073775e-06	6.910178e-09	2.328374e+01	4.550918e+02
6.490000e-06	3.071147e-06	6.953971e-09	2.326384e+01	4.549204e+02
6.500000e-06	3.068464e-06	6.938189e-09	2.324351e+01	4.547555e+02
6.510000e-06	3.065702e-06	6.948331e-09	2.322259e+01	4.545974e+02
6.520000e-06	3.062816e-06	6.929308e-09	2.320073e+01	4.544464e+02
6.530000e-06	3.059829e-06	6.907236e-09	2.317810e+01	4.543021e+02
6.540000e-06	3.056803e-06	6.946378e-09	2.315518e+01	4.541639e+02
6.550000e-06	3.053695e-06	6.932013e-09	2.313164e+01	4.540309e+02
6.560000e-06	3.050517e-06	6.959681e-09	2.310757e+01	4.539018e+02
6.570000e-06	3.047262e-06	6.927538e-09	2.308291e+01	4.537751e+02
6.580000e-06	3.043951e-06	6.940090e-09	2.305783e+01	4.536491e+02
6.590000e-06	3.040577e-06	6.950964e-09	2.303227e+01	4.535222e+02
6.600000e-06	3.037106e-06	6.927657e-09	2.300598e+01	4.533925e+02
6.610000e-06	3.033557e-06	6.933949e-09	2.297910e+01	4.532582e+02
6.620000e-06	3.029920e-06	6.917325e-09	2.295155e+01	4.531179e+02
6.630000e-06	3.026192e-06	6.964210e-09	2.292331e+01	4.529698e+02
6.640000e-06	3.022357e-06	6.951885e-09	2.289425e+01	4.528127e+02
6.650000e-06	3.018444e-06	6.941346e-09	2.286462e+01	4.526452e+02
6.660000e-06	3.014465e-06	6.938958e-09	2.283447e+01	4.524665e+02
6.670000e-06	3.010407e-06	6.933253e-09	2.280373e+01	4.522757e+02
6.680000e-06	3.006282e-06	6.952149e-09	2.277249e+01	4.520720e+02
6.690000e-06	3.002072e-06	6.915286e-09	2.274060e+01	4.518549e+02
6.700000e-06	2.997808e-06	6.924605e-09	2.270830e+01	4.516240e+02
6.710000e-06	2.993488e-06	6.917113e-09	2.267557e+01	4.513788e+02
6.720000e-06	2.989103e-06	6.922654e-09	2.264235e+01	4.511189e+02
6.730000e-06	2.984628e-06	6.923175e-09	2.260846e+01	4.508442e+02
6.740000e-06	2.980056e-06	6.902336e-09	2.257382e+01	4.505541e+02
6.750000e-06	2.975435e-06	6.919041e-09	2.253882e+01	4.502484e+02
6.760000e-06	2.970726e-06	6.908040e-09	2.250315e+01	4.499266e+02
6.770000e-06	2.965931e-06	6.924343e-09	2.246683e+01	4.495883e+02
6.780000e-06	2.961057e-06	6.906801e-09	2.242991e+01	4.492331e+02
6.790000e-06	2.956107e-06	6.893734e-09	2.239241e+01	4.488607e+02
6.800000e-06	2.951086e-06	6.898534e-09	2.235438e+01	4.484706e+02
6.810000e-06	2.945981e-06	6.891188e-09	2.231571e+01	4.480625e+02
6.820000e-06	2.940770e-06	6.898058e-09	2.227623e+01	4.476365e+02
6.830000e-06	2.935422e-06	6.869179e-09	2.223572e+01	4.471925e+02
6.840000e-06	2.929990e-06	6.874365e-09	2.219458e+01	4.467307e+02
6.850000e-06	2.924498e-06	6.870833e-09	2.215297e+01	4.462515e+02
6.860000e-06	2.918948e-06	6.861622e-09	2.211094e+01	4.457558e+02
6.870000e-06	2.913330e-06	6.852063e-09	2.206838e+01	4.452444e+02
6.880000e-06	2.907638e-06	6.834716e-09	2.202526e+01	4.447184e+02
6.890000e-06	2.901886e-06	6.850924e-09	2.198169e+01	4.441792e+02
6.900000e-06	2.896055e-06	6.840123e-09	2.193752e+01	4.436285e+02
6.910000e-06	2.890167e-06	6.836501e-09	2.189292e+01	4.430679e+02
6.920000e-06	2.884221e-06	6.819245e-09	2.184788e+01	4.424993e+02
6.930000e-06	2.878188e-06	6.810715e-09	2.180218e+01	4.419243e+02
6.940000e-06	2.872043e-06	6.814322e-09	2.175563e+01	4.413449e+02
6.950000e-06	2.865788e-06	6.796703e-09	2.170825e+01	4.407628e+02
6.960000e-06	2.859474e-06	6.796764e-09	2.166042e+01	4.401794e+02
6.970000e-06	2.853102e-06	6.784017e-09	2.161216e+01	4.395961e+02
6.980000e-06	2.846663e-06	6.786450e-09	2.156338e+01	4.390140e+02
6.990000e-06	2.840150e-06	6.776044e-09	2.151404e+01	4.384340e+02
7.000000e-06	2.833562e-06	6.760403e-09	2.146414e+01	4.378564e+02
7.010000e-06	2.826914e-06	6.755186e-09	2.141378e+01	4.372816e+02
7.020000e-06	2.820206e-06	6.742228e-09	2.136297e+01	4.367094e+02
7.030000e-06	2.813432e-06	6.748280e-09	2.131165e+01	4.361396e+02
7.040000e-06	2.806544e-06	6.735717e-09	2.125948e+01	4.355716e+02
7.050000e-06	2.799550e-06	6.731908e-09	2.120650e+01	4.350047e+02
7.060000e-06	2.792491e-06	6.726999e-09	2.115303e+01	4.344381e+02
7.070000e-06	2.785381e-06	6.725272e-09	2.109917e+01	4.338711e+02
7.080000e-06	2.778199e-06	6.727277e-09	2.104477e+01	4.333027e+02
7.090000e-06	2.770943e-06	6.707387e-09	2.098980e+01	4.327323e+02
7.100000e-06	2.763623e-06	6.700188e-09	2.093435e+01	4.321594e+02
7.110000e-06	2.756225e-06	6.685099e-09	2.087831e+01	4.315835e+02
7.120000e-06	2.748753e-06	6.678816e-09	2.082172e+01	4.310044e+02
7.130000e-06	2.741202e-06	6.670372e-09	2.076452e+01	4.304223e+02
7.140000e-06	2.733553e-06	6.663497e-09	2.070658e+01	4.298373e+02
7.150000e-06	2.725786e-06	6.668045e-09	2.064774e+01	4.292499e+02
7.160000e-06	2.717934e-06	6.659510e-09	2.058826e+01	4.286608e+02
7.170000e-06	2.710035e-06	6.655478e-09	2.052842e+01	4.280707e+02
7.180000e-06	2.702075e-06	6.640116e-09	2.046813e+01	4.274804e+02
7.190000e-06	2.694051e-06	6.632806e-09	2.040735e+01	4.268908e+02
7.200000e-06	2.685956e-06	6.627349e-09	2.034603e+01	4.263025e+02
7.210000e-06	2.677796e-06	6.617805e-09	2.028422e+01	4.257162e+02
7.220000e-06	2.669575e-06	6.615058e-09	2.022194e+01	4.251324e+02
7.230000e-06	2.661300e-06	6.607810e-09	2.015926e+01	4.245510e+02
7.240000e-06	2.652984e-06	6.613322e-09	2.009627e+01	4.239722e+02
7.250000e-06	2.644586e-06	6.609414e-09	2.003265e+01	4.233953e+02
7.260000e-06	2.636084e-06	6.602429e-09	1.996825e+01	4.228196e+02
7.270000e-06	2.627485e-06	6.594946e-09	1.990312e+01	4.222440e+02
7.280000e-06	2.618818e-06	6.585948e-09	1.983746e+01	4.216672e+02
7.290000e-06	2.610112e-06	6.580062e-09	1.977151e+01	4.210875e+02
7.300000e-06	2.601341e-06	6.562999e-09	1.970507e+01	4.205031e+02
7.310000e-06	2.592507e-06	6.553836e-09	1.963816e+01	4.199120e+02
7.320000e-06	2.583609e-06	6.546562e-09	1.957075e+01	4.193122e+02
7.330000e-06	2.574647e-06	6.545385e-09	1.950286e+01	4.187017e+02
7.340000e-06	2.565620e-06	6.542787e-09	1.943449e+01	4.180786e+02
7.350000e-06	2.556533e-06	6.534107e-09	1.936565e+01	4.174410e+02
7.360000e-06	2.547394e-06	6.531794e-09	1.929642e+01	4.167876e+02
7.370000e-06	2.538191e-06	6.525782e-09	1.922672e+01	4.161170e+02
7.380000e-06	2.528909e-06	6.520659e-09	1.915641e+01	4.154284e+02
7.390000e-06	2.519528e-06	6.505023e-09	1.908534e+01	4.147211e+02
7.400000e-06	2.510080e-06	6.493225e-09	1.901377e+01	4.139949e+02
7.410000e-06	2.500586e-06	6.486574e-09	1.894186e+01	4.132499e+02
7.420000e-06	2.491037e-06	6.473995e-09	1.886952e+01	4.124864e+02
7.430000e-06	2.481429e-06	6.463388e-09	1.879674e+01	4.117051e+02
7.440000e-06	2.471763e-06	6.447405e-09	1.872353e+01	4.109068e+02
7.450000e-06	2.462041e-06	6.442782e-09	1.864988e+01	4.100925e+02
7.460000e-06	2.452243e-06	6.440932e-09	1.857566e+01	4.092633e+02
7.470000e-06	2.442388e-06	6.435624e-09	1.850101e+01	4.084203e+02
7.480000e-06	2.432499e-06	6.424709e-09	1.842610e+01	4.075645e+02
7.490000e-06	2.422559e-06	6.406048e-09	1.835080e+01	4.066969e+02
7.500000e-06	2.412537e-06	6.391849e-09	1.827489e+01	4.058182e+02
7.510000e-06	2.402408e-06	6.374619e-09	1.819816e+01	4.049292e+02
7.520000e-06	2.392189e-06	6.361847e-09	1.812075e+01	4.040304e+02
7.530000e-06	2.381919e-06	6.351473e-09	1.804296e+01	4.031220e+02
7.540000e-06	2.371610e-06	6.345188e-09	1.796487e+01	4.022043e+02
7.550000e-06	2.361236e-06	6.338617e-09	1.788628e+01	4.012771e+02
7.560000e-06	2.350803e-06	6.324979e-09	1.780725e+01	4.003406e+02
7.570000e-06	2.340320e-06	6.310654e-09	1.772784e+01	3.993944e+02
7.580000e-06	2.329779e-06	6.287962e-09	1.764800e+01	3.984387e+02
7.590000e-06	2.319184e-06	6.274031e-09	1.756774e+01	3.974731e+02
7.600000e-06	2.308540e-06	6.264746e-09	1.748711e+01	3.964979e+02
7.610000e-06	2.297857e-06	6.247876e-09	1.740619e+01	3.955132e+02
7.620000e-06	2.287124e-06	6.229240e-09	1.732489e+01	3.945193e+02
7.630000e-06	2.276331e-06	6.215219e-09	1.724313e+01	3.935168e+02
7.640000e-06	2.265467e-06	6.210401e-09	1.716084e+01	3.925063e+02
7.650000e-06	2.254533e-06	6.198746e-09	1.707802e+01	3.914890e+02
7.660000e-06	2.243562e-06	6.182114e-09	1.699491e+01	3.904658e+02
7.670000e-06	2.232531e-06	6.164164e-09	1.691135e+01	3.894380e+02
7.680000e-06	2.221420e-06	6.149510e-09	1.682718e+01	3.884070e+02
7.690000e-06	2.210240e-06	6.137483e-09	1.674249e+01	3.873740e+02
7.700000e-06	2.199006e-06	6.119720e-09	1.665740e+01	3.863404e+02
7.710000e-06	2.187719e-06	6.101877e-09	1.657190e+01	3.853075e+02
7.720000e-06	2.176362e-06	6.087487e-09	1.648587e+01	3.842763e+02
7.730000e-06	2.164945e-06	6.076350e-09	1.639938e+01	3.832477e+02
7.740000e-06	2.153481e-06	6.059838e-09	1.631255e+01	3.822223e+02
7.750000e-06	2.141968e-06	6.040587e-09	1.622533e+01	3.812003e+02
7.760000e-06	2.130383e-06	6.030876e-09	1.613758e+01	3.801818e+02
7.770000e-06	2.118710e-06	6.019138e-09	1.604916e+01	3.791664e+02
7.780000e-06	2.106948e-06	6.002438e-09	1.596006e+01	3.781535e+02
7.790000e-06	2.095118e-06	5.983708e-09	1.587045e+01	3.771422e+02
7.800000e-06	2.083252e-06	5.967465e-09	1.578057e+01	3.761312e+02
7.810000e-06	2.071357e-06	5.949935e-09	1.569046e+01	3.751192e+02
7.820000e-06	2.059413e-06	5.925929e-09	1.559999e+01	3.741045e+02
7.830000e-06	2.047412e-06	5.910460e-09	1.550908e+01	3.730858e+02
7.840000e-06	2.035351e-06	5.902171e-09	1.541772e+01	3.720612e+02
7.850000e-06	2.023234e-06	5.896413e-09	1.532593e+01	3.710294e+02
7.860000e-06	2.011065e-06	5.882401e-09	1.523375e+01	3.699888e+02
7.870000e-06	1.998853e-06	5.866634e-09	1.514124e+01	3.689383e+02
7.880000e-06	1.986602e-06	5.856506e-09	1.504845e+01	3.678767e+02
7.890000e-06	1.974314e-06	5.841650e-09	1.495537e+01	3.668033e+02
7.900000e-06	1.961989e-06	5.820367e-09	1.486200e+01	3.657176e+02
7.910000e-06	1.949616e-06	5.795208e-09	1.476828e+01	3.646191e+02
7.920000e-06	1.937176e-06	5.776840e-09	1.467404e+01	3.635079e+02
7.930000e-06	1.924657e-06	5.763643e-09	1.457922e+01	3.623840e+02
7.940000e-06	1.912064e-06	5.751167e-09	1.448382e+01	3.612475e+02
7.950000e-06	1.899416e-06	5.737327e-09	1.438802e+01	3.600989e+02
7.960000e-06	1.886736e-06	5.722914e-09	1.429197e+01	3.589384e+02
7.970000e-06	1.874023e-06	5.713942e-09	1.419566e+01	3.577664e+02
7.980000e-06	1.861271e-06	5.700493e-09	1.409907e+01	3.565830e+02
7.990000e-06	1.848477e-06	5.679133e-09	1.400216e+01	3.553884e+02
8.000000e-06	1.835630e-06	5.654284e-09	1.390484e+01	3.541825e+02
8.010000e-06	1.822738e-06	5.631850e-09	1.380718e+01	3.529650e+02
8.020000e-06	1.809805e-06	5.613926e-09	1.370921e+01	3.517355e+02
8.030000e-06	1.796817e-06	5.597081e-09	1.361083e+01	3.504933e+02
8.040000e-06	1.783786e-06	5.580555e-09	1.351212e+01	3.492375e+02
8.050000e-06	1.770726e-06	5.562812e-09	1.341319e+01	3.479673e+02
8.060000e-06	1.757644e-06	5.549473e-09	1.331410e+01	3.466815e+02
8.070000e-06	1.744526e-06	5.536250e-09	1.321473e+01	3.453790e+02
8.080000e-06	1.731364e-06	5.515488e-09	1.311502e+01	3.440587e+02
8.090000e-06	1.718141e-06	5.488675e-09	1.301486e+01	3.427197e+02
8.100000e-06	1.704841e-06	5.461681e-09	1.291412e+01	3.413611e+02
8.110000e-06	1.691477e-06	5.437045e-09	1.281288e+01	3.399824e+02
8.120000e-06	1.678065e-06	5.411107e-09	1.271129e+01	3.385830e+02
8.130000e-06	1.664615e-06	5.386867e-09	1.260941e+01	3.371630e+02
8.140000e-06	1.651127e-06	5.366045e-09	1.250723e+01	3.357226e+02
8.150000e-06	1.637604e-06	5.349354e-09	1.240480e+01	3.342624e+02
8.160000e-06	1.624047e-06	5.333831e-09	1.230210e+01	3.327832e+02
8.170000e-06	1.610454e-06	5.312654e-09	1.219913e+01	3.312862e+02
8.180000e-06	1.596826e-06	5.287042e-09	1.209591e+01	3.297730e+02
8.190000e-06	1.583168e-06	5.260102e-09	1.199244e+01	3.282449e+02
8.200000e-06	1.569471e-06	5.234652e-09	1.188869e+01	3.267039e+02
8.210000e-06	1.555721e-06	5.204950e-09	1.178454e+01	3.251518e+02
8.220000e-06	1.541933e-06	5.173933e-09	1.168009e+01	3.235902e+02
8.230000e-06	1.528109e-06	5.148991e-09	1.157537e+01	3.220210e+02
8.240000e-06	1.514239e-06	5.128417e-09	1.147031e+01	3.204458e+02
8.250000e-06	1.500331e-06	5.106458e-09	1.136496e+01	3.188658e+02
8.260000e-06	1.486387e-06	5.076700e-09	1.125933e+01	3.172823e+02
8.270000e-06	1.472381e-06	5.048128e-09	1.115324e+01	3.156962e+02
8.280000e-06	1.458308e-06	5.022891e-09	1.104664e+01	3.141080e+02
8.290000e-06	1.444182e-06	5.000201e-09	1.093963e+01	3.125181e+02
8.300000e-06	1.430011e-06	4.974955e-09	1.083228e+01	3.109266e+02
8.310000e-06	1.415811e-06	4.947050e-09	1.072472e+01	3.093333e+02
8.320000e-06	1.401578e-06	4.926688e-09	1.061691e+01	3.077379e+02
8.330000e-06	1.387308e-06	4.906672e-09	1.050881e+01	3.061400e+02
8.340000e-06	1.373009e-06	4.880736e-09	1.040050e+01	3.045391e+02
8.350000e-06	1.358692e-06	4.850328e-09	1.029205e+01	3.029347e+02
8.360000e-06	1.344354e-06	4.822361e-09	1.018343e+01	3.013264e+02
8.370000e-06	1.329969e-06	4.799622e-09	1.007447e+01	2.997139e+02
8.380000e-06	1.315539e-06	4.774259e-09	9.965166e+00	2.980971e+02
8.390000e-06	1.301080e-06	4.745687e-09	9.855638e+00	2.964761e+02
8.400000e-06	1.286599e-06	4.718467e-09	9.745946e+00	2.948511e+02
8.410000e-06	1.272078e-06	4.694499e-09	9.635953e+00	2.932227e+02
8.420000e-06	1.257517e-06	4.668117e-09	9.525653e+00	2.915914e+02
8.430000e-06	1.242943e-06	4.634760e-09	9.415255e+00	2.899583e+02
8.440000e-06	1.228347e-06	4.602330e-09	9.304687e+00	2.883241e+02
8.450000e-06	1.213714e-06	4.576592e-09	9.193846e+00	2.866900e+02
8.460000e-06	1.199056e-06	4.556783e-09	9.082811e+00	2.850569e+02
8.470000e-06	1.184380e-06	4.535930e-09	8.971640e+00	2.834259e+02
8.480000e-06	1.169683e-06	4.512453e-09	8.860308e+00	2.817977e+02
8.490000e-06	1.154959e-06	4.487061e-09	8.748780e+00	2.801729e+02
8.500000e-06	1.140210e-06	4.457702e-09	8.637052e+00	2.785518e+02
8.510000e-06	1.125421e-06	4.424556e-09	8.525029e+00	2.769344e+02
8.520000e-06	1.110591e-06	4.389174e-09	8.412694e+00	2.753204e+02
8.530000e-06	1.095736e-06	4.360282e-09	8.300166e+00	2.737091e+02
8.540000e-06	1.080851e-06	4.338571e-09	8.187407e+00	2.720993e+02
8.550000e-06	1.065900e-06	4.317885e-09	8.074158e+00	2.704897e+02
8.560000e-06	1.050895e-06	4.293972e-09	7.960494e+00	2.688785e+02
8.570000e-06	1.035877e-06	4.269143e-09	7.846735e+00	2.672636e+02
8.580000e-06	1.020838e-06	4.245137e-09	7.732818e+00	2.656427e+02
8.590000e-06	1.005773e-06	4.219081e-09	7.618694e+00	2.640137e+02
8.600000e-06	9.906881e-07	4.190040e-09	7.504430e+00	2.623739e+02
8.610000e-06	9.755897e-07	4.160794e-09	7.390060e+00	2.607209e+02
8.620000e-06	9.604742e-07	4.133539e-09	7.275560e+00	2.590525e+02
8.630000e-06	9.453430e-07	4.105562e-09	7.160942e+00	2.573665e+02
8.640000e-06	9.301894e-07	4.080261e-09	7.046154e+00	2.556611e+02
8.650000e-06	9.150061e-07	4.057317e-09	6.931141e+00	2.539345e+02
8.660000e-06	8.997989e-07	4.034266e-09	6.815947e+00	2.521855e+02
8.670000e-06	8.845688e-07	4.010592e-09	6.700580e+00	2.504132e+02
8.680000e-06	8.693119e-07	3.981004e-09	6.585009e+00	2.486171e+02
8.690000e-06	8.540297e-07	3.948119e-09	6.469247e+00	2.467970e+02
8.700000e-06	8.387337e-07	3.914087e-09	6.353380e+00	2.449529e+02
8.710000e-06	8.234123e-07	3.879420e-09	6.237321e+00	2.430854e+02
8.720000e-06	8.080791e-07	3.847853e-09	6.121172e+00	2.411951e+02
8.730000e-06	7.927403e-07	3.819813e-09	6.004981e+00	2.392829e+02
8.740000e-06	7.773709e-07	3.794376e-09	5.888559e+00	2.373499e+02
8.750000e-06	7.619826e-07	3.766473e-09	5.771993e+00	2.353971e+02
8.760000e-06	7.465810e-07	3.738184e-09	5.655327e+00	2.334258e+02
8.770000e-06	7.311573e-07	3.711568e-09	5.538492e+00	2.314369e+02
8.780000e-06	7.157135e-07	3.683002e-09	5.421506e+00	2.294317e+02
8.790000e-06	7.002554e-07	3.650437e-09	5.304411e+00	2.274111e+02
8.800000e-06	6.847891e-07	3.613769e-09	5.187255e+00	2.253758e+02
8.810000e-06	6.693122e-07	3.577592e-09	5.070018e+00	2.233266e+02
8.820000e-06	6.538213e-07	3.545149e-09	4.952675e+00	2.212640e+02
8.830000e-06	6.383119e-07	3.515762e-09	4.835192e+00	2.191885e+02
8.840000e-06	6.227954e-07	3.483010e-09	4.717654e+00	2.171003e+02
8.850000e-06	6.072745e-07	3.449953e-09	4.600084e+00	2.149998e+02
8.860000e-06	5.917257e-07	3.421410e-09	4.482303e+00	2.128870e+02
8.870000e-06	5.761524e-07	3.391836e-09	4.364336e+00	2.107622e+02
8.880000e-06	5.605650e-07	3.358981e-09	4.246262e+00	2.086254e+02
8.890000e-06	5.449593e-07	3.324450e-09	4.128049e+00	2.064769e+02
8.900000e-06	5.293420e-07	3.290647e-09	4.009748e+00	2.043169e+02
8.910000e-06	5.137101e-07	3.254238e-09	3.891337e+00	2.021457e+02
8.920000e-06	4.980487e-07	3.215527e-09	3.772702e+00	1.999638e+02
8.930000e-06	4.823562e-07	3.178672e-09	3.653833e+00	1.977716e+02
8.940000e-06	4.666464e-07	3.145670e-09	3.534831e+00	1.955698e+02
8.950000e-06	4.509136e-07	3.116527e-09	3.415656e+00	1.933591e+02
8.960000e-06	4.351547e-07	3.089483e-09	3.296283e+00	1.911402e+02
8.970000e-06	4.193823e-07	3.056312e-09	3.176807e+00	1.889139e+02
8.980000e-06	4.035976e-07	3.016848e-09	3.057239e+00	1.866810e+02
8.990000e-06	3.878126e-07	2.975004e-09	2.937668e+00	1.844423e+02
9.000000e-06	3.720156e-07	2.930530e-09	2.818006e+00	1.821985e+02
9.010000e-06	3.561995e-07	2.887257e-09	2.698199e+00	1.799504e+02
9.020000e-06	3.403800e-07	2.845791e-09	2.578367e+00	1.776985e+02
9.030000e-06	3.245584e-07	2.812121e-09	2.458519e+00	1.754434e+02
9.040000e-06	3.087282e-07	2.784151e-09	2.338606e+00	1.731855e+02
9.050000e-06	2.928896e-07	2.759090e-09	2.218629e+00	1.709250e+02
9.060000e-06	2.770469e-07	2.733503e-09	2.098621e+00	1.686621e+02
9.070000e-06	2.611936e-07	2.700974e-09	1.978533e+00	1.663968e+02
9.080000e-06	2.453310e-07	2.661347e-09	1.858375e+00	1.641292e+02
9.090000e-06	2.294686e-07	2.614065e-09	1.738217e+00	1.618592e+02
9.100000e-06	2.136007e-07	2.567379e-09	1.618019e+00	1.595866e+02
9.110000e-06	1.977216e-07	2.525692e-09	1.497735e+00	1.573111e+02
9.120000e-06	1.818308e-07	2.491938e-09	1.377362e+00	1.550326e+02
9.130000e-06	1.659389e-07	2.464835e-09	1.256982e+00	1.527508e+02
9.140000e-06	1.500419e-07	2.438606e-09	1.136563e+00	1.504654e+02
9.150000e-06	1.341466e-07	2.411835e-09	1.016156e+00	1.481762e+02
9.160000e-06	1.182661e-07	2.376376e-09	8.958620e-01	1.458828e+02
9.170000e-06	1.023807e-07	2.330233e-09	7.755302e-01	1.435851e+02
9.180000e-06	8.648611e-08	2.278887e-09	6.551295e-01	1.412827e+02
9.190000e-06	7.058863e-08	2.232701e-09	5.347066e-01	1.389752e+02
9.200000e-06	5.468674e-08	2.194820e-09	4.142503e-01	1.366623e+02
9.210000e-06	3.878437e-08	2.160287e-09	2.937903e-01	1.343434e+02
9.220000e-06	2.288686e-08	2.128542e-09	1.733672e-01	1.320180e+02
9.230000e-06	6.989929e-09	2.099175e-09	5.294848e-02	1.296854e+02
9.240000e-06	-8.908109e-09	2.068609e-09	-6.747863e-02	1.273448e+02
9.250000e-06	-2.480340e-08	2.031882e-09	-1.878849e-01	1.249951e+02
9.260000e-06	-4.068976e-08	1.988293e-09	-3.082236e-01	1.226355e+02
9.270000e-06	-5.656122e-08	1.942903e-09	-4.284494e-01	1.202645e+02
9.280000e-06	-7.243519e-08	1.901428e-09	-5.486942e-01	1.178809e+02
9.290000e-06	-8.832002e-08	1.863349e-09	-6.690213e-01	1.154834e+02
9.300000e-06	-1.042084e-07	1.822715e-09	-7.893751e-01	1.130704e+02
9.310000e-06	-1.200931e-07	1.783957e-09	-9.097013e-01	1.106405e+02
9.320000e-06	-1.359683e-07	1.748635e-09	-1.029955e+00	1.081922e+02
9.330000e-06	-1.518385e-07	1.711644e-09	-1.150172e+00	1.057243e+02
9.340000e-06	-1.677203e-07	1.670519e-09	-1.270475e+00	1.032354e+02
9.350000e-06	-1.836026e-07	1.628724e-09	-1.390783e+00	1.007245e+02
9.360000e-06	-1.994694e-07	1.591488e-09	-1.510974e+00	9.819059e+01
9.370000e-06	-2.153331e-07	1.553085e-09	-1.631141e+00	9.563310e+01
9.380000e-06	-2.311891e-07	1.511805e-09	-1.751250e+00	9.305157e+01
9.390000e-06	-2.470399e-07	1.470907e-09	-1.871319e+00	9.044584e+01
9.400000e-06	-2.628919e-07	1.429615e-09	-1.991397e+00	8.781603e+01
9.410000e-06	-2.787386e-07	1.388307e-09	-2.111436e+00	8.516248e+01
9.420000e-06	-2.945679e-07	1.343573e-09	-2.231342e+00	8.248579e+01
9.430000e-06	-3.103882e-07	1.296142e-09	-2.351181e+00	7.978677e+01
9.440000e-06	-3.262043e-07	1.253632e-09	-2.470987e+00	7.706639e+01
9.450000e-06	-3.420052e-07	1.216727e-09	-2.590678e+00	7.432575e+01
9.460000e-06	-3.577989e-07	1.176976e-09	-2.710315e+00	7.156604e+01
9.470000e-06	-3.735960e-07	1.128129e-09	-2.829978e+00	6.878847e+01
9.480000e-06	-3.893801e-07	1.077939e-09	-2.949541e+00	6.599424e+01
9.490000e-06	-4.051460e-07	1.032114e-09	-3.068968e+00	6.318450e+01
9.500000e-06	-4.208903e-07	9.860482e-10	-3.188230e+00	6.036031e+01
9.510000e-06	-4.366145e-07	9.382755e-10	-3.307340e+00	5.752260e+01
9.520000e-06	-4.523288e-07	8.947389e-10	-3.426376e+00	5.467216e+01
9.530000e-06	-4.680260e-07	8.536880e-10	-3.545282e+00	5.180965e+01
9.540000e-06	-4.837060e-07	8.105120e-10	-3.664057e+00	4.893556e+01
9.550000e-06	-4.993658e-07	7.638145e-10	-3.782680e+00	4.605027e+01
9.560000e-06	-5.149985e-07	7.135978e-10	-3.901096e+00	4.315406e+01
9.570000e-06	-5.306058e-07	6.648198e-10	-4.019321e+00	4.024711e+01
9.580000e-06	-5.461991e-07	6.182617e-10	-4.137440e+00	3.732958e+01
9.590000e-06	-5.617690e-07	5.729635e-10	-4.255382e+00	3.440161e+01
9.600000e-06	-5.773148e-07	5.290678e-10	-4.373141e+00	3.146339e+01
9.610000e-06	-5.928469e-07	4.855810e-10	-4.490796e+00	2.851519e+01
9.620000e-06	-6.083614e-07	4.402812e-10	-4.608318e+00	2.555738e+01
9.630000e-06	-6.238596e-07	3.908128e-10	-4.725716e+00	2.259046e+01
9.640000e-06	-6.393405e-07	3.416703e-10	-4.842984e+00	1.961509e+01
9.650000e-06	-6.548084e-07	2.930858e-10	-4.960152e+00	1.663206e+01
9.660000e-06	-6.702660e-07	2.453785e-10	-5.077243e+00	1.364235e+01
9.670000e-06	-6.857132e-07	1.997917e-10	-5.194255e+00	1.064705e+01
9.680000e-06	-7.011437e-07	1.544941e-10	-5.311140e+00	7.647342e+00
9.690000e-06	-7.165576e-07	1.055030e-10	-5.427900e+00	4.644502e+00
9.700000e-06	-7.319528e-07	5.444698e-11	-5.544519e+00	1.639819e+00
9.710000e-06	-7.473361e-07	5.243480e-12	-5.661047e+00	-1.365444e+00
9.720000e-06	-7.627091e-07	-4.297152e-11	-5.777496e+00	-4.370097e+00
9.730000e-06	-7.780596e-07	-8.717669e-11	-5.893776e+00	-7.373081e+00
9.740000e-06	-7.933763e-07	-1.308426e-10	-6.009800e+00	-1.037351e+01
9.750000e-06	-8.086651e-07	-1.782846e-10	-6.125612e+00	-1.337073e+01
9.760000e-06	-8.239432e-07	-2.259525e-10	-6.241343e+00	-1.636433e+01
9.770000e-06	-8.392050e-07	-2.747377e-10	-6.356950e+00	-1.935419e+01
9.780000e-06	-8.544424e-07	-3.252191e-10	-6.472373e+00	-2.234046e+01
9.790000e-06	-8.696554e-07	-3.731339e-10	-6.587611e+00	-2.532361e+01
9.800000e-06	-8.848449e-07	-4.185905e-10	-6.702671e+00	-2.830437e+01
9.810000e-06	-9.000014e-07	-4.622361e-10	-6.817481e+00	-3.128373e+01
9.820000e-06	-9.151358e-07	-5.035188e-10	-6.932123e+00	-3.426291e+01
9.830000e-06	-9.302516e-07	-5.468589e-10	-7.046625e+00	-3.724328e+01
9.840000e-06	-9.453558e-07	-5.946703e-10	-7.161039e+00	-4.022637e+01
9.850000e-06	-9.604487e-07	-6.417853e-10	-7.275368e+00	-4.321374e+01
9.860000e-06	-9.755258e-07	-6.872114e-10	-7.389576e+00	-4.620698e+01
9.870000e-06	-9.905840e-07	-7.327180e-10	-7.503641e+00	-4.920763e+01
9.880000e-06	-1.005616e-06	-7.785027e-10	-7.617510e+00	-5.221712e+01
9.890000e-06	-1.020619e-06	-8.248092e-10	-7.731155e+00	-5.523676e+01
9.900000e-06	-1.035598e-06	-8.718092e-10	-7.844621e+00	-5.826765e+01
9.910000e-06	-1.050551e-06	-9.199215e-10	-7.957891e+00	-6.131068e+01
9.920000e-06	-1.065461e-06	-9.715440e-10	-8.070831e+00	-6.436652e+01
9.930000e-06	-1.080335e-06	-1.026826e-09	-8.183500e+00	-6.743559e+01
9.940000e-06	-1.095165e-06	-1.079279e-09	-8.295838e+00	-7.051808e+01
9.950000e-06	-1.109941e-06	-1.124611e-09	-8.407765e+00	-7.361397e+01
9.960000e-06	-1.124682e-06	-1.168839e-09	-8.519432e+00	-7.672301e+01
9.970000e-06	-1.139406e-06	-1.216890e-09	-8.630964e+00	-7.984481e+01
9.980000e-06	-1.154107e-06	-1.264243e-09	-8.742319e+00	-8.297880e+01
9.990000e-06	-1.168782e-06	-1.306359e-09	-8.853486e+00	-8.612434e+01
1.000000e-05	-1.183433e-06	-1.350217e-09	-8.964464e+00	-8.928069e+01
1.001000e-05	-1.198056e-06	-1.399980e-09	-9.075234e+00	-9.244710e+01
1.002000e-05	-1.212649e-06	-1.452889e-09	-9.185776e+00	-9.562277e+01
1.003000e-05	-1.227211e-06	-1.507232e-09	-9.296084e+00	-9.880696e+01
1.004000e-05	-1.241744e-06	-1.560336e-09	-9.406171e+00	-1.019989e+02
1.005000e-05	-1.256247e-06	-1.613823e-09	-9.516032e+00	-1.051979e+02
1.006000e-05	-1.270721e-06	-1.666933e-09	-9.625667e+00	-1.084033e+02
1.007000e-05	-1.285168e-06	-1.717823e-09	-9.735105e+00	-1.116145e+02
1.008000e-05	-1.299590e-06	-1.765232e-09	-9.844352e+00	-1.148309e+02
1.009000e-05	-1.313968e-06	-1.811987e-09	-9.953266e+00	-1.180520e+02
1.010000e-05	-1.328316e-06	-1.863890e-09	-1.006195e+01	-1.212770e+02
1.011000e-05	-1.342652e-06	-1.919176e-09	-1.017054e+01	-1.245054e+02
1.012000e-05	-1.356954e-06	-1.972968e-09	-1.027889e+01	-1.277366e+02
1.013000e-05	-1.371221e-06	-2.024016e-09	-1.038695e+01	-1.309698e+02
1.014000e-05	-1.385461e-06	-2.076915e-09	-1.049482e+01	-1.342042e+02
1.015000e-05	-1.399670e-06	-2.131432e-09	-1.060246e+01	-1.374390e+02
1.016000e-05	-1.413840e-06	-2.178954e-09	-1.070979e+01	-1.406731e+02
1.017000e-05	-1.427952e-06	-2.222323e-09	-1.081669e+01	-1.439054e+02
1.018000e-05	-1.441994e-06	-2.269035e-09	-1.092306e+01	-1.471349e+02
1.019000e-05	-1.455982e-06	-2.321403e-09	-1.102902e+01	-1.503602e+02
1.020000e-05	-1.469925e-06	-2.373846e-09	-1.113464e+01	-1.535801e+02
1.021000e-05	-1.483824e-06	-2.421357e-09	-1.123992e+01	-1.567931e+02
1.022000e-05	-1.497700e-06	-2.471837e-09	-1.134502e+01	-1.599980e+02
1.023000e-05	-1.511551e-06	-2.527469e-09	-1.144995e+01	-1.631933e+02
1.024000e-05	-1.525363e-06	-2.583777e-09	-1.155457e+01	-1.663777e+02
1.025000e-05	-1.539118e-06	-2.634991e-09	-1.165877e+01	-1.695497e+02
1.026000e-05	-1.552825e-06	-2.682375e-09	-1.176259e+01	-1.727083e+02
1.027000e-05	-1.566495e-06	-2.732085e-09	-1.186615e+01	-1.758521e+02
1.028000e-05	-1.580127e-06	-2.781957e-09	-1.196941e+01	-1.789800e+02
1.029000e-05	-1.593734e-06	-2.826269e-09	-1.207248e+01	-1.820909e+02
1.030000e-05	-1.607288e-06	-2.866427e-09	-1.217515e+01	-1.851839e+02
1.031000e-05	-1.620797e-06	-2.916886e-09	-1.227748e+01	-1.882580e+02
1.032000e-05	-1.634285e-06	-2.975032e-09	-1.237965e+01	-1.913125e+02
1.033000e-05	-1.647741e-06	-3.030044e-09	-1.248158e+01	-1.943464e+02
1.034000e-05	-1.661168e-06	-3.081852e-09	-1.258329e+01	-1.973592e+02
1.035000e-05	-1.674561e-06	-3.128861e-09	-1.268475e+01	-2.003501e+02
1.036000e-05	-1.687896e-06	-3.174820e-09	-1.278576e+01	-2.033185e+02
1.037000e-05	-1.701156e-06	-3.218237e-09	-1.288620e+01	-2.062637e+02
1.038000e-05	-1.714342e-06	-3.257848e-09	-1.298608e+01	-2.091852e+02
1.039000e-05	-1.727475e-06	-3.295997e-09	-1.308556e+01	-2.120824e+02
1.040000e-05	-1.740568e-06	-3.339354e-09	-1.318474e+01	-2.149549e+02
1.041000e-05	-1.753618e-06	-3.392394e-09	-1.328360e+01	-2.178022e+02
1.042000e-05	-1.766635e-06	-3.446116e-09	-1.338220e+01	-2.206241e+02
1.043000e-05	-1.779623e-06	-3.494964e-09	-1.348059e+01	-2.234204e+02
1.044000e-05	-1.792574e-06	-3.538951e-09	-1.357869e+01	-2.261909e+02
1.045000e-05	-1.805483e-06	-3.580716e-09	-1.367647e+01	-2.289358e+02
1.046000e-05	-1.818345e-06	-3.619208e-09	-1.377390e+01	-2.316553e+02
1.047000e-05	-1.831162e-06	-3.651603e-09	-1.387099e+01	-2.343498e+02
1.048000e-05	-1.843937e-06	-3.685748e-09	-1.396776e+01	-2.370200e+02
1.049000e-05	-1.856660e-06	-3.727740e-09	-1.406414e+01	-2.396667e+02
1.050000e-05	-1.869339e-06	-3.774628e-09	-1.416018e+01	-2.422909e+02
1.051000e-05	-1.881991e-06	-3.820798e-09	-1.425602e+01	-2.448938e+02
1.052000e-05	-1.894606e-06	-3.863523e-09	-1.435158e+01	-2.474768e+02
1.053000e-05	-1.907170e-06	-3.904403e-09	-1.444675e+01	-2.500412e+02
1.054000e-05	-1.919675e-06	-3.945471e-09	-1.454148e+01	-2.525888e+02
1.055000e-05	-1.932101e-06	-3.985798e-09	-1.463560e+01	-2.551208e+02
1.056000e-05	-1.944443e-06	-4.022565e-09	-1.472909e+01	-2.576391e+02
1.057000e-05	-1.956735e-06	-4.057385e-09	-1.482221e+01	-2.601448e+02
1.058000e-05	-1.968992e-06	-4.092347e-09	-1.491505e+01	-2.626394e+02
1.059000e-05	-1.981204e-06	-4.127645e-09	-1.500756e+01	-2.651240e+02
1.060000e-05	-1.993372e-06	-4.162525e-09	-1.509973e+01	-2.675994e+02
1.061000e-05	-2.005484e-06	-4.199315e-09	-1.519148e+01	-2.700662e+02
1.062000e-05	-2.017547e-06	-4.241835e-09	-1.528285e+01	-2.725248e+02
1.063000e-05	-2.029559e-06	-4.284478e-09	-1.537384e+01	-2.749752e+02
1.064000e-05	-2.041510e-06	-4.323336e-09	-1.546437e+01	-2.774171e+02
1.065000e-05	-2.053421e-06	-4.360932e-09	-1.555460e+01	-2.798498e+02
1.066000e-05	-2.065295e-06	-4.398700e-09	-1.564454e+01	-2.822725e+02
1.067000e-05	-2.077132e-06	-4.431900e-09	-1.573421e+01	-2.846841e+02
1.068000e-05	-2.088927e-06	-4.459998e-09	-1.582355e+01	-2.870832e+02
1.069000e-05	-2.100653e-06	-4.488184e-09	-1.591238e+01	-2.894685e+02
1.070000e-05	-2.112293e-06	-4.522139e-09	-1.600055e+01	-2.918383e+02
1.071000e-05	-2.123843e-06	-4.563819e-09	-1.608804e+01	-2.941913e+02
1.072000e-05	-2.135318e-06	-4.608315e-09	-1.617497e+01	-2.965258e+02
1.073000e-05	-2.146740e-06	-4.651573e-09	-1.626149e+01	-2.988407e+02
1.074000e-05	-2.158119e-06	-4.692009e-09	-1.634768e+01	-3.011345e+02
1.075000e-05	-2.169452e-06	-4.730885e-09	-1.643353e+01	-3.034064e+02
1.076000e-05	-2.180727e-06	-4.763732e-09	-1.651893e+01	-3.056556e+02
1.077000e-05	-2.191929e-06	-4.787404e-09	-1.660379e+01	-3.078815e+02
1.078000e-05	-2.203056e-06	-4.812774e-09	-1.668808e+01	-3.100838e+02
1.079000e-05	-2.214110e-06	-4.847787e-09	-1.677181e+01	-3.122626e+02
1.080000e-05	-2.225096e-06	-4.887184e-09	-1.685503e+01	-3.144180e+02
1.081000e-05	-2.236025e-06	-4.924748e-09	-1.693782e+01	-3.165504e+02
1.082000e-05	-2.246912e-06	-4.960918e-09	-1.702028e+01	-3.186602e+02
1.083000e-05	-2.257746e-06	-4.996559e-09	-1.710235e+01	-3.207482e+02
1.084000e-05	-2.268501e-06	-5.031021e-09	-1.718382e+01	-3.228148e+02
1.085000e-05	-2.279193e-06	-5.063633e-09	-1.726481e+01	-3.248607e+02
1.086000e-05	-2.289859e-06	-5.092357e-09	-1.734561e+01	-3.268864e+02
1.087000e-05	-2.300491e-06	-5.121307e-09	-1.742614e+01	-3.288924e+02
1.088000e-05	-2.311066e-06	-5.150510e-09	-1.750625e+01	-3.308788e+02
1.089000e-05	-2.321586e-06	-5.177949e-09	-1.758593e+01	-3.328459e+02
1.090000e-05	-2.332051e-06	-5.204453e-09	-1.766521e+01	-3.347934e+02
1.091000e-05	-2.342463e-06	-5.230514e-09	-1.774408e+01	-3.367211e+02
1.092000e-05	-2.352810e-06	-5.261318e-09	-1.782246e+01	-3.386284e+02
1.093000e-05	-2.363097e-06	-5.295343e-09	-1.790038e+01	-3.405147e+02
1.094000e-05	-2.373342e-06	-5.326410e-09	-1.797799e+01	-3.423792e+02
1.095000e-05	-2.383526e-06	-5.355703e-09	-1.805513e+01	-3.442210e+02
1.096000e-05	-2.393633e-06	-5.383583e-09	-1.813169e+01	-3.460391e+02
1.097000e-05	-2.403658e-06	-5.411125e-09	-1.820763e+01	-3.478327e+02
1.098000e-05	-2.413594e-06	-5.435091e-09	-1.828290e+01	-3.496008e+02
1.099000e-05	-2.423464e-06	-5.452505e-09	-1.835766e+01	-3.513427e+02
1.100000e-05	-2.433292e-06	-5.474622e-09	-1.843211e+01	-3.530578e+02
1.101000e-05	-2.443071e-06	-5.508139e-09	-1.850618e+01	-3.547456e+02
1.102000e-05	-2.452775e-06	-5.545352e-09	-1.857969e+01	-3.564061e+02
1.103000e-05	-2.462415e-06	-5.576887e-09	-1.865272e+01	-3.580391e+02
1.104000e-05	-2.472015e-06	-5.605722e-09	-1.872543e+01	-3.596449e+02
1.105000e-05	-2.481570e-06	-5.633988e-09	-1.879781e+01	-3.612240e+02
1.106000e-05	-2.491071e-06	-5.654489e-09	-1.886978e+01	-3.627771e+02
1.107000e-05	-2.500526e-06	-5.662707e-09	-1.894140e+01	-3.643051e+02
1.108000e-05	-2.509942e-06	-5.669579e-09	-1.901273e+01	-3.658089e+02
1.109000e-05	-2.519287e-06	-5.688824e-09	-1.908352e+01	-3.672896e+02
1.110000e-05	-2.528518e-06	-5.715678e-09	-1.915344e+01	-3.687484e+02
1.111000e-05	-2.537650e-06	-5.745307e-09	-1.922261e+01	-3.701864e+02
1.112000e-05	-2.546722e-06	-5.777483e-09	-1.929134e+01	-3.716048e+02
1.113000e-05	-2.555746e-06	-5.811031e-09	-1.935969e+01	-3.730046e+02
1.114000e-05	-2.564715e-06	-5.838421e-09	-1.942763e+01	-3.743868e+02
1.115000e-05	-2.573622e-06	-5.852517e-09	-1.949510e+01	-3.757523e+02
1.116000e-05	-2.582455e-06	-5.860783e-09	-1.956201e+01	-3.771018e+02
1.117000e-05	-2.591209e-06	-5.871886e-09	-1.962832e+01	-3.784359e+02
1.118000e-05	-2.599902e-06	-5.888474e-09	-1.969417e+01	-3.797550e+02
1.119000e-05	-2.608552e-06	-5.907116e-09	-1.975970e+01	-3.810596e+02
1.120000e-05	-2.617164e-06	-5.930161e-09	-1.982493e+01	-3.823498e+02
1.121000e-05	-2.625698e-06	-5.959133e-09	-1.988958e+01	-3.836261e+02
1.122000e-05	-2.634124e-06	-5.985471e-09	-1.995340e+01	-3.848885e+02
1.123000e-05	-2.642456e-06	-6.004718e-09	-2.001652e+01	-3.861372e+02
1.124000e-05	-2.650732e-06	-6.016522e-09	-2.007921e+01	-3.873727e+02
1.125000e-05	-2.658970e-06	-6.026390e-09	-2.014161e+01	-3.885950e+02
1.126000e-05	-2.667158e-06	-6.037965e-09	-2.020364e+01	-3.898047e+02
1.127000e-05	-2.675274e-06	-6.050866e-09	-2.026511e+01	-3.910023e+02
1.128000e-05	-2.683314e-06	-6.066862e-09	-2.032602e+01	-3.921883e+02
1.129000e-05	-2.691284e-06	-6.086118e-09	-2.038639e+01	-3.933634e+02
1.130000e-05	-2.699183e-06	-6.107745e-09	-2.044622e+01	-3.945283e+02
1.131000e-05	-2.707036e-06	-6.129363e-09	-2.050571e+01	-3.956839e+02
1.132000e-05	-2.714843e-06	-6.148846e-09	-2.056485e+01	-3.968309e+02
1.133000e-05	-2.722568e-06	-6.166781e-09	-2.062336e+01	-3.979703e+02
1.134000e-05	-2.730179e-06	-6.185467e-09	-2.068102e+01	-3.991027e+02
1.135000e-05	-2.737686e-06	-6.202627e-09	-2.073788e+01	-4.002288e+02
1.136000e-05	-2.745122e-06	-6.212741e-09	-2.079421e+01	-4.013492e+02
1.137000e-05	-2.752492e-06	-6.221378e-09	-2.085004e+01	-4.024644e+02
1.138000e-05	-2.759792e-06	-6.233242e-09	-2.090533e+01	-4.035745e+02
1.139000e-05	-2.767024e-06	-6.248186e-09	-2.096012e+01	-4.046797e+02
1.140000e-05	-2.774180e-06	-6.264837e-09	-2.101433e+01	-4.057799e+02
1.141000e-05	-2.781273e-06	-6.281347e-09	-2.106805e+01	-4.068747e+02
1.142000e-05	-2.788321e-06	-6.298775e-09	-2.112144e+01	-4.079636e+02
1.143000e-05	-2.795302e-06	-6.316648e-09	-2.117432e+01	-4.090460e+02
1.144000e-05	-2.802196e-06	-6.334371e-09	-2.122654e+01	-4.101213e+02
1.145000e-05	-2.808993e-06	-6.349575e-09	-2.127803e+01	-4.111884e+02
1.146000e-05	-2.815696e-06	-6.363794e-09	-2.132881e+01	-4.122467e+02
1.147000e-05	-2.822340e-06	-6.377814e-09	-2.137913e+01	-4.132951e+02
1.148000e-05	-2.828917e-06	-6.390877e-09	-2.142896e+01	-4.143328e+02
1.149000e-05	-2.835417e-06	-6.403062e-09	-2.147819e+01	-4.153591e+02
1.150000e-05	-2.841862e-06	-6.412672e-09	-2.152701e+01	-4.163733e+02
1.151000e-05	-2.848242e-06	-6.425788e-09	-2.157534e+01	-4.173748e+02
1.152000e-05	-2.854553e-06	-6.440878e-09	-2.162315e+01	-4.183632e+02
1.153000e-05	-2.860805e-06	-6.455314e-09	-2.167050e+01	-4.193382e+02
1.154000e-05	-2.867005e-06	-6.471244e-09	-2.171747e+01	-4.202996e+02
1.155000e-05	-2.873125e-06	-6.485582e-09	-2.176383e+01	-4.212474e+02
1.156000e-05	-2.879128e-06	-6.496328e-09	-2.180930e+01	-4.221817e+02
1.157000e-05	-2.885048e-06	-6.500833e-09	-2.185414e+01	-4.231025e+02
1.158000e-05	-2.890909e-06	-6.503443e-09	-2.189854e+01	-4.240100e+02
1.159000e-05	-2.896697e-06	-6.512277e-09	-2.194238e+01	-4.249044e+02
1.160000e-05	-2.902416e-06	-6.527112e-09	-2.198570e+01	-4.257856e+02
1.161000e-05	-2.908062e-06	-6.546068e-09	-2.202848e+01	-4.266538e+02
1.162000e-05	-2.913627e-06	-6.569483e-09	-2.207063e+01	-4.275088e+02
1.163000e-05	-2.919125e-06	-6.590872e-09	-2.211228e+01	-4.283503e+02
1.164000e-05	-2.924576e-06	-6.605512e-09	-2.215357e+01	-4.291780e+02
1.165000e-05	-2.929955e-06	-6.610392e-09	-2.219431e+01	-4.299914e+02
1.166000e-05	-2.935219e-06	-6.609707e-09	-2.223418e+01	-4.307899e+02
1.167000e-05	-2.940363e-06	-6.610089e-09	-2.227316e+01	-4.315726e+02
1.168000e-05	-2.945436e-06	-6.614071e-09	-2.231158e+01	-4.323387e+02
1.169000e-05	-2.950455e-06	-6.623446e-09	-2.234960e+01	-4.330874e+02
1.170000e-05	-2.955381e-06	-6.637125e-09	-2.238691e+01	-4.338178e+02
1.171000e-05	-2.960216e-06	-6.655183e-09	-2.242354e+01	-4.345289e+02
1.172000e-05	-2.964962e-06	-6.671634e-09	-2.245949e+01	-4.352202e+02
1.173000e-05	-2.969606e-06	-6.680971e-09	-2.249467e+01	-4.358908e+02
1.174000e-05	-2.974162e-06	-6.685335e-09	-2.252918e+01	-4.365406e+02
1.175000e-05	-2.978647e-06	-6.690920e-09	-2.256315e+01	-4.371691e+02
1.176000e-05	-2.983078e-06	-6.698915e-09	-2.259672e+01	-4.377764e+02
1.177000e-05	-2.987436e-06	-6.705183e-09	-2.262973e+01	-4.383627e+02
1.178000e-05	-2.991721e-06	-6.711858e-09	-2.266219e+01	-4.389286e+02
1.179000e-05	-2.995954e-06	-6.723662e-09	-2.269425e+01	-4.394748e+02
1.180000e-05	-3.000123e-06	-6.738003e-09	-2.272583e+01	-4.400023e+02
1.181000e-05	-3.004221e-06	-6.747821e-09	-2.275688e+01	-4.405122e+02
1.182000e-05	-3.008258e-06	-6.750746e-09	-2.278745e+01	-4.410058e+02
1.183000e-05	-3.012217e-06	-6.752500e-09	-2.281745e+01	-4.414846e+02
1.184000e-05	-3.016108e-06	-6.754923e-09	-2.284692e+01	-4.419499e+02
1.185000e-05	-3.019948e-06	-6.757961e-09	-2.287601e+01	-4.424034e+02
1.186000e-05	-3.023700e-06	-6.761002e-09	-2.290443e+01	-4.428464e+02
1.187000e-05	-3.027338e-06	-6.765177e-09	-2.293198e+01	-4.432804e+02
1.188000e-05	-3.030885e-06	-6.772146e-09	-2.295885e+01	-4.437066e+02
1.189000e-05	-3.034364e-06	-6.780103e-09	-2.298521e+01	-4.441261e+02
1.190000e-05	-3.037779e-06	-6.786513e-09	-2.301107e+01	-4.445399e+02
1.191000e-05	-3.041121e-06	-6.790232e-09	-2.303639e+01	-4.449489e+02
1.192000e-05	-3.044395e-06	-6.795878e-09	-2.306119e+01	-4.453536e+02
1.193000e-05	-3.047602e-06	-6.802506e-09	-2.308548e+01	-4.457548e+02
1.194000e-05	-3.050725e-06	-6.807574e-09	-2.310914e+01	-4.461527e+02
1.195000e-05	-3.053777e-06	-6.811924e-09	-2.313226e+01	-4.465476e+02
1.196000e-05	-3.056768e-06	-6.820275e-09	-2.315492e+01	-4.469399e+02
1.197000e-05	-3.059667e-06	-6.830177e-09	-2.317688e+01	-4.473297e+02
1.198000e-05	-3.062448e-06	-6.835081e-09	-2.319794e+01	-4.477172e+02
1.199000e-05	-3.065136e-06	-6.834709e-09	-2.321830e+01	-4.481026e+02
1.200000e-05	-3.067769e-06	-6.833031e-09	-2.323825e+01	-4.484861e+02
1.201000e-05	-3.070342e-06	-6.836155e-09	-2.325774e+01	-4.488681e+02
1.202000e-05	-3.072834e-06	-6.842377e-09	-2.327661e+01	-4.492487e+02
1.203000e-05	-3.075232e-06	-6.847405e-09	-2.329478e+01	-4.496283e+02
1.204000e-05	-3.077555e-06	-6.853846e-09	-2.331238e+01	-4.500071e+02
1.205000e-05	-3.079829e-06	-6.860455e-09	-2.332961e+01	-4.503855e+02
1.206000e-05	-3.082045e-06	-6.864493e-09	-2.334639e+01	-4.507637e+02
1.207000e-05	-3.084167e-06	-6.866910e-09	-2.336246e+01	-4.511416e+02
1.208000e-05	-3.086167e-06	-6.869053e-09	-2.337761e+01	-4.515192e+02
1.209000e-05	-3.088069e-06	-6.872877e-09	-2.339202e+01	-4.518963e+02
1.210000e-05	-3.089914e-06	-6.876525e-09	-2.340600e+01	-4.522724e+02
1.211000e-05	-3.091702e-06	-6.879463e-09	-2.341954e+01	-4.526466e+02
1.212000e-05	-3.093418e-06	-6.882725e-09	-2.343254e+01	-4.530180e+02
1.213000e-05	-3.095062e-06	-6.886405e-09	-2.344499e+01	-4.533853e+02
1.214000e-05	-3.096629e-06	-6.888155e-09	-2.345687e+01	-4.537470e+02
1.215000e-05	-3.098118e-06	-6.890363e-09	-2.346814e+01	-4.541012e+02
1.216000e-05	-3.099557e-06	-6.896615e-09	-2.347904e+01	-4.544459e+02
1.217000e-05	-3.100918e-06	-6.904817e-09	-2.348935e+01	-4.547791e+02
1.218000e-05	-3.102142e-06	-6.910378e-09	-2.349863e+01	-4.550986e+02
1.219000e-05	-3.103251e-06	-6.911963e-09	-2.350702e+01	-4.554022e+02
1.220000e-05	-3.104279e-06	-6.911587e-09	-2.351481e+01	-4.556878e+02
1.221000e-05	-3.105227e-06	-6.910097e-09	-2.352199e+01	-4.559534e+02
1.222000e-05	-3.106097e-06	-6.909355e-09	-2.352858e+01	-4.561975e+02
1.223000e-05	-3.106898e-06	-6.910849e-09	-2.353465e+01	-4.564185e+02
1.224000e-05	-3.107618e-06	-6.913753e-09	-2.354011e+01	-4.566156e+02
1.225000e-05	-3.108273e-06	-6.918627e-09	-2.354507e+01	-4.567882e+02
1.226000e-05	-3.108876e-06	-6.925564e-09	-2.354963e+01	-4.569362e+02
1.227000e-05	-3.109386e-06	-6.933429e-09	-2.355350e+01	-4.570599e+02
1.228000e-05	-3.109765e-06	-6.950813e-09	-2.355637e+01	-4.571602e+02
1.229000e-05	-3.110052e-06	-6.961239e-09	-2.355854e+01	-4.572382e+02
1.230000e-05	-3.110286e-06	-6.892971e-09	-2.356032e+01	-4.572957e+02
1.231000e-05	-3.110414e-06	-6.809141e-09	-2.356128e+01	-4.573345e+02
1.232000e-05	-3.110393e-06	-6.879719e-09	-2.356112e+01	-4.573567e+02
