# Temperatura_=_20.0
# Concentracion g/m^3_=_10000.0
# C_Vs_to_Am_M_A/Vsm_=_65563218390.804596
# pendiente_HvsI_1/m_=_3716.3
# ordenada_HvsI_A/m_=_1297.0
# frecuencia_Hz_=_81162.53039914017

Tiempo_(s)	Campo_(V.s)	Magnetizacion_(V.s)	Campo_(kA/m)	Magnetizacion_(A/m)
0.000000e+00	-3.108221e-06	-6.840697e-09	-2.356002e+01	-4.548343e+02
1.000000e-08	-3.108175e-06	-6.927095e-09	-2.355967e+01	-4.546680e+02
2.000000e-08	-3.108241e-06	-7.028542e-09	-2.356017e+01	-4.544893e+02
3.000000e-08	-3.108288e-06	-6.934700e-09	-2.356053e+01	-4.543023e+02
4.000000e-08	-3.108164e-06	-6.950696e-09	-2.355959e+01	-4.541110e+02
5.000000e-08	-3.107885e-06	-7.009290e-09	-2.355747e+01	-4.539189e+02
6.000000e-08	-3.107493e-06	-6.931023e-09	-2.355451e+01	-4.537293e+02
7.000000e-08	-3.107011e-06	-6.953300e-09	-2.355085e+01	-4.535447e+02
8.000000e-08	-3.106412e-06	-6.868090e-09	-2.354631e+01	-4.533670e+02
9.000000e-08	-3.105724e-06	-6.828488e-09	-2.354110e+01	-4.531978e+02
1.000000e-07	-3.104975e-06	-6.880181e-09	-2.353541e+01	-4.530377e+02
1.100000e-07	-3.104243e-06	-6.941202e-09	-2.352987e+01	-4.528868e+02
1.200000e-07	-3.103448e-06	-6.980212e-09	-2.352384e+01	-4.527449e+02
1.300000e-07	-3.102519e-06	-6.875869e-09	-2.351680e+01	-4.526111e+02
1.400000e-07	-3.101528e-06	-6.877835e-09	-2.350929e+01	-4.524844e+02
1.500000e-07	-3.100455e-06	-6.893345e-09	-2.350116e+01	-4.523633e+02
1.600000e-07	-3.099294e-06	-6.901420e-09	-2.349235e+01	-4.522465e+02
1.700000e-07	-3.097995e-06	-6.878150e-09	-2.348251e+01	-4.521325e+02
1.800000e-07	-3.096649e-06	-6.846479e-09	-2.347230e+01	-4.520199e+02
1.900000e-07	-3.095242e-06	-6.934485e-09	-2.346164e+01	-4.519078e+02
2.000000e-07	-3.093690e-06	-6.914654e-09	-2.344988e+01	-4.517953e+02
2.100000e-07	-3.092014e-06	-6.897021e-09	-2.343717e+01	-4.516820e+02
2.200000e-07	-3.090243e-06	-6.829948e-09	-2.342375e+01	-4.515678e+02
2.300000e-07	-3.088443e-06	-6.835965e-09	-2.341011e+01	-4.514530e+02
2.400000e-07	-3.086559e-06	-6.904728e-09	-2.339582e+01	-4.513383e+02
2.500000e-07	-3.084589e-06	-6.900727e-09	-2.338089e+01	-4.512247e+02
2.600000e-07	-3.082547e-06	-6.891135e-09	-2.336541e+01	-4.511134e+02
2.700000e-07	-3.080424e-06	-6.831500e-09	-2.334932e+01	-4.510057e+02
2.800000e-07	-3.078227e-06	-6.871982e-09	-2.333267e+01	-4.509031e+02
2.900000e-07	-3.075942e-06	-6.872057e-09	-2.331535e+01	-4.508069e+02
3.000000e-07	-3.073599e-06	-6.842527e-09	-2.329759e+01	-4.507184e+02
3.100000e-07	-3.071182e-06	-6.832445e-09	-2.327927e+01	-4.506386e+02
3.200000e-07	-3.068704e-06	-6.832918e-09	-2.326049e+01	-4.505681e+02
3.300000e-07	-3.066180e-06	-6.883401e-09	-2.324135e+01	-4.505072e+02
3.400000e-07	-3.063594e-06	-6.846998e-09	-2.322175e+01	-4.504555e+02
3.500000e-07	-3.060901e-06	-6.832035e-09	-2.320134e+01	-4.504124e+02
3.600000e-07	-3.058058e-06	-6.824305e-09	-2.317979e+01	-4.503767e+02
3.700000e-07	-3.055131e-06	-6.846292e-09	-2.315761e+01	-4.503467e+02
3.800000e-07	-3.052143e-06	-6.870196e-09	-2.313496e+01	-4.503203e+02
3.900000e-07	-3.049090e-06	-6.830976e-09	-2.311181e+01	-4.502950e+02
4.000000e-07	-3.045956e-06	-6.828190e-09	-2.308806e+01	-4.502679e+02
4.100000e-07	-3.042741e-06	-6.817176e-09	-2.306369e+01	-4.502362e+02
4.200000e-07	-3.039470e-06	-6.845972e-09	-2.303890e+01	-4.501968e+02
4.300000e-07	-3.036146e-06	-6.837639e-09	-2.301370e+01	-4.501466e+02
4.400000e-07	-3.032765e-06	-6.814780e-09	-2.298807e+01	-4.500826e+02
4.500000e-07	-3.029274e-06	-6.825579e-09	-2.296161e+01	-4.500020e+02
4.600000e-07	-3.025669e-06	-6.823032e-09	-2.293428e+01	-4.499024e+02
4.700000e-07	-3.021978e-06	-6.837938e-09	-2.290630e+01	-4.497816e+02
4.800000e-07	-3.018210e-06	-6.798091e-09	-2.287774e+01	-4.496378e+02
4.900000e-07	-3.014382e-06	-6.787645e-09	-2.284873e+01	-4.494698e+02
5.000000e-07	-3.010481e-06	-6.791835e-09	-2.281916e+01	-4.492766e+02
5.100000e-07	-3.006486e-06	-6.793535e-09	-2.278888e+01	-4.490578e+02
5.200000e-07	-3.002399e-06	-6.790432e-09	-2.275790e+01	-4.488131e+02
5.300000e-07	-2.998265e-06	-6.758388e-09	-2.272657e+01	-4.485429e+02
5.400000e-07	-2.994077e-06	-6.776433e-09	-2.269482e+01	-4.482478e+02
5.500000e-07	-2.989782e-06	-6.781437e-09	-2.266226e+01	-4.479284e+02
5.600000e-07	-2.985369e-06	-6.783156e-09	-2.262881e+01	-4.475857e+02
5.700000e-07	-2.980877e-06	-6.760616e-09	-2.259477e+01	-4.472208e+02
5.800000e-07	-2.976340e-06	-6.744110e-09	-2.256038e+01	-4.468347e+02
5.900000e-07	-2.971717e-06	-6.755150e-09	-2.252533e+01	-4.464284e+02
6.000000e-07	-2.967008e-06	-6.734737e-09	-2.248964e+01	-4.460029e+02
6.100000e-07	-2.962228e-06	-6.723588e-09	-2.245341e+01	-4.455592e+02
6.200000e-07	-2.957369e-06	-6.701630e-09	-2.241658e+01	-4.450981e+02
6.300000e-07	-2.952442e-06	-6.712062e-09	-2.237923e+01	-4.446202e+02
6.400000e-07	-2.947415e-06	-6.720421e-09	-2.234112e+01	-4.441262e+02
6.500000e-07	-2.942292e-06	-6.703952e-09	-2.230229e+01	-4.436167e+02
6.600000e-07	-2.937057e-06	-6.690860e-09	-2.226262e+01	-4.430922e+02
6.700000e-07	-2.931722e-06	-6.668542e-09	-2.222217e+01	-4.425533e+02
6.800000e-07	-2.926320e-06	-6.672746e-09	-2.218123e+01	-4.420006e+02
6.900000e-07	-2.920825e-06	-6.654346e-09	-2.213957e+01	-4.414348e+02
7.000000e-07	-2.915258e-06	-6.633851e-09	-2.209738e+01	-4.408568e+02
7.100000e-07	-2.909623e-06	-6.622374e-09	-2.205466e+01	-4.402678e+02
7.200000e-07	-2.903922e-06	-6.623733e-09	-2.201146e+01	-4.396688e+02
7.300000e-07	-2.898172e-06	-6.635370e-09	-2.196787e+01	-4.390614e+02
7.400000e-07	-2.892352e-06	-6.613827e-09	-2.192375e+01	-4.384472e+02
7.500000e-07	-2.886429e-06	-6.599444e-09	-2.187885e+01	-4.378281e+02
7.600000e-07	-2.880389e-06	-6.584967e-09	-2.183308e+01	-4.372061e+02
7.700000e-07	-2.874277e-06	-6.578385e-09	-2.178675e+01	-4.365834e+02
7.800000e-07	-2.868104e-06	-6.564200e-09	-2.173995e+01	-4.359621e+02
7.900000e-07	-2.861859e-06	-6.538341e-09	-2.169262e+01	-4.353444e+02
8.000000e-07	-2.855561e-06	-6.531083e-09	-2.164488e+01	-4.347326e+02
8.100000e-07	-2.849200e-06	-6.522343e-09	-2.159667e+01	-4.341285e+02
8.200000e-07	-2.842753e-06	-6.520129e-09	-2.154780e+01	-4.335341e+02
8.300000e-07	-2.836236e-06	-6.504600e-09	-2.149840e+01	-4.329508e+02
8.400000e-07	-2.829671e-06	-6.497446e-09	-2.144864e+01	-4.323802e+02
8.500000e-07	-2.823009e-06	-6.503208e-09	-2.139814e+01	-4.318230e+02
8.600000e-07	-2.816254e-06	-6.497683e-09	-2.134694e+01	-4.312800e+02
8.700000e-07	-2.809421e-06	-6.483987e-09	-2.129515e+01	-4.307513e+02
8.800000e-07	-2.802525e-06	-6.456974e-09	-2.124288e+01	-4.302369e+02
8.900000e-07	-2.795578e-06	-6.446849e-09	-2.119021e+01	-4.297363e+02
9.000000e-07	-2.788543e-06	-6.439660e-09	-2.113689e+01	-4.292487e+02
9.100000e-07	-2.781441e-06	-6.432309e-09	-2.108306e+01	-4.287730e+02
9.200000e-07	-2.774259e-06	-6.430610e-09	-2.102862e+01	-4.283080e+02
9.300000e-07	-2.767007e-06	-6.430421e-09	-2.097365e+01	-4.278521e+02
9.400000e-07	-2.759717e-06	-6.438623e-09	-2.091839e+01	-4.274038e+02
9.500000e-07	-2.752372e-06	-6.431507e-09	-2.086272e+01	-4.269614e+02
9.600000e-07	-2.744945e-06	-6.415993e-09	-2.080642e+01	-4.265232e+02
9.700000e-07	-2.737398e-06	-6.396929e-09	-2.074922e+01	-4.260875e+02
9.800000e-07	-2.729765e-06	-6.385675e-09	-2.069136e+01	-4.256527e+02
9.900000e-07	-2.722062e-06	-6.378375e-09	-2.063297e+01	-4.252172e+02
1.000000e-06	-2.714287e-06	-6.365963e-09	-2.057404e+01	-4.247795e+02
1.010000e-06	-2.706436e-06	-6.362987e-09	-2.051453e+01	-4.243385e+02
1.020000e-06	-2.698512e-06	-6.361533e-09	-2.045446e+01	-4.238928e+02
1.030000e-06	-2.690506e-06	-6.365461e-09	-2.039378e+01	-4.234412e+02
1.040000e-06	-2.682390e-06	-6.358748e-09	-2.033226e+01	-4.229827e+02
1.050000e-06	-2.674185e-06	-6.343882e-09	-2.027007e+01	-4.225163e+02
1.060000e-06	-2.665916e-06	-6.329808e-09	-2.020739e+01	-4.220409e+02
1.070000e-06	-2.657603e-06	-6.314476e-09	-2.014438e+01	-4.215555e+02
1.080000e-06	-2.649228e-06	-6.305842e-09	-2.008089e+01	-4.210591e+02
1.090000e-06	-2.640791e-06	-6.293364e-09	-2.001694e+01	-4.205505e+02
1.100000e-06	-2.632305e-06	-6.287654e-09	-1.995262e+01	-4.200286e+02
1.110000e-06	-2.623766e-06	-6.284660e-09	-1.988790e+01	-4.194920e+02
1.120000e-06	-2.615182e-06	-6.280193e-09	-1.982283e+01	-4.189397e+02
1.130000e-06	-2.606517e-06	-6.273504e-09	-1.975715e+01	-4.183701e+02
1.140000e-06	-2.597791e-06	-6.255428e-09	-1.969101e+01	-4.177821e+02
1.150000e-06	-2.589009e-06	-6.239915e-09	-1.962444e+01	-4.171741e+02
1.160000e-06	-2.580152e-06	-6.226033e-09	-1.955731e+01	-4.165450e+02
1.170000e-06	-2.571250e-06	-6.215408e-09	-1.948983e+01	-4.158936e+02
1.180000e-06	-2.562290e-06	-6.204521e-09	-1.942191e+01	-4.152188e+02
1.190000e-06	-2.553265e-06	-6.193227e-09	-1.935351e+01	-4.145197e+02
1.200000e-06	-2.544149e-06	-6.183982e-09	-1.928441e+01	-4.137957e+02
1.210000e-06	-2.534925e-06	-6.168094e-09	-1.921449e+01	-4.130464e+02
1.220000e-06	-2.525634e-06	-6.150785e-09	-1.914407e+01	-4.122716e+02
1.230000e-06	-2.516303e-06	-6.133383e-09	-1.907334e+01	-4.114716e+02
1.240000e-06	-2.506922e-06	-6.121152e-09	-1.900223e+01	-4.106467e+02
1.250000e-06	-2.497478e-06	-6.109268e-09	-1.893064e+01	-4.097978e+02
1.260000e-06	-2.487982e-06	-6.095914e-09	-1.885867e+01	-4.089259e+02
1.270000e-06	-2.478414e-06	-6.082846e-09	-1.878614e+01	-4.080322e+02
1.280000e-06	-2.468763e-06	-6.063321e-09	-1.871299e+01	-4.071182e+02
1.290000e-06	-2.459063e-06	-6.046016e-09	-1.863947e+01	-4.061856e+02
1.300000e-06	-2.449325e-06	-6.030517e-09	-1.856565e+01	-4.052362e+02
1.310000e-06	-2.439516e-06	-6.014832e-09	-1.849130e+01	-4.042717e+02
1.320000e-06	-2.429622e-06	-6.000763e-09	-1.841630e+01	-4.032942e+02
1.330000e-06	-2.419635e-06	-5.987587e-09	-1.834061e+01	-4.023053e+02
1.340000e-06	-2.409574e-06	-5.970605e-09	-1.826434e+01	-4.013069e+02
1.350000e-06	-2.399475e-06	-5.949819e-09	-1.818779e+01	-4.003006e+02
1.360000e-06	-2.389328e-06	-5.933710e-09	-1.811088e+01	-3.992878e+02
1.370000e-06	-2.379121e-06	-5.916398e-09	-1.803351e+01	-3.982701e+02
1.380000e-06	-2.368857e-06	-5.897793e-09	-1.795571e+01	-3.972485e+02
1.390000e-06	-2.358523e-06	-5.878800e-09	-1.787738e+01	-3.962242e+02
1.400000e-06	-2.348128e-06	-5.862233e-09	-1.779859e+01	-3.951978e+02
1.410000e-06	-2.337680e-06	-5.848578e-09	-1.771939e+01	-3.941703e+02
1.420000e-06	-2.327180e-06	-5.830144e-09	-1.763980e+01	-3.931422e+02
1.430000e-06	-2.316642e-06	-5.812068e-09	-1.755992e+01	-3.921140e+02
1.440000e-06	-2.306038e-06	-5.798279e-09	-1.747955e+01	-3.910862e+02
1.450000e-06	-2.295351e-06	-5.790296e-09	-1.739854e+01	-3.900593e+02
1.460000e-06	-2.284573e-06	-5.781121e-09	-1.731685e+01	-3.890336e+02
1.470000e-06	-2.273711e-06	-5.763550e-09	-1.723452e+01	-3.880096e+02
1.480000e-06	-2.262802e-06	-5.744488e-09	-1.715183e+01	-3.869878e+02
1.490000e-06	-2.251866e-06	-5.724998e-09	-1.706893e+01	-3.859686e+02
1.500000e-06	-2.240881e-06	-5.707051e-09	-1.698567e+01	-3.849525e+02
1.510000e-06	-2.229838e-06	-5.687232e-09	-1.690196e+01	-3.839401e+02
1.520000e-06	-2.218744e-06	-5.669454e-09	-1.681787e+01	-3.829319e+02
1.530000e-06	-2.207603e-06	-5.655277e-09	-1.673342e+01	-3.819284e+02
1.540000e-06	-2.196415e-06	-5.642842e-09	-1.664862e+01	-3.809300e+02
1.550000e-06	-2.185159e-06	-5.634773e-09	-1.656330e+01	-3.799372e+02
1.560000e-06	-2.173848e-06	-5.620940e-09	-1.647756e+01	-3.789502e+02
1.570000e-06	-2.162491e-06	-5.602577e-09	-1.639148e+01	-3.779691e+02
1.580000e-06	-2.151064e-06	-5.581557e-09	-1.630486e+01	-3.769938e+02
1.590000e-06	-2.139565e-06	-5.562804e-09	-1.621770e+01	-3.760240e+02
1.600000e-06	-2.127982e-06	-5.547591e-09	-1.612990e+01	-3.750593e+02
1.610000e-06	-2.116321e-06	-5.533951e-09	-1.604151e+01	-3.740987e+02
1.620000e-06	-2.104621e-06	-5.523237e-09	-1.595282e+01	-3.731414e+02
1.630000e-06	-2.092869e-06	-5.510470e-09	-1.586375e+01	-3.721862e+02
1.640000e-06	-2.081057e-06	-5.499091e-09	-1.577422e+01	-3.712315e+02
1.650000e-06	-2.069182e-06	-5.485499e-09	-1.568420e+01	-3.702758e+02
1.660000e-06	-2.057254e-06	-5.467220e-09	-1.559379e+01	-3.693173e+02
1.670000e-06	-2.045271e-06	-5.449566e-09	-1.550296e+01	-3.683541e+02
1.680000e-06	-2.033237e-06	-5.433024e-09	-1.541174e+01	-3.673842e+02
1.690000e-06	-2.021169e-06	-5.417399e-09	-1.532027e+01	-3.664056e+02
1.700000e-06	-2.009065e-06	-5.396657e-09	-1.522852e+01	-3.654163e+02
1.710000e-06	-1.996915e-06	-5.374391e-09	-1.513643e+01	-3.644143e+02
1.720000e-06	-1.984715e-06	-5.357366e-09	-1.504395e+01	-3.633980e+02
1.730000e-06	-1.972461e-06	-5.347261e-09	-1.495107e+01	-3.623655e+02
1.740000e-06	-1.960128e-06	-5.338342e-09	-1.485759e+01	-3.613154e+02
1.750000e-06	-1.947719e-06	-5.322342e-09	-1.476352e+01	-3.602463e+02
1.760000e-06	-1.935250e-06	-5.302256e-09	-1.466901e+01	-3.591571e+02
1.770000e-06	-1.922736e-06	-5.280937e-09	-1.457415e+01	-3.580467e+02
1.780000e-06	-1.910201e-06	-5.260031e-09	-1.447914e+01	-3.569145e+02
1.790000e-06	-1.897645e-06	-5.237719e-09	-1.438397e+01	-3.557599e+02
1.800000e-06	-1.885024e-06	-5.215213e-09	-1.428830e+01	-3.545824e+02
1.810000e-06	-1.872335e-06	-5.199504e-09	-1.419212e+01	-3.533818e+02
1.820000e-06	-1.859613e-06	-5.188236e-09	-1.409569e+01	-3.521580e+02
1.830000e-06	-1.846845e-06	-5.174691e-09	-1.399891e+01	-3.509110e+02
1.840000e-06	-1.834024e-06	-5.152153e-09	-1.390173e+01	-3.496408e+02
1.850000e-06	-1.821161e-06	-5.128714e-09	-1.380423e+01	-3.483475e+02
1.860000e-06	-1.808258e-06	-5.110976e-09	-1.370642e+01	-3.470314e+02
1.870000e-06	-1.795319e-06	-5.089835e-09	-1.360835e+01	-3.456927e+02
1.880000e-06	-1.782347e-06	-5.064007e-09	-1.351002e+01	-3.443317e+02
1.890000e-06	-1.769325e-06	-5.035714e-09	-1.341131e+01	-3.429486e+02
1.900000e-06	-1.756250e-06	-5.009578e-09	-1.331221e+01	-3.415439e+02
1.910000e-06	-1.743114e-06	-4.983056e-09	-1.321264e+01	-3.401180e+02
1.920000e-06	-1.729897e-06	-4.959752e-09	-1.311246e+01	-3.386713e+02
1.930000e-06	-1.716629e-06	-4.941340e-09	-1.301188e+01	-3.372045e+02
1.940000e-06	-1.703343e-06	-4.924547e-09	-1.291118e+01	-3.357181e+02
1.950000e-06	-1.690031e-06	-4.905055e-09	-1.281027e+01	-3.342130e+02
1.960000e-06	-1.676676e-06	-4.877601e-09	-1.270905e+01	-3.326900e+02
1.970000e-06	-1.663279e-06	-4.850067e-09	-1.260750e+01	-3.311502e+02
1.980000e-06	-1.649837e-06	-4.819016e-09	-1.250561e+01	-3.295946e+02
1.990000e-06	-1.636345e-06	-4.788437e-09	-1.240334e+01	-3.280246e+02
2.000000e-06	-1.622809e-06	-4.761278e-09	-1.230074e+01	-3.264415e+02
2.010000e-06	-1.609238e-06	-4.733868e-09	-1.219787e+01	-3.248468e+02
2.020000e-06	-1.595630e-06	-4.712044e-09	-1.209472e+01	-3.232420e+02
2.030000e-06	-1.581969e-06	-4.693658e-09	-1.199118e+01	-3.216288e+02
2.040000e-06	-1.568271e-06	-4.673662e-09	-1.188735e+01	-3.200088e+02
2.050000e-06	-1.554559e-06	-4.650969e-09	-1.178341e+01	-3.183837e+02
2.060000e-06	-1.540817e-06	-4.626405e-09	-1.167925e+01	-3.167551e+02
2.070000e-06	-1.527042e-06	-4.601244e-09	-1.157484e+01	-3.151246e+02
2.080000e-06	-1.513208e-06	-4.574385e-09	-1.146998e+01	-3.134937e+02
2.090000e-06	-1.499313e-06	-4.546499e-09	-1.136465e+01	-3.118639e+02
2.100000e-06	-1.485374e-06	-4.520267e-09	-1.125899e+01	-3.102363e+02
2.110000e-06	-1.471369e-06	-4.496624e-09	-1.115284e+01	-3.086122e+02
2.120000e-06	-1.457321e-06	-4.473595e-09	-1.104636e+01	-3.069926e+02
2.130000e-06	-1.443244e-06	-4.452335e-09	-1.093965e+01	-3.053783e+02
2.140000e-06	-1.429125e-06	-4.432536e-09	-1.083263e+01	-3.037702e+02
2.150000e-06	-1.414964e-06	-4.412388e-09	-1.072529e+01	-3.021687e+02
2.160000e-06	-1.400772e-06	-4.391560e-09	-1.061772e+01	-3.005744e+02
2.170000e-06	-1.386555e-06	-4.366982e-09	-1.050996e+01	-2.989877e+02
2.180000e-06	-1.372311e-06	-4.340591e-09	-1.040199e+01	-2.974089e+02
2.190000e-06	-1.358021e-06	-4.315061e-09	-1.029367e+01	-2.958381e+02
2.200000e-06	-1.343686e-06	-4.292132e-09	-1.018501e+01	-2.942757e+02
2.210000e-06	-1.329317e-06	-4.270548e-09	-1.007610e+01	-2.927216e+02
2.220000e-06	-1.314911e-06	-4.247972e-09	-9.966901e+00	-2.911759e+02
2.230000e-06	-1.300451e-06	-4.226657e-09	-9.857295e+00	-2.896387e+02
2.240000e-06	-1.285922e-06	-4.207655e-09	-9.747170e+00	-2.881099e+02
2.250000e-06	-1.271355e-06	-4.193257e-09	-9.636752e+00	-2.865894e+02
2.260000e-06	-1.256754e-06	-4.176966e-09	-9.526077e+00	-2.850771e+02
2.270000e-06	-1.242119e-06	-4.153057e-09	-9.415144e+00	-2.835727e+02
2.280000e-06	-1.227474e-06	-4.129281e-09	-9.304134e+00	-2.820758e+02
2.290000e-06	-1.212806e-06	-4.108208e-09	-9.192953e+00	-2.805859e+02
2.300000e-06	-1.198105e-06	-4.086281e-09	-9.081524e+00	-2.791025e+02
2.310000e-06	-1.183377e-06	-4.061868e-09	-8.969888e+00	-2.776245e+02
2.320000e-06	-1.168614e-06	-4.036755e-09	-8.857984e+00	-2.761510e+02
2.330000e-06	-1.153823e-06	-4.015810e-09	-8.745872e+00	-2.746807e+02
2.340000e-06	-1.139016e-06	-3.999124e-09	-8.633633e+00	-2.732120e+02
2.350000e-06	-1.124174e-06	-3.979625e-09	-8.521132e+00	-2.717434e+02
2.360000e-06	-1.109296e-06	-3.957358e-09	-8.408361e+00	-2.702727e+02
2.370000e-06	-1.094402e-06	-3.937260e-09	-8.295461e+00	-2.687981e+02
2.380000e-06	-1.079489e-06	-3.917340e-09	-8.182422e+00	-2.673170e+02
2.390000e-06	-1.064563e-06	-3.894253e-09	-8.069284e+00	-2.658272e+02
2.400000e-06	-1.049623e-06	-3.867571e-09	-7.956043e+00	-2.643260e+02
2.410000e-06	-1.034661e-06	-3.839643e-09	-7.842635e+00	-2.628110e+02
2.420000e-06	-1.019675e-06	-3.815115e-09	-7.729040e+00	-2.612796e+02
2.430000e-06	-1.004665e-06	-3.793018e-09	-7.615269e+00	-2.597292e+02
2.440000e-06	-9.896232e-07	-3.773061e-09	-7.501250e+00	-2.581576e+02
2.450000e-06	-9.745515e-07	-3.752862e-09	-7.387008e+00	-2.565624e+02
2.460000e-06	-9.594595e-07	-3.730287e-09	-7.272612e+00	-2.549419e+02
2.470000e-06	-9.443416e-07	-3.705910e-09	-7.158020e+00	-2.532941e+02
2.480000e-06	-9.292019e-07	-3.675994e-09	-7.043263e+00	-2.516179e+02
2.490000e-06	-9.140381e-07	-3.646068e-09	-6.928322e+00	-2.499121e+02
2.500000e-06	-8.988565e-07	-3.621260e-09	-6.813247e+00	-2.481760e+02
2.510000e-06	-8.836611e-07	-3.599961e-09	-6.698067e+00	-2.464093e+02
2.520000e-06	-8.684369e-07	-3.578322e-09	-6.582669e+00	-2.446120e+02
2.530000e-06	-8.531813e-07	-3.554419e-09	-6.467033e+00	-2.427847e+02
2.540000e-06	-8.379110e-07	-3.531434e-09	-6.351286e+00	-2.409279e+02
2.550000e-06	-8.226272e-07	-3.505610e-09	-6.235436e+00	-2.390428e+02
2.560000e-06	-8.073216e-07	-3.473999e-09	-6.119422e+00	-2.371307e+02
2.570000e-06	-7.919918e-07	-3.438763e-09	-6.003223e+00	-2.351933e+02
2.580000e-06	-7.766457e-07	-3.407878e-09	-5.886901e+00	-2.332321e+02
2.590000e-06	-7.612751e-07	-3.381886e-09	-5.770393e+00	-2.312493e+02
2.600000e-06	-7.458709e-07	-3.354209e-09	-5.653631e+00	-2.292469e+02
2.610000e-06	-7.304597e-07	-3.327893e-09	-5.536815e+00	-2.272269e+02
2.620000e-06	-7.150331e-07	-3.298693e-09	-5.419883e+00	-2.251914e+02
2.630000e-06	-6.995800e-07	-3.264542e-09	-5.302750e+00	-2.231426e+02
2.640000e-06	-6.840964e-07	-3.228032e-09	-5.185386e+00	-2.210825e+02
2.650000e-06	-6.685750e-07	-3.193009e-09	-5.067735e+00	-2.190130e+02
2.660000e-06	-6.530170e-07	-3.164682e-09	-4.949807e+00	-2.169361e+02
2.670000e-06	-6.374406e-07	-3.140072e-09	-4.831740e+00	-2.148534e+02
2.680000e-06	-6.218410e-07	-3.116436e-09	-4.713496e+00	-2.127664e+02
2.690000e-06	-6.061981e-07	-3.091414e-09	-4.594924e+00	-2.106767e+02
2.700000e-06	-5.905428e-07	-3.062442e-09	-4.476258e+00	-2.085853e+02
2.710000e-06	-5.748749e-07	-3.030292e-09	-4.357497e+00	-2.064935e+02
2.720000e-06	-5.591849e-07	-2.994732e-09	-4.238568e+00	-2.044021e+02
2.730000e-06	-5.434892e-07	-2.957172e-09	-4.119596e+00	-2.023118e+02
2.740000e-06	-5.277921e-07	-2.921812e-09	-4.000614e+00	-2.002232e+02
2.750000e-06	-5.120926e-07	-2.893655e-09	-3.881613e+00	-1.981367e+02
2.760000e-06	-4.963823e-07	-2.872170e-09	-3.762531e+00	-1.960524e+02
2.770000e-06	-4.806612e-07	-2.850782e-09	-3.643366e+00	-1.939705e+02
2.780000e-06	-4.649321e-07	-2.825932e-09	-3.524141e+00	-1.918909e+02
2.790000e-06	-4.491889e-07	-2.798470e-09	-3.404809e+00	-1.898134e+02
2.800000e-06	-4.334452e-07	-2.767496e-09	-3.285474e+00	-1.877376e+02
2.810000e-06	-4.177022e-07	-2.732014e-09	-3.166143e+00	-1.856631e+02
2.820000e-06	-4.019404e-07	-2.695710e-09	-3.046670e+00	-1.835893e+02
2.830000e-06	-3.861638e-07	-2.662159e-09	-2.927085e+00	-1.815155e+02
2.840000e-06	-3.703902e-07	-2.634347e-09	-2.807523e+00	-1.794411e+02
2.850000e-06	-3.546016e-07	-2.610696e-09	-2.687846e+00	-1.773653e+02
2.860000e-06	-3.388024e-07	-2.587503e-09	-2.568090e+00	-1.752872e+02
2.870000e-06	-3.230031e-07	-2.565027e-09	-2.448333e+00	-1.732060e+02
2.880000e-06	-3.071987e-07	-2.538753e-09	-2.328537e+00	-1.711209e+02
2.890000e-06	-2.913910e-07	-2.506554e-09	-2.208716e+00	-1.690310e+02
2.900000e-06	-2.755662e-07	-2.468810e-09	-2.088766e+00	-1.669355e+02
2.910000e-06	-2.597366e-07	-2.429682e-09	-1.968779e+00	-1.648337e+02
2.920000e-06	-2.439091e-07	-2.395460e-09	-1.848808e+00	-1.627249e+02
2.930000e-06	-2.280605e-07	-2.366401e-09	-1.728677e+00	-1.606083e+02
2.940000e-06	-2.122147e-07	-2.342168e-09	-1.608568e+00	-1.584834e+02
2.950000e-06	-1.963741e-07	-2.319557e-09	-1.488497e+00	-1.563497e+02
2.960000e-06	-1.805167e-07	-2.297386e-09	-1.368300e+00	-1.542065e+02
2.970000e-06	-1.646530e-07	-2.273382e-09	-1.248054e+00	-1.520535e+02
2.980000e-06	-1.487814e-07	-2.240312e-09	-1.127749e+00	-1.498901e+02
2.990000e-06	-1.329002e-07	-2.204513e-09	-1.007371e+00	-1.477158e+02
3.000000e-06	-1.170195e-07	-2.170551e-09	-8.869969e-01	-1.455302e+02
3.010000e-06	-1.011475e-07	-2.136432e-09	-7.666882e-01	-1.433326e+02
3.020000e-06	-8.527328e-08	-2.101042e-09	-6.463634e-01	-1.411223e+02
3.030000e-06	-6.939594e-08	-2.067486e-09	-5.260146e-01	-1.388987e+02
3.040000e-06	-5.352589e-08	-2.039587e-09	-4.057212e-01	-1.366609e+02
3.050000e-06	-3.765359e-08	-2.014281e-09	-2.854107e-01	-1.344078e+02
3.060000e-06	-2.177915e-08	-1.987771e-09	-1.650839e-01	-1.321383e+02
3.070000e-06	-5.903063e-09	-1.958562e-09	-4.474466e-02	-1.298513e+02
3.080000e-06	9.977642e-09	-1.927174e-09	7.562958e-02	-1.275452e+02
3.090000e-06	2.585505e-08	-1.889924e-09	1.959788e-01	-1.252186e+02
3.100000e-06	4.172669e-08	-1.850528e-09	3.162844e-01	-1.228700e+02
3.110000e-06	5.759653e-08	-1.814368e-09	4.365763e-01	-1.204979e+02
3.120000e-06	7.346503e-08	-1.779966e-09	5.568579e-01	-1.181005e+02
3.130000e-06	8.932784e-08	-1.746357e-09	6.770965e-01	-1.156764e+02
3.140000e-06	1.051897e-07	-1.715978e-09	7.973282e-01	-1.132240e+02
3.150000e-06	1.210499e-07	-1.686429e-09	9.175466e-01	-1.107422e+02
3.160000e-06	1.369122e-07	-1.653145e-09	1.037781e+00	-1.082297e+02
3.170000e-06	1.527676e-07	-1.615720e-09	1.157964e+00	-1.056856e+02
3.180000e-06	1.686151e-07	-1.573514e-09	1.278086e+00	-1.031093e+02
3.190000e-06	1.844609e-07	-1.531135e-09	1.398196e+00	-1.005005e+02
3.200000e-06	2.003010e-07	-1.491845e-09	1.518263e+00	-9.785902e+01
3.210000e-06	2.161346e-07	-1.451020e-09	1.638280e+00	-9.518527e+01
3.220000e-06	2.319665e-07	-1.411278e-09	1.758284e+00	-9.247986e+01
3.230000e-06	2.477998e-07	-1.374320e-09	1.878299e+00	-8.974373e+01
3.240000e-06	2.636225e-07	-1.336724e-09	1.998234e+00	-8.697815e+01
3.250000e-06	2.794287e-07	-1.298800e-09	2.118043e+00	-8.418466e+01
3.260000e-06	2.952332e-07	-1.257945e-09	2.237840e+00	-8.136501e+01
3.270000e-06	3.110405e-07	-1.215386e-09	2.357658e+00	-7.852116e+01
3.280000e-06	3.268319e-07	-1.173824e-09	2.477355e+00	-7.565522e+01
3.290000e-06	3.425977e-07	-1.133892e-09	2.596858e+00	-7.276937e+01
3.300000e-06	3.583533e-07	-1.092025e-09	2.716284e+00	-6.986582e+01
3.310000e-06	3.741225e-07	-1.046652e-09	2.835813e+00	-6.694680e+01
3.320000e-06	3.898823e-07	-1.006034e-09	2.955271e+00	-6.401443e+01
3.330000e-06	4.056245e-07	-9.666124e-10	3.074595e+00	-6.107076e+01
3.340000e-06	4.213562e-07	-9.231324e-10	3.193840e+00	-5.811769e+01
3.350000e-06	4.370794e-07	-8.765052e-10	3.313020e+00	-5.515697e+01
3.360000e-06	4.528062e-07	-8.327833e-10	3.432228e+00	-5.219017e+01
3.370000e-06	4.685247e-07	-7.924615e-10	3.551373e+00	-4.921867e+01
3.380000e-06	4.842365e-07	-7.519922e-10	3.670467e+00	-4.624368e+01
3.390000e-06	4.999397e-07	-7.090747e-10	3.789496e+00	-4.326624e+01
3.400000e-06	5.156267e-07	-6.607587e-10	3.908402e+00	-4.028725e+01
3.410000e-06	5.313020e-07	-6.149422e-10	4.027219e+00	-3.730745e+01
3.420000e-06	5.469745e-07	-5.716402e-10	4.146015e+00	-3.432753e+01
3.430000e-06	5.626470e-07	-5.277119e-10	4.264811e+00	-3.134804e+01
3.440000e-06	5.783124e-07	-4.835890e-10	4.383553e+00	-2.836953e+01
3.450000e-06	5.939622e-07	-4.427030e-10	4.502177e+00	-2.539248e+01
3.460000e-06	6.095957e-07	-4.078830e-10	4.620678e+00	-2.241739e+01
3.470000e-06	6.252073e-07	-3.716220e-10	4.739012e+00	-1.944472e+01
3.480000e-06	6.407867e-07	-3.307711e-10	4.857103e+00	-1.647495e+01
3.490000e-06	6.563398e-07	-2.882615e-10	4.974993e+00	-1.350856e+01
3.500000e-06	6.718625e-07	-2.438074e-10	5.092654e+00	-1.054599e+01
3.510000e-06	6.873499e-07	-1.980765e-10	5.210047e+00	-7.587664e+00
3.520000e-06	7.028098e-07	-1.510824e-10	5.327232e+00	-4.633949e+00
3.530000e-06	7.182377e-07	-1.035962e-10	5.444174e+00	-1.685118e+00
3.540000e-06	7.336384e-07	-6.068982e-11	5.560909e+00	1.258667e+00
3.550000e-06	7.490122e-07	-2.075976e-11	5.677442e+00	4.197391e+00
3.560000e-06	7.643573e-07	1.990785e-11	5.793756e+00	7.131211e+00
3.570000e-06	7.796767e-07	5.984676e-11	5.909875e+00	1.006049e+01
3.580000e-06	7.949775e-07	9.829680e-11	6.025854e+00	1.298579e+01
3.590000e-06	8.102724e-07	1.407343e-10	6.141788e+00	1.590792e+01
3.600000e-06	8.255509e-07	1.886165e-10	6.257597e+00	1.882792e+01
3.610000e-06	8.408067e-07	2.364349e-10	6.373235e+00	2.174704e+01
3.620000e-06	8.560371e-07	2.841949e-10	6.488680e+00	2.466675e+01
3.630000e-06	8.712476e-07	3.304788e-10	6.603974e+00	2.758871e+01
3.640000e-06	8.864343e-07	3.716565e-10	6.719088e+00	3.051470e+01
3.650000e-06	9.015950e-07	4.091315e-10	6.834005e+00	3.344664e+01
3.660000e-06	9.167363e-07	4.460766e-10	6.948774e+00	3.638649e+01
3.670000e-06	9.318479e-07	4.828473e-10	7.063319e+00	3.933622e+01
3.680000e-06	9.469358e-07	5.244157e-10	7.177684e+00	4.229776e+01
3.690000e-06	9.620128e-07	5.768902e-10	7.291966e+00	4.527293e+01
3.700000e-06	9.770648e-07	6.317899e-10	7.406058e+00	4.826342e+01
3.710000e-06	9.920814e-07	6.815487e-10	7.519883e+00	5.127073e+01
3.720000e-06	1.007073e-06	7.268656e-10	7.633519e+00	5.429611e+01
3.730000e-06	1.022036e-06	7.685347e-10	7.746939e+00	5.734060e+01
3.740000e-06	1.036967e-06	8.057390e-10	7.860113e+00	6.040492e+01
3.750000e-06	1.051884e-06	8.382212e-10	7.973183e+00	6.348955e+01
3.760000e-06	1.066794e-06	8.781999e-10	8.086199e+00	6.659466e+01
3.770000e-06	1.081687e-06	9.282032e-10	8.199088e+00	6.972018e+01
3.780000e-06	1.096569e-06	9.822289e-10	8.311888e+00	7.286579e+01
3.790000e-06	1.111429e-06	1.036391e-09	8.424524e+00	7.603092e+01
3.800000e-06	1.126262e-06	1.083490e-09	8.536962e+00	7.921486e+01
3.810000e-06	1.141063e-06	1.131379e-09	8.649149e+00	8.241672e+01
3.820000e-06	1.155814e-06	1.182988e-09	8.760964e+00	8.563549e+01
3.830000e-06	1.170528e-06	1.234822e-09	8.872495e+00	8.887012e+01
3.840000e-06	1.185208e-06	1.282742e-09	8.983764e+00	9.211946e+01
3.850000e-06	1.199861e-06	1.324093e-09	9.094835e+00	9.538239e+01
3.860000e-06	1.214490e-06	1.366894e-09	9.205723e+00	9.865777e+01
3.870000e-06	1.229096e-06	1.411903e-09	9.316433e+00	1.019445e+02
3.880000e-06	1.243674e-06	1.458196e-09	9.426928e+00	1.052414e+02
3.890000e-06	1.258217e-06	1.507464e-09	9.537165e+00	1.085475e+02
3.900000e-06	1.272733e-06	1.564680e-09	9.647194e+00	1.118617e+02
3.910000e-06	1.287209e-06	1.626771e-09	9.756926e+00	1.151829e+02
3.920000e-06	1.301652e-06	1.679906e-09	9.866402e+00	1.185100e+02
3.930000e-06	1.316047e-06	1.723345e-09	9.975510e+00	1.218418e+02
3.940000e-06	1.330392e-06	1.762713e-09	1.008425e+01	1.251773e+02
3.950000e-06	1.344704e-06	1.805900e-09	1.019273e+01	1.285149e+02
3.960000e-06	1.358969e-06	1.855616e-09	1.030086e+01	1.318533e+02
3.970000e-06	1.373202e-06	1.905708e-09	1.040874e+01	1.351908e+02
3.980000e-06	1.387408e-06	1.954848e-09	1.051642e+01	1.385257e+02
3.990000e-06	1.401583e-06	2.009844e-09	1.062387e+01	1.418560e+02
4.000000e-06	1.415723e-06	2.066266e-09	1.073105e+01	1.451797e+02
4.010000e-06	1.429827e-06	2.116807e-09	1.083796e+01	1.484944e+02
4.020000e-06	1.443902e-06	2.161294e-09	1.094464e+01	1.517979e+02
4.030000e-06	1.457936e-06	2.206394e-09	1.105101e+01	1.550875e+02
4.040000e-06	1.471917e-06	2.256708e-09	1.115699e+01	1.583608e+02
4.050000e-06	1.485846e-06	2.304949e-09	1.126257e+01	1.616151e+02
4.060000e-06	1.499697e-06	2.348045e-09	1.136756e+01	1.648479e+02
4.070000e-06	1.513493e-06	2.388495e-09	1.147213e+01	1.680568e+02
4.080000e-06	1.527264e-06	2.435310e-09	1.157651e+01	1.712393e+02
4.090000e-06	1.540997e-06	2.486832e-09	1.168061e+01	1.743932e+02
4.100000e-06	1.554700e-06	2.533966e-09	1.178448e+01	1.775167e+02
4.110000e-06	1.568374e-06	2.580642e-09	1.188813e+01	1.806081e+02
4.120000e-06	1.582022e-06	2.628064e-09	1.199158e+01	1.836659e+02
4.130000e-06	1.595620e-06	2.672250e-09	1.209465e+01	1.866891e+02
4.140000e-06	1.609158e-06	2.714729e-09	1.219726e+01	1.896772e+02
4.150000e-06	1.622661e-06	2.756475e-09	1.229962e+01	1.926296e+02
4.160000e-06	1.636134e-06	2.800080e-09	1.240174e+01	1.955465e+02
4.170000e-06	1.649562e-06	2.845792e-09	1.250352e+01	1.984283e+02
4.180000e-06	1.662945e-06	2.889399e-09	1.260497e+01	2.012755e+02
4.190000e-06	1.676284e-06	2.929930e-09	1.270607e+01	2.040894e+02
4.200000e-06	1.689594e-06	2.969867e-09	1.280696e+01	2.068710e+02
4.210000e-06	1.702891e-06	3.007412e-09	1.290775e+01	2.096220e+02
4.220000e-06	1.716142e-06	3.043301e-09	1.300820e+01	2.123439e+02
4.230000e-06	1.729343e-06	3.079124e-09	1.310825e+01	2.150385e+02
4.240000e-06	1.742491e-06	3.118698e-09	1.320791e+01	2.177078e+02
4.250000e-06	1.755564e-06	3.163771e-09	1.330701e+01	2.203535e+02
4.260000e-06	1.768554e-06	3.209730e-09	1.340548e+01	2.229777e+02
4.270000e-06	1.781499e-06	3.249814e-09	1.350359e+01	2.255820e+02
4.280000e-06	1.794419e-06	3.283135e-09	1.360153e+01	2.281684e+02
4.290000e-06	1.807311e-06	3.315397e-09	1.369924e+01	2.307383e+02
4.300000e-06	1.820173e-06	3.347330e-09	1.379674e+01	2.332935e+02
4.310000e-06	1.832982e-06	3.380332e-09	1.389383e+01	2.358351e+02
4.320000e-06	1.845734e-06	3.417298e-09	1.399049e+01	2.383643e+02
4.330000e-06	1.858444e-06	3.459583e-09	1.408683e+01	2.408823e+02
4.340000e-06	1.871117e-06	3.507084e-09	1.418289e+01	2.433899e+02
4.350000e-06	1.883738e-06	3.550879e-09	1.427855e+01	2.458879e+02
4.360000e-06	1.896310e-06	3.584536e-09	1.437385e+01	2.483767e+02
4.370000e-06	1.908842e-06	3.613669e-09	1.446884e+01	2.508569e+02
4.380000e-06	1.921338e-06	3.642661e-09	1.456356e+01	2.533287e+02
4.390000e-06	1.933793e-06	3.669999e-09	1.465797e+01	2.557925e+02
4.400000e-06	1.946203e-06	3.699277e-09	1.475204e+01	2.582484e+02
4.410000e-06	1.958553e-06	3.737865e-09	1.484564e+01	2.606965e+02
4.420000e-06	1.970812e-06	3.785855e-09	1.493857e+01	2.631368e+02
4.430000e-06	1.982994e-06	3.836137e-09	1.503091e+01	2.655694e+02
4.440000e-06	1.995123e-06	3.877821e-09	1.512284e+01	2.679943e+02
4.450000e-06	2.007219e-06	3.912262e-09	1.521453e+01	2.704115e+02
4.460000e-06	2.019296e-06	3.944994e-09	1.530607e+01	2.728208e+02
4.470000e-06	2.031325e-06	3.974195e-09	1.539725e+01	2.752224e+02
4.480000e-06	2.043275e-06	4.001439e-09	1.548783e+01	2.776161e+02
4.490000e-06	2.055170e-06	4.034467e-09	1.557799e+01	2.800018e+02
4.500000e-06	2.067028e-06	4.076628e-09	1.566788e+01	2.823794e+02
4.510000e-06	2.078842e-06	4.120866e-09	1.575742e+01	2.847488e+02
4.520000e-06	2.090606e-06	4.161735e-09	1.584659e+01	2.871097e+02
4.530000e-06	2.102316e-06	4.199455e-09	1.593535e+01	2.894618e+02
4.540000e-06	2.113965e-06	4.236401e-09	1.602365e+01	2.918048e+02
4.550000e-06	2.125540e-06	4.271480e-09	1.611139e+01	2.941381e+02
4.560000e-06	2.137031e-06	4.303723e-09	1.619850e+01	2.964612e+02
4.570000e-06	2.148430e-06	4.334668e-09	1.628490e+01	2.987733e+02
4.580000e-06	2.159759e-06	4.363933e-09	1.637077e+01	3.010735e+02
4.590000e-06	2.171054e-06	4.398891e-09	1.645639e+01	3.033608e+02
4.600000e-06	2.182321e-06	4.436328e-09	1.654179e+01	3.056341e+02
4.610000e-06	2.193544e-06	4.472759e-09	1.662686e+01	3.078919e+02
4.620000e-06	2.204702e-06	4.509506e-09	1.671143e+01	3.101328e+02
4.630000e-06	2.215799e-06	4.543506e-09	1.679555e+01	3.123551e+02
4.640000e-06	2.226849e-06	4.579216e-09	1.687931e+01	3.145573e+02
4.650000e-06	2.237847e-06	4.615125e-09	1.696267e+01	3.167374e+02
4.660000e-06	2.248789e-06	4.644508e-09	1.704560e+01	3.188937e+02
4.670000e-06	2.259696e-06	4.667923e-09	1.712828e+01	3.210242e+02
4.680000e-06	2.270571e-06	4.693779e-09	1.721071e+01	3.231271e+02
4.690000e-06	2.281379e-06	4.725299e-09	1.729264e+01	3.252007e+02
4.700000e-06	2.292096e-06	4.755372e-09	1.737387e+01	3.272432e+02
4.710000e-06	2.302727e-06	4.781964e-09	1.745445e+01	3.292531e+02
4.720000e-06	2.313289e-06	4.809911e-09	1.753451e+01	3.312290e+02
4.730000e-06	2.323802e-06	4.847094e-09	1.761420e+01	3.331700e+02
4.740000e-06	2.334265e-06	4.883799e-09	1.769351e+01	3.350750e+02
4.750000e-06	2.344670e-06	4.913165e-09	1.777238e+01	3.369436e+02
4.760000e-06	2.355023e-06	4.936453e-09	1.785085e+01	3.387756e+02
4.770000e-06	2.365312e-06	4.953978e-09	1.792884e+01	3.405709e+02
4.780000e-06	2.375538e-06	4.973477e-09	1.800636e+01	3.423301e+02
4.790000e-06	2.385707e-06	4.992185e-09	1.808343e+01	3.440538e+02
4.800000e-06	2.395820e-06	5.016268e-09	1.816009e+01	3.457431e+02
4.810000e-06	2.405890e-06	5.046362e-09	1.823642e+01	3.473993e+02
4.820000e-06	2.415908e-06	5.078104e-09	1.831235e+01	3.490239e+02
4.830000e-06	2.425833e-06	5.108454e-09	1.838758e+01	3.506186e+02
4.840000e-06	2.435658e-06	5.131599e-09	1.846206e+01	3.521853e+02
4.850000e-06	2.445414e-06	5.150889e-09	1.853600e+01	3.537259e+02
4.860000e-06	2.455113e-06	5.165736e-09	1.860952e+01	3.552424e+02
4.870000e-06	2.464771e-06	5.180293e-09	1.868273e+01	3.567368e+02
4.880000e-06	2.474372e-06	5.199828e-09	1.875551e+01	3.582109e+02
4.890000e-06	2.483903e-06	5.222448e-09	1.882775e+01	3.596666e+02
4.900000e-06	2.493379e-06	5.246436e-09	1.889957e+01	3.611055e+02
4.910000e-06	2.502795e-06	5.269578e-09	1.897095e+01	3.625291e+02
4.920000e-06	2.512147e-06	5.294052e-09	1.904184e+01	3.639386e+02
4.930000e-06	2.521451e-06	5.321029e-09	1.911236e+01	3.653351e+02
4.940000e-06	2.530713e-06	5.346577e-09	1.918256e+01	3.667196e+02
4.950000e-06	2.539903e-06	5.367753e-09	1.925223e+01	3.680926e+02
4.960000e-06	2.548996e-06	5.385202e-09	1.932114e+01	3.694547e+02
4.970000e-06	2.557987e-06	5.399294e-09	1.938930e+01	3.708064e+02
4.980000e-06	2.566909e-06	5.412075e-09	1.945693e+01	3.721481e+02
4.990000e-06	2.575798e-06	5.427317e-09	1.952431e+01	3.734801e+02
5.000000e-06	2.584635e-06	5.446802e-09	1.959128e+01	3.748026e+02
5.010000e-06	2.593397e-06	5.473163e-09	1.965770e+01	3.761161e+02
5.020000e-06	2.602093e-06	5.506203e-09	1.972362e+01	3.774211e+02
5.030000e-06	2.610726e-06	5.538111e-09	1.978906e+01	3.787181e+02
5.040000e-06	2.619296e-06	5.562217e-09	1.985402e+01	3.800077e+02
5.050000e-06	2.627811e-06	5.579692e-09	1.991856e+01	3.812910e+02
5.060000e-06	2.636280e-06	5.594637e-09	1.998275e+01	3.825687e+02
5.070000e-06	2.644689e-06	5.608127e-09	2.004649e+01	3.838422e+02
5.080000e-06	2.653014e-06	5.619487e-09	2.010959e+01	3.851125e+02
5.090000e-06	2.661256e-06	5.632933e-09	2.017207e+01	3.863809e+02
5.100000e-06	2.669448e-06	5.655262e-09	2.023416e+01	3.876487e+02
5.110000e-06	2.677592e-06	5.684853e-09	2.029589e+01	3.889171e+02
5.120000e-06	2.685660e-06	5.715078e-09	2.035705e+01	3.901873e+02
5.130000e-06	2.693636e-06	5.741829e-09	2.041750e+01	3.914602e+02
5.140000e-06	2.701530e-06	5.763190e-09	2.047734e+01	3.927365e+02
5.150000e-06	2.709366e-06	5.782341e-09	2.053674e+01	3.940166e+02
5.160000e-06	2.717124e-06	5.799783e-09	2.059554e+01	3.953009e+02
5.170000e-06	2.724810e-06	5.811393e-09	2.065380e+01	3.965889e+02
5.180000e-06	2.732427e-06	5.824780e-09	2.071154e+01	3.978801e+02
5.190000e-06	2.739950e-06	5.847580e-09	2.076856e+01	3.991736e+02
5.200000e-06	2.747376e-06	5.877554e-09	2.082485e+01	4.004681e+02
5.210000e-06	2.754722e-06	5.909214e-09	2.088053e+01	4.017617e+02
5.220000e-06	2.762018e-06	5.935620e-09	2.093583e+01	4.030527e+02
5.230000e-06	2.769261e-06	5.961670e-09	2.099073e+01	4.043387e+02
5.240000e-06	2.776439e-06	5.987620e-09	2.104514e+01	4.056174e+02
5.250000e-06	2.783543e-06	6.005969e-09	2.109899e+01	4.068862e+02
5.260000e-06	2.790570e-06	6.017323e-09	2.115226e+01	4.081427e+02
5.270000e-06	2.797521e-06	6.027740e-09	2.120494e+01	4.093843e+02
5.280000e-06	2.804414e-06	6.046148e-09	2.125719e+01	4.106086e+02
5.290000e-06	2.811254e-06	6.072750e-09	2.130904e+01	4.118136e+02
5.300000e-06	2.818016e-06	6.100260e-09	2.136029e+01	4.129971e+02
5.310000e-06	2.824663e-06	6.125051e-09	2.141068e+01	4.141577e+02
5.320000e-06	2.831220e-06	6.148615e-09	2.146038e+01	4.152940e+02
5.330000e-06	2.837729e-06	6.172682e-09	2.150972e+01	4.164050e+02
5.340000e-06	2.844176e-06	6.189300e-09	2.155859e+01	4.174900e+02
5.350000e-06	2.850553e-06	6.195693e-09	2.160692e+01	4.185487e+02
5.360000e-06	2.856866e-06	6.205080e-09	2.165477e+01	4.195811e+02
5.370000e-06	2.863110e-06	6.224850e-09	2.170210e+01	4.205874e+02
5.380000e-06	2.869287e-06	6.248590e-09	2.174892e+01	4.215680e+02
5.390000e-06	2.875408e-06	6.268045e-09	2.179532e+01	4.225233e+02
5.400000e-06	2.881482e-06	6.283387e-09	2.184136e+01	4.234541e+02
5.410000e-06	2.887486e-06	6.300852e-09	2.188687e+01	4.243607e+02
5.420000e-06	2.893388e-06	6.320710e-09	2.193160e+01	4.252440e+02
5.430000e-06	2.899170e-06	6.334456e-09	2.197543e+01	4.261042e+02
5.440000e-06	2.904871e-06	6.340303e-09	2.201864e+01	4.269418e+02
5.450000e-06	2.910522e-06	6.347948e-09	2.206148e+01	4.277569e+02
5.460000e-06	2.916116e-06	6.362435e-09	2.210388e+01	4.285496e+02
5.470000e-06	2.921638e-06	6.377399e-09	2.214574e+01	4.293198e+02
5.480000e-06	2.927080e-06	6.386363e-09	2.218699e+01	4.300672e+02
5.490000e-06	2.932445e-06	6.393953e-09	2.222765e+01	4.307917e+02
5.500000e-06	2.937730e-06	6.406619e-09	2.226771e+01	4.314928e+02
5.510000e-06	2.942916e-06	6.418263e-09	2.230702e+01	4.321703e+02
5.520000e-06	2.947984e-06	6.426473e-09	2.234544e+01	4.328238e+02
5.530000e-06	2.952954e-06	6.436880e-09	2.238311e+01	4.334534e+02
5.540000e-06	2.957863e-06	6.449752e-09	2.242032e+01	4.340591e+02
5.550000e-06	2.962720e-06	6.465959e-09	2.245714e+01	4.346412e+02
5.560000e-06	2.967494e-06	6.479947e-09	2.249332e+01	4.352003e+02
5.570000e-06	2.972189e-06	6.487252e-09	2.252891e+01	4.357374e+02
5.580000e-06	2.976809e-06	6.493609e-09	2.256393e+01	4.362537e+02
5.590000e-06	2.981348e-06	6.503789e-09	2.259834e+01	4.367506e+02
5.600000e-06	2.985832e-06	6.513079e-09	2.263233e+01	4.372301e+02
5.610000e-06	2.990274e-06	6.519851e-09	2.266599e+01	4.376942e+02
5.620000e-06	2.994638e-06	6.529811e-09	2.269907e+01	4.381450e+02
5.630000e-06	2.998889e-06	6.543944e-09	2.273130e+01	4.385849e+02
5.640000e-06	3.003033e-06	6.556784e-09	2.276270e+01	4.390164e+02
5.650000e-06	3.007106e-06	6.565379e-09	2.279358e+01	4.394417e+02
5.660000e-06	3.011112e-06	6.573072e-09	2.282394e+01	4.398631e+02
5.670000e-06	3.015044e-06	6.578983e-09	2.285375e+01	4.402825e+02
5.680000e-06	3.018908e-06	6.584315e-09	2.288303e+01	4.407019e+02
5.690000e-06	3.022688e-06	6.589580e-09	2.291169e+01	4.411227e+02
5.700000e-06	3.026403e-06	6.595151e-09	2.293985e+01	4.415460e+02
5.710000e-06	3.030069e-06	6.602304e-09	2.296764e+01	4.419725e+02
5.720000e-06	3.033661e-06	6.613969e-09	2.299486e+01	4.424027e+02
5.730000e-06	3.037144e-06	6.629893e-09	2.302126e+01	4.428366e+02
5.740000e-06	3.040513e-06	6.644032e-09	2.304680e+01	4.432738e+02
5.750000e-06	3.043809e-06	6.655560e-09	2.307179e+01	4.437140e+02
5.760000e-06	3.047052e-06	6.661512e-09	2.309637e+01	4.441561e+02
5.770000e-06	3.050218e-06	6.663509e-09	2.312036e+01	4.445994e+02
5.780000e-06	3.053308e-06	6.665629e-09	2.314379e+01	4.450429e+02
5.790000e-06	3.056329e-06	6.668102e-09	2.316668e+01	4.454856e+02
5.800000e-06	3.059272e-06	6.677340e-09	2.318899e+01	4.459265e+02
5.810000e-06	3.062160e-06	6.692598e-09	2.321088e+01	4.463649e+02
5.820000e-06	3.064994e-06	6.709376e-09	2.323236e+01	4.468003e+02
5.830000e-06	3.067726e-06	6.720507e-09	2.325307e+01	4.472321e+02
5.840000e-06	3.070342e-06	6.727756e-09	2.327290e+01	4.476603e+02
5.850000e-06	3.072869e-06	6.737115e-09	2.329206e+01	4.480849e+02
5.860000e-06	3.075313e-06	6.743044e-09	2.331058e+01	4.485060e+02
5.870000e-06	3.077673e-06	6.746935e-09	2.332847e+01	4.489241e+02
5.880000e-06	3.079969e-06	6.752001e-09	2.334587e+01	4.493396e+02
5.890000e-06	3.082203e-06	6.761176e-09	2.336281e+01	4.497529e+02
5.900000e-06	3.084361e-06	6.773772e-09	2.337917e+01	4.501644e+02
5.910000e-06	3.086465e-06	6.785204e-09	2.339511e+01	4.505742e+02
5.920000e-06	3.088526e-06	6.792672e-09	2.341073e+01	4.509823e+02
5.930000e-06	3.090508e-06	6.799446e-09	2.342575e+01	4.513883e+02
5.940000e-06	3.092388e-06	6.810059e-09	2.344001e+01	4.517913e+02
5.950000e-06	3.094190e-06	6.819624e-09	2.345367e+01	4.521903e+02
5.960000e-06	3.095921e-06	6.823895e-09	2.346678e+01	4.525836e+02
5.970000e-06	3.097560e-06	6.827935e-09	2.347921e+01	4.529691e+02
5.980000e-06	3.099102e-06	6.837786e-09	2.349090e+01	4.533442e+02
5.990000e-06	3.100559e-06	6.849669e-09	2.350194e+01	4.537063e+02
6.000000e-06	3.101935e-06	6.856208e-09	2.351237e+01	4.540521e+02
6.010000e-06	3.103234e-06	6.860328e-09	2.352222e+01	4.543783e+02
6.020000e-06	3.104458e-06	6.869035e-09	2.353150e+01	4.546816e+02
6.030000e-06	3.105581e-06	6.879175e-09	2.354001e+01	4.549586e+02
6.040000e-06	3.106573e-06	6.883645e-09	2.354753e+01	4.552063e+02
6.050000e-06	3.107478e-06	6.885261e-09	2.355439e+01	4.554218e+02
6.060000e-06	3.108331e-06	6.888447e-09	2.356086e+01	4.556028e+02
6.070000e-06	3.109118e-06	6.893653e-09	2.356682e+01	4.557475e+02
6.080000e-06	3.109835e-06	6.897061e-09	2.357225e+01	4.558547e+02
6.090000e-06	3.110472e-06	6.893726e-09	2.357708e+01	4.559241e+02
6.100000e-06	3.111026e-06	6.891162e-09	2.358128e+01	4.559559e+02
6.110000e-06	3.111523e-06	6.891404e-09	2.358505e+01	4.559512e+02
6.120000e-06	3.111960e-06	6.879023e-09	2.358836e+01	4.559119e+02
6.130000e-06	3.112296e-06	6.863733e-09	2.359091e+01	4.558404e+02
6.140000e-06	3.112530e-06	6.888012e-09	2.359269e+01	4.557399e+02
6.150000e-06	3.112692e-06	6.984661e-09	2.359391e+01	4.556140e+02
6.160000e-06	3.112782e-06	7.004155e-09	2.359459e+01	4.554667e+02
6.170000e-06	3.112809e-06	6.924818e-09	2.359480e+01	4.553020e+02
6.180000e-06	3.112763e-06	6.796150e-09	2.359445e+01	4.551244e+02
6.190000e-06	3.112559e-06	6.884361e-09	2.359290e+01	4.549380e+02
6.200000e-06	3.112224e-06	6.873026e-09	2.359037e+01	4.547468e+02
6.210000e-06	3.111876e-06	6.804108e-09	2.358772e+01	4.545545e+02
6.220000e-06	3.111462e-06	6.901294e-09	2.358459e+01	4.543642e+02
6.230000e-06	3.111010e-06	6.829402e-09	2.358116e+01	4.541787e+02
6.240000e-06	3.110524e-06	6.913552e-09	2.357748e+01	4.539999e+02
6.250000e-06	3.109907e-06	6.900323e-09	2.357280e+01	4.538293e+02
6.260000e-06	3.109178e-06	6.879422e-09	2.356728e+01	4.536679e+02
6.270000e-06	3.108346e-06	6.864616e-09	2.356097e+01	4.535157e+02
6.280000e-06	3.107486e-06	6.800851e-09	2.355445e+01	4.533725e+02
6.290000e-06	3.106576e-06	6.885276e-09	2.354755e+01	4.532376e+02
6.300000e-06	3.105541e-06	6.852552e-09	2.353970e+01	4.531098e+02
6.310000e-06	3.104389e-06	6.900533e-09	2.353098e+01	4.529879e+02
6.320000e-06	3.103160e-06	6.877575e-09	2.352166e+01	4.528705e+02
6.330000e-06	3.101903e-06	6.876608e-09	2.351213e+01	4.527560e+02
6.340000e-06	3.100522e-06	6.878770e-09	2.350166e+01	4.526431e+02
6.350000e-06	3.099001e-06	6.816181e-09	2.349014e+01	4.525308e+02
6.360000e-06	3.097413e-06	6.887150e-09	2.347809e+01	4.524182e+02
6.370000e-06	3.095794e-06	6.870888e-09	2.346583e+01	4.523049e+02
6.380000e-06	3.094118e-06	6.907833e-09	2.345312e+01	4.521906e+02
6.390000e-06	3.092311e-06	6.870836e-09	2.343942e+01	4.520756e+02
6.400000e-06	3.090424e-06	6.840589e-09	2.342512e+01	4.519607e+02
6.410000e-06	3.088485e-06	6.865063e-09	2.341042e+01	4.518467e+02
6.420000e-06	3.086490e-06	6.843843e-09	2.339530e+01	4.517348e+02
6.430000e-06	3.084376e-06	6.887205e-09	2.337928e+01	4.516263e+02
6.440000e-06	3.082137e-06	6.846695e-09	2.336231e+01	4.515228e+02
6.450000e-06	3.079851e-06	6.876714e-09	2.334498e+01	4.514256e+02
6.460000e-06	3.077513e-06	6.881655e-09	2.332725e+01	4.513359e+02
6.470000e-06	3.075100e-06	6.870450e-09	2.330897e+01	4.512548e+02
6.480000e-06	3.072567e-06	6.885363e-09	2.328977e+01	4.511829e+02
6.490000e-06	3.069961e-06	6.848910e-09	2.327001e+01	4.511206e+02
6.500000e-06	3.067308e-06	6.894675e-09	2.324990e+01	4.510676e+02
6.510000e-06	3.064564e-06	6.878866e-09	2.322910e+01	4.510233e+02
6.520000e-06	3.061709e-06	6.892078e-09	2.320746e+01	4.509866e+02
6.530000e-06	3.058744e-06	6.876240e-09	2.318499e+01	4.509558e+02
6.540000e-06	3.055721e-06	6.869974e-09	2.316208e+01	4.509288e+02
6.550000e-06	3.052632e-06	6.908459e-09	2.313866e+01	4.509033e+02
6.560000e-06	3.049471e-06	6.887207e-09	2.311470e+01	4.508765e+02
6.570000e-06	3.046236e-06	6.904990e-09	2.309018e+01	4.508454e+02
6.580000e-06	3.042931e-06	6.871651e-09	2.306513e+01	4.508069e+02
6.590000e-06	3.039565e-06	6.889898e-09	2.303962e+01	4.507580e+02
6.600000e-06	3.036110e-06	6.893804e-09	2.301342e+01	4.506956e+02
6.610000e-06	3.032583e-06	6.880142e-09	2.298669e+01	4.506171e+02
6.620000e-06	3.028998e-06	6.900991e-09	2.295951e+01	4.505198e+02
6.630000e-06	3.025331e-06	6.896038e-09	2.293172e+01	4.504015e+02
6.640000e-06	3.021542e-06	6.934575e-09	2.290300e+01	4.502606e+02
6.650000e-06	3.017645e-06	6.907171e-09	2.287346e+01	4.500954e+02
6.660000e-06	3.013687e-06	6.893991e-09	2.284346e+01	4.499052e+02
6.670000e-06	3.009653e-06	6.883250e-09	2.281289e+01	4.496894e+02
6.680000e-06	3.005567e-06	6.872829e-09	2.278191e+01	4.494478e+02
6.690000e-06	3.001392e-06	6.887390e-09	2.275026e+01	4.491806e+02
6.700000e-06	2.997128e-06	6.862249e-09	2.271795e+01	4.488883e+02
6.710000e-06	2.992825e-06	6.882407e-09	2.268533e+01	4.485717e+02
6.720000e-06	2.988482e-06	6.876868e-09	2.265241e+01	4.482317e+02
6.730000e-06	2.984064e-06	6.879006e-09	2.261892e+01	4.478693e+02
6.740000e-06	2.979545e-06	6.867200e-09	2.258467e+01	4.474856e+02
6.750000e-06	2.974960e-06	6.843461e-09	2.254991e+01	4.470816e+02
6.760000e-06	2.970295e-06	6.853168e-09	2.251455e+01	4.466583e+02
6.770000e-06	2.965528e-06	6.835824e-09	2.247842e+01	4.462166e+02
6.780000e-06	2.960667e-06	6.843194e-09	2.244157e+01	4.457574e+02
6.790000e-06	2.955726e-06	6.821029e-09	2.240413e+01	4.452814e+02
6.800000e-06	2.950720e-06	6.816658e-09	2.236618e+01	4.447892e+02
6.810000e-06	2.945636e-06	6.824343e-09	2.232764e+01	4.442814e+02
6.820000e-06	2.940463e-06	6.815025e-09	2.228843e+01	4.437586e+02
6.830000e-06	2.935172e-06	6.817392e-09	2.224832e+01	4.432212e+02
6.840000e-06	2.929773e-06	6.793670e-09	2.220740e+01	4.426700e+02
6.850000e-06	2.924300e-06	6.802061e-09	2.216592e+01	4.421056e+02
6.860000e-06	2.918761e-06	6.792608e-09	2.212393e+01	4.415290e+02
6.870000e-06	2.913166e-06	6.777286e-09	2.208152e+01	4.409410e+02
6.880000e-06	2.907502e-06	6.761345e-09	2.203859e+01	4.403430e+02
6.890000e-06	2.901768e-06	6.747643e-09	2.199513e+01	4.397364e+02
6.900000e-06	2.895953e-06	6.762474e-09	2.195105e+01	4.391228e+02
6.910000e-06	2.890062e-06	6.750985e-09	2.190639e+01	4.385040e+02
6.920000e-06	2.884114e-06	6.750939e-09	2.186131e+01	4.378821e+02
6.930000e-06	2.878088e-06	6.738838e-09	2.181564e+01	4.372591e+02
6.940000e-06	2.871958e-06	6.734655e-09	2.176917e+01	4.366373e+02
6.950000e-06	2.865719e-06	6.727667e-09	2.172188e+01	4.360189e+02
6.960000e-06	2.859409e-06	6.700916e-09	2.167405e+01	4.354060e+02
6.970000e-06	2.853045e-06	6.693630e-09	2.162581e+01	4.348006e+02
6.980000e-06	2.846637e-06	6.679511e-09	2.157724e+01	4.342047e+02
6.990000e-06	2.840162e-06	6.686232e-09	2.152816e+01	4.336198e+02
7.000000e-06	2.833596e-06	6.680549e-09	2.147839e+01	4.330474e+02
7.010000e-06	2.826962e-06	6.671177e-09	2.142811e+01	4.324883e+02
7.020000e-06	2.820277e-06	6.668584e-09	2.137743e+01	4.319433e+02
7.030000e-06	2.813533e-06	6.660637e-09	2.132632e+01	4.314126e+02
7.040000e-06	2.806684e-06	6.660761e-09	2.127440e+01	4.308962e+02
7.050000e-06	2.799714e-06	6.641433e-09	2.122157e+01	4.303937e+02
7.060000e-06	2.792656e-06	6.640278e-09	2.116806e+01	4.299043e+02
7.070000e-06	2.785544e-06	6.641774e-09	2.111416e+01	4.294271e+02
7.080000e-06	2.778377e-06	6.640497e-09	2.105984e+01	4.289606e+02
7.090000e-06	2.771135e-06	6.631974e-09	2.100494e+01	4.285035e+02
7.100000e-06	2.763824e-06	6.612943e-09	2.094952e+01	4.280542e+02
7.110000e-06	2.756440e-06	6.613679e-09	2.089355e+01	4.276109e+02
7.120000e-06	2.748984e-06	6.605887e-09	2.083704e+01	4.271721e+02
7.130000e-06	2.741458e-06	6.605663e-09	2.077999e+01	4.267360e+02
7.140000e-06	2.733842e-06	6.602006e-09	2.072227e+01	4.263009e+02
7.150000e-06	2.726126e-06	6.599307e-09	2.066378e+01	4.258654e+02
7.160000e-06	2.718308e-06	6.599753e-09	2.060451e+01	4.254279e+02
7.170000e-06	2.710421e-06	6.585245e-09	2.054473e+01	4.249872e+02
7.180000e-06	2.702490e-06	6.577267e-09	2.048462e+01	4.245419e+02
7.190000e-06	2.694498e-06	6.565403e-09	2.042404e+01	4.240909e+02
7.200000e-06	2.686439e-06	6.568402e-09	2.036296e+01	4.236332e+02
7.210000e-06	2.678300e-06	6.572434e-09	2.030126e+01	4.231676e+02
7.220000e-06	2.670087e-06	6.568660e-09	2.023901e+01	4.226932e+02
7.230000e-06	2.661821e-06	6.567246e-09	2.017635e+01	4.222090e+02
7.240000e-06	2.653511e-06	6.559965e-09	2.011336e+01	4.217138e+02
7.250000e-06	2.645141e-06	6.559600e-09	2.004992e+01	4.212066e+02
7.260000e-06	2.636684e-06	6.548729e-09	1.998582e+01	4.206862e+02
7.270000e-06	2.628128e-06	6.540879e-09	1.992096e+01	4.201514e+02
7.280000e-06	2.619488e-06	6.535403e-09	1.985547e+01	4.196009e+02
7.290000e-06	2.610796e-06	6.527372e-09	1.978958e+01	4.190333e+02
7.300000e-06	2.602054e-06	6.523313e-09	1.972332e+01	4.184475e+02
7.310000e-06	2.593251e-06	6.511949e-09	1.965659e+01	4.178419e+02
7.320000e-06	2.584386e-06	6.510359e-09	1.958940e+01	4.172153e+02
7.330000e-06	2.575461e-06	6.506066e-09	1.952175e+01	4.165665e+02
7.340000e-06	2.566454e-06	6.496927e-09	1.945347e+01	4.158945e+02
7.350000e-06	2.557385e-06	6.481790e-09	1.938473e+01	4.151983e+02
7.360000e-06	2.548286e-06	6.465522e-09	1.931577e+01	4.144772e+02
7.370000e-06	2.539144e-06	6.459867e-09	1.924647e+01	4.137309e+02
7.380000e-06	2.529920e-06	6.450352e-09	1.917655e+01	4.129591e+02
7.390000e-06	2.520593e-06	6.440970e-09	1.910586e+01	4.121621e+02
7.400000e-06	2.511174e-06	6.429626e-09	1.903446e+01	4.113401e+02
7.410000e-06	2.501697e-06	6.421142e-09	1.896263e+01	4.104939e+02
7.420000e-06	2.492180e-06	6.407252e-09	1.889049e+01	4.096246e+02
7.430000e-06	2.482604e-06	6.387586e-09	1.881790e+01	4.087334e+02
7.440000e-06	2.472958e-06	6.372250e-09	1.874479e+01	4.078216e+02
7.450000e-06	2.463258e-06	6.357728e-09	1.867126e+01	4.068911e+02
7.460000e-06	2.453496e-06	6.350080e-09	1.859726e+01	4.059435e+02
7.470000e-06	2.443661e-06	6.336948e-09	1.852272e+01	4.049806e+02
7.480000e-06	2.433780e-06	6.325614e-09	1.844782e+01	4.040044e+02
7.490000e-06	2.423868e-06	6.317108e-09	1.837269e+01	4.030167e+02
7.500000e-06	2.413893e-06	6.303000e-09	1.829708e+01	4.020192e+02
7.510000e-06	2.403819e-06	6.289163e-09	1.822072e+01	4.010135e+02
7.520000e-06	2.393653e-06	6.270668e-09	1.814366e+01	4.000014e+02
7.530000e-06	2.383424e-06	6.255785e-09	1.806613e+01	3.989840e+02
7.540000e-06	2.373146e-06	6.243976e-09	1.798822e+01	3.979627e+02
7.550000e-06	2.362802e-06	6.235721e-09	1.790982e+01	3.969384e+02
7.560000e-06	2.352393e-06	6.225400e-09	1.783092e+01	3.959121e+02
7.570000e-06	2.341931e-06	6.209719e-09	1.775162e+01	3.948845e+02
7.580000e-06	2.331424e-06	6.193693e-09	1.767198e+01	3.938562e+02
7.590000e-06	2.320861e-06	6.172221e-09	1.759191e+01	3.928278e+02
7.600000e-06	2.310235e-06	6.157119e-09	1.751137e+01	3.917998e+02
7.610000e-06	2.299560e-06	6.142299e-09	1.743044e+01	3.907725e+02
7.620000e-06	2.288848e-06	6.126575e-09	1.734925e+01	3.897465e+02
7.630000e-06	2.278089e-06	6.113387e-09	1.726769e+01	3.887221e+02
7.640000e-06	2.267254e-06	6.099757e-09	1.718557e+01	3.876997e+02
7.650000e-06	2.256349e-06	6.087916e-09	1.710291e+01	3.866800e+02
7.660000e-06	2.245386e-06	6.074587e-09	1.701981e+01	3.856633e+02
7.670000e-06	2.234362e-06	6.057627e-09	1.693625e+01	3.846502e+02
7.680000e-06	2.223289e-06	6.035959e-09	1.685232e+01	3.836412e+02
7.690000e-06	2.212155e-06	6.019141e-09	1.676792e+01	3.826369e+02
7.700000e-06	2.200937e-06	6.010531e-09	1.668289e+01	3.816377e+02
7.710000e-06	2.189664e-06	6.002684e-09	1.659744e+01	3.806440e+02
7.720000e-06	2.178349e-06	5.988800e-09	1.651168e+01	3.796561e+02
7.730000e-06	2.166983e-06	5.975429e-09	1.642552e+01	3.786741e+02
7.740000e-06	2.155547e-06	5.961202e-09	1.633885e+01	3.776979e+02
7.750000e-06	2.144046e-06	5.945319e-09	1.625166e+01	3.767272e+02
7.760000e-06	2.132488e-06	5.929077e-09	1.616406e+01	3.757617e+02
7.770000e-06	2.120865e-06	5.913985e-09	1.607595e+01	3.748004e+02
7.780000e-06	2.109152e-06	5.898825e-09	1.598718e+01	3.738426e+02
7.790000e-06	2.097361e-06	5.883699e-09	1.589780e+01	3.728870e+02
7.800000e-06	2.085518e-06	5.873615e-09	1.580803e+01	3.719322e+02
7.810000e-06	2.073629e-06	5.861135e-09	1.571791e+01	3.709765e+02
7.820000e-06	2.061692e-06	5.846259e-09	1.562743e+01	3.700183e+02
7.830000e-06	2.049714e-06	5.831689e-09	1.553663e+01	3.690555e+02
7.840000e-06	2.037687e-06	5.815682e-09	1.544548e+01	3.680864e+02
7.850000e-06	2.025598e-06	5.801291e-09	1.535384e+01	3.671088e+02
7.860000e-06	2.013443e-06	5.787720e-09	1.526171e+01	3.661207e+02
7.870000e-06	2.001250e-06	5.776699e-09	1.516929e+01	3.651203e+02
7.880000e-06	1.989024e-06	5.768330e-09	1.507661e+01	3.641056e+02
7.890000e-06	1.976751e-06	5.754916e-09	1.498358e+01	3.630751e+02
7.900000e-06	1.964438e-06	5.738105e-09	1.489026e+01	3.620271e+02
7.910000e-06	1.952082e-06	5.717804e-09	1.479659e+01	3.609602e+02
7.920000e-06	1.939671e-06	5.697614e-09	1.470252e+01	3.598734e+02
7.930000e-06	1.927179e-06	5.678968e-09	1.460784e+01	3.587655e+02
7.940000e-06	1.914598e-06	5.665268e-09	1.451247e+01	3.576359e+02
7.950000e-06	1.901961e-06	5.652996e-09	1.441668e+01	3.564839e+02
7.960000e-06	1.889288e-06	5.638524e-09	1.432063e+01	3.553091e+02
7.970000e-06	1.876583e-06	5.622013e-09	1.422432e+01	3.541112e+02
7.980000e-06	1.863842e-06	5.606619e-09	1.412774e+01	3.528901e+02
7.990000e-06	1.851059e-06	5.590711e-09	1.403085e+01	3.516458e+02
8.000000e-06	1.838229e-06	5.566265e-09	1.393360e+01	3.503783e+02
8.010000e-06	1.825343e-06	5.541357e-09	1.383593e+01	3.490877e+02
8.020000e-06	1.812417e-06	5.518375e-09	1.373795e+01	3.477743e+02
8.030000e-06	1.799441e-06	5.498603e-09	1.363959e+01	3.464382e+02
8.040000e-06	1.786420e-06	5.479489e-09	1.354089e+01	3.450797e+02
8.050000e-06	1.773382e-06	5.457141e-09	1.344207e+01	3.436992e+02
8.060000e-06	1.760309e-06	5.437699e-09	1.334298e+01	3.422970e+02
8.070000e-06	1.747193e-06	5.420544e-09	1.324356e+01	3.408735e+02
8.080000e-06	1.734044e-06	5.398890e-09	1.314389e+01	3.394292e+02
8.090000e-06	1.720850e-06	5.372147e-09	1.304388e+01	3.379647e+02
8.100000e-06	1.707596e-06	5.346336e-09	1.294341e+01	3.364805e+02
8.110000e-06	1.694267e-06	5.322668e-09	1.284238e+01	3.349775e+02
8.120000e-06	1.680868e-06	5.295592e-09	1.274082e+01	3.334565e+02
8.130000e-06	1.667426e-06	5.269999e-09	1.263893e+01	3.319185e+02
8.140000e-06	1.653955e-06	5.249957e-09	1.253682e+01	3.303647e+02
8.150000e-06	1.640453e-06	5.232538e-09	1.243448e+01	3.287962e+02
8.160000e-06	1.626918e-06	5.212275e-09	1.233189e+01	3.272145e+02
8.170000e-06	1.613341e-06	5.188269e-09	1.222897e+01	3.256209e+02
8.180000e-06	1.599731e-06	5.163132e-09	1.212581e+01	3.240171e+02
8.190000e-06	1.586088e-06	5.135445e-09	1.202240e+01	3.224047e+02
8.200000e-06	1.572398e-06	5.107681e-09	1.191863e+01	3.207853e+02
8.210000e-06	1.558668e-06	5.076108e-09	1.181456e+01	3.191605e+02
8.220000e-06	1.544903e-06	5.042049e-09	1.171022e+01	3.175321e+02
8.230000e-06	1.531099e-06	5.016362e-09	1.160558e+01	3.159015e+02
8.240000e-06	1.517251e-06	4.997480e-09	1.150062e+01	3.142704e+02
8.250000e-06	1.503365e-06	4.973836e-09	1.139537e+01	3.126402e+02
8.260000e-06	1.489435e-06	4.941119e-09	1.128978e+01	3.110121e+02
8.270000e-06	1.475460e-06	4.912624e-09	1.118384e+01	3.093873e+02
8.280000e-06	1.461419e-06	4.893023e-09	1.107742e+01	3.077669e+02
8.290000e-06	1.447317e-06	4.872270e-09	1.097052e+01	3.061517e+02
8.300000e-06	1.433182e-06	4.843984e-09	1.086339e+01	3.045425e+02
8.310000e-06	1.418993e-06	4.812096e-09	1.075583e+01	3.029400e+02
8.320000e-06	1.404748e-06	4.785913e-09	1.064785e+01	3.013446e+02
8.330000e-06	1.390474e-06	4.763585e-09	1.053966e+01	2.997568e+02
8.340000e-06	1.376174e-06	4.739320e-09	1.043127e+01	2.981767e+02
8.350000e-06	1.361853e-06	4.711575e-09	1.032272e+01	2.966048e+02
8.360000e-06	1.347513e-06	4.687620e-09	1.021402e+01	2.950411e+02
8.370000e-06	1.333139e-06	4.669349e-09	1.010507e+01	2.934858e+02
8.380000e-06	1.318731e-06	4.648831e-09	9.995857e+00	2.919388e+02
8.390000e-06	1.304292e-06	4.620776e-09	9.886412e+00	2.904004e+02
8.400000e-06	1.289817e-06	4.590952e-09	9.776690e+00	2.888703e+02
8.410000e-06	1.275311e-06	4.564936e-09	9.666733e+00	2.873486e+02
8.420000e-06	1.260770e-06	4.539951e-09	9.556519e+00	2.858351e+02
8.430000e-06	1.246195e-06	4.511260e-09	9.446041e+00	2.843295e+02
8.440000e-06	1.231604e-06	4.483352e-09	9.335442e+00	2.828316e+02
8.450000e-06	1.216986e-06	4.463729e-09	9.224637e+00	2.813407e+02
8.460000e-06	1.202337e-06	4.445409e-09	9.113600e+00	2.798563e+02
8.470000e-06	1.187672e-06	4.424898e-09	9.002440e+00	2.783775e+02
8.480000e-06	1.172990e-06	4.400584e-09	8.891154e+00	2.769033e+02
8.490000e-06	1.158288e-06	4.373848e-09	8.779715e+00	2.754324e+02
8.500000e-06	1.143561e-06	4.349719e-09	8.668084e+00	2.739635e+02
8.510000e-06	1.128803e-06	4.323790e-09	8.556220e+00	2.724947e+02
8.520000e-06	1.114013e-06	4.292838e-09	8.444116e+00	2.710243e+02
8.530000e-06	1.099184e-06	4.266853e-09	8.331707e+00	2.695500e+02
8.540000e-06	1.084312e-06	4.248752e-09	8.218980e+00	2.680697e+02
8.550000e-06	1.069384e-06	4.231538e-09	8.105829e+00	2.665809e+02
8.560000e-06	1.054405e-06	4.210660e-09	7.992290e+00	2.650811e+02
8.570000e-06	1.039402e-06	4.186861e-09	7.878569e+00	2.635678e+02
8.580000e-06	1.024378e-06	4.165687e-09	7.764687e+00	2.620384e+02
8.590000e-06	1.009335e-06	4.145792e-09	7.650665e+00	2.604903e+02
8.600000e-06	9.942719e-07	4.121914e-09	7.536487e+00	2.589213e+02
8.610000e-06	9.792046e-07	4.094134e-09	7.422278e+00	2.573290e+02
8.620000e-06	9.641129e-07	4.067032e-09	7.307884e+00	2.557115e+02
8.630000e-06	9.489822e-07	4.043899e-09	7.193195e+00	2.540671e+02
8.640000e-06	9.338310e-07	4.023210e-09	7.078351e+00	2.523943e+02
8.650000e-06	9.186723e-07	4.000294e-09	6.963449e+00	2.506920e+02
8.660000e-06	9.034889e-07	3.975101e-09	6.848360e+00	2.489595e+02
8.670000e-06	8.882653e-07	3.946184e-09	6.732967e+00	2.471964e+02
8.680000e-06	8.730157e-07	3.912612e-09	6.617376e+00	2.454028e+02
8.690000e-06	8.577403e-07	3.878682e-09	6.501590e+00	2.435790e+02
8.700000e-06	8.424403e-07	3.843428e-09	6.385618e+00	2.417257e+02
8.710000e-06	8.271295e-07	3.807554e-09	6.269563e+00	2.398438e+02
8.720000e-06	8.117993e-07	3.777566e-09	6.153362e+00	2.379349e+02
8.730000e-06	7.964508e-07	3.752267e-09	6.037021e+00	2.360003e+02
8.740000e-06	7.810853e-07	3.725392e-09	5.920553e+00	2.340418e+02
8.750000e-06	7.656960e-07	3.692785e-09	5.803903e+00	2.320614e+02
8.760000e-06	7.502944e-07	3.659118e-09	5.687161e+00	2.300611e+02
8.770000e-06	7.348857e-07	3.629930e-09	5.570364e+00	2.280430e+02
8.780000e-06	7.194637e-07	3.601306e-09	5.453466e+00	2.260092e+02
8.790000e-06	7.040241e-07	3.567606e-09	5.336436e+00	2.239617e+02
8.800000e-06	6.885694e-07	3.529080e-09	5.219291e+00	2.219027e+02
8.810000e-06	6.731003e-07	3.492900e-09	5.102036e+00	2.198342e+02
8.820000e-06	6.576160e-07	3.458685e-09	4.984667e+00	2.177579e+02
8.830000e-06	6.421207e-07	3.425847e-09	4.867214e+00	2.156756e+02
8.840000e-06	6.266188e-07	3.393500e-09	4.749711e+00	2.135889e+02
8.850000e-06	6.111029e-07	3.361605e-09	4.632102e+00	2.114992e+02
8.860000e-06	5.955655e-07	3.333045e-09	4.514330e+00	2.094078e+02
8.870000e-06	5.800068e-07	3.303743e-09	4.396396e+00	2.073158e+02
8.880000e-06	5.644464e-07	3.269199e-09	4.278450e+00	2.052241e+02
8.890000e-06	5.488847e-07	3.230876e-09	4.160494e+00	2.031335e+02
8.900000e-06	5.332785e-07	3.195162e-09	4.042201e+00	2.010445e+02
8.910000e-06	5.176308e-07	3.162917e-09	3.923592e+00	1.989574e+02
8.920000e-06	5.019814e-07	3.129944e-09	3.804971e+00	1.968727e+02
8.930000e-06	4.863103e-07	3.094980e-09	3.686186e+00	1.947903e+02
8.940000e-06	4.706154e-07	3.059391e-09	3.567220e+00	1.927102e+02
8.950000e-06	4.549118e-07	3.026128e-09	3.448189e+00	1.906323e+02
8.960000e-06	4.391929e-07	2.996083e-09	3.329040e+00	1.885561e+02
8.970000e-06	4.234566e-07	2.964163e-09	3.209761e+00	1.864813e+02
8.980000e-06	4.076958e-07	2.931454e-09	3.090296e+00	1.844072e+02
8.990000e-06	3.919154e-07	2.899309e-09	2.970681e+00	1.823333e+02
9.000000e-06	3.761230e-07	2.864898e-09	2.850977e+00	1.802588e+02
9.010000e-06	3.603138e-07	2.828549e-09	2.731144e+00	1.781830e+02
9.020000e-06	3.444970e-07	2.792227e-09	2.611254e+00	1.761051e+02
9.030000e-06	3.286826e-07	2.759453e-09	2.491383e+00	1.740241e+02
9.040000e-06	3.128649e-07	2.727201e-09	2.371486e+00	1.719394e+02
9.050000e-06	2.970368e-07	2.695235e-09	2.251511e+00	1.698499e+02
9.060000e-06	2.811983e-07	2.667571e-09	2.131456e+00	1.677550e+02
9.070000e-06	2.653499e-07	2.639098e-09	2.011327e+00	1.656538e+02
9.080000e-06	2.494947e-07	2.610134e-09	1.891146e+00	1.635457e+02
9.090000e-06	2.336371e-07	2.577299e-09	1.770947e+00	1.614299e+02
9.100000e-06	2.177791e-07	2.540227e-09	1.650745e+00	1.593059e+02
9.110000e-06	2.019166e-07	2.501948e-09	1.530509e+00	1.571731e+02
9.120000e-06	1.860509e-07	2.461046e-09	1.410248e+00	1.550310e+02
9.130000e-06	1.701848e-07	2.421539e-09	1.289985e+00	1.528790e+02
9.140000e-06	1.543113e-07	2.387540e-09	1.169665e+00	1.507168e+02
9.150000e-06	1.384298e-07	2.362417e-09	1.049284e+00	1.485437e+02
9.160000e-06	1.225499e-07	2.336985e-09	9.289167e-01	1.463593e+02
9.170000e-06	1.066766e-07	2.303377e-09	8.085982e-01	1.441630e+02
9.180000e-06	9.080170e-08	2.265081e-09	6.882683e-01	1.419542e+02
9.190000e-06	7.491882e-08	2.225707e-09	5.678776e-01	1.397322e+02
9.200000e-06	5.903418e-08	2.183706e-09	4.474735e-01	1.374960e+02
9.210000e-06	4.315105e-08	2.139108e-09	3.270809e-01	1.352447e+02
9.220000e-06	2.726889e-08	2.098162e-09	2.066956e-01	1.329771e+02
9.230000e-06	1.138230e-08	2.062589e-09	8.627673e-02	1.306921e+02
9.240000e-06	-4.506337e-09	2.032452e-09	-3.415761e-02	1.283883e+02
9.250000e-06	-2.039175e-08	2.001265e-09	-1.545675e-01	1.260642e+02
9.260000e-06	-3.627486e-08	1.964813e-09	-2.749600e-01	1.237183e+02
9.270000e-06	-5.215691e-08	1.928679e-09	-3.953445e-01	1.213489e+02
9.280000e-06	-6.804414e-08	1.891830e-09	-5.157681e-01	1.189546e+02
9.290000e-06	-8.393113e-08	1.850667e-09	-6.361900e-01	1.165337e+02
9.300000e-06	-9.981996e-08	1.802370e-09	-7.566258e-01	1.140848e+02
9.310000e-06	-1.157034e-07	1.754640e-09	-8.770207e-01	1.116065e+02
9.320000e-06	-1.315800e-07	1.713357e-09	-9.973638e-01	1.090977e+02
9.330000e-06	-1.474502e-07	1.674485e-09	-1.117659e+00	1.065574e+02
9.340000e-06	-1.633137e-07	1.634627e-09	-1.237903e+00	1.039850e+02
9.350000e-06	-1.791856e-07	1.593430e-09	-1.358210e+00	1.013800e+02
9.360000e-06	-1.950573e-07	1.556334e-09	-1.478516e+00	9.874246e+01
9.370000e-06	-2.109248e-07	1.520303e-09	-1.598790e+00	9.607253e+01
9.380000e-06	-2.267858e-07	1.476216e-09	-1.719015e+00	9.337083e+01
9.390000e-06	-2.426326e-07	1.425422e-09	-1.839132e+00	9.063829e+01
9.400000e-06	-2.584698e-07	1.376445e-09	-1.959177e+00	8.787613e+01
9.410000e-06	-2.743100e-07	1.331504e-09	-2.079244e+00	8.508583e+01
9.420000e-06	-2.901525e-07	1.282912e-09	-2.199328e+00	8.226916e+01
9.430000e-06	-3.059874e-07	1.232052e-09	-2.319355e+00	7.942804e+01
9.440000e-06	-3.218059e-07	1.188600e-09	-2.439258e+00	7.656455e+01
9.450000e-06	-3.376023e-07	1.151991e-09	-2.558994e+00	7.368087e+01
9.460000e-06	-3.533827e-07	1.113281e-09	-2.678608e+00	7.077923e+01
9.470000e-06	-3.691562e-07	1.063991e-09	-2.798169e+00	6.786182e+01
9.480000e-06	-3.849133e-07	1.011638e-09	-2.917606e+00	6.493082e+01
9.490000e-06	-4.006618e-07	9.627978e-10	-3.036979e+00	6.198826e+01
9.500000e-06	-4.164063e-07	9.169559e-10	-3.156321e+00	5.903608e+01
9.510000e-06	-4.321363e-07	8.703028e-10	-3.275552e+00	5.607604e+01
9.520000e-06	-4.478481e-07	8.227718e-10	-3.394646e+00	5.310972e+01
9.530000e-06	-4.635282e-07	7.783170e-10	-3.513500e+00	5.013855e+01
9.540000e-06	-4.791782e-07	7.351217e-10	-3.632125e+00	4.716375e+01
9.550000e-06	-4.948000e-07	6.885702e-10	-3.750537e+00	4.418637e+01
9.560000e-06	-5.104032e-07	6.362934e-10	-3.868808e+00	4.120734e+01
9.570000e-06	-5.259999e-07	5.860912e-10	-3.987029e+00	3.822741e+01
9.580000e-06	-5.415780e-07	5.391198e-10	-4.105110e+00	3.524728e+01
9.590000e-06	-5.571382e-07	4.916899e-10	-4.223055e+00	3.226752e+01
9.600000e-06	-5.726789e-07	4.427362e-10	-4.340852e+00	2.928866e+01
9.610000e-06	-5.882005e-07	3.961463e-10	-4.458504e+00	2.631122e+01
9.620000e-06	-6.037028e-07	3.529040e-10	-4.576010e+00	2.333566e+01
9.630000e-06	-6.191860e-07	3.061859e-10	-4.693371e+00	2.036247e+01
9.640000e-06	-6.346671e-07	2.549913e-10	-4.810716e+00	1.739213e+01
9.650000e-06	-6.501392e-07	2.048004e-10	-4.927994e+00	1.442509e+01
9.660000e-06	-6.656021e-07	1.581263e-10	-5.045201e+00	1.146183e+01
9.670000e-06	-6.810591e-07	1.123166e-10	-5.162363e+00	8.502765e+00
9.680000e-06	-6.965053e-07	6.508941e-11	-5.279444e+00	5.548265e+00
9.690000e-06	-7.119312e-07	1.712595e-11	-5.396371e+00	2.598622e+00
9.700000e-06	-7.273353e-07	-2.973989e-11	-5.513132e+00	-3.459893e-01
9.710000e-06	-7.427222e-07	-7.405394e-11	-5.629764e+00	-3.285532e+00
9.720000e-06	-7.580896e-07	-1.152175e-10	-5.746247e+00	-6.220141e+00
9.730000e-06	-7.734341e-07	-1.574543e-10	-5.862557e+00	-9.150148e+00
9.740000e-06	-7.887645e-07	-2.041083e-10	-5.978760e+00	-1.207610e+01
9.750000e-06	-8.040712e-07	-2.511906e-10	-6.094783e+00	-1.499877e+01
9.760000e-06	-8.193477e-07	-2.965936e-10	-6.210578e+00	-1.791916e+01
9.770000e-06	-8.346069e-07	-3.450374e-10	-6.326241e+00	-2.083850e+01
9.780000e-06	-8.498394e-07	-3.952282e-10	-6.441702e+00	-2.375825e+01
9.790000e-06	-8.650498e-07	-4.405105e-10	-6.556996e+00	-2.668002e+01
9.800000e-06	-8.802411e-07	-4.814631e-10	-6.672144e+00	-2.960560e+01
9.810000e-06	-8.954031e-07	-5.233509e-10	-6.787071e+00	-3.253688e+01
9.820000e-06	-9.105321e-07	-5.688414e-10	-6.901747e+00	-3.547582e+01
9.830000e-06	-9.256433e-07	-6.151117e-10	-7.016288e+00	-3.842440e+01
9.840000e-06	-9.407505e-07	-6.620847e-10	-7.130799e+00	-4.138455e+01
9.850000e-06	-9.558479e-07	-7.092740e-10	-7.245237e+00	-4.435811e+01
9.860000e-06	-9.709326e-07	-7.579789e-10	-7.359577e+00	-4.734679e+01
9.870000e-06	-9.860001e-07	-8.081148e-10	-7.473787e+00	-5.035211e+01
9.880000e-06	-1.001052e-06	-8.555120e-10	-7.587883e+00	-5.337537e+01
9.890000e-06	-1.016078e-06	-9.007602e-10	-7.701775e+00	-5.641761e+01
9.900000e-06	-1.031078e-06	-9.468831e-10	-7.815474e+00	-5.947961e+01
9.910000e-06	-1.046048e-06	-9.981442e-10	-7.928945e+00	-6.256188e+01
9.920000e-06	-1.060957e-06	-1.050975e-09	-8.041957e+00	-6.566462e+01
9.930000e-06	-1.075821e-06	-1.103393e-09	-8.154624e+00	-6.878780e+01
9.940000e-06	-1.090645e-06	-1.153627e-09	-8.266989e+00	-7.193111e+01
9.950000e-06	-1.105412e-06	-1.200460e-09	-8.378917e+00	-7.509403e+01
9.960000e-06	-1.120135e-06	-1.248174e-09	-8.490518e+00	-7.827585e+01
9.970000e-06	-1.134836e-06	-1.296696e-09	-8.601950e+00	-8.147571e+01
9.980000e-06	-1.149519e-06	-1.345003e-09	-8.713245e+00	-8.469262e+01
9.990000e-06	-1.164182e-06	-1.393520e-09	-8.824387e+00	-8.792552e+01
1.000000e-05	-1.178833e-06	-1.442541e-09	-8.935441e+00	-9.117328e+01
1.001000e-05	-1.193472e-06	-1.492807e-09	-9.046402e+00	-9.443476e+01
1.002000e-05	-1.208080e-06	-1.545877e-09	-9.157134e+00	-9.770884e+01
1.003000e-05	-1.222658e-06	-1.600496e-09	-9.267633e+00	-1.009944e+02
1.004000e-05	-1.237202e-06	-1.656114e-09	-9.377875e+00	-1.042903e+02
1.005000e-05	-1.251711e-06	-1.713654e-09	-9.487854e+00	-1.075955e+02
1.006000e-05	-1.266197e-06	-1.768747e-09	-9.597654e+00	-1.109089e+02
1.007000e-05	-1.280654e-06	-1.820155e-09	-9.707233e+00	-1.142294e+02
1.008000e-05	-1.295076e-06	-1.871879e-09	-9.816551e+00	-1.175561e+02
1.009000e-05	-1.309472e-06	-1.925427e-09	-9.925675e+00	-1.208876e+02
1.010000e-05	-1.323833e-06	-1.978628e-09	-1.003453e+01	-1.242228e+02
1.011000e-05	-1.338156e-06	-2.032288e-09	-1.014310e+01	-1.275605e+02
1.012000e-05	-1.352454e-06	-2.087077e-09	-1.025147e+01	-1.308990e+02
1.013000e-05	-1.366716e-06	-2.141480e-09	-1.035958e+01	-1.342369e+02
1.014000e-05	-1.380949e-06	-2.195507e-09	-1.046746e+01	-1.375725e+02
1.015000e-05	-1.395160e-06	-2.247759e-09	-1.057518e+01	-1.409037e+02
1.016000e-05	-1.409314e-06	-2.296637e-09	-1.068247e+01	-1.442285e+02
1.017000e-05	-1.423421e-06	-2.343255e-09	-1.078939e+01	-1.475447e+02
1.018000e-05	-1.437473e-06	-2.392237e-09	-1.089591e+01	-1.508498e+02
1.019000e-05	-1.451466e-06	-2.444381e-09	-1.100197e+01	-1.541415e+02
1.020000e-05	-1.465416e-06	-2.495819e-09	-1.110771e+01	-1.574172e+02
1.021000e-05	-1.479318e-06	-2.546171e-09	-1.121309e+01	-1.606742e+02
1.022000e-05	-1.493187e-06	-2.598489e-09	-1.131822e+01	-1.639101e+02
1.023000e-05	-1.507017e-06	-2.654853e-09	-1.142304e+01	-1.671222e+02
1.024000e-05	-1.520802e-06	-2.709671e-09	-1.152753e+01	-1.703083e+02
1.025000e-05	-1.534544e-06	-2.758025e-09	-1.163170e+01	-1.734661e+02
1.026000e-05	-1.548253e-06	-2.802905e-09	-1.173561e+01	-1.765937e+02
1.027000e-05	-1.561927e-06	-2.851649e-09	-1.183926e+01	-1.796894e+02
1.028000e-05	-1.575560e-06	-2.900271e-09	-1.194260e+01	-1.827516e+02
1.029000e-05	-1.589152e-06	-2.943377e-09	-1.204562e+01	-1.857794e+02
1.030000e-05	-1.602700e-06	-2.986258e-09	-1.214831e+01	-1.887721e+02
1.031000e-05	-1.616210e-06	-3.035694e-09	-1.225071e+01	-1.917292e+02
1.032000e-05	-1.629696e-06	-3.088968e-09	-1.235294e+01	-1.946507e+02
1.033000e-05	-1.643163e-06	-3.137011e-09	-1.245502e+01	-1.975370e+02
1.034000e-05	-1.656601e-06	-3.182955e-09	-1.255688e+01	-2.003887e+02
1.035000e-05	-1.669991e-06	-3.227530e-09	-1.265837e+01	-2.032069e+02
1.036000e-05	-1.683318e-06	-3.270513e-09	-1.275939e+01	-2.059927e+02
1.037000e-05	-1.696583e-06	-3.308895e-09	-1.285994e+01	-2.087476e+02
1.038000e-05	-1.709785e-06	-3.342896e-09	-1.296001e+01	-2.114732e+02
1.039000e-05	-1.722926e-06	-3.380284e-09	-1.305962e+01	-2.141713e+02
1.040000e-05	-1.736023e-06	-3.421365e-09	-1.315889e+01	-2.168438e+02
1.041000e-05	-1.749096e-06	-3.466576e-09	-1.325798e+01	-2.194926e+02
1.042000e-05	-1.762142e-06	-3.514874e-09	-1.335687e+01	-2.221195e+02
1.043000e-05	-1.775144e-06	-3.563673e-09	-1.345543e+01	-2.247265e+02
1.044000e-05	-1.788099e-06	-3.610126e-09	-1.355362e+01	-2.273152e+02
1.045000e-05	-1.801008e-06	-3.650907e-09	-1.365147e+01	-2.298873e+02
1.046000e-05	-1.813876e-06	-3.684002e-09	-1.374901e+01	-2.324444e+02
1.047000e-05	-1.826704e-06	-3.710664e-09	-1.384624e+01	-2.349878e+02
1.048000e-05	-1.839487e-06	-3.742631e-09	-1.394314e+01	-2.375187e+02
1.049000e-05	-1.852227e-06	-3.782170e-09	-1.403971e+01	-2.400383e+02
1.050000e-05	-1.864915e-06	-3.824769e-09	-1.413588e+01	-2.425473e+02
1.051000e-05	-1.877570e-06	-3.871403e-09	-1.423180e+01	-2.450466e+02
1.052000e-05	-1.890214e-06	-3.919067e-09	-1.432764e+01	-2.475367e+02
1.053000e-05	-1.902821e-06	-3.962651e-09	-1.442320e+01	-2.500182e+02
1.054000e-05	-1.915342e-06	-3.999497e-09	-1.451811e+01	-2.524912e+02
1.055000e-05	-1.927759e-06	-4.033582e-09	-1.461223e+01	-2.549562e+02
1.056000e-05	-1.940101e-06	-4.070735e-09	-1.470578e+01	-2.574133e+02
1.057000e-05	-1.952396e-06	-4.108884e-09	-1.479898e+01	-2.598625e+02
1.058000e-05	-1.964656e-06	-4.145901e-09	-1.489191e+01	-2.623040e+02
1.059000e-05	-1.976878e-06	-4.183039e-09	-1.498455e+01	-2.647378e+02
1.060000e-05	-1.989062e-06	-4.218721e-09	-1.507690e+01	-2.671638e+02
1.061000e-05	-2.001194e-06	-4.256861e-09	-1.516886e+01	-2.695822e+02
1.062000e-05	-2.013266e-06	-4.299523e-09	-1.526037e+01	-2.719927e+02
1.063000e-05	-2.025283e-06	-4.341273e-09	-1.535145e+01	-2.743954e+02
1.064000e-05	-2.037246e-06	-4.380841e-09	-1.544213e+01	-2.767903e+02
1.065000e-05	-2.049162e-06	-4.417626e-09	-1.553245e+01	-2.791772e+02
1.066000e-05	-2.061043e-06	-4.452124e-09	-1.562251e+01	-2.815560e+02
1.067000e-05	-2.072890e-06	-4.484055e-09	-1.571231e+01	-2.839266e+02
1.068000e-05	-2.084675e-06	-4.515408e-09	-1.580164e+01	-2.862888e+02
1.069000e-05	-2.096384e-06	-4.548426e-09	-1.589039e+01	-2.886422e+02
1.070000e-05	-2.108011e-06	-4.584437e-09	-1.597853e+01	-2.909865e+02
1.071000e-05	-2.119561e-06	-4.626021e-09	-1.606607e+01	-2.933213e+02
1.072000e-05	-2.131043e-06	-4.667755e-09	-1.615310e+01	-2.956459e+02
1.073000e-05	-2.142479e-06	-4.707961e-09	-1.623979e+01	-2.979596e+02
1.074000e-05	-2.153879e-06	-4.747957e-09	-1.632620e+01	-3.002616e+02
1.075000e-05	-2.165225e-06	-4.783708e-09	-1.641220e+01	-3.025507e+02
1.076000e-05	-2.176510e-06	-4.819438e-09	-1.649774e+01	-3.048260e+02
1.077000e-05	-2.187741e-06	-4.852195e-09	-1.658287e+01	-3.070860e+02
1.078000e-05	-2.198901e-06	-4.883420e-09	-1.666746e+01	-3.093293e+02
1.079000e-05	-2.209969e-06	-4.919251e-09	-1.675136e+01	-3.115542e+02
1.080000e-05	-2.220963e-06	-4.958506e-09	-1.683469e+01	-3.137592e+02
1.081000e-05	-2.231910e-06	-5.000256e-09	-1.691766e+01	-3.159424e+02
1.082000e-05	-2.242805e-06	-5.037743e-09	-1.700025e+01	-3.181020e+02
1.083000e-05	-2.253656e-06	-5.072536e-09	-1.708250e+01	-3.202360e+02
1.084000e-05	-2.264442e-06	-5.101561e-09	-1.716425e+01	-3.223426e+02
1.085000e-05	-2.275149e-06	-5.127159e-09	-1.724541e+01	-3.244202e+02
1.086000e-05	-2.285820e-06	-5.156526e-09	-1.732630e+01	-3.264668e+02
1.087000e-05	-2.296464e-06	-5.187750e-09	-1.740698e+01	-3.284810e+02
1.088000e-05	-2.307071e-06	-5.220817e-09	-1.748738e+01	-3.304615e+02
1.089000e-05	-2.317611e-06	-5.251906e-09	-1.756727e+01	-3.324070e+02
1.090000e-05	-2.328082e-06	-5.283786e-09	-1.764664e+01	-3.343168e+02
1.091000e-05	-2.338501e-06	-5.316339e-09	-1.772562e+01	-3.361902e+02
1.092000e-05	-2.348856e-06	-5.344859e-09	-1.780411e+01	-3.380269e+02
1.093000e-05	-2.359156e-06	-5.367128e-09	-1.788218e+01	-3.398270e+02
1.094000e-05	-2.369406e-06	-5.386704e-09	-1.795988e+01	-3.415909e+02
1.095000e-05	-2.379592e-06	-5.415056e-09	-1.803708e+01	-3.433192e+02
1.096000e-05	-2.389697e-06	-5.445983e-09	-1.811368e+01	-3.450129e+02
1.097000e-05	-2.399711e-06	-5.474621e-09	-1.818958e+01	-3.466733e+02
1.098000e-05	-2.409635e-06	-5.502162e-09	-1.826480e+01	-3.483020e+02
1.099000e-05	-2.419508e-06	-5.528098e-09	-1.833964e+01	-3.499005e+02
1.100000e-05	-2.429353e-06	-5.553754e-09	-1.841427e+01	-3.514707e+02
1.101000e-05	-2.439156e-06	-5.573531e-09	-1.848857e+01	-3.530147e+02
1.102000e-05	-2.448899e-06	-5.587246e-09	-1.856242e+01	-3.545343e+02
1.103000e-05	-2.458580e-06	-5.605353e-09	-1.863581e+01	-3.560315e+02
1.104000e-05	-2.468192e-06	-5.633949e-09	-1.870866e+01	-3.575083e+02
1.105000e-05	-2.477735e-06	-5.666988e-09	-1.878100e+01	-3.589664e+02
1.106000e-05	-2.487229e-06	-5.695460e-09	-1.885296e+01	-3.604076e+02
1.107000e-05	-2.496690e-06	-5.713517e-09	-1.892468e+01	-3.618332e+02
1.108000e-05	-2.506109e-06	-5.726361e-09	-1.899607e+01	-3.632446e+02
1.109000e-05	-2.515453e-06	-5.740580e-09	-1.906690e+01	-3.646428e+02
1.110000e-05	-2.524690e-06	-5.755337e-09	-1.913691e+01	-3.660289e+02
1.111000e-05	-2.533829e-06	-5.773304e-09	-1.920619e+01	-3.674035e+02
1.112000e-05	-2.542913e-06	-5.797231e-09	-1.927504e+01	-3.687672e+02
1.113000e-05	-2.551938e-06	-5.829565e-09	-1.934344e+01	-3.701204e+02
1.114000e-05	-2.560905e-06	-5.859109e-09	-1.941141e+01	-3.714635e+02
1.115000e-05	-2.569813e-06	-5.878581e-09	-1.947894e+01	-3.727968e+02
1.116000e-05	-2.578644e-06	-5.892298e-09	-1.954587e+01	-3.741207e+02
1.117000e-05	-2.587406e-06	-5.903615e-09	-1.961229e+01	-3.754355e+02
1.118000e-05	-2.596111e-06	-5.916912e-09	-1.967827e+01	-3.767417e+02
1.119000e-05	-2.604769e-06	-5.928340e-09	-1.974390e+01	-3.780398e+02
1.120000e-05	-2.613380e-06	-5.944640e-09	-1.980917e+01	-3.793306e+02
1.121000e-05	-2.621914e-06	-5.968827e-09	-1.987386e+01	-3.806147e+02
1.122000e-05	-2.630354e-06	-5.993193e-09	-1.993784e+01	-3.818933e+02
1.123000e-05	-2.638707e-06	-6.014377e-09	-2.000115e+01	-3.831674e+02
1.124000e-05	-2.646994e-06	-6.030848e-09	-2.006396e+01	-3.844382e+02
1.125000e-05	-2.655232e-06	-6.046813e-09	-2.012641e+01	-3.857070e+02
1.126000e-05	-2.663408e-06	-6.063183e-09	-2.018838e+01	-3.869750e+02
1.127000e-05	-2.671517e-06	-6.079345e-09	-2.024985e+01	-3.882435e+02
1.128000e-05	-2.679567e-06	-6.093174e-09	-2.031087e+01	-3.895136e+02
1.129000e-05	-2.687550e-06	-6.108691e-09	-2.037138e+01	-3.907863e+02
1.130000e-05	-2.695461e-06	-6.133389e-09	-2.043134e+01	-3.920623e+02
1.131000e-05	-2.703326e-06	-6.162729e-09	-2.049096e+01	-3.933422e+02
1.132000e-05	-2.711147e-06	-6.189264e-09	-2.055024e+01	-3.946261e+02
1.133000e-05	-2.718876e-06	-6.209481e-09	-2.060882e+01	-3.959139e+02
1.134000e-05	-2.726484e-06	-6.227747e-09	-2.066649e+01	-3.972049e+02
1.135000e-05	-2.734004e-06	-6.242406e-09	-2.072349e+01	-3.984984e+02
1.136000e-05	-2.741454e-06	-6.253990e-09	-2.077996e+01	-3.997930e+02
1.137000e-05	-2.748825e-06	-6.267963e-09	-2.083583e+01	-4.010870e+02
1.138000e-05	-2.756131e-06	-6.287271e-09	-2.089121e+01	-4.023787e+02
1.139000e-05	-2.763382e-06	-6.311018e-09	-2.094618e+01	-4.036656e+02
1.140000e-05	-2.770559e-06	-6.334095e-09	-2.100057e+01	-4.049455e+02
1.141000e-05	-2.777663e-06	-6.356983e-09	-2.105442e+01	-4.062159e+02
1.142000e-05	-2.784719e-06	-6.376950e-09	-2.110791e+01	-4.074743e+02
1.143000e-05	-2.791719e-06	-6.393231e-09	-2.116096e+01	-4.087180e+02
1.144000e-05	-2.798637e-06	-6.404420e-09	-2.121340e+01	-4.099449e+02
1.145000e-05	-2.805447e-06	-6.415674e-09	-2.126502e+01	-4.111525e+02
1.146000e-05	-2.812166e-06	-6.433884e-09	-2.131595e+01	-4.123391e+02
1.147000e-05	-2.818816e-06	-6.452818e-09	-2.136636e+01	-4.135028e+02
1.148000e-05	-2.825401e-06	-6.470262e-09	-2.141627e+01	-4.146424e+02
1.149000e-05	-2.831921e-06	-6.485508e-09	-2.146569e+01	-4.157567e+02
1.150000e-05	-2.838384e-06	-6.499207e-09	-2.151468e+01	-4.168452e+02
1.151000e-05	-2.844784e-06	-6.513829e-09	-2.156320e+01	-4.179074e+02
1.152000e-05	-2.851104e-06	-6.526903e-09	-2.161110e+01	-4.189433e+02
1.153000e-05	-2.857365e-06	-6.537870e-09	-2.165856e+01	-4.199530e+02
1.154000e-05	-2.863566e-06	-6.550885e-09	-2.170556e+01	-4.209370e+02
1.155000e-05	-2.869675e-06	-6.564214e-09	-2.175186e+01	-4.218956e+02
1.156000e-05	-2.875697e-06	-6.576025e-09	-2.179751e+01	-4.228296e+02
1.157000e-05	-2.881631e-06	-6.587815e-09	-2.184249e+01	-4.237395e+02
1.158000e-05	-2.887493e-06	-6.596044e-09	-2.188693e+01	-4.246258e+02
1.159000e-05	-2.893302e-06	-6.607507e-09	-2.193095e+01	-4.254890e+02
1.160000e-05	-2.899036e-06	-6.622372e-09	-2.197442e+01	-4.263296e+02
1.161000e-05	-2.904700e-06	-6.638858e-09	-2.201735e+01	-4.271477e+02
1.162000e-05	-2.910299e-06	-6.654537e-09	-2.205979e+01	-4.279434e+02
1.163000e-05	-2.915829e-06	-6.663742e-09	-2.210171e+01	-4.287166e+02
1.164000e-05	-2.921301e-06	-6.670722e-09	-2.214319e+01	-4.294671e+02
1.165000e-05	-2.926709e-06	-6.676175e-09	-2.218418e+01	-4.301947e+02
1.166000e-05	-2.932014e-06	-6.682837e-09	-2.222439e+01	-4.308989e+02
1.167000e-05	-2.937208e-06	-6.688727e-09	-2.226376e+01	-4.315796e+02
1.168000e-05	-2.942301e-06	-6.696242e-09	-2.230237e+01	-4.322363e+02
1.169000e-05	-2.947318e-06	-6.704690e-09	-2.234039e+01	-4.328691e+02
1.170000e-05	-2.952270e-06	-6.709318e-09	-2.237793e+01	-4.334779e+02
1.171000e-05	-2.957143e-06	-6.712643e-09	-2.241486e+01	-4.340631e+02
1.172000e-05	-2.961921e-06	-6.715760e-09	-2.245108e+01	-4.346252e+02
1.173000e-05	-2.966584e-06	-6.721252e-09	-2.248643e+01	-4.351652e+02
1.174000e-05	-2.971153e-06	-6.727154e-09	-2.252106e+01	-4.356842e+02
1.175000e-05	-2.975648e-06	-6.736266e-09	-2.255513e+01	-4.361837e+02
1.176000e-05	-2.980076e-06	-6.747593e-09	-2.258870e+01	-4.366655e+02
1.177000e-05	-2.984439e-06	-6.754612e-09	-2.262176e+01	-4.371315e+02
1.178000e-05	-2.988740e-06	-6.759967e-09	-2.265436e+01	-4.375840e+02
1.179000e-05	-2.993000e-06	-6.763322e-09	-2.268666e+01	-4.380254e+02
1.180000e-05	-2.997198e-06	-6.766710e-09	-2.271847e+01	-4.384580e+02
1.181000e-05	-3.001317e-06	-6.769119e-09	-2.274970e+01	-4.388841e+02
1.182000e-05	-3.005375e-06	-6.771398e-09	-2.278046e+01	-4.393060e+02
1.183000e-05	-3.009359e-06	-6.776690e-09	-2.281066e+01	-4.397259e+02
1.184000e-05	-3.013261e-06	-6.783593e-09	-2.284023e+01	-4.401454e+02
1.185000e-05	-3.017106e-06	-6.791758e-09	-2.286938e+01	-4.405661e+02
1.186000e-05	-3.020879e-06	-6.794377e-09	-2.289798e+01	-4.409892e+02
1.187000e-05	-3.024533e-06	-6.795445e-09	-2.292567e+01	-4.414155e+02
1.188000e-05	-3.028086e-06	-6.798441e-09	-2.295260e+01	-4.418454e+02
1.189000e-05	-3.031575e-06	-6.800440e-09	-2.297905e+01	-4.422790e+02
1.190000e-05	-3.035010e-06	-6.800857e-09	-2.300509e+01	-4.427161e+02
1.191000e-05	-3.038373e-06	-6.803202e-09	-2.303058e+01	-4.431561e+02
1.192000e-05	-3.041663e-06	-6.812816e-09	-2.305552e+01	-4.435982e+02
1.193000e-05	-3.044877e-06	-6.825753e-09	-2.307988e+01	-4.440416e+02
1.194000e-05	-3.048007e-06	-6.836332e-09	-2.310360e+01	-4.444853e+02
1.195000e-05	-3.051076e-06	-6.840549e-09	-2.312687e+01	-4.449283e+02
1.196000e-05	-3.054076e-06	-6.843237e-09	-2.314960e+01	-4.453697e+02
1.197000e-05	-3.056978e-06	-6.848203e-09	-2.317160e+01	-4.458087e+02
1.198000e-05	-3.059771e-06	-6.850544e-09	-2.319277e+01	-4.462446e+02
1.199000e-05	-3.062470e-06	-6.850351e-09	-2.321323e+01	-4.466771e+02
1.200000e-05	-3.065109e-06	-6.851174e-09	-2.323324e+01	-4.471059e+02
1.201000e-05	-3.067694e-06	-6.858207e-09	-2.325283e+01	-4.475311e+02
1.202000e-05	-3.070201e-06	-6.868104e-09	-2.327183e+01	-4.479529e+02
1.203000e-05	-3.072617e-06	-6.872877e-09	-2.329014e+01	-4.483716e+02
1.204000e-05	-3.074946e-06	-6.878947e-09	-2.330780e+01	-4.487875e+02
1.205000e-05	-3.077213e-06	-6.887336e-09	-2.332498e+01	-4.492013e+02
1.206000e-05	-3.079449e-06	-6.891395e-09	-2.334193e+01	-4.496132e+02
1.207000e-05	-3.081605e-06	-6.890136e-09	-2.335827e+01	-4.500234e+02
1.208000e-05	-3.083637e-06	-6.888894e-09	-2.337368e+01	-4.504319e+02
1.209000e-05	-3.085564e-06	-6.891704e-09	-2.338828e+01	-4.508383e+02
1.210000e-05	-3.087418e-06	-6.897068e-09	-2.340233e+01	-4.512420e+02
1.211000e-05	-3.089208e-06	-6.905121e-09	-2.341591e+01	-4.516418e+02
1.212000e-05	-3.090939e-06	-6.909992e-09	-2.342902e+01	-4.520361e+02
1.213000e-05	-3.092611e-06	-6.912010e-09	-2.344170e+01	-4.524228e+02
1.214000e-05	-3.094190e-06	-6.913471e-09	-2.345366e+01	-4.527996e+02
1.215000e-05	-3.095686e-06	-6.915492e-09	-2.346501e+01	-4.531637e+02
1.216000e-05	-3.097125e-06	-6.918286e-09	-2.347592e+01	-4.535119e+02
1.217000e-05	-3.098468e-06	-6.918397e-09	-2.348610e+01	-4.538409e+02
1.218000e-05	-3.099705e-06	-6.922706e-09	-2.349547e+01	-4.541474e+02
1.219000e-05	-3.100838e-06	-6.930014e-09	-2.350406e+01	-4.544281e+02
1.220000e-05	-3.101884e-06	-6.931380e-09	-2.351199e+01	-4.546798e+02
1.221000e-05	-3.102858e-06	-6.928606e-09	-2.351937e+01	-4.548997e+02
1.222000e-05	-3.103755e-06	-6.928164e-09	-2.352617e+01	-4.550853e+02
1.223000e-05	-3.104587e-06	-6.932603e-09	-2.353247e+01	-4.552348e+02
1.224000e-05	-3.105336e-06	-6.936631e-09	-2.353815e+01	-4.553469e+02
1.225000e-05	-3.106009e-06	-6.936977e-09	-2.354326e+01	-4.554212e+02
1.226000e-05	-3.106629e-06	-6.938004e-09	-2.354795e+01	-4.554578e+02
1.227000e-05	-3.107154e-06	-6.941441e-09	-2.355193e+01	-4.554578e+02
1.228000e-05	-3.107563e-06	-6.952368e-09	-2.355503e+01	-4.554229e+02
1.229000e-05	-3.107878e-06	-6.974206e-09	-2.355742e+01	-4.553555e+02
1.230000e-05	-3.108122e-06	-6.962082e-09	-2.355927e+01	-4.552587e+02
1.231000e-05	-3.108281e-06	-6.873243e-09	-2.356047e+01	-4.551359e+02
1.232000e-05	-3.108299e-06	-6.813979e-09	-2.356061e+01	-4.549912e+02
