# Temperatura_=_20.0
# Concentracion g/m^3_=_10000.0
# C_Vs_to_Am_M_A/Vsm_=_65563218390.804596
# pendiente_HvsI_1/m_=_3716.3
# ordenada_HvsI_A/m_=_1297.0
# frecuencia_Hz_=_81161.15928198937

Tiempo_(s)	Campo_(V.s)	Magnetizacion_(V.s)	Campo_(kA/m)	Magnetizacion_(A/m)
0.000000e+00	-3.109162e-06	-7.040754e-09	-2.355989e+01	-4.552959e+02
1.000000e-08	-3.109162e-06	-7.024042e-09	-2.355989e+01	-4.553534e+02
2.000000e-08	-3.109279e-06	-6.938548e-09	-2.356078e+01	-4.554128e+02
3.000000e-08	-3.109309e-06	-7.009503e-09	-2.356101e+01	-4.554745e+02
4.000000e-08	-3.109157e-06	-7.008820e-09	-2.355986e+01	-4.555389e+02
5.000000e-08	-3.108856e-06	-6.960172e-09	-2.355757e+01	-4.556059e+02
6.000000e-08	-3.108449e-06	-7.024437e-09	-2.355449e+01	-4.556754e+02
7.000000e-08	-3.107931e-06	-7.010474e-09	-2.355056e+01	-4.557467e+02
8.000000e-08	-3.107306e-06	-7.013536e-09	-2.354583e+01	-4.558192e+02
9.000000e-08	-3.106602e-06	-6.985313e-09	-2.354049e+01	-4.558921e+02
1.000000e-07	-3.105839e-06	-6.997707e-09	-2.353471e+01	-4.559641e+02
1.100000e-07	-3.105099e-06	-7.023932e-09	-2.352910e+01	-4.560340e+02
1.200000e-07	-3.104267e-06	-6.981046e-09	-2.352280e+01	-4.561005e+02
1.300000e-07	-3.103347e-06	-7.007270e-09	-2.351583e+01	-4.561621e+02
1.400000e-07	-3.102331e-06	-7.009946e-09	-2.350813e+01	-4.562175e+02
1.500000e-07	-3.101234e-06	-7.026892e-09	-2.349981e+01	-4.562651e+02
1.600000e-07	-3.100051e-06	-6.996108e-09	-2.349085e+01	-4.563037e+02
1.700000e-07	-3.098742e-06	-6.993785e-09	-2.348093e+01	-4.563321e+02
1.800000e-07	-3.097407e-06	-7.026805e-09	-2.347082e+01	-4.563492e+02
1.900000e-07	-3.095979e-06	-6.990250e-09	-2.346000e+01	-4.563542e+02
2.000000e-07	-3.094418e-06	-6.998089e-09	-2.344817e+01	-4.563465e+02
2.100000e-07	-3.092704e-06	-6.980517e-09	-2.343518e+01	-4.563257e+02
2.200000e-07	-3.090929e-06	-7.009203e-09	-2.342173e+01	-4.562916e+02
2.300000e-07	-3.089127e-06	-7.012765e-09	-2.340808e+01	-4.562442e+02
2.400000e-07	-3.087219e-06	-6.995035e-09	-2.339362e+01	-4.561840e+02
2.500000e-07	-3.085248e-06	-6.997543e-09	-2.337868e+01	-4.561113e+02
2.600000e-07	-3.083203e-06	-6.978113e-09	-2.336319e+01	-4.560268e+02
2.700000e-07	-3.081085e-06	-7.006885e-09	-2.334714e+01	-4.559311e+02
2.800000e-07	-3.078874e-06	-6.985775e-09	-2.333038e+01	-4.558252e+02
2.900000e-07	-3.076581e-06	-6.980025e-09	-2.331301e+01	-4.557097e+02
3.000000e-07	-3.074244e-06	-6.970465e-09	-2.329530e+01	-4.555853e+02
3.100000e-07	-3.071826e-06	-6.968910e-09	-2.327697e+01	-4.554529e+02
3.200000e-07	-3.069356e-06	-6.982843e-09	-2.325825e+01	-4.553129e+02
3.300000e-07	-3.066828e-06	-6.957361e-09	-2.323911e+01	-4.551657e+02
3.400000e-07	-3.064240e-06	-6.963643e-09	-2.321949e+01	-4.550116e+02
3.500000e-07	-3.061515e-06	-6.947655e-09	-2.319885e+01	-4.548505e+02
3.600000e-07	-3.058643e-06	-6.956387e-09	-2.317708e+01	-4.546823e+02
3.700000e-07	-3.055706e-06	-6.953734e-09	-2.315483e+01	-4.545065e+02
3.800000e-07	-3.052694e-06	-6.936628e-09	-2.313200e+01	-4.543227e+02
3.900000e-07	-3.049618e-06	-6.937859e-09	-2.310869e+01	-4.541301e+02
4.000000e-07	-3.046456e-06	-6.926178e-09	-2.308473e+01	-4.539280e+02
4.100000e-07	-3.043242e-06	-6.944134e-09	-2.306038e+01	-4.537155e+02
4.200000e-07	-3.039988e-06	-6.921225e-09	-2.303572e+01	-4.534916e+02
4.300000e-07	-3.036654e-06	-6.906474e-09	-2.301046e+01	-4.532557e+02
4.400000e-07	-3.033241e-06	-6.904623e-09	-2.298459e+01	-4.530068e+02
4.500000e-07	-3.029743e-06	-6.905067e-09	-2.295809e+01	-4.527445e+02
4.600000e-07	-3.026151e-06	-6.915980e-09	-2.293087e+01	-4.524681e+02
4.700000e-07	-3.022446e-06	-6.895593e-09	-2.290280e+01	-4.521775e+02
4.800000e-07	-3.018674e-06	-6.899783e-09	-2.287421e+01	-4.518725e+02
4.900000e-07	-3.014839e-06	-6.889429e-09	-2.284515e+01	-4.515535e+02
5.000000e-07	-3.010927e-06	-6.879266e-09	-2.281551e+01	-4.512207e+02
5.100000e-07	-3.006931e-06	-6.856132e-09	-2.278522e+01	-4.508749e+02
5.200000e-07	-3.002856e-06	-6.833580e-09	-2.275435e+01	-4.505168e+02
5.300000e-07	-2.998737e-06	-6.844818e-09	-2.272314e+01	-4.501475e+02
5.400000e-07	-2.994517e-06	-6.844100e-09	-2.269116e+01	-4.497681e+02
5.500000e-07	-2.990176e-06	-6.854004e-09	-2.265827e+01	-4.493799e+02
5.600000e-07	-2.985736e-06	-6.841852e-09	-2.262462e+01	-4.489842e+02
5.700000e-07	-2.981224e-06	-6.837993e-09	-2.259043e+01	-4.485823e+02
5.800000e-07	-2.976665e-06	-6.833214e-09	-2.255589e+01	-4.481753e+02
5.900000e-07	-2.972028e-06	-6.811286e-09	-2.252075e+01	-4.477646e+02
6.000000e-07	-2.967313e-06	-6.797488e-09	-2.248502e+01	-4.473511e+02
6.100000e-07	-2.962527e-06	-6.776113e-09	-2.244875e+01	-4.469356e+02
6.200000e-07	-2.957682e-06	-6.780124e-09	-2.241204e+01	-4.465191e+02
6.300000e-07	-2.952769e-06	-6.775756e-09	-2.237481e+01	-4.461019e+02
6.400000e-07	-2.947738e-06	-6.775349e-09	-2.233669e+01	-4.456845e+02
6.500000e-07	-2.942578e-06	-6.776809e-09	-2.229759e+01	-4.452670e+02
6.600000e-07	-2.937314e-06	-6.771327e-09	-2.225770e+01	-4.448495e+02
6.700000e-07	-2.931975e-06	-6.773074e-09	-2.221725e+01	-4.444319e+02
6.800000e-07	-2.926544e-06	-6.752413e-09	-2.217609e+01	-4.440139e+02
6.900000e-07	-2.921027e-06	-6.739960e-09	-2.213428e+01	-4.435953e+02
7.000000e-07	-2.915437e-06	-6.724190e-09	-2.209192e+01	-4.431758e+02
7.100000e-07	-2.909786e-06	-6.718603e-09	-2.204911e+01	-4.427549e+02
7.200000e-07	-2.904095e-06	-6.717918e-09	-2.200598e+01	-4.423323e+02
7.300000e-07	-2.898333e-06	-6.707247e-09	-2.196232e+01	-4.419077e+02
7.400000e-07	-2.892495e-06	-6.705474e-09	-2.191808e+01	-4.414809e+02
7.500000e-07	-2.886544e-06	-6.691684e-09	-2.187299e+01	-4.410516e+02
7.600000e-07	-2.880487e-06	-6.689343e-09	-2.182709e+01	-4.406197e+02
7.700000e-07	-2.874366e-06	-6.680653e-09	-2.178071e+01	-4.401850e+02
7.800000e-07	-2.868167e-06	-6.674892e-09	-2.173374e+01	-4.397477e+02
7.900000e-07	-2.861908e-06	-6.672300e-09	-2.168631e+01	-4.393075e+02
8.000000e-07	-2.855588e-06	-6.657786e-09	-2.163842e+01	-4.388646e+02
8.100000e-07	-2.849200e-06	-6.649484e-09	-2.159001e+01	-4.384188e+02
8.200000e-07	-2.842749e-06	-6.627000e-09	-2.154113e+01	-4.379702e+02
8.300000e-07	-2.836243e-06	-6.615522e-09	-2.149183e+01	-4.375185e+02
8.400000e-07	-2.829660e-06	-6.611440e-09	-2.144194e+01	-4.370636e+02
8.500000e-07	-2.822978e-06	-6.613363e-09	-2.139131e+01	-4.366052e+02
8.600000e-07	-2.816200e-06	-6.619191e-09	-2.133995e+01	-4.361428e+02
8.700000e-07	-2.809335e-06	-6.612639e-09	-2.128793e+01	-4.356758e+02
8.800000e-07	-2.802429e-06	-6.605392e-09	-2.123560e+01	-4.352037e+02
8.900000e-07	-2.795466e-06	-6.585844e-09	-2.118284e+01	-4.347256e+02
9.000000e-07	-2.788424e-06	-6.569004e-09	-2.112948e+01	-4.342407e+02
9.100000e-07	-2.781307e-06	-6.552382e-09	-2.107555e+01	-4.337482e+02
9.200000e-07	-2.774109e-06	-6.543724e-09	-2.102100e+01	-4.332471e+02
9.300000e-07	-2.766860e-06	-6.543182e-09	-2.096607e+01	-4.327365e+02
9.400000e-07	-2.759566e-06	-6.537019e-09	-2.091081e+01	-4.322154e+02
9.500000e-07	-2.752218e-06	-6.535020e-09	-2.085513e+01	-4.316831e+02
9.600000e-07	-2.744770e-06	-6.523028e-09	-2.079869e+01	-4.311389e+02
9.700000e-07	-2.737216e-06	-6.514093e-09	-2.074144e+01	-4.305821e+02
9.800000e-07	-2.729582e-06	-6.502443e-09	-2.068360e+01	-4.300124e+02
9.900000e-07	-2.721870e-06	-6.486648e-09	-2.062516e+01	-4.294293e+02
1.000000e-06	-2.714093e-06	-6.470084e-09	-2.056623e+01	-4.288328e+02
1.010000e-06	-2.706241e-06	-6.449520e-09	-2.050673e+01	-4.282229e+02
1.020000e-06	-2.698332e-06	-6.440257e-09	-2.044680e+01	-4.275997e+02
1.030000e-06	-2.690321e-06	-6.428866e-09	-2.038609e+01	-4.269636e+02
1.040000e-06	-2.682188e-06	-6.421557e-09	-2.032447e+01	-4.263149e+02
1.050000e-06	-2.673987e-06	-6.414348e-09	-2.026232e+01	-4.256542e+02
1.060000e-06	-2.665733e-06	-6.403884e-09	-2.019978e+01	-4.249818e+02
1.070000e-06	-2.657429e-06	-6.392630e-09	-2.013685e+01	-4.242985e+02
1.080000e-06	-2.649043e-06	-6.375857e-09	-2.007331e+01	-4.236046e+02
1.090000e-06	-2.640584e-06	-6.362013e-09	-2.000921e+01	-4.229005e+02
1.100000e-06	-2.632081e-06	-6.342828e-09	-1.994477e+01	-4.221867e+02
1.110000e-06	-2.623540e-06	-6.328063e-09	-1.988006e+01	-4.214635e+02
1.120000e-06	-2.614943e-06	-6.314402e-09	-1.981491e+01	-4.207309e+02
1.130000e-06	-2.606267e-06	-6.299864e-09	-1.974917e+01	-4.199890e+02
1.140000e-06	-2.597527e-06	-6.289731e-09	-1.968294e+01	-4.192378e+02
1.150000e-06	-2.588732e-06	-6.277239e-09	-1.961630e+01	-4.184771e+02
1.160000e-06	-2.579878e-06	-6.267786e-09	-1.954920e+01	-4.177066e+02
1.170000e-06	-2.570968e-06	-6.254523e-09	-1.948169e+01	-4.169262e+02
1.180000e-06	-2.562009e-06	-6.242378e-09	-1.941380e+01	-4.161355e+02
1.190000e-06	-2.552981e-06	-6.225583e-09	-1.934539e+01	-4.153343e+02
1.200000e-06	-2.543835e-06	-6.203375e-09	-1.927609e+01	-4.145224e+02
1.210000e-06	-2.534597e-06	-6.182930e-09	-1.920608e+01	-4.136997e+02
1.220000e-06	-2.525308e-06	-6.160773e-09	-1.913570e+01	-4.128662e+02
1.230000e-06	-2.515974e-06	-6.147309e-09	-1.906496e+01	-4.120220e+02
1.240000e-06	-2.506588e-06	-6.137715e-09	-1.899384e+01	-4.111675e+02
1.250000e-06	-2.497132e-06	-6.133449e-09	-1.892219e+01	-4.103031e+02
1.260000e-06	-2.487608e-06	-6.127321e-09	-1.885002e+01	-4.094295e+02
1.270000e-06	-2.478017e-06	-6.112243e-09	-1.877735e+01	-4.085475e+02
1.280000e-06	-2.468373e-06	-6.090893e-09	-1.870426e+01	-4.076580e+02
1.290000e-06	-2.458686e-06	-6.064994e-09	-1.863086e+01	-4.067619e+02
1.300000e-06	-2.448947e-06	-6.043644e-09	-1.855707e+01	-4.058606e+02
1.310000e-06	-2.439128e-06	-6.022960e-09	-1.848266e+01	-4.049550e+02
1.320000e-06	-2.429219e-06	-6.008657e-09	-1.840757e+01	-4.040463e+02
1.330000e-06	-2.419223e-06	-5.998115e-09	-1.833183e+01	-4.031356e+02
1.340000e-06	-2.409152e-06	-5.986313e-09	-1.825552e+01	-4.022240e+02
1.350000e-06	-2.399031e-06	-5.976168e-09	-1.817882e+01	-4.013123e+02
1.360000e-06	-2.388865e-06	-5.961848e-09	-1.810179e+01	-4.004013e+02
1.370000e-06	-2.378642e-06	-5.946177e-09	-1.802432e+01	-3.994914e+02
1.380000e-06	-2.368350e-06	-5.932269e-09	-1.794634e+01	-3.985832e+02
1.390000e-06	-2.358002e-06	-5.920415e-09	-1.786792e+01	-3.976768e+02
1.400000e-06	-2.347589e-06	-5.907130e-09	-1.778902e+01	-3.967721e+02
1.410000e-06	-2.337118e-06	-5.886640e-09	-1.770968e+01	-3.958691e+02
1.420000e-06	-2.326617e-06	-5.864380e-09	-1.763010e+01	-3.949672e+02
1.430000e-06	-2.316059e-06	-5.843810e-09	-1.755010e+01	-3.940661e+02
1.440000e-06	-2.305432e-06	-5.832409e-09	-1.746957e+01	-3.931651e+02
1.450000e-06	-2.294730e-06	-5.830617e-09	-1.738848e+01	-3.922636e+02
1.460000e-06	-2.283932e-06	-5.829004e-09	-1.730665e+01	-3.913608e+02
1.470000e-06	-2.273060e-06	-5.823863e-09	-1.722427e+01	-3.904560e+02
1.480000e-06	-2.262145e-06	-5.813703e-09	-1.714156e+01	-3.895486e+02
1.490000e-06	-2.251195e-06	-5.796313e-09	-1.705859e+01	-3.886377e+02
1.500000e-06	-2.240205e-06	-5.768409e-09	-1.697531e+01	-3.877230e+02
1.510000e-06	-2.229163e-06	-5.740446e-09	-1.689163e+01	-3.868038e+02
1.520000e-06	-2.218068e-06	-5.720413e-09	-1.680756e+01	-3.858796e+02
1.530000e-06	-2.206919e-06	-5.707979e-09	-1.672308e+01	-3.849502e+02
1.540000e-06	-2.195705e-06	-5.701447e-09	-1.663811e+01	-3.840151e+02
1.550000e-06	-2.184439e-06	-5.695239e-09	-1.655274e+01	-3.830742e+02
1.560000e-06	-2.173140e-06	-5.686111e-09	-1.646712e+01	-3.821272e+02
1.570000e-06	-2.161793e-06	-5.672134e-09	-1.638114e+01	-3.811738e+02
1.580000e-06	-2.150367e-06	-5.652870e-09	-1.629455e+01	-3.802137e+02
1.590000e-06	-2.138842e-06	-5.629934e-09	-1.620723e+01	-3.792467e+02
1.600000e-06	-2.127223e-06	-5.609467e-09	-1.611918e+01	-3.782723e+02
1.610000e-06	-2.115547e-06	-5.592213e-09	-1.603071e+01	-3.772900e+02
1.620000e-06	-2.103837e-06	-5.574553e-09	-1.594197e+01	-3.762992e+02
1.630000e-06	-2.092076e-06	-5.559686e-09	-1.585285e+01	-3.752991e+02
1.640000e-06	-2.080266e-06	-5.549000e-09	-1.576336e+01	-3.742889e+02
1.650000e-06	-2.068401e-06	-5.540211e-09	-1.567345e+01	-3.732678e+02
1.660000e-06	-2.056479e-06	-5.530604e-09	-1.558311e+01	-3.722346e+02
1.670000e-06	-2.044504e-06	-5.517747e-09	-1.549237e+01	-3.711883e+02
1.680000e-06	-2.032471e-06	-5.498530e-09	-1.540119e+01	-3.701278e+02
1.690000e-06	-2.020393e-06	-5.472244e-09	-1.530967e+01	-3.690521e+02
1.700000e-06	-2.008288e-06	-5.445967e-09	-1.521794e+01	-3.679601e+02
1.710000e-06	-1.996148e-06	-5.422914e-09	-1.512595e+01	-3.668509e+02
1.720000e-06	-1.983952e-06	-5.405042e-09	-1.503354e+01	-3.657237e+02
1.730000e-06	-1.971682e-06	-5.389787e-09	-1.494056e+01	-3.645780e+02
1.740000e-06	-1.959320e-06	-5.374462e-09	-1.484688e+01	-3.634132e+02
1.750000e-06	-1.946882e-06	-5.360229e-09	-1.475264e+01	-3.622292e+02
1.760000e-06	-1.934402e-06	-5.341622e-09	-1.465807e+01	-3.610261e+02
1.770000e-06	-1.921888e-06	-5.320201e-09	-1.456324e+01	-3.598040e+02
1.780000e-06	-1.909344e-06	-5.296870e-09	-1.446818e+01	-3.585637e+02
1.790000e-06	-1.896761e-06	-5.272987e-09	-1.437284e+01	-3.573057e+02
1.800000e-06	-1.884130e-06	-5.248385e-09	-1.427713e+01	-3.560311e+02
1.810000e-06	-1.871443e-06	-5.223711e-09	-1.418099e+01	-3.547410e+02
1.820000e-06	-1.858710e-06	-5.200432e-09	-1.408451e+01	-3.534367e+02
1.830000e-06	-1.845939e-06	-5.180340e-09	-1.398773e+01	-3.521195e+02
1.840000e-06	-1.833119e-06	-5.164746e-09	-1.389059e+01	-3.507908e+02
1.850000e-06	-1.820263e-06	-5.151416e-09	-1.379317e+01	-3.494521e+02
1.860000e-06	-1.807379e-06	-5.137279e-09	-1.369554e+01	-3.481047e+02
1.870000e-06	-1.794444e-06	-5.118802e-09	-1.359752e+01	-3.467500e+02
1.880000e-06	-1.781453e-06	-5.092286e-09	-1.349909e+01	-3.453893e+02
1.890000e-06	-1.768413e-06	-5.064747e-09	-1.340027e+01	-3.440235e+02
1.900000e-06	-1.755309e-06	-5.040600e-09	-1.330097e+01	-3.426537e+02
1.910000e-06	-1.742133e-06	-5.016092e-09	-1.320114e+01	-3.412806e+02
1.920000e-06	-1.728897e-06	-4.993339e-09	-1.310084e+01	-3.399048e+02
1.930000e-06	-1.715628e-06	-4.974188e-09	-1.300029e+01	-3.385267e+02
1.940000e-06	-1.702332e-06	-4.956673e-09	-1.289954e+01	-3.371466e+02
1.950000e-06	-1.689000e-06	-4.936028e-09	-1.279851e+01	-3.357646e+02
1.960000e-06	-1.675630e-06	-4.911766e-09	-1.269720e+01	-3.343806e+02
1.970000e-06	-1.662215e-06	-4.887828e-09	-1.259555e+01	-3.329945e+02
1.980000e-06	-1.648757e-06	-4.864926e-09	-1.249357e+01	-3.316061e+02
1.990000e-06	-1.635260e-06	-4.843493e-09	-1.239130e+01	-3.302150e+02
2.000000e-06	-1.621715e-06	-4.823897e-09	-1.228866e+01	-3.288209e+02
2.010000e-06	-1.608138e-06	-4.801752e-09	-1.218578e+01	-3.274234e+02
2.020000e-06	-1.594524e-06	-4.778248e-09	-1.208262e+01	-3.260222e+02
2.030000e-06	-1.580865e-06	-4.754676e-09	-1.197911e+01	-3.246167e+02
2.040000e-06	-1.567176e-06	-4.733995e-09	-1.187539e+01	-3.232068e+02
2.050000e-06	-1.553463e-06	-4.715627e-09	-1.177147e+01	-3.217919e+02
2.060000e-06	-1.539722e-06	-4.698295e-09	-1.166735e+01	-3.203718e+02
2.070000e-06	-1.525949e-06	-4.681445e-09	-1.156299e+01	-3.189462e+02
2.080000e-06	-1.512121e-06	-4.661927e-09	-1.145821e+01	-3.175147e+02
2.090000e-06	-1.498218e-06	-4.642017e-09	-1.135285e+01	-3.160772e+02
2.100000e-06	-1.484244e-06	-4.620538e-09	-1.124696e+01	-3.146333e+02
2.110000e-06	-1.470212e-06	-4.594264e-09	-1.114064e+01	-3.131828e+02
2.120000e-06	-1.456147e-06	-4.566114e-09	-1.103406e+01	-3.117255e+02
2.130000e-06	-1.442059e-06	-4.540690e-09	-1.092730e+01	-3.102611e+02
2.140000e-06	-1.427932e-06	-4.519690e-09	-1.082026e+01	-3.087894e+02
2.150000e-06	-1.413765e-06	-4.501004e-09	-1.071290e+01	-3.073102e+02
2.160000e-06	-1.399565e-06	-4.483182e-09	-1.060530e+01	-3.058234e+02
2.170000e-06	-1.385328e-06	-4.465344e-09	-1.049742e+01	-3.043288e+02
2.180000e-06	-1.371049e-06	-4.445615e-09	-1.038922e+01	-3.028262e+02
2.190000e-06	-1.356731e-06	-4.423255e-09	-1.028072e+01	-3.013156e+02
2.200000e-06	-1.342391e-06	-4.397918e-09	-1.017206e+01	-2.997969e+02
2.210000e-06	-1.328015e-06	-4.370361e-09	-1.006312e+01	-2.982702e+02
2.220000e-06	-1.313590e-06	-4.343410e-09	-9.953822e+00	-2.967355e+02
2.230000e-06	-1.299119e-06	-4.319535e-09	-9.844165e+00	-2.951929e+02
2.240000e-06	-1.284592e-06	-4.299327e-09	-9.734089e+00	-2.936427e+02
2.250000e-06	-1.270025e-06	-4.282132e-09	-9.623702e+00	-2.920850e+02
2.260000e-06	-1.255432e-06	-4.265760e-09	-9.513127e+00	-2.905201e+02
2.270000e-06	-1.240812e-06	-4.245416e-09	-9.402339e+00	-2.889481e+02
2.280000e-06	-1.226166e-06	-4.221691e-09	-9.291357e+00	-2.873693e+02
2.290000e-06	-1.211508e-06	-4.196949e-09	-9.180288e+00	-2.857838e+02
2.300000e-06	-1.196815e-06	-4.170621e-09	-9.068948e+00	-2.841918e+02
2.310000e-06	-1.182082e-06	-4.142773e-09	-8.957307e+00	-2.825932e+02
2.320000e-06	-1.167318e-06	-4.116006e-09	-8.845430e+00	-2.809880e+02
2.330000e-06	-1.152526e-06	-4.093605e-09	-8.733345e+00	-2.793759e+02
2.340000e-06	-1.137713e-06	-4.075004e-09	-8.621101e+00	-2.777565e+02
2.350000e-06	-1.122866e-06	-4.054235e-09	-8.508596e+00	-2.761293e+02
2.360000e-06	-1.107989e-06	-4.031937e-09	-8.395863e+00	-2.744936e+02
2.370000e-06	-1.093101e-06	-4.012672e-09	-8.283047e+00	-2.728485e+02
2.380000e-06	-1.078203e-06	-3.992766e-09	-8.170156e+00	-2.711931e+02
2.390000e-06	-1.063286e-06	-3.967066e-09	-8.057123e+00	-2.695264e+02
2.400000e-06	-1.048344e-06	-3.935169e-09	-7.943897e+00	-2.678471e+02
2.410000e-06	-1.033376e-06	-3.901906e-09	-7.830477e+00	-2.661540e+02
2.420000e-06	-1.018386e-06	-3.872393e-09	-7.716890e+00	-2.644461e+02
2.430000e-06	-1.003366e-06	-3.848794e-09	-7.603078e+00	-2.627222e+02
2.440000e-06	-9.883134e-07	-3.828943e-09	-7.489014e+00	-2.609812e+02
2.450000e-06	-9.732345e-07	-3.806342e-09	-7.374752e+00	-2.592222e+02
2.460000e-06	-9.581346e-07	-3.780592e-09	-7.260331e+00	-2.574447e+02
2.470000e-06	-9.430161e-07	-3.753605e-09	-7.145770e+00	-2.556480e+02
2.480000e-06	-9.278821e-07	-3.724925e-09	-7.031091e+00	-2.538321e+02
2.490000e-06	-9.127386e-07	-3.695768e-09	-6.916340e+00	-2.519969e+02
2.500000e-06	-8.975677e-07	-3.666436e-09	-6.801382e+00	-2.501428e+02
2.510000e-06	-8.823602e-07	-3.638031e-09	-6.686146e+00	-2.482704e+02
2.520000e-06	-8.671287e-07	-3.611129e-09	-6.570728e+00	-2.463807e+02
2.530000e-06	-8.518717e-07	-3.585127e-09	-6.455117e+00	-2.444747e+02
2.540000e-06	-8.365919e-07	-3.559520e-09	-6.339333e+00	-2.425537e+02
2.550000e-06	-8.212963e-07	-3.536200e-09	-6.223430e+00	-2.406192e+02
2.560000e-06	-8.059827e-07	-3.511577e-09	-6.107390e+00	-2.386729e+02
2.570000e-06	-7.906574e-07	-3.482159e-09	-5.991261e+00	-2.367163e+02
2.580000e-06	-7.753081e-07	-3.451721e-09	-5.874951e+00	-2.347511e+02
2.590000e-06	-7.599329e-07	-3.420693e-09	-5.758444e+00	-2.327787e+02
2.600000e-06	-7.445306e-07	-3.388102e-09	-5.641732e+00	-2.308007e+02
2.610000e-06	-7.290966e-07	-3.355047e-09	-5.524780e+00	-2.288183e+02
2.620000e-06	-7.136405e-07	-3.321829e-09	-5.407661e+00	-2.268325e+02
2.630000e-06	-6.981629e-07	-3.290024e-09	-5.290378e+00	-2.248441e+02
2.640000e-06	-6.826483e-07	-3.262805e-09	-5.172815e+00	-2.228535e+02
2.650000e-06	-6.671041e-07	-3.237170e-09	-5.055028e+00	-2.208610e+02
2.660000e-06	-6.515373e-07	-3.210176e-09	-4.937069e+00	-2.188667e+02
2.670000e-06	-6.359311e-07	-3.185672e-09	-4.818812e+00	-2.168700e+02
2.680000e-06	-6.203023e-07	-3.162537e-09	-4.700383e+00	-2.148706e+02
2.690000e-06	-6.046616e-07	-3.135069e-09	-4.581865e+00	-2.128676e+02
2.700000e-06	-5.890080e-07	-3.102788e-09	-4.463249e+00	-2.108602e+02
2.710000e-06	-5.733369e-07	-3.068475e-09	-4.344500e+00	-2.088473e+02
2.720000e-06	-5.576488e-07	-3.033926e-09	-4.225623e+00	-2.068279e+02
2.730000e-06	-5.419634e-07	-3.002447e-09	-4.106765e+00	-2.048008e+02
2.740000e-06	-5.262708e-07	-2.974048e-09	-3.987854e+00	-2.027652e+02
2.750000e-06	-5.105596e-07	-2.946307e-09	-3.868800e+00	-2.007199e+02
2.760000e-06	-4.948463e-07	-2.921558e-09	-3.749732e+00	-1.986642e+02
2.770000e-06	-4.791287e-07	-2.898080e-09	-3.630631e+00	-1.965974e+02
2.780000e-06	-4.634002e-07	-2.868198e-09	-3.511447e+00	-1.945189e+02
2.790000e-06	-4.476581e-07	-2.836577e-09	-3.392160e+00	-1.924284e+02
2.800000e-06	-4.319040e-07	-2.806464e-09	-3.272782e+00	-1.903257e+02
2.810000e-06	-4.161446e-07	-2.775882e-09	-3.153364e+00	-1.882109e+02
2.820000e-06	-4.003746e-07	-2.743081e-09	-3.033866e+00	-1.860840e+02
2.830000e-06	-3.845894e-07	-2.707351e-09	-2.914253e+00	-1.839454e+02
2.840000e-06	-3.687976e-07	-2.673117e-09	-2.794589e+00	-1.817953e+02
2.850000e-06	-3.530123e-07	-2.643883e-09	-2.674975e+00	-1.796342e+02
2.860000e-06	-3.372164e-07	-2.619188e-09	-2.555281e+00	-1.774625e+02
2.870000e-06	-3.214099e-07	-2.596132e-09	-2.435506e+00	-1.752805e+02
2.880000e-06	-3.056063e-07	-2.570202e-09	-2.315753e+00	-1.730885e+02
2.890000e-06	-2.897974e-07	-2.539951e-09	-2.195960e+00	-1.708869e+02
2.900000e-06	-2.739829e-07	-2.505555e-09	-2.076124e+00	-1.686756e+02
2.910000e-06	-2.581609e-07	-2.464419e-09	-1.956232e+00	-1.664547e+02
2.920000e-06	-2.423252e-07	-2.422458e-09	-1.836236e+00	-1.642240e+02
2.930000e-06	-2.264813e-07	-2.386361e-09	-1.716178e+00	-1.619833e+02
2.940000e-06	-2.106272e-07	-2.358736e-09	-1.596042e+00	-1.597320e+02
2.950000e-06	-1.947656e-07	-2.333148e-09	-1.475850e+00	-1.574697e+02
2.960000e-06	-1.789067e-07	-2.306709e-09	-1.355678e+00	-1.551956e+02
2.970000e-06	-1.630534e-07	-2.281798e-09	-1.235549e+00	-1.529090e+02
2.980000e-06	-1.471971e-07	-2.251479e-09	-1.115396e+00	-1.506091e+02
2.990000e-06	-1.313419e-07	-2.215155e-09	-9.952526e-01	-1.482951e+02
3.000000e-06	-1.154804e-07	-2.174220e-09	-8.750608e-01	-1.459661e+02
3.010000e-06	-9.960430e-08	-2.134284e-09	-7.547585e-01	-1.436214e+02
3.020000e-06	-8.373224e-08	-2.099552e-09	-6.344869e-01	-1.412603e+02
3.030000e-06	-6.785610e-08	-2.067493e-09	-5.141843e-01	-1.388820e+02
3.040000e-06	-5.197149e-08	-2.035921e-09	-3.938176e-01	-1.364861e+02
3.050000e-06	-3.608514e-08	-2.004416e-09	-2.734377e-01	-1.340722e+02
3.060000e-06	-2.020214e-08	-1.977005e-09	-1.530831e-01	-1.316400e+02
3.070000e-06	-4.321334e-09	-1.950921e-09	-3.274521e-02	-1.291892e+02
3.080000e-06	1.155595e-08	-1.917701e-09	8.756603e-02	-1.267200e+02
3.090000e-06	2.743554e-08	-1.876377e-09	2.078947e-01	-1.242323e+02
3.100000e-06	4.331913e-08	-1.834797e-09	3.282537e-01	-1.217264e+02
3.110000e-06	5.919800e-08	-1.799334e-09	4.485770e-01	-1.192026e+02
3.120000e-06	7.507344e-08	-1.764357e-09	5.688742e-01	-1.166612e+02
3.130000e-06	9.093922e-08	-1.723489e-09	6.890982e-01	-1.141029e+02
3.140000e-06	1.068006e-07	-1.684162e-09	8.092889e-01	-1.115280e+02
3.150000e-06	1.226595e-07	-1.652615e-09	9.294611e-01	-1.089373e+02
3.160000e-06	1.385161e-07	-1.622125e-09	1.049615e+00	-1.063313e+02
3.170000e-06	1.543782e-07	-1.585012e-09	1.169811e+00	-1.037108e+02
3.180000e-06	1.702419e-07	-1.543618e-09	1.290020e+00	-1.010764e+02
3.190000e-06	1.861034e-07	-1.505050e-09	1.410211e+00	-9.842885e+01
3.200000e-06	2.019544e-07	-1.470271e-09	1.530324e+00	-9.576889e+01
3.210000e-06	2.177960e-07	-1.431976e-09	1.650365e+00	-9.309730e+01
3.220000e-06	2.336299e-07	-1.389079e-09	1.770347e+00	-9.041483e+01
3.230000e-06	2.494642e-07	-1.347910e-09	1.890332e+00	-8.772228e+01
3.240000e-06	2.652974e-07	-1.309326e-09	2.010310e+00	-8.502043e+01
3.250000e-06	2.811175e-07	-1.272390e-09	2.130188e+00	-8.231010e+01
3.260000e-06	2.969269e-07	-1.235039e-09	2.249984e+00	-7.959206e+01
3.270000e-06	3.127258e-07	-1.195763e-09	2.369702e+00	-7.686711e+01
3.280000e-06	3.285207e-07	-1.158549e-09	2.489389e+00	-7.413603e+01
3.290000e-06	3.443128e-07	-1.122759e-09	2.609054e+00	-7.139954e+01
3.300000e-06	3.600939e-07	-1.085242e-09	2.728636e+00	-6.865833e+01
3.310000e-06	3.758648e-07	-1.044667e-09	2.848141e+00	-6.591305e+01
3.320000e-06	3.916221e-07	-1.000330e-09	2.967543e+00	-6.316426e+01
3.330000e-06	4.073667e-07	-9.545123e-10	3.086849e+00	-6.041241e+01
3.340000e-06	4.231101e-07	-9.098151e-10	3.206146e+00	-5.765787e+01
3.350000e-06	4.388467e-07	-8.695447e-10	3.325392e+00	-5.490089e+01
3.360000e-06	4.545782e-07	-8.341430e-10	3.444598e+00	-5.214159e+01
3.370000e-06	4.703080e-07	-7.989509e-10	3.563792e+00	-4.937994e+01
3.380000e-06	4.860202e-07	-7.620896e-10	3.682852e+00	-4.661579e+01
3.390000e-06	5.017220e-07	-7.254011e-10	3.801833e+00	-4.384885e+01
3.400000e-06	5.174259e-07	-6.854886e-10	3.920831e+00	-4.107870e+01
3.410000e-06	5.331228e-07	-6.387267e-10	4.039775e+00	-3.830479e+01
3.420000e-06	5.488101e-07	-5.897610e-10	4.158646e+00	-3.552646e+01
3.430000e-06	5.644758e-07	-5.459325e-10	4.277355e+00	-3.274297e+01
3.440000e-06	5.801284e-07	-5.078197e-10	4.395963e+00	-2.995350e+01
3.450000e-06	5.957628e-07	-4.709510e-10	4.514434e+00	-2.715718e+01
3.460000e-06	6.113760e-07	-4.341971e-10	4.632744e+00	-2.435310e+01
3.470000e-06	6.269852e-07	-3.964615e-10	4.751024e+00	-2.154037e+01
3.480000e-06	6.425713e-07	-3.583709e-10	4.869129e+00	-1.871808e+01
3.490000e-06	6.581231e-07	-3.218631e-10	4.986974e+00	-1.588536e+01
3.500000e-06	6.736524e-07	-2.806008e-10	5.104648e+00	-1.304142e+01
3.510000e-06	6.891690e-07	-2.329381e-10	5.222226e+00	-1.018547e+01
3.520000e-06	7.046441e-07	-1.865320e-10	5.339490e+00	-7.316847e+00
3.530000e-06	7.200720e-07	-1.419077e-10	5.456396e+00	-4.434923e+00
3.540000e-06	7.354652e-07	-9.736114e-11	5.573039e+00	-1.539161e+00
3.550000e-06	7.508216e-07	-4.951715e-11	5.689403e+00	1.370905e+00
3.560000e-06	7.661520e-07	-3.036814e-12	5.805570e+00	4.295672e+00
3.570000e-06	7.814612e-07	3.755427e-11	5.921576e+00	7.235475e+00
3.580000e-06	7.967570e-07	7.709822e-11	6.037482e+00	1.019059e+01
3.590000e-06	8.120474e-07	1.173405e-10	6.153345e+00	1.316125e+01
3.600000e-06	8.273241e-07	1.562883e-10	6.269106e+00	1.614765e+01
3.610000e-06	8.425718e-07	1.971224e-10	6.384646e+00	1.914994e+01
3.620000e-06	8.577861e-07	2.459888e-10	6.499934e+00	2.216823e+01
3.630000e-06	8.729790e-07	3.013388e-10	6.615059e+00	2.520264e+01
3.640000e-06	8.881539e-07	3.576432e-10	6.730048e+00	2.825320e+01
3.650000e-06	9.033175e-07	4.075570e-10	6.844951e+00	3.131996e+01
3.660000e-06	9.184605e-07	4.467340e-10	6.959698e+00	3.440287e+01
3.670000e-06	9.335685e-07	4.797444e-10	7.074180e+00	3.750187e+01
3.680000e-06	9.486470e-07	5.144349e-10	7.188438e+00	4.061681e+01
3.690000e-06	9.637070e-07	5.568567e-10	7.302557e+00	4.374746e+01
3.700000e-06	9.787557e-07	6.063196e-10	7.416589e+00	4.689352e+01
3.710000e-06	9.937697e-07	6.590289e-10	7.530359e+00	5.005456e+01
3.720000e-06	1.008750e-06	7.115812e-10	7.643873e+00	5.323007e+01
3.730000e-06	1.023710e-06	7.624332e-10	7.757230e+00	5.641939e+01
3.740000e-06	1.038654e-06	8.085418e-10	7.870472e+00	5.962175e+01
3.750000e-06	1.053579e-06	8.499979e-10	7.983567e+00	6.283628e+01
3.760000e-06	1.068482e-06	8.946706e-10	8.096497e+00	6.606196e+01
3.770000e-06	1.083371e-06	9.396785e-10	8.209319e+00	6.929768e+01
3.780000e-06	1.098246e-06	9.818402e-10	8.322033e+00	7.254225e+01
3.790000e-06	1.113112e-06	1.026974e-09	8.434681e+00	7.579436e+01
3.800000e-06	1.127947e-06	1.075255e-09	8.547100e+00	7.905269e+01
3.810000e-06	1.142733e-06	1.126818e-09	8.659139e+00	8.231585e+01
3.820000e-06	1.157474e-06	1.182312e-09	8.770836e+00	8.558245e+01
3.830000e-06	1.172177e-06	1.240968e-09	8.882250e+00	8.885110e+01
3.840000e-06	1.186852e-06	1.293675e-09	8.993456e+00	9.212043e+01
3.850000e-06	1.201518e-06	1.338895e-09	9.104586e+00	9.538912e+01
3.860000e-06	1.216157e-06	1.380828e-09	9.215517e+00	9.865593e+01
3.870000e-06	1.230756e-06	1.414856e-09	9.326142e+00	1.019197e+02
3.880000e-06	1.245329e-06	1.452494e-09	9.436567e+00	1.051792e+02
3.890000e-06	1.259867e-06	1.502095e-09	9.546729e+00	1.084336e+02
3.900000e-06	1.274366e-06	1.560949e-09	9.656600e+00	1.116817e+02
3.910000e-06	1.288832e-06	1.619042e-09	9.766215e+00	1.149229e+02
3.920000e-06	1.303267e-06	1.673022e-09	9.875600e+00	1.181562e+02
3.930000e-06	1.317653e-06	1.724854e-09	9.984606e+00	1.213810e+02
3.940000e-06	1.331985e-06	1.769341e-09	1.009321e+01	1.245964e+02
3.950000e-06	1.346287e-06	1.811674e-09	1.020158e+01	1.278019e+02
3.960000e-06	1.360564e-06	1.852403e-09	1.030977e+01	1.309968e+02
3.970000e-06	1.374811e-06	1.893604e-09	1.041773e+01	1.341805e+02
3.980000e-06	1.389022e-06	1.937559e-09	1.052541e+01	1.373522e+02
3.990000e-06	1.403196e-06	1.982295e-09	1.063281e+01	1.405115e+02
4.000000e-06	1.417332e-06	2.029895e-09	1.073993e+01	1.436576e+02
4.010000e-06	1.431440e-06	2.079033e-09	1.084684e+01	1.467899e+02
4.020000e-06	1.445519e-06	2.130529e-09	1.095352e+01	1.499079e+02
4.030000e-06	1.459556e-06	2.181787e-09	1.105989e+01	1.530111e+02
4.040000e-06	1.473531e-06	2.228253e-09	1.116578e+01	1.560989e+02
4.050000e-06	1.487437e-06	2.269241e-09	1.127115e+01	1.591708e+02
4.060000e-06	1.501290e-06	2.306459e-09	1.137613e+01	1.622267e+02
4.070000e-06	1.515092e-06	2.342525e-09	1.148072e+01	1.652662e+02
4.080000e-06	1.528848e-06	2.383066e-09	1.158495e+01	1.682892e+02
4.090000e-06	1.542566e-06	2.430995e-09	1.168890e+01	1.712958e+02
4.100000e-06	1.556262e-06	2.481197e-09	1.179268e+01	1.742863e+02
4.110000e-06	1.569933e-06	2.533248e-09	1.189627e+01	1.772608e+02
4.120000e-06	1.583568e-06	2.582890e-09	1.199960e+01	1.802199e+02
4.130000e-06	1.597170e-06	2.624975e-09	1.210266e+01	1.831641e+02
4.140000e-06	1.610730e-06	2.667400e-09	1.220542e+01	1.860943e+02
4.150000e-06	1.624248e-06	2.712006e-09	1.230786e+01	1.890112e+02
4.160000e-06	1.637716e-06	2.755742e-09	1.240991e+01	1.919157e+02
4.170000e-06	1.651131e-06	2.797363e-09	1.251156e+01	1.948086e+02
4.180000e-06	1.664506e-06	2.838092e-09	1.261291e+01	1.976909e+02
4.190000e-06	1.677845e-06	2.878875e-09	1.271399e+01	2.005634e+02
4.200000e-06	1.691156e-06	2.918307e-09	1.281485e+01	2.034269e+02
4.210000e-06	1.704442e-06	2.958848e-09	1.291553e+01	2.062820e+02
4.220000e-06	1.717696e-06	3.000887e-09	1.301596e+01	2.091292e+02
4.230000e-06	1.730906e-06	3.046786e-09	1.311606e+01	2.119689e+02
4.240000e-06	1.744051e-06	3.095461e-09	1.321567e+01	2.148014e+02
4.250000e-06	1.757113e-06	3.140955e-09	1.331464e+01	2.176265e+02
4.260000e-06	1.770104e-06	3.183781e-09	1.341309e+01	2.204441e+02
4.270000e-06	1.783051e-06	3.223168e-09	1.351119e+01	2.232539e+02
4.280000e-06	1.795966e-06	3.260916e-09	1.360906e+01	2.260554e+02
4.290000e-06	1.808846e-06	3.297389e-09	1.370666e+01	2.288480e+02
4.300000e-06	1.821697e-06	3.336640e-09	1.380403e+01	2.316309e+02
4.310000e-06	1.834508e-06	3.377286e-09	1.390111e+01	2.344034e+02
4.320000e-06	1.847264e-06	3.421174e-09	1.399777e+01	2.371647e+02
4.330000e-06	1.859970e-06	3.472067e-09	1.409405e+01	2.399139e+02
4.340000e-06	1.872628e-06	3.518450e-09	1.418997e+01	2.426504e+02
4.350000e-06	1.885234e-06	3.559486e-09	1.428549e+01	2.453734e+02
4.360000e-06	1.897792e-06	3.596488e-09	1.438065e+01	2.480823e+02
4.370000e-06	1.910315e-06	3.630104e-09	1.447554e+01	2.507767e+02
4.380000e-06	1.922809e-06	3.660230e-09	1.457022e+01	2.534562e+02
4.390000e-06	1.935275e-06	3.687472e-09	1.466468e+01	2.561205e+02
4.400000e-06	1.947686e-06	3.720474e-09	1.475873e+01	2.587694e+02
4.410000e-06	1.960011e-06	3.764688e-09	1.485212e+01	2.614028e+02
4.420000e-06	1.972251e-06	3.818934e-09	1.494487e+01	2.640207e+02
4.430000e-06	1.984429e-06	3.871300e-09	1.503715e+01	2.666231e+02
4.440000e-06	1.996566e-06	3.913984e-09	1.512911e+01	2.692099e+02
4.450000e-06	2.008665e-06	3.949583e-09	1.522080e+01	2.717810e+02
4.460000e-06	2.020727e-06	3.983035e-09	1.531220e+01	2.743362e+02
4.470000e-06	2.032743e-06	4.013353e-09	1.540325e+01	2.768753e+02
4.480000e-06	2.044697e-06	4.039345e-09	1.549384e+01	2.793978e+02
4.490000e-06	2.056600e-06	4.072915e-09	1.558403e+01	2.819032e+02
4.500000e-06	2.068458e-06	4.118871e-09	1.567388e+01	2.843905e+02
4.510000e-06	2.080271e-06	4.167567e-09	1.576339e+01	2.868590e+02
4.520000e-06	2.092029e-06	4.209122e-09	1.585250e+01	2.893074e+02
4.530000e-06	2.103734e-06	4.244488e-09	1.594119e+01	2.917344e+02
4.540000e-06	2.115393e-06	4.280217e-09	1.602954e+01	2.941388e+02
4.550000e-06	2.126980e-06	4.314543e-09	1.611734e+01	2.965190e+02
4.560000e-06	2.138480e-06	4.343176e-09	1.620448e+01	2.988736e+02
4.570000e-06	2.149888e-06	4.368282e-09	1.629092e+01	3.012009e+02
4.580000e-06	2.161226e-06	4.399370e-09	1.637684e+01	3.034997e+02
4.590000e-06	2.172522e-06	4.438947e-09	1.646244e+01	3.057685e+02
4.600000e-06	2.183775e-06	4.478000e-09	1.654771e+01	3.080063e+02
4.610000e-06	2.194984e-06	4.513793e-09	1.663264e+01	3.102120e+02
4.620000e-06	2.206144e-06	4.549187e-09	1.671721e+01	3.123850e+02
4.630000e-06	2.217262e-06	4.585255e-09	1.680145e+01	3.145247e+02
4.640000e-06	2.228326e-06	4.618450e-09	1.688530e+01	3.166309e+02
4.650000e-06	2.239323e-06	4.649659e-09	1.696862e+01	3.187039e+02
4.660000e-06	2.250263e-06	4.677673e-09	1.705153e+01	3.207438e+02
4.670000e-06	2.261167e-06	4.702653e-09	1.713415e+01	3.227515e+02
4.680000e-06	2.272035e-06	4.730255e-09	1.721650e+01	3.247276e+02
4.690000e-06	2.282853e-06	4.756477e-09	1.729848e+01	3.266734e+02
4.700000e-06	2.293587e-06	4.779836e-09	1.737982e+01	3.285899e+02
4.710000e-06	2.304217e-06	4.804790e-09	1.746036e+01	3.304786e+02
4.720000e-06	2.314767e-06	4.835175e-09	1.754030e+01	3.323408e+02
4.730000e-06	2.325270e-06	4.871227e-09	1.761990e+01	3.341781e+02
4.740000e-06	2.335724e-06	4.905468e-09	1.769911e+01	3.359916e+02
4.750000e-06	2.346121e-06	4.935827e-09	1.777789e+01	3.377830e+02
4.760000e-06	2.356469e-06	4.963465e-09	1.785631e+01	3.395533e+02
4.770000e-06	2.366753e-06	4.987394e-09	1.793424e+01	3.413037e+02
4.780000e-06	2.376964e-06	5.008058e-09	1.801161e+01	3.430353e+02
4.790000e-06	2.387127e-06	5.028013e-09	1.808862e+01	3.447491e+02
4.800000e-06	2.397247e-06	5.052258e-09	1.816531e+01	3.464457e+02
4.810000e-06	2.407317e-06	5.080025e-09	1.824161e+01	3.481258e+02
4.820000e-06	2.417327e-06	5.109055e-09	1.831746e+01	3.497901e+02
4.830000e-06	2.427258e-06	5.136589e-09	1.839271e+01	3.514391e+02
4.840000e-06	2.437095e-06	5.165824e-09	1.846726e+01	3.530731e+02
4.850000e-06	2.446845e-06	5.196180e-09	1.854114e+01	3.546928e+02
4.860000e-06	2.456533e-06	5.218933e-09	1.861455e+01	3.562986e+02
4.870000e-06	2.466168e-06	5.235228e-09	1.868756e+01	3.578908e+02
4.880000e-06	2.475753e-06	5.255016e-09	1.876019e+01	3.594702e+02
4.890000e-06	2.485278e-06	5.281872e-09	1.883236e+01	3.610372e+02
4.900000e-06	2.494748e-06	5.308337e-09	1.890413e+01	3.625925e+02
4.910000e-06	2.504160e-06	5.331985e-09	1.897544e+01	3.641367e+02
4.920000e-06	2.513505e-06	5.358669e-09	1.904626e+01	3.656706e+02
4.930000e-06	2.522815e-06	5.388549e-09	1.911680e+01	3.671948e+02
4.940000e-06	2.532078e-06	5.415111e-09	1.918699e+01	3.687101e+02
4.950000e-06	2.541254e-06	5.434844e-09	1.925653e+01	3.702171e+02
4.960000e-06	2.550335e-06	5.454136e-09	1.932534e+01	3.717162e+02
4.970000e-06	2.559323e-06	5.475719e-09	1.939345e+01	3.732081e+02
4.980000e-06	2.568243e-06	5.496519e-09	1.946104e+01	3.746928e+02
4.990000e-06	2.577122e-06	5.516475e-09	1.952832e+01	3.761706e+02
5.000000e-06	2.585934e-06	5.535153e-09	1.959510e+01	3.776413e+02
5.010000e-06	2.594681e-06	5.557722e-09	1.966138e+01	3.791046e+02
5.020000e-06	2.603381e-06	5.584940e-09	1.972730e+01	3.805600e+02
5.030000e-06	2.612011e-06	5.612917e-09	1.979269e+01	3.820067e+02
5.040000e-06	2.620573e-06	5.638983e-09	1.985758e+01	3.834438e+02
5.050000e-06	2.629091e-06	5.663249e-09	1.992212e+01	3.848702e+02
5.060000e-06	2.637561e-06	5.687779e-09	1.998630e+01	3.862847e+02
5.070000e-06	2.645961e-06	5.708950e-09	2.004996e+01	3.876860e+02
5.080000e-06	2.654279e-06	5.725998e-09	2.011298e+01	3.890726e+02
5.090000e-06	2.662530e-06	5.739590e-09	2.017551e+01	3.904433e+02
5.100000e-06	2.670721e-06	5.757675e-09	2.023757e+01	3.917967e+02
5.110000e-06	2.678846e-06	5.782622e-09	2.029914e+01	3.931316e+02
5.120000e-06	2.686898e-06	5.805656e-09	2.036015e+01	3.944469e+02
5.130000e-06	2.694870e-06	5.826888e-09	2.042056e+01	3.957418e+02
5.140000e-06	2.702772e-06	5.849754e-09	2.048044e+01	3.970155e+02
5.150000e-06	2.710606e-06	5.874434e-09	2.053980e+01	3.982675e+02
5.160000e-06	2.718371e-06	5.894762e-09	2.059864e+01	3.994978e+02
5.170000e-06	2.726077e-06	5.909641e-09	2.065704e+01	4.007061e+02
5.180000e-06	2.733697e-06	5.924661e-09	2.071478e+01	4.018928e+02
5.190000e-06	2.741216e-06	5.941122e-09	2.077175e+01	4.030580e+02
5.200000e-06	2.748628e-06	5.959612e-09	2.082792e+01	4.042025e+02
5.210000e-06	2.755956e-06	5.980823e-09	2.088345e+01	4.053267e+02
5.220000e-06	2.763240e-06	6.001851e-09	2.093864e+01	4.064312e+02
5.230000e-06	2.770470e-06	6.024302e-09	2.099343e+01	4.075169e+02
5.240000e-06	2.777630e-06	6.048972e-09	2.104768e+01	4.085843e+02
5.250000e-06	2.784710e-06	6.069468e-09	2.110133e+01	4.096339e+02
5.260000e-06	2.791722e-06	6.086155e-09	2.115447e+01	4.106663e+02
5.270000e-06	2.798675e-06	6.101654e-09	2.120715e+01	4.116817e+02
5.280000e-06	2.805579e-06	6.115888e-09	2.125947e+01	4.126803e+02
5.290000e-06	2.812437e-06	6.130692e-09	2.131144e+01	4.136620e+02
5.300000e-06	2.819207e-06	6.145602e-09	2.136274e+01	4.146268e+02
5.310000e-06	2.825862e-06	6.160575e-09	2.141317e+01	4.155743e+02
5.320000e-06	2.832426e-06	6.178536e-09	2.146290e+01	4.165041e+02
5.330000e-06	2.838931e-06	6.199668e-09	2.151220e+01	4.174157e+02
5.340000e-06	2.845382e-06	6.220683e-09	2.156108e+01	4.183086e+02
5.350000e-06	2.851769e-06	6.237680e-09	2.160947e+01	4.191823e+02
5.360000e-06	2.858085e-06	6.251422e-09	2.165734e+01	4.200362e+02
5.370000e-06	2.864325e-06	6.264864e-09	2.170462e+01	4.208700e+02
5.380000e-06	2.870501e-06	6.277447e-09	2.175142e+01	4.216835e+02
5.390000e-06	2.876631e-06	6.289112e-09	2.179787e+01	4.224766e+02
5.400000e-06	2.882709e-06	6.300318e-09	2.184393e+01	4.232495e+02
5.410000e-06	2.888705e-06	6.313640e-09	2.188936e+01	4.240026e+02
5.420000e-06	2.894582e-06	6.329952e-09	2.193390e+01	4.247365e+02
5.430000e-06	2.900359e-06	6.346715e-09	2.197767e+01	4.254521e+02
5.440000e-06	2.906076e-06	6.362025e-09	2.202099e+01	4.261505e+02
5.450000e-06	2.911730e-06	6.374707e-09	2.206383e+01	4.268331e+02
5.460000e-06	2.917311e-06	6.384622e-09	2.210612e+01	4.275013e+02
5.470000e-06	2.922823e-06	6.392886e-09	2.214790e+01	4.281567e+02
5.480000e-06	2.928257e-06	6.399117e-09	2.218907e+01	4.288011e+02
5.490000e-06	2.933607e-06	6.405346e-09	2.222961e+01	4.294362e+02
5.500000e-06	2.938878e-06	6.414350e-09	2.226955e+01	4.300637e+02
5.510000e-06	2.944055e-06	6.424760e-09	2.230878e+01	4.306853e+02
5.520000e-06	2.949106e-06	6.436476e-09	2.234705e+01	4.313024e+02
5.530000e-06	2.954052e-06	6.450500e-09	2.238453e+01	4.319165e+02
5.540000e-06	2.958944e-06	6.467159e-09	2.242160e+01	4.325287e+02
5.550000e-06	2.963773e-06	6.484706e-09	2.245819e+01	4.331399e+02
5.560000e-06	2.968531e-06	6.498007e-09	2.249425e+01	4.337508e+02
5.570000e-06	2.973213e-06	6.505882e-09	2.252973e+01	4.343618e+02
5.580000e-06	2.977810e-06	6.512185e-09	2.256456e+01	4.349731e+02
5.590000e-06	2.982341e-06	6.521219e-09	2.259889e+01	4.355846e+02
5.600000e-06	2.986834e-06	6.531101e-09	2.263294e+01	4.361961e+02
5.610000e-06	2.991274e-06	6.541875e-09	2.266659e+01	4.368070e+02
5.620000e-06	2.995610e-06	6.555071e-09	2.269945e+01	4.374168e+02
5.630000e-06	2.999833e-06	6.571192e-09	2.273144e+01	4.380247e+02
5.640000e-06	3.003966e-06	6.588574e-09	2.276276e+01	4.386298e+02
5.650000e-06	3.008031e-06	6.603061e-09	2.279356e+01	4.392312e+02
5.660000e-06	3.012028e-06	6.614706e-09	2.282385e+01	4.398281e+02
5.670000e-06	3.015955e-06	6.622380e-09	2.285361e+01	4.404196e+02
5.680000e-06	3.019811e-06	6.629482e-09	2.288283e+01	4.410049e+02
5.690000e-06	3.023578e-06	6.634958e-09	2.291138e+01	4.415833e+02
5.700000e-06	3.027286e-06	6.639620e-09	2.293947e+01	4.421541e+02
5.710000e-06	3.030955e-06	6.646594e-09	2.296727e+01	4.427167e+02
5.720000e-06	3.034534e-06	6.659899e-09	2.299439e+01	4.432708e+02
5.730000e-06	3.038016e-06	6.679554e-09	2.302078e+01	4.438159e+02
5.740000e-06	3.041403e-06	6.697164e-09	2.304644e+01	4.443518e+02
5.750000e-06	3.044704e-06	6.710778e-09	2.307146e+01	4.448783e+02
5.760000e-06	3.047947e-06	6.716310e-09	2.309603e+01	4.453953e+02
5.770000e-06	3.051119e-06	6.716718e-09	2.312006e+01	4.459026e+02
5.780000e-06	3.054209e-06	6.716913e-09	2.314348e+01	4.464001e+02
5.790000e-06	3.057219e-06	6.719761e-09	2.316629e+01	4.468878e+02
5.800000e-06	3.060165e-06	6.728584e-09	2.318861e+01	4.473655e+02
5.810000e-06	3.063067e-06	6.741220e-09	2.321060e+01	4.478330e+02
5.820000e-06	3.065906e-06	6.757308e-09	2.323212e+01	4.482902e+02
5.830000e-06	3.068637e-06	6.771179e-09	2.325281e+01	4.487368e+02
5.840000e-06	3.071258e-06	6.780777e-09	2.327267e+01	4.491723e+02
5.850000e-06	3.073799e-06	6.788880e-09	2.329192e+01	4.495965e+02
5.860000e-06	3.076263e-06	6.794854e-09	2.331060e+01	4.500089e+02
5.870000e-06	3.078645e-06	6.802235e-09	2.332865e+01	4.504089e+02
5.880000e-06	3.080954e-06	6.809162e-09	2.334615e+01	4.507961e+02
5.890000e-06	3.083195e-06	6.812521e-09	2.336312e+01	4.511697e+02
5.900000e-06	3.085356e-06	6.814375e-09	2.337950e+01	4.515294e+02
5.910000e-06	3.087459e-06	6.818494e-09	2.339544e+01	4.518744e+02
5.920000e-06	3.089515e-06	6.826405e-09	2.341102e+01	4.522044e+02
5.930000e-06	3.091497e-06	6.834350e-09	2.342603e+01	4.525186e+02
5.940000e-06	3.093377e-06	6.844679e-09	2.344028e+01	4.528168e+02
5.950000e-06	3.095179e-06	6.854148e-09	2.345393e+01	4.530985e+02
5.960000e-06	3.096921e-06	6.860104e-09	2.346714e+01	4.533636e+02
5.970000e-06	3.098556e-06	6.864011e-09	2.347952e+01	4.536118e+02
5.980000e-06	3.100087e-06	6.865683e-09	2.349112e+01	4.538430e+02
5.990000e-06	3.101544e-06	6.868212e-09	2.350216e+01	4.540575e+02
6.000000e-06	3.102929e-06	6.872142e-09	2.351266e+01	4.542553e+02
6.010000e-06	3.104243e-06	6.878132e-09	2.352262e+01	4.544369e+02
6.020000e-06	3.105466e-06	6.884803e-09	2.353188e+01	4.546027e+02
6.030000e-06	3.106568e-06	6.890333e-09	2.354023e+01	4.547534e+02
6.040000e-06	3.107549e-06	6.895461e-09	2.354767e+01	4.548897e+02
6.050000e-06	3.108465e-06	6.903258e-09	2.355461e+01	4.550126e+02
6.060000e-06	3.109335e-06	6.909585e-09	2.356120e+01	4.551231e+02
6.070000e-06	3.110132e-06	6.909409e-09	2.356724e+01	4.552222e+02
6.080000e-06	3.110849e-06	6.909386e-09	2.357268e+01	4.553113e+02
6.090000e-06	3.111481e-06	6.908861e-09	2.357747e+01	4.553917e+02
6.100000e-06	3.112038e-06	6.908051e-09	2.358168e+01	4.554646e+02
6.110000e-06	3.112531e-06	6.908612e-09	2.358542e+01	4.555315e+02
6.120000e-06	3.112960e-06	6.911040e-09	2.358867e+01	4.555937e+02
6.130000e-06	3.113282e-06	6.922210e-09	2.359111e+01	4.556526e+02
6.140000e-06	3.113493e-06	6.937842e-09	2.359271e+01	4.557095e+02
6.150000e-06	3.113643e-06	6.927507e-09	2.359384e+01	4.557656e+02
6.160000e-06	3.113742e-06	6.899343e-09	2.359460e+01	4.558218e+02
6.170000e-06	3.113769e-06	6.899983e-09	2.359480e+01	4.558792e+02
6.180000e-06	3.113669e-06	6.967188e-09	2.359405e+01	4.559384e+02
6.190000e-06	3.113384e-06	6.931554e-09	2.359188e+01	4.559999e+02
6.200000e-06	3.113034e-06	6.923418e-09	2.358923e+01	4.560640e+02
6.210000e-06	3.112698e-06	6.954081e-09	2.358669e+01	4.561308e+02
6.220000e-06	3.112280e-06	6.908914e-09	2.358352e+01	4.562000e+02
6.230000e-06	3.111846e-06	6.926140e-09	2.358023e+01	4.562712e+02
6.240000e-06	3.111348e-06	6.906224e-09	2.357646e+01	4.563437e+02
6.250000e-06	3.110705e-06	6.937307e-09	2.357158e+01	4.564166e+02
6.260000e-06	3.109961e-06	6.930898e-09	2.356595e+01	4.564888e+02
6.270000e-06	3.109140e-06	6.928306e-09	2.355973e+01	4.565592e+02
6.280000e-06	3.108310e-06	6.954710e-09	2.355344e+01	4.566262e+02
6.290000e-06	3.107393e-06	6.929737e-09	2.354649e+01	4.566886e+02
6.300000e-06	3.106365e-06	6.950723e-09	2.353869e+01	4.567449e+02
6.310000e-06	3.105200e-06	6.932172e-09	2.352987e+01	4.567936e+02
6.320000e-06	3.103970e-06	6.962971e-09	2.352055e+01	4.568335e+02
6.330000e-06	3.102707e-06	6.951700e-09	2.351098e+01	4.568633e+02
6.340000e-06	3.101292e-06	6.949573e-09	2.350026e+01	4.568820e+02
6.350000e-06	3.099783e-06	6.977897e-09	2.348882e+01	4.568886e+02
6.360000e-06	3.098204e-06	6.961257e-09	2.347686e+01	4.568826e+02
6.370000e-06	3.096614e-06	6.982324e-09	2.346481e+01	4.568635e+02
6.380000e-06	3.094932e-06	6.953445e-09	2.345206e+01	4.568311e+02
6.390000e-06	3.093096e-06	6.965695e-09	2.343815e+01	4.567855e+02
6.400000e-06	3.091197e-06	6.965306e-09	2.342376e+01	4.567269e+02
6.410000e-06	3.089251e-06	6.961809e-09	2.340902e+01	4.566558e+02
6.420000e-06	3.087243e-06	6.966423e-09	2.339380e+01	4.565728e+02
6.430000e-06	3.085087e-06	6.939792e-09	2.337746e+01	4.564785e+02
6.440000e-06	3.082840e-06	6.961184e-09	2.336043e+01	4.563739e+02
6.450000e-06	3.080551e-06	6.951263e-09	2.334309e+01	4.562596e+02
6.460000e-06	3.078187e-06	6.960707e-09	2.332518e+01	4.561364e+02
6.470000e-06	3.075732e-06	6.957532e-09	2.330657e+01	4.560050e+02
6.480000e-06	3.073176e-06	6.954793e-09	2.328720e+01	4.558660e+02
6.490000e-06	3.070579e-06	6.970982e-09	2.326752e+01	4.557198e+02
6.500000e-06	3.067925e-06	6.952974e-09	2.324742e+01	4.555666e+02
6.510000e-06	3.065194e-06	6.965434e-09	2.322672e+01	4.554064e+02
6.520000e-06	3.062335e-06	6.948566e-09	2.320506e+01	4.552392e+02
6.530000e-06	3.059369e-06	6.954621e-09	2.318258e+01	4.550644e+02
6.540000e-06	3.056348e-06	6.960768e-09	2.315969e+01	4.548817e+02
6.550000e-06	3.053242e-06	6.958893e-09	2.313615e+01	4.546904e+02
6.560000e-06	3.050073e-06	6.966908e-09	2.311214e+01	4.544896e+02
6.570000e-06	3.046824e-06	6.949026e-09	2.308752e+01	4.542784e+02
6.580000e-06	3.043519e-06	6.965928e-09	2.306248e+01	4.540561e+02
6.590000e-06	3.040144e-06	6.958754e-09	2.303690e+01	4.538218e+02
6.600000e-06	3.036676e-06	6.957284e-09	2.301062e+01	4.535747e+02
6.610000e-06	3.033165e-06	6.948415e-09	2.298402e+01	4.533141e+02
6.620000e-06	3.029577e-06	6.940912e-09	2.295683e+01	4.530396e+02
6.630000e-06	3.025888e-06	6.954515e-09	2.292888e+01	4.527508e+02
6.640000e-06	3.022084e-06	6.939458e-09	2.290005e+01	4.524477e+02
6.650000e-06	3.018191e-06	6.945967e-09	2.287056e+01	4.521305e+02
6.660000e-06	3.014219e-06	6.938657e-09	2.284045e+01	4.517995e+02
6.670000e-06	3.010164e-06	6.939830e-09	2.280972e+01	4.514553e+02
6.680000e-06	3.006042e-06	6.933302e-09	2.277849e+01	4.510987e+02
6.690000e-06	3.001837e-06	6.915858e-09	2.274663e+01	4.507309e+02
6.700000e-06	2.997591e-06	6.920168e-09	2.271446e+01	4.503528e+02
6.710000e-06	2.993299e-06	6.910533e-09	2.268193e+01	4.499657e+02
6.720000e-06	2.988933e-06	6.917020e-09	2.264885e+01	4.495709e+02
6.730000e-06	2.984466e-06	6.907253e-09	2.261500e+01	4.491697e+02
6.740000e-06	2.979901e-06	6.901586e-09	2.258041e+01	4.487634e+02
6.750000e-06	2.975291e-06	6.896507e-09	2.254547e+01	4.483531e+02
6.760000e-06	2.970607e-06	6.883565e-09	2.250998e+01	4.479400e+02
6.770000e-06	2.965823e-06	6.884491e-09	2.247373e+01	4.475248e+02
6.780000e-06	2.960945e-06	6.869687e-09	2.243677e+01	4.471085e+02
6.790000e-06	2.956009e-06	6.874355e-09	2.239936e+01	4.466914e+02
6.800000e-06	2.950999e-06	6.872432e-09	2.236140e+01	4.462741e+02
6.810000e-06	2.945897e-06	6.872656e-09	2.232274e+01	4.458567e+02
6.820000e-06	2.940707e-06	6.869438e-09	2.228341e+01	4.454393e+02
6.830000e-06	2.935398e-06	6.851788e-09	2.224318e+01	4.450217e+02
6.840000e-06	2.930001e-06	6.847530e-09	2.220229e+01	4.446039e+02
6.850000e-06	2.924539e-06	6.834183e-09	2.216090e+01	4.441854e+02
6.860000e-06	2.919014e-06	6.834069e-09	2.211903e+01	4.437661e+02
6.870000e-06	2.913398e-06	6.828430e-09	2.207648e+01	4.433454e+02
6.880000e-06	2.907693e-06	6.829578e-09	2.203324e+01	4.429232e+02
6.890000e-06	2.901933e-06	6.837087e-09	2.198960e+01	4.424989e+02
6.900000e-06	2.896101e-06	6.833315e-09	2.194541e+01	4.420725e+02
6.910000e-06	2.890214e-06	6.830719e-09	2.190080e+01	4.416435e+02
6.920000e-06	2.884252e-06	6.810904e-09	2.185562e+01	4.412120e+02
6.930000e-06	2.878207e-06	6.800570e-09	2.180981e+01	4.407778e+02
6.940000e-06	2.872066e-06	6.787696e-09	2.176328e+01	4.403408e+02
6.950000e-06	2.865819e-06	6.781860e-09	2.171594e+01	4.399011e+02
6.960000e-06	2.859506e-06	6.785315e-09	2.166811e+01	4.394586e+02
6.970000e-06	2.853124e-06	6.784710e-09	2.161975e+01	4.390132e+02
6.980000e-06	2.846682e-06	6.793641e-09	2.157093e+01	4.385650e+02
6.990000e-06	2.840177e-06	6.786724e-09	2.152164e+01	4.381138e+02
7.000000e-06	2.833608e-06	6.778094e-09	2.147186e+01	4.376594e+02
7.010000e-06	2.826983e-06	6.760088e-09	2.142166e+01	4.372015e+02
7.020000e-06	2.820303e-06	6.743523e-09	2.137104e+01	4.367397e+02
7.030000e-06	2.813557e-06	6.738990e-09	2.131992e+01	4.362734e+02
7.040000e-06	2.806688e-06	6.731970e-09	2.126787e+01	4.358020e+02
7.050000e-06	2.799692e-06	6.736914e-09	2.121486e+01	4.353248e+02
7.060000e-06	2.792622e-06	6.741846e-09	2.116129e+01	4.348409e+02
7.070000e-06	2.785509e-06	6.751885e-09	2.110739e+01	4.343495e+02
7.080000e-06	2.778328e-06	6.748775e-09	2.105297e+01	4.338496e+02
7.090000e-06	2.771076e-06	6.733841e-09	2.099802e+01	4.333402e+02
7.100000e-06	2.763764e-06	6.719404e-09	2.094261e+01	4.328206e+02
7.110000e-06	2.756374e-06	6.702202e-09	2.088661e+01	4.322898e+02
7.120000e-06	2.748913e-06	6.694378e-09	2.083008e+01	4.317472e+02
7.130000e-06	2.741386e-06	6.683106e-09	2.077304e+01	4.311921e+02
7.140000e-06	2.733779e-06	6.683278e-09	2.071540e+01	4.306241e+02
7.150000e-06	2.726046e-06	6.686431e-09	2.065680e+01	4.300427e+02
7.160000e-06	2.718200e-06	6.684779e-09	2.059735e+01	4.294480e+02
7.170000e-06	2.710307e-06	6.679328e-09	2.053754e+01	4.288398e+02
7.180000e-06	2.702369e-06	6.665204e-09	2.047739e+01	4.282183e+02
7.190000e-06	2.694358e-06	6.655802e-09	2.041669e+01	4.275839e+02
7.200000e-06	2.686269e-06	6.642099e-09	2.035539e+01	4.269368e+02
7.210000e-06	2.678118e-06	6.632840e-09	2.029362e+01	4.262776e+02
7.220000e-06	2.669898e-06	6.623563e-09	2.023134e+01	4.256068e+02
7.230000e-06	2.661624e-06	6.615337e-09	2.016864e+01	4.249248e+02
7.240000e-06	2.653315e-06	6.614175e-09	2.010568e+01	4.242323e+02
7.250000e-06	2.644955e-06	6.611184e-09	2.004233e+01	4.235296e+02
7.260000e-06	2.636502e-06	6.611583e-09	1.997827e+01	4.228171e+02
7.270000e-06	2.627939e-06	6.607932e-09	1.991339e+01	4.220950e+02
7.280000e-06	2.619295e-06	6.601427e-09	1.984789e+01	4.213637e+02
7.290000e-06	2.610592e-06	6.586634e-09	1.978194e+01	4.206230e+02
7.300000e-06	2.601829e-06	6.567106e-09	1.971554e+01	4.198730e+02
7.310000e-06	2.593005e-06	6.551466e-09	1.964868e+01	4.191136e+02
7.320000e-06	2.584118e-06	6.538423e-09	1.958133e+01	4.183445e+02
7.330000e-06	2.575164e-06	6.531249e-09	1.951348e+01	4.175654e+02
7.340000e-06	2.566150e-06	6.521349e-09	1.944518e+01	4.167760e+02
7.350000e-06	2.557089e-06	6.514660e-09	1.937652e+01	4.159763e+02
7.360000e-06	2.547989e-06	6.509179e-09	1.930756e+01	4.151658e+02
7.370000e-06	2.538837e-06	6.503243e-09	1.923822e+01	4.143445e+02
7.380000e-06	2.529585e-06	6.493697e-09	1.916810e+01	4.135124e+02
7.390000e-06	2.520213e-06	6.476822e-09	1.909709e+01	4.126696e+02
7.400000e-06	2.510771e-06	6.463845e-09	1.902554e+01	4.118164e+02
7.410000e-06	2.501279e-06	6.448805e-09	1.895362e+01	4.109533e+02
7.420000e-06	2.491734e-06	6.433275e-09	1.888129e+01	4.100809e+02
7.430000e-06	2.482124e-06	6.416484e-09	1.880847e+01	4.091999e+02
7.440000e-06	2.472448e-06	6.402820e-09	1.873515e+01	4.083113e+02
7.450000e-06	2.462714e-06	6.398364e-09	1.866138e+01	4.074161e+02
7.460000e-06	2.452920e-06	6.396366e-09	1.858717e+01	4.065154e+02
7.470000e-06	2.443072e-06	6.391644e-09	1.851255e+01	4.056104e+02
7.480000e-06	2.433190e-06	6.379260e-09	1.843766e+01	4.047021e+02
7.490000e-06	2.423271e-06	6.366358e-09	1.836250e+01	4.037917e+02
7.500000e-06	2.413276e-06	6.349100e-09	1.828676e+01	4.028802e+02
7.510000e-06	2.403183e-06	6.328437e-09	1.821029e+01	4.019685e+02
7.520000e-06	2.393000e-06	6.311069e-09	1.813313e+01	4.010574e+02
7.530000e-06	2.382745e-06	6.297993e-09	1.805542e+01	4.001475e+02
7.540000e-06	2.372435e-06	6.293616e-09	1.797729e+01	3.992391e+02
7.550000e-06	2.362072e-06	6.288788e-09	1.789877e+01	3.983326e+02
7.560000e-06	2.351652e-06	6.280889e-09	1.781981e+01	3.974278e+02
7.570000e-06	2.341180e-06	6.269686e-09	1.774045e+01	3.965246e+02
7.580000e-06	2.330660e-06	6.252854e-09	1.766074e+01	3.956227e+02
7.590000e-06	2.320077e-06	6.236689e-09	1.758054e+01	3.947216e+02
7.600000e-06	2.309430e-06	6.221719e-09	1.749986e+01	3.938207e+02
7.610000e-06	2.298749e-06	6.205052e-09	1.741893e+01	3.929193e+02
7.620000e-06	2.288033e-06	6.187754e-09	1.733773e+01	3.920168e+02
7.630000e-06	2.277261e-06	6.173693e-09	1.725611e+01	3.911124e+02
7.640000e-06	2.266412e-06	6.163583e-09	1.717390e+01	3.902053e+02
7.650000e-06	2.255490e-06	6.156628e-09	1.709113e+01	3.892950e+02
7.660000e-06	2.244519e-06	6.151531e-09	1.700800e+01	3.883809e+02
7.670000e-06	2.233500e-06	6.140254e-09	1.692450e+01	3.874623e+02
7.680000e-06	2.222418e-06	6.123970e-09	1.684053e+01	3.865389e+02
7.690000e-06	2.211265e-06	6.108505e-09	1.675601e+01	3.856102e+02
7.700000e-06	2.200044e-06	6.095350e-09	1.667099e+01	3.846759e+02
7.710000e-06	2.188768e-06	6.078798e-09	1.658554e+01	3.837358e+02
7.720000e-06	2.177427e-06	6.060889e-09	1.649960e+01	3.827896e+02
7.730000e-06	2.166029e-06	6.048602e-09	1.641324e+01	3.818371e+02
7.740000e-06	2.154584e-06	6.036156e-09	1.632651e+01	3.808780e+02
7.750000e-06	2.143083e-06	6.022830e-09	1.623936e+01	3.799119e+02
7.760000e-06	2.131534e-06	6.010572e-09	1.615184e+01	3.789385e+02
7.770000e-06	2.119900e-06	6.000449e-09	1.606369e+01	3.779573e+02
7.780000e-06	2.108166e-06	5.989104e-09	1.597477e+01	3.769676e+02
7.790000e-06	2.096349e-06	5.971205e-09	1.588523e+01	3.759688e+02
7.800000e-06	2.084487e-06	5.951770e-09	1.579535e+01	3.749601e+02
7.810000e-06	2.072604e-06	5.930869e-09	1.570530e+01	3.739404e+02
7.820000e-06	2.060678e-06	5.908025e-09	1.561493e+01	3.729088e+02
7.830000e-06	2.048691e-06	5.889140e-09	1.552410e+01	3.718643e+02
7.840000e-06	2.036647e-06	5.873800e-09	1.543283e+01	3.708058e+02
7.850000e-06	2.024561e-06	5.864595e-09	1.534125e+01	3.697321e+02
7.860000e-06	2.012430e-06	5.856878e-09	1.524933e+01	3.686422e+02
7.870000e-06	2.000243e-06	5.847331e-09	1.515698e+01	3.675353e+02
7.880000e-06	1.988007e-06	5.834877e-09	1.506426e+01	3.664105e+02
7.890000e-06	1.975743e-06	5.816163e-09	1.497133e+01	3.652671e+02
7.900000e-06	1.963450e-06	5.794918e-09	1.487818e+01	3.641048e+02
7.910000e-06	1.951104e-06	5.771910e-09	1.478463e+01	3.629233e+02
7.920000e-06	1.938678e-06	5.746215e-09	1.469047e+01	3.617226e+02
7.930000e-06	1.926160e-06	5.723228e-09	1.459561e+01	3.605030e+02
7.940000e-06	1.913582e-06	5.709597e-09	1.450030e+01	3.592649e+02
7.950000e-06	1.900962e-06	5.700732e-09	1.440467e+01	3.580092e+02
7.960000e-06	1.888301e-06	5.693562e-09	1.430873e+01	3.567367e+02
7.970000e-06	1.875603e-06	5.682545e-09	1.421251e+01	3.554486e+02
7.980000e-06	1.862868e-06	5.664781e-09	1.411601e+01	3.541460e+02
7.990000e-06	1.850090e-06	5.641320e-09	1.401918e+01	3.528304e+02
8.000000e-06	1.837254e-06	5.613695e-09	1.392192e+01	3.515031e+02
8.010000e-06	1.824374e-06	5.585949e-09	1.382432e+01	3.501656e+02
8.020000e-06	1.811450e-06	5.557216e-09	1.372639e+01	3.488193e+02
8.030000e-06	1.798469e-06	5.534515e-09	1.362802e+01	3.474656e+02
8.040000e-06	1.785443e-06	5.517085e-09	1.352932e+01	3.461056e+02
8.050000e-06	1.772390e-06	5.498303e-09	1.343041e+01	3.447405e+02
8.060000e-06	1.759304e-06	5.480850e-09	1.333125e+01	3.433712e+02
8.070000e-06	1.746186e-06	5.465480e-09	1.323184e+01	3.419986e+02
8.080000e-06	1.733033e-06	5.446432e-09	1.313217e+01	3.406231e+02
8.090000e-06	1.719815e-06	5.420584e-09	1.303202e+01	3.392454e+02
8.100000e-06	1.706532e-06	5.394542e-09	1.293136e+01	3.378656e+02
8.110000e-06	1.693184e-06	5.370352e-09	1.283022e+01	3.364839e+02
8.120000e-06	1.679773e-06	5.345785e-09	1.272860e+01	3.351002e+02
8.130000e-06	1.666325e-06	5.321732e-09	1.262669e+01	3.337145e+02
8.140000e-06	1.652846e-06	5.299948e-09	1.252456e+01	3.323264e+02
8.150000e-06	1.639352e-06	5.284022e-09	1.242231e+01	3.309357e+02
8.160000e-06	1.625817e-06	5.269280e-09	1.231974e+01	3.295421e+02
8.170000e-06	1.612223e-06	5.249008e-09	1.221673e+01	3.281451e+02
8.180000e-06	1.598593e-06	5.227181e-09	1.211345e+01	3.267444e+02
8.190000e-06	1.584929e-06	5.204759e-09	1.200991e+01	3.253396e+02
8.200000e-06	1.571229e-06	5.177957e-09	1.190609e+01	3.239303e+02
8.210000e-06	1.557495e-06	5.146095e-09	1.180202e+01	3.225161e+02
8.220000e-06	1.543722e-06	5.114105e-09	1.169766e+01	3.210968e+02
8.230000e-06	1.529910e-06	5.089789e-09	1.159300e+01	3.196719e+02
8.240000e-06	1.516061e-06	5.072512e-09	1.148806e+01	3.182413e+02
8.250000e-06	1.502176e-06	5.055453e-09	1.138285e+01	3.168046e+02
8.260000e-06	1.488249e-06	5.033756e-09	1.127731e+01	3.153616e+02
8.270000e-06	1.474274e-06	5.009614e-09	1.117142e+01	3.139120e+02
8.280000e-06	1.460250e-06	4.988036e-09	1.106514e+01	3.124556e+02
8.290000e-06	1.446159e-06	4.964607e-09	1.095837e+01	3.109921e+02
8.300000e-06	1.432007e-06	4.938264e-09	1.085114e+01	3.095215e+02
8.310000e-06	1.417802e-06	4.913043e-09	1.074350e+01	3.080433e+02
8.320000e-06	1.403556e-06	4.892576e-09	1.063555e+01	3.065575e+02
8.330000e-06	1.389284e-06	4.875836e-09	1.052739e+01	3.050639e+02
8.340000e-06	1.374989e-06	4.856120e-09	1.041908e+01	3.035624e+02
8.350000e-06	1.360682e-06	4.830844e-09	1.031066e+01	3.020529e+02
8.360000e-06	1.346350e-06	4.804093e-09	1.020206e+01	3.005353e+02
8.370000e-06	1.331983e-06	4.781892e-09	1.009320e+01	2.990097e+02
8.380000e-06	1.317579e-06	4.760099e-09	9.984050e+00	2.974760e+02
8.390000e-06	1.303128e-06	4.734682e-09	9.874540e+00	2.959345e+02
8.400000e-06	1.288642e-06	4.707585e-09	9.764776e+00	2.943853e+02
8.410000e-06	1.274140e-06	4.679875e-09	9.654885e+00	2.928286e+02
8.420000e-06	1.259606e-06	4.650698e-09	9.544755e+00	2.912646e+02
8.430000e-06	1.245044e-06	4.618499e-09	9.434405e+00	2.896936e+02
8.440000e-06	1.230456e-06	4.589871e-09	9.323863e+00	2.881157e+02
8.450000e-06	1.215843e-06	4.568311e-09	9.213133e+00	2.865311e+02
8.460000e-06	1.201199e-06	4.550475e-09	9.102172e+00	2.849399e+02
8.470000e-06	1.186526e-06	4.534776e-09	8.990985e+00	2.833423e+02
8.480000e-06	1.171846e-06	4.512780e-09	8.879745e+00	2.817380e+02
8.490000e-06	1.157156e-06	4.485786e-09	8.768431e+00	2.801268e+02
8.500000e-06	1.142438e-06	4.455060e-09	8.656904e+00	2.785084e+02
8.510000e-06	1.127682e-06	4.420213e-09	8.545086e+00	2.768823e+02
8.520000e-06	1.112873e-06	4.384703e-09	8.432871e+00	2.752477e+02
8.530000e-06	1.098033e-06	4.354823e-09	8.320424e+00	2.736040e+02
8.540000e-06	1.083155e-06	4.330925e-09	8.207680e+00	2.719500e+02
8.550000e-06	1.068204e-06	4.307791e-09	8.094394e+00	2.702848e+02
8.560000e-06	1.053210e-06	4.284989e-09	7.980775e+00	2.686072e+02
8.570000e-06	1.038195e-06	4.260553e-09	7.866997e+00	2.669160e+02
8.580000e-06	1.023157e-06	4.234386e-09	7.753042e+00	2.652101e+02
8.590000e-06	1.008094e-06	4.206245e-09	7.638904e+00	2.634883e+02
8.600000e-06	9.930110e-07	4.174407e-09	7.524610e+00	2.617495e+02
8.610000e-06	9.779164e-07	4.139639e-09	7.410229e+00	2.599930e+02
8.620000e-06	9.628182e-07	4.104986e-09	7.295822e+00	2.582178e+02
8.630000e-06	9.476997e-07	4.074397e-09	7.181261e+00	2.564237e+02
8.640000e-06	9.325516e-07	4.048532e-09	7.066475e+00	2.546102e+02
8.650000e-06	9.173880e-07	4.025037e-09	6.951571e+00	2.527775e+02
8.660000e-06	9.022096e-07	4.001412e-09	6.836556e+00	2.509258e+02
8.670000e-06	8.870005e-07	3.975349e-09	6.721308e+00	2.490557e+02
8.680000e-06	8.717686e-07	3.947258e-09	6.605887e+00	2.471681e+02
8.690000e-06	8.565210e-07	3.912834e-09	6.490347e+00	2.452642e+02
8.700000e-06	8.412441e-07	3.873653e-09	6.374586e+00	2.433450e+02
8.710000e-06	8.259351e-07	3.836682e-09	6.258581e+00	2.414123e+02
8.720000e-06	8.106046e-07	3.804530e-09	6.142413e+00	2.394674e+02
8.730000e-06	7.952618e-07	3.775164e-09	6.026151e+00	2.375121e+02
8.740000e-06	7.799045e-07	3.745111e-09	5.909781e+00	2.355479e+02
8.750000e-06	7.645251e-07	3.713797e-09	5.793242e+00	2.335764e+02
8.760000e-06	7.491247e-07	3.685744e-09	5.676544e+00	2.315991e+02
8.770000e-06	7.337019e-07	3.662834e-09	5.559677e+00	2.296173e+02
8.780000e-06	7.182524e-07	3.638748e-09	5.442608e+00	2.276319e+02
8.790000e-06	7.027920e-07	3.607547e-09	5.325455e+00	2.256438e+02
8.800000e-06	6.873282e-07	3.571299e-09	5.208277e+00	2.236536e+02
8.810000e-06	6.718529e-07	3.534831e-09	5.091012e+00	2.216614e+02
8.820000e-06	6.563558e-07	3.498930e-09	4.973581e+00	2.196674e+02
8.830000e-06	6.408420e-07	3.464961e-09	4.856025e+00	2.176711e+02
8.840000e-06	6.253201e-07	3.432170e-09	4.738406e+00	2.156721e+02
8.850000e-06	6.097846e-07	3.400279e-09	4.620685e+00	2.136697e+02
8.860000e-06	5.942218e-07	3.372025e-09	4.502757e+00	2.116629e+02
8.870000e-06	5.786579e-07	3.343450e-09	4.384821e+00	2.096509e+02
8.880000e-06	5.631052e-07	3.312356e-09	4.266969e+00	2.076324e+02
8.890000e-06	5.475133e-07	3.282111e-09	4.148820e+00	2.056065e+02
8.900000e-06	5.318888e-07	3.251055e-09	4.030424e+00	2.035720e+02
8.910000e-06	5.162445e-07	3.219617e-09	3.911879e+00	2.015280e+02
8.920000e-06	5.005724e-07	3.185665e-09	3.793122e+00	1.994737e+02
8.930000e-06	4.848837e-07	3.147172e-09	3.674240e+00	1.974084e+02
8.940000e-06	4.691808e-07	3.108411e-09	3.555250e+00	1.953315e+02
8.950000e-06	4.534744e-07	3.073184e-09	3.436234e+00	1.932425e+02
8.960000e-06	4.377507e-07	3.045550e-09	3.317087e+00	1.911415e+02
8.970000e-06	4.219878e-07	3.018567e-09	3.197642e+00	1.890282e+02
8.980000e-06	4.062130e-07	2.987046e-09	3.078107e+00	1.869029e+02
8.990000e-06	3.904402e-07	2.953008e-09	2.958588e+00	1.847658e+02
9.000000e-06	3.746424e-07	2.917458e-09	2.838879e+00	1.826172e+02
9.010000e-06	3.588247e-07	2.879845e-09	2.719019e+00	1.804576e+02
9.020000e-06	3.430012e-07	2.840137e-09	2.599116e+00	1.782872e+02
9.030000e-06	3.271720e-07	2.801519e-09	2.479168e+00	1.761065e+02
9.040000e-06	3.113421e-07	2.765633e-09	2.359217e+00	1.739159e+02
9.050000e-06	2.954993e-07	2.734573e-09	2.239166e+00	1.717155e+02
9.060000e-06	2.796454e-07	2.704322e-09	2.119032e+00	1.695055e+02
9.070000e-06	2.637854e-07	2.671608e-09	1.998852e+00	1.672859e+02
9.080000e-06	2.479161e-07	2.638493e-09	1.878602e+00	1.650565e+02
9.090000e-06	2.320501e-07	2.604642e-09	1.758376e+00	1.628171e+02
9.100000e-06	2.161853e-07	2.568376e-09	1.638159e+00	1.605673e+02
9.110000e-06	2.003136e-07	2.527722e-09	1.517890e+00	1.583064e+02
9.120000e-06	1.844366e-07	2.486300e-09	1.397582e+00	1.560339e+02
9.130000e-06	1.685582e-07	2.446933e-09	1.277262e+00	1.537490e+02
9.140000e-06	1.526828e-07	2.409457e-09	1.156965e+00	1.514509e+02
9.150000e-06	1.368043e-07	2.376629e-09	1.036644e+00	1.491387e+02
9.160000e-06	1.209150e-07	2.344319e-09	9.162419e-01	1.468117e+02
9.170000e-06	1.050295e-07	2.307222e-09	7.958687e-01	1.444691e+02
9.180000e-06	8.915070e-08	2.265899e-09	6.755456e-01	1.421101e+02
9.190000e-06	7.326270e-08	2.224887e-09	5.551532e-01	1.397341e+02
9.200000e-06	5.737008e-08	2.185060e-09	4.347257e-01	1.373405e+02
9.210000e-06	4.147874e-08	2.142244e-09	3.143080e-01	1.349289e+02
9.220000e-06	2.559037e-08	2.098801e-09	1.939128e-01	1.324991e+02
9.230000e-06	9.705362e-09	2.056268e-09	7.354306e-02	1.300507e+02
9.240000e-06	-6.188420e-09	2.017282e-09	-4.689318e-02	1.275838e+02
9.250000e-06	-2.208565e-08	1.980656e-09	-1.673556e-01	1.250985e+02
9.260000e-06	-3.797674e-08	1.941485e-09	-2.877714e-01	1.225949e+02
9.270000e-06	-5.386029e-08	1.901934e-09	-4.081301e-01	1.200734e+02
9.280000e-06	-6.974033e-08	1.860559e-09	-5.284622e-01	1.175343e+02
9.290000e-06	-8.561655e-08	1.816679e-09	-6.487654e-01	1.149781e+02
9.300000e-06	-1.014974e-07	1.769918e-09	-7.691035e-01	1.124054e+02
9.310000e-06	-1.173802e-07	1.721172e-09	-8.894566e-01	1.098167e+02
9.320000e-06	-1.332522e-07	1.677205e-09	-1.009728e+00	1.072126e+02
9.330000e-06	-1.491160e-07	1.636923e-09	-1.129937e+00	1.045940e+02
9.340000e-06	-1.649717e-07	1.599017e-09	-1.250085e+00	1.019613e+02
9.350000e-06	-1.808290e-07	1.558730e-09	-1.370245e+00	9.931543e+01
9.360000e-06	-1.966821e-07	1.515821e-09	-1.490373e+00	9.665705e+01
9.370000e-06	-2.125265e-07	1.473120e-09	-1.610435e+00	9.398694e+01
9.380000e-06	-2.283629e-07	1.429671e-09	-1.730436e+00	9.130585e+01
9.390000e-06	-2.441990e-07	1.384448e-09	-1.850435e+00	8.861459e+01
9.400000e-06	-2.600402e-07	1.338670e-09	-1.970472e+00	8.591393e+01
9.410000e-06	-2.758802e-07	1.297379e-09	-2.090502e+00	8.320468e+01
9.420000e-06	-2.917144e-07	1.254633e-09	-2.210486e+00	8.048763e+01
9.430000e-06	-3.075386e-07	1.210660e-09	-2.330395e+00	7.776358e+01
9.440000e-06	-3.233502e-07	1.168263e-09	-2.450208e+00	7.503329e+01
9.450000e-06	-3.391539e-07	1.126703e-09	-2.569962e+00	7.229750e+01
9.460000e-06	-3.549494e-07	1.086443e-09	-2.689654e+00	6.955692e+01
9.470000e-06	-3.707205e-07	1.041857e-09	-2.809161e+00	6.681219e+01
9.480000e-06	-3.864807e-07	9.946137e-10	-2.928585e+00	6.406387e+01
9.490000e-06	-4.022391e-07	9.508357e-10	-3.047995e+00	6.131245e+01
9.500000e-06	-4.179839e-07	9.108557e-10	-3.167302e+00	5.855830e+01
9.510000e-06	-4.337028e-07	8.712327e-10	-3.286413e+00	5.580169e+01
9.520000e-06	-4.494006e-07	8.269911e-10	-3.405364e+00	5.304274e+01
9.530000e-06	-4.650807e-07	7.823389e-10	-3.524181e+00	5.028146e+01
9.540000e-06	-4.807381e-07	7.394233e-10	-3.642827e+00	4.751771e+01
9.550000e-06	-4.963741e-07	6.963036e-10	-3.761309e+00	4.475121e+01
9.560000e-06	-5.119840e-07	6.500992e-10	-3.879595e+00	4.198155e+01
9.570000e-06	-5.275748e-07	6.013746e-10	-3.997735e+00	3.920821e+01
9.580000e-06	-5.431486e-07	5.552790e-10	-4.115746e+00	3.643055e+01
9.590000e-06	-5.586923e-07	5.137697e-10	-4.233530e+00	3.364781e+01
9.600000e-06	-5.742138e-07	4.740892e-10	-4.351145e+00	3.085921e+01
9.610000e-06	-5.897399e-07	4.299546e-10	-4.468795e+00	2.806386e+01
9.620000e-06	-6.052622e-07	3.845403e-10	-4.586417e+00	2.526087e+01
9.630000e-06	-6.207618e-07	3.419078e-10	-4.703866e+00	2.244933e+01
9.640000e-06	-6.362455e-07	2.963184e-10	-4.821195e+00	1.962835e+01
9.650000e-06	-6.517192e-07	2.466607e-10	-4.938448e+00	1.679706e+01
9.660000e-06	-6.671805e-07	1.965294e-10	-5.055606e+00	1.395463e+01
9.670000e-06	-6.826237e-07	1.519106e-10	-5.172628e+00	1.110029e+01
9.680000e-06	-6.980554e-07	1.113024e-10	-5.289563e+00	8.233354e+00
9.690000e-06	-7.134814e-07	6.584475e-11	-5.406455e+00	5.353192e+00
9.700000e-06	-7.288840e-07	1.808495e-11	-5.523169e+00	2.459256e+00
9.710000e-06	-7.442672e-07	-2.732059e-11	-5.639736e+00	-4.489303e-01
9.720000e-06	-7.596321e-07	-7.050840e-11	-5.756165e+00	-3.371771e+00
9.730000e-06	-7.749749e-07	-1.127910e-10	-5.872426e+00	-6.309610e+00
9.740000e-06	-7.903005e-07	-1.579678e-10	-5.988557e+00	-9.262730e+00
9.750000e-06	-8.055947e-07	-2.037049e-10	-6.104450e+00	-1.223137e+01
9.760000e-06	-8.208550e-07	-2.498243e-10	-6.220086e+00	-1.521572e+01
9.770000e-06	-8.361027e-07	-3.013165e-10	-6.335626e+00	-1.821594e+01
9.780000e-06	-8.513503e-07	-3.562990e-10	-6.451166e+00	-2.123217e+01
9.790000e-06	-8.665659e-07	-4.087677e-10	-6.566463e+00	-2.426448e+01
9.800000e-06	-8.817492e-07	-4.520873e-10	-6.681516e+00	-2.731296e+01
9.810000e-06	-8.969202e-07	-4.875758e-10	-6.796475e+00	-3.037762e+01
9.820000e-06	-9.120653e-07	-5.232785e-10	-6.911238e+00	-3.345845e+01
9.830000e-06	-9.271836e-07	-5.650327e-10	-7.025798e+00	-3.655537e+01
9.840000e-06	-9.422864e-07	-6.174772e-10	-7.140241e+00	-3.966826e+01
9.850000e-06	-9.573711e-07	-6.774753e-10	-7.254546e+00	-4.279690e+01
9.860000e-06	-9.724348e-07	-7.400343e-10	-7.368692e+00	-4.594098e+01
9.870000e-06	-9.874842e-07	-7.985991e-10	-7.482730e+00	-4.910011e+01
9.880000e-06	-1.002521e-06	-8.482644e-10	-7.596673e+00	-5.227377e+01
9.890000e-06	-1.017531e-06	-8.923959e-10	-7.710409e+00	-5.546133e+01
9.900000e-06	-1.032517e-06	-9.326332e-10	-7.823971e+00	-5.866205e+01
9.910000e-06	-1.047475e-06	-9.769110e-10	-7.937315e+00	-6.187504e+01
9.920000e-06	-1.062380e-06	-1.029042e-09	-8.050261e+00	-6.509931e+01
9.930000e-06	-1.077226e-06	-1.089189e-09	-8.162756e+00	-6.833378e+01
9.940000e-06	-1.092022e-06	-1.154860e-09	-8.274875e+00	-7.157723e+01
9.950000e-06	-1.106790e-06	-1.216562e-09	-8.386778e+00	-7.482841e+01
9.960000e-06	-1.121529e-06	-1.270027e-09	-8.498466e+00	-7.808597e+01
9.970000e-06	-1.136241e-06	-1.313487e-09	-8.609945e+00	-8.134853e+01
9.980000e-06	-1.150929e-06	-1.352793e-09	-8.721241e+00	-8.461471e+01
9.990000e-06	-1.165600e-06	-1.393953e-09	-8.832418e+00	-8.788310e+01
1.000000e-05	-1.180257e-06	-1.437080e-09	-8.943480e+00	-9.115235e+01
1.001000e-05	-1.194887e-06	-1.483400e-09	-9.054342e+00	-9.442113e+01
1.002000e-05	-1.209484e-06	-1.537424e-09	-9.164952e+00	-9.768817e+01
1.003000e-05	-1.224044e-06	-1.600780e-09	-9.275277e+00	-1.009523e+02
1.004000e-05	-1.238579e-06	-1.666897e-09	-9.385422e+00	-1.042123e+02
1.005000e-05	-1.253091e-06	-1.729880e-09	-9.495385e+00	-1.074673e+02
1.006000e-05	-1.267575e-06	-1.782335e-09	-9.605134e+00	-1.107163e+02
1.007000e-05	-1.282041e-06	-1.824904e-09	-9.714751e+00	-1.139583e+02
1.008000e-05	-1.296476e-06	-1.867879e-09	-9.824136e+00	-1.171925e+02
1.009000e-05	-1.310866e-06	-1.914322e-09	-9.933179e+00	-1.204183e+02
1.010000e-05	-1.325224e-06	-1.960997e-09	-1.004198e+01	-1.236349e+02
1.011000e-05	-1.339556e-06	-2.011949e-09	-1.015058e+01	-1.268416e+02
1.012000e-05	-1.353863e-06	-2.069722e-09	-1.025899e+01	-1.300378e+02
1.013000e-05	-1.368154e-06	-2.128457e-09	-1.036728e+01	-1.332228e+02
1.014000e-05	-1.382413e-06	-2.185187e-09	-1.047533e+01	-1.363960e+02
1.015000e-05	-1.396632e-06	-2.237439e-09	-1.058307e+01	-1.395568e+02
1.016000e-05	-1.410816e-06	-2.282625e-09	-1.069056e+01	-1.427045e+02
1.017000e-05	-1.424933e-06	-2.325004e-09	-1.079753e+01	-1.458386e+02
1.018000e-05	-1.438989e-06	-2.368391e-09	-1.090404e+01	-1.489583e+02
1.019000e-05	-1.452993e-06	-2.415333e-09	-1.101016e+01	-1.520633e+02
1.020000e-05	-1.466938e-06	-2.464249e-09	-1.111582e+01	-1.551530e+02
1.021000e-05	-1.480842e-06	-2.511017e-09	-1.122118e+01	-1.582269e+02
1.022000e-05	-1.494714e-06	-2.558888e-09	-1.132630e+01	-1.612847e+02
1.023000e-05	-1.508551e-06	-2.612030e-09	-1.143115e+01	-1.643261e+02
1.024000e-05	-1.522352e-06	-2.669069e-09	-1.153572e+01	-1.673512e+02
1.025000e-05	-1.536117e-06	-2.720424e-09	-1.164003e+01	-1.703598e+02
1.026000e-05	-1.549836e-06	-2.763733e-09	-1.174399e+01	-1.733521e+02
1.027000e-05	-1.563507e-06	-2.807091e-09	-1.184758e+01	-1.763285e+02
1.028000e-05	-1.577138e-06	-2.850284e-09	-1.195087e+01	-1.792895e+02
1.029000e-05	-1.590733e-06	-2.889977e-09	-1.205389e+01	-1.822355e+02
1.030000e-05	-1.604285e-06	-2.929228e-09	-1.215658e+01	-1.851673e+02
1.031000e-05	-1.617803e-06	-2.977723e-09	-1.225902e+01	-1.880857e+02
1.032000e-05	-1.631294e-06	-3.032076e-09	-1.236124e+01	-1.909916e+02
1.033000e-05	-1.644756e-06	-3.084012e-09	-1.246325e+01	-1.938859e+02
1.034000e-05	-1.658186e-06	-3.134308e-09	-1.256502e+01	-1.967694e+02
1.035000e-05	-1.671569e-06	-3.181242e-09	-1.266643e+01	-1.996430e+02
1.036000e-05	-1.684890e-06	-3.225889e-09	-1.276737e+01	-2.025075e+02
1.037000e-05	-1.698136e-06	-3.267251e-09	-1.286775e+01	-2.053635e+02
1.038000e-05	-1.711320e-06	-3.307583e-09	-1.296765e+01	-2.082117e+02
1.039000e-05	-1.724449e-06	-3.346399e-09	-1.306713e+01	-2.110523e+02
1.040000e-05	-1.737546e-06	-3.386988e-09	-1.316638e+01	-2.138855e+02
1.041000e-05	-1.750611e-06	-3.435437e-09	-1.326537e+01	-2.167115e+02
1.042000e-05	-1.763635e-06	-3.484671e-09	-1.336407e+01	-2.195300e+02
1.043000e-05	-1.776627e-06	-3.536208e-09	-1.346251e+01	-2.223408e+02
1.044000e-05	-1.789569e-06	-3.585614e-09	-1.356058e+01	-2.251433e+02
1.045000e-05	-1.802470e-06	-3.629475e-09	-1.365834e+01	-2.279369e+02
1.046000e-05	-1.815333e-06	-3.669978e-09	-1.375581e+01	-2.307210e+02
1.047000e-05	-1.828149e-06	-3.705830e-09	-1.385292e+01	-2.334948e+02
1.048000e-05	-1.840923e-06	-3.741639e-09	-1.394972e+01	-2.362574e+02
1.049000e-05	-1.853654e-06	-3.780436e-09	-1.404619e+01	-2.390081e+02
1.050000e-05	-1.866347e-06	-3.824341e-09	-1.414238e+01	-2.417462e+02
1.051000e-05	-1.879009e-06	-3.871977e-09	-1.423832e+01	-2.444708e+02
1.052000e-05	-1.891633e-06	-3.921719e-09	-1.433398e+01	-2.471815e+02
1.053000e-05	-1.904204e-06	-3.969734e-09	-1.442924e+01	-2.498777e+02
1.054000e-05	-1.916713e-06	-4.014428e-09	-1.452403e+01	-2.525590e+02
1.055000e-05	-1.929139e-06	-4.058832e-09	-1.461818e+01	-2.552251e+02
1.056000e-05	-1.941473e-06	-4.103549e-09	-1.471164e+01	-2.578758e+02
1.057000e-05	-1.953753e-06	-4.145080e-09	-1.480470e+01	-2.605111e+02
1.058000e-05	-1.966003e-06	-4.180670e-09	-1.489752e+01	-2.631309e+02
1.059000e-05	-1.978220e-06	-4.217647e-09	-1.499010e+01	-2.657352e+02
1.060000e-05	-1.990397e-06	-4.256345e-09	-1.508237e+01	-2.683238e+02
1.061000e-05	-2.002524e-06	-4.296834e-09	-1.517427e+01	-2.708968e+02
1.062000e-05	-2.014600e-06	-4.343567e-09	-1.526577e+01	-2.734540e+02
1.063000e-05	-2.026624e-06	-4.387410e-09	-1.535688e+01	-2.759951e+02
1.064000e-05	-2.038585e-06	-4.430052e-09	-1.544752e+01	-2.785196e+02
1.065000e-05	-2.050504e-06	-4.472474e-09	-1.553783e+01	-2.810271e+02
1.066000e-05	-2.062394e-06	-4.511029e-09	-1.562794e+01	-2.835167e+02
1.067000e-05	-2.074244e-06	-4.546664e-09	-1.571773e+01	-2.859875e+02
1.068000e-05	-2.086034e-06	-4.579445e-09	-1.580707e+01	-2.884384e+02
1.069000e-05	-2.097752e-06	-4.614061e-09	-1.589586e+01	-2.908681e+02
1.070000e-05	-2.109381e-06	-4.650370e-09	-1.598398e+01	-2.932753e+02
1.071000e-05	-2.120925e-06	-4.688071e-09	-1.607146e+01	-2.956586e+02
1.072000e-05	-2.132420e-06	-4.724237e-09	-1.615856e+01	-2.980163e+02
1.073000e-05	-2.143874e-06	-4.761585e-09	-1.624535e+01	-3.003471e+02
1.074000e-05	-2.155288e-06	-4.804311e-09	-1.633184e+01	-3.026495e+02
1.075000e-05	-2.166638e-06	-4.846378e-09	-1.641785e+01	-3.049220e+02
1.076000e-05	-2.177919e-06	-4.885186e-09	-1.650333e+01	-3.071637e+02
1.077000e-05	-2.189135e-06	-4.918630e-09	-1.658832e+01	-3.093734e+02
1.078000e-05	-2.200278e-06	-4.951572e-09	-1.667276e+01	-3.115504e+02
1.079000e-05	-2.211348e-06	-4.979985e-09	-1.675664e+01	-3.136942e+02
1.080000e-05	-2.222336e-06	-5.002799e-09	-1.683990e+01	-3.158046e+02
1.081000e-05	-2.233275e-06	-5.030609e-09	-1.692279e+01	-3.178816e+02
1.082000e-05	-2.244182e-06	-5.064970e-09	-1.700545e+01	-3.199256e+02
1.083000e-05	-2.255033e-06	-5.105720e-09	-1.708767e+01	-3.219371e+02
1.084000e-05	-2.265815e-06	-5.144486e-09	-1.716937e+01	-3.239171e+02
1.085000e-05	-2.276541e-06	-5.182380e-09	-1.725065e+01	-3.258665e+02
1.086000e-05	-2.287223e-06	-5.217378e-09	-1.733159e+01	-3.277866e+02
1.087000e-05	-2.297867e-06	-5.243255e-09	-1.741225e+01	-3.296786e+02
1.088000e-05	-2.308471e-06	-5.262099e-09	-1.749260e+01	-3.315440e+02
1.089000e-05	-2.319007e-06	-5.276606e-09	-1.757244e+01	-3.333842e+02
1.090000e-05	-2.329485e-06	-5.297120e-09	-1.765183e+01	-3.352006e+02
1.091000e-05	-2.339913e-06	-5.324175e-09	-1.773085e+01	-3.369945e+02
1.092000e-05	-2.350272e-06	-5.355410e-09	-1.780935e+01	-3.387673e+02
1.093000e-05	-2.360575e-06	-5.388252e-09	-1.788742e+01	-3.405201e+02
1.094000e-05	-2.370841e-06	-5.420325e-09	-1.796521e+01	-3.422540e+02
1.095000e-05	-2.381047e-06	-5.454079e-09	-1.804255e+01	-3.439698e+02
1.096000e-05	-2.391170e-06	-5.480156e-09	-1.811926e+01	-3.456685e+02
1.097000e-05	-2.401204e-06	-5.498769e-09	-1.819529e+01	-3.473506e+02
1.098000e-05	-2.411148e-06	-5.514972e-09	-1.827064e+01	-3.490168e+02
1.099000e-05	-2.421028e-06	-5.532623e-09	-1.834551e+01	-3.506675e+02
1.100000e-05	-2.430870e-06	-5.554242e-09	-1.842009e+01	-3.523034e+02
1.101000e-05	-2.440657e-06	-5.579969e-09	-1.849425e+01	-3.539248e+02
1.102000e-05	-2.450378e-06	-5.612368e-09	-1.856791e+01	-3.555322e+02
1.103000e-05	-2.460042e-06	-5.647760e-09	-1.864114e+01	-3.571260e+02
1.104000e-05	-2.469658e-06	-5.683319e-09	-1.871401e+01	-3.587069e+02
1.105000e-05	-2.479218e-06	-5.712519e-09	-1.878645e+01	-3.602753e+02
1.106000e-05	-2.488728e-06	-5.731747e-09	-1.885851e+01	-3.618320e+02
1.107000e-05	-2.498198e-06	-5.743420e-09	-1.893027e+01	-3.633775e+02
1.108000e-05	-2.507611e-06	-5.754940e-09	-1.900160e+01	-3.649125e+02
1.109000e-05	-2.516939e-06	-5.772113e-09	-1.907228e+01	-3.664379e+02
1.110000e-05	-2.526156e-06	-5.794993e-09	-1.914213e+01	-3.679542e+02
1.111000e-05	-2.535288e-06	-5.822588e-09	-1.921132e+01	-3.694621e+02
1.112000e-05	-2.544371e-06	-5.852003e-09	-1.928015e+01	-3.709621e+02
1.113000e-05	-2.553394e-06	-5.884552e-09	-1.934852e+01	-3.724548e+02
1.114000e-05	-2.562346e-06	-5.917223e-09	-1.941636e+01	-3.739403e+02
1.115000e-05	-2.571232e-06	-5.943853e-09	-1.948369e+01	-3.754189e+02
1.116000e-05	-2.580051e-06	-5.961094e-09	-1.955051e+01	-3.768905e+02
1.117000e-05	-2.588814e-06	-5.973589e-09	-1.961692e+01	-3.783546e+02
1.118000e-05	-2.597529e-06	-5.989169e-09	-1.968296e+01	-3.798110e+02
1.119000e-05	-2.606201e-06	-6.005553e-09	-1.974867e+01	-3.812587e+02
1.120000e-05	-2.614817e-06	-6.026904e-09	-1.981396e+01	-3.826970e+02
1.121000e-05	-2.623350e-06	-6.052038e-09	-1.987862e+01	-3.841248e+02
1.122000e-05	-2.631780e-06	-6.077364e-09	-1.994249e+01	-3.855408e+02
1.123000e-05	-2.640118e-06	-6.102469e-09	-2.000568e+01	-3.869437e+02
1.124000e-05	-2.648404e-06	-6.124160e-09	-2.006847e+01	-3.883322e+02
1.125000e-05	-2.656650e-06	-6.145188e-09	-2.013095e+01	-3.897049e+02
1.126000e-05	-2.664841e-06	-6.163511e-09	-2.019301e+01	-3.910604e+02
1.127000e-05	-2.672959e-06	-6.178207e-09	-2.025453e+01	-3.923976e+02
1.128000e-05	-2.681008e-06	-6.191037e-09	-2.031553e+01	-3.937154e+02
1.129000e-05	-2.688990e-06	-6.207462e-09	-2.037601e+01	-3.950127e+02
1.130000e-05	-2.696905e-06	-6.225729e-09	-2.043599e+01	-3.962891e+02
1.131000e-05	-2.704771e-06	-6.246693e-09	-2.049559e+01	-3.975438e+02
1.132000e-05	-2.712579e-06	-6.268518e-09	-2.055475e+01	-3.987767e+02
1.133000e-05	-2.720310e-06	-6.290843e-09	-2.061334e+01	-3.999877e+02
1.134000e-05	-2.727937e-06	-6.317703e-09	-2.067113e+01	-4.011770e+02
1.135000e-05	-2.735448e-06	-6.337214e-09	-2.072805e+01	-4.023448e+02
1.136000e-05	-2.742882e-06	-6.350527e-09	-2.078438e+01	-4.034918e+02
1.137000e-05	-2.750246e-06	-6.359391e-09	-2.084018e+01	-4.046184e+02
1.138000e-05	-2.757545e-06	-6.365301e-09	-2.089549e+01	-4.057253e+02
1.139000e-05	-2.764780e-06	-6.373757e-09	-2.095031e+01	-4.068132e+02
1.140000e-05	-2.771935e-06	-6.384273e-09	-2.100453e+01	-4.078828e+02
1.141000e-05	-2.779027e-06	-6.398306e-09	-2.105827e+01	-4.089346e+02
1.142000e-05	-2.786074e-06	-6.414617e-09	-2.111167e+01	-4.099690e+02
1.143000e-05	-2.793053e-06	-6.433748e-09	-2.116456e+01	-4.109864e+02
1.144000e-05	-2.799940e-06	-6.452918e-09	-2.121674e+01	-4.119870e+02
1.145000e-05	-2.806730e-06	-6.467987e-09	-2.126819e+01	-4.129708e+02
1.146000e-05	-2.813449e-06	-6.480406e-09	-2.131911e+01	-4.139377e+02
1.147000e-05	-2.820111e-06	-6.488478e-09	-2.136959e+01	-4.148873e+02
1.148000e-05	-2.826706e-06	-6.496770e-09	-2.141956e+01	-4.158193e+02
1.149000e-05	-2.833234e-06	-6.506412e-09	-2.146902e+01	-4.167331e+02
1.150000e-05	-2.839700e-06	-6.515006e-09	-2.151802e+01	-4.176283e+02
1.151000e-05	-2.846094e-06	-6.524812e-09	-2.156648e+01	-4.185043e+02
1.152000e-05	-2.852421e-06	-6.536267e-09	-2.161442e+01	-4.193607e+02
1.153000e-05	-2.858701e-06	-6.551067e-09	-2.166201e+01	-4.201970e+02
1.154000e-05	-2.864912e-06	-6.567267e-09	-2.170907e+01	-4.210129e+02
1.155000e-05	-2.871031e-06	-6.580128e-09	-2.175543e+01	-4.218085e+02
1.156000e-05	-2.877066e-06	-6.589136e-09	-2.180117e+01	-4.225839e+02
1.157000e-05	-2.883013e-06	-6.596088e-09	-2.184623e+01	-4.233393e+02
1.158000e-05	-2.888886e-06	-6.596666e-09	-2.189074e+01	-4.240755e+02
1.159000e-05	-2.894690e-06	-6.597543e-09	-2.193471e+01	-4.247933e+02
1.160000e-05	-2.900416e-06	-6.605549e-09	-2.197810e+01	-4.254937e+02
1.161000e-05	-2.906071e-06	-6.619465e-09	-2.202096e+01	-4.261781e+02
1.162000e-05	-2.911650e-06	-6.640156e-09	-2.206323e+01	-4.268479e+02
1.163000e-05	-2.917162e-06	-6.658426e-09	-2.210500e+01	-4.275048e+02
1.164000e-05	-2.922622e-06	-6.671094e-09	-2.214637e+01	-4.281504e+02
1.165000e-05	-2.928010e-06	-6.678045e-09	-2.218720e+01	-4.287865e+02
1.166000e-05	-2.933303e-06	-6.681066e-09	-2.222730e+01	-4.294148e+02
1.167000e-05	-2.938492e-06	-6.678917e-09	-2.226663e+01	-4.300369e+02
1.168000e-05	-2.943585e-06	-6.676564e-09	-2.230522e+01	-4.306545e+02
1.169000e-05	-2.948601e-06	-6.682817e-09	-2.234323e+01	-4.312688e+02
1.170000e-05	-2.953534e-06	-6.693233e-09	-2.238061e+01	-4.318811e+02
1.171000e-05	-2.958383e-06	-6.705638e-09	-2.241735e+01	-4.324923e+02
1.172000e-05	-2.963144e-06	-6.715048e-09	-2.245343e+01	-4.331031e+02
1.173000e-05	-2.967806e-06	-6.724040e-09	-2.248875e+01	-4.337141e+02
1.174000e-05	-2.972369e-06	-6.734961e-09	-2.252333e+01	-4.343253e+02
1.175000e-05	-2.976867e-06	-6.744546e-09	-2.255741e+01	-4.349367e+02
1.176000e-05	-2.981308e-06	-6.753064e-09	-2.259107e+01	-4.355482e+02
1.177000e-05	-2.985669e-06	-6.758280e-09	-2.262411e+01	-4.361591e+02
1.178000e-05	-2.989969e-06	-6.764126e-09	-2.265670e+01	-4.367690e+02
1.179000e-05	-2.994219e-06	-6.771488e-09	-2.268890e+01	-4.373771e+02
1.180000e-05	-2.998403e-06	-6.777566e-09	-2.272061e+01	-4.379825e+02
1.181000e-05	-3.002503e-06	-6.782437e-09	-2.275168e+01	-4.385844e+02
1.182000e-05	-3.006526e-06	-6.789187e-09	-2.278216e+01	-4.391818e+02
1.183000e-05	-3.010490e-06	-6.798642e-09	-2.281219e+01	-4.397740e+02
1.184000e-05	-3.014397e-06	-6.806866e-09	-2.284180e+01	-4.403601e+02
1.185000e-05	-3.018255e-06	-6.814576e-09	-2.287104e+01	-4.409393e+02
1.186000e-05	-3.022028e-06	-6.821657e-09	-2.289962e+01	-4.415110e+02
1.187000e-05	-3.025679e-06	-6.829759e-09	-2.292729e+01	-4.420746e+02
1.188000e-05	-3.029236e-06	-6.835329e-09	-2.295425e+01	-4.426296e+02
1.189000e-05	-3.032727e-06	-6.836173e-09	-2.298070e+01	-4.431758e+02
1.190000e-05	-3.036150e-06	-6.839315e-09	-2.300664e+01	-4.437128e+02
1.191000e-05	-3.039504e-06	-6.847870e-09	-2.303205e+01	-4.442404e+02
1.192000e-05	-3.042789e-06	-6.859051e-09	-2.305694e+01	-4.447585e+02
1.193000e-05	-3.046007e-06	-6.868697e-09	-2.308133e+01	-4.452670e+02
1.194000e-05	-3.049153e-06	-6.878170e-09	-2.310517e+01	-4.457657e+02
1.195000e-05	-3.052228e-06	-6.885917e-09	-2.312847e+01	-4.462545e+02
1.196000e-05	-3.055237e-06	-6.893676e-09	-2.315127e+01	-4.467334e+02
1.197000e-05	-3.058138e-06	-6.901643e-09	-2.317325e+01	-4.472022e+02
1.198000e-05	-3.060921e-06	-6.905070e-09	-2.319434e+01	-4.476606e+02
1.199000e-05	-3.063628e-06	-6.906675e-09	-2.321485e+01	-4.481084e+02
1.200000e-05	-3.066271e-06	-6.908116e-09	-2.323488e+01	-4.485453e+02
1.201000e-05	-3.068834e-06	-6.911337e-09	-2.325430e+01	-4.489709e+02
1.202000e-05	-3.071322e-06	-6.915051e-09	-2.327316e+01	-4.493847e+02
1.203000e-05	-3.073732e-06	-6.919249e-09	-2.329141e+01	-4.497862e+02
1.204000e-05	-3.076066e-06	-6.925767e-09	-2.330910e+01	-4.501749e+02
1.205000e-05	-3.078352e-06	-6.933664e-09	-2.332642e+01	-4.505503e+02
1.206000e-05	-3.080569e-06	-6.940820e-09	-2.334323e+01	-4.509116e+02
1.207000e-05	-3.082693e-06	-6.944334e-09	-2.335932e+01	-4.512585e+02
1.208000e-05	-3.084703e-06	-6.945080e-09	-2.337455e+01	-4.515902e+02
1.209000e-05	-3.086623e-06	-6.944394e-09	-2.338910e+01	-4.519064e+02
1.210000e-05	-3.088485e-06	-6.943616e-09	-2.340321e+01	-4.522066e+02
1.211000e-05	-3.090274e-06	-6.943441e-09	-2.341677e+01	-4.524903e+02
1.212000e-05	-3.091987e-06	-6.943842e-09	-2.342974e+01	-4.527574e+02
1.213000e-05	-3.093636e-06	-6.945662e-09	-2.344224e+01	-4.530076e+02
1.214000e-05	-3.095215e-06	-6.947158e-09	-2.345420e+01	-4.532409e+02
1.215000e-05	-3.096716e-06	-6.950112e-09	-2.346558e+01	-4.534574e+02
1.216000e-05	-3.098160e-06	-6.955515e-09	-2.347652e+01	-4.536572e+02
1.217000e-05	-3.099512e-06	-6.960294e-09	-2.348677e+01	-4.538407e+02
1.218000e-05	-3.100739e-06	-6.963370e-09	-2.349606e+01	-4.540084e+02
1.219000e-05	-3.101869e-06	-6.961952e-09	-2.350463e+01	-4.541609e+02
1.220000e-05	-3.102913e-06	-6.954977e-09	-2.351254e+01	-4.542989e+02
1.221000e-05	-3.103880e-06	-6.950574e-09	-2.351987e+01	-4.544233e+02
1.222000e-05	-3.104777e-06	-6.951072e-09	-2.352666e+01	-4.545352e+02
1.223000e-05	-3.105586e-06	-6.952321e-09	-2.353280e+01	-4.546357e+02
1.224000e-05	-3.106327e-06	-6.954470e-09	-2.353841e+01	-4.547259e+02
1.225000e-05	-3.107015e-06	-6.957193e-09	-2.354362e+01	-4.548072e+02
1.226000e-05	-3.107635e-06	-6.962120e-09	-2.354832e+01	-4.548809e+02
1.227000e-05	-3.108143e-06	-6.961250e-09	-2.355217e+01	-4.549484e+02
1.228000e-05	-3.108533e-06	-6.952115e-09	-2.355513e+01	-4.550110e+02
1.229000e-05	-3.108847e-06	-6.942794e-09	-2.355750e+01	-4.550702e+02
1.230000e-05	-3.109103e-06	-6.934993e-09	-2.355944e+01	-4.551272e+02
1.231000e-05	-3.109249e-06	-6.946009e-09	-2.356055e+01	-4.551833e+02
1.232000e-05	-3.109243e-06	-6.980115e-09	-2.356050e+01	-4.552394e+02
