# Temperatura_=_20.0
# Concentracion g/m^3_=_10000.0
# C_Vs_to_Am_M_A/Vsm_=_65563218390.804596
# pendiente_HvsI_1/m_=_3716.3
# ordenada_HvsI_A/m_=_1297.0
# frecuencia_Hz_=_81162.5724999356

Tiempo_(s)	Campo_(V.s)	Magnetizacion_(V.s)	Campo_(kA/m)	Magnetizacion_(A/m)
0.000000e+00	-3.111062e-06	-7.069851e-09	-2.356068e+01	-4.590950e+02
1.000000e-08	-3.111034e-06	-7.073340e-09	-2.356046e+01	-4.590926e+02
2.000000e-08	-3.111132e-06	-7.033510e-09	-2.356121e+01	-4.590766e+02
3.000000e-08	-3.111166e-06	-7.046503e-09	-2.356147e+01	-4.590478e+02
4.000000e-08	-3.111027e-06	-7.052836e-09	-2.356041e+01	-4.590072e+02
5.000000e-08	-3.110747e-06	-7.017990e-09	-2.355829e+01	-4.589558e+02
6.000000e-08	-3.110378e-06	-7.028799e-09	-2.355550e+01	-4.588949e+02
7.000000e-08	-3.109890e-06	-7.034583e-09	-2.355180e+01	-4.588258e+02
8.000000e-08	-3.109260e-06	-7.026241e-09	-2.354703e+01	-4.587500e+02
9.000000e-08	-3.108551e-06	-7.021212e-09	-2.354166e+01	-4.586686e+02
1.000000e-07	-3.107787e-06	-7.021625e-09	-2.353588e+01	-4.585830e+02
1.100000e-07	-3.107055e-06	-7.033278e-09	-2.353033e+01	-4.584944e+02
1.200000e-07	-3.106232e-06	-7.018722e-09	-2.352410e+01	-4.584037e+02
1.300000e-07	-3.105309e-06	-7.014253e-09	-2.351711e+01	-4.583117e+02
1.400000e-07	-3.104324e-06	-7.020037e-09	-2.350965e+01	-4.582192e+02
1.500000e-07	-3.103245e-06	-7.021810e-09	-2.350148e+01	-4.581265e+02
1.600000e-07	-3.102062e-06	-7.002740e-09	-2.349252e+01	-4.580339e+02
1.700000e-07	-3.100750e-06	-6.984599e-09	-2.348259e+01	-4.579415e+02
1.800000e-07	-3.099416e-06	-7.005936e-09	-2.347248e+01	-4.578492e+02
1.900000e-07	-3.097998e-06	-7.002111e-09	-2.346174e+01	-4.577568e+02
2.000000e-07	-3.096434e-06	-6.992362e-09	-2.344990e+01	-4.576641e+02
2.100000e-07	-3.094709e-06	-6.987633e-09	-2.343683e+01	-4.575706e+02
2.200000e-07	-3.092919e-06	-6.992135e-09	-2.342327e+01	-4.574760e+02
2.300000e-07	-3.091118e-06	-6.999030e-09	-2.340963e+01	-4.573799e+02
2.400000e-07	-3.089212e-06	-6.987653e-09	-2.339521e+01	-4.572818e+02
2.500000e-07	-3.087230e-06	-6.982269e-09	-2.338020e+01	-4.571816e+02
2.600000e-07	-3.085177e-06	-6.973728e-09	-2.336464e+01	-4.570788e+02
2.700000e-07	-3.083053e-06	-6.984558e-09	-2.334856e+01	-4.569733e+02
2.800000e-07	-3.080842e-06	-6.985673e-09	-2.333182e+01	-4.568649e+02
2.900000e-07	-3.078541e-06	-6.976677e-09	-2.331439e+01	-4.567534e+02
3.000000e-07	-3.076201e-06	-6.969803e-09	-2.329667e+01	-4.566386e+02
3.100000e-07	-3.073786e-06	-6.965229e-09	-2.327838e+01	-4.565205e+02
3.200000e-07	-3.071312e-06	-6.975124e-09	-2.325964e+01	-4.563989e+02
3.300000e-07	-3.068765e-06	-6.965365e-09	-2.324036e+01	-4.562735e+02
3.400000e-07	-3.066147e-06	-6.952295e-09	-2.322053e+01	-4.561439e+02
3.500000e-07	-3.063421e-06	-6.942919e-09	-2.319989e+01	-4.560099e+02
3.600000e-07	-3.060549e-06	-6.942996e-09	-2.317814e+01	-4.558708e+02
3.700000e-07	-3.057610e-06	-6.946870e-09	-2.315588e+01	-4.557261e+02
3.800000e-07	-3.054608e-06	-6.940540e-09	-2.313314e+01	-4.555751e+02
3.900000e-07	-3.051539e-06	-6.936453e-09	-2.310990e+01	-4.554168e+02
4.000000e-07	-3.048379e-06	-6.931490e-09	-2.308596e+01	-4.552504e+02
4.100000e-07	-3.045166e-06	-6.935123e-09	-2.306164e+01	-4.550749e+02
4.200000e-07	-3.041909e-06	-6.923732e-09	-2.303697e+01	-4.548894e+02
4.300000e-07	-3.038574e-06	-6.901875e-09	-2.301171e+01	-4.546929e+02
4.400000e-07	-3.035172e-06	-6.895761e-09	-2.298595e+01	-4.544845e+02
4.500000e-07	-3.031667e-06	-6.897242e-09	-2.295940e+01	-4.542634e+02
4.600000e-07	-3.028056e-06	-6.901332e-09	-2.293206e+01	-4.540288e+02
4.700000e-07	-3.024352e-06	-6.890572e-09	-2.290401e+01	-4.537802e+02
4.800000e-07	-3.020575e-06	-6.885614e-09	-2.287540e+01	-4.535173e+02
4.900000e-07	-3.016731e-06	-6.887840e-09	-2.284629e+01	-4.532399e+02
5.000000e-07	-3.012816e-06	-6.883268e-09	-2.281664e+01	-4.529479e+02
5.100000e-07	-3.008829e-06	-6.868311e-09	-2.278645e+01	-4.526417e+02
5.200000e-07	-3.004752e-06	-6.844019e-09	-2.275557e+01	-4.523214e+02
5.300000e-07	-3.000615e-06	-6.838734e-09	-2.272424e+01	-4.519877e+02
5.400000e-07	-2.996414e-06	-6.840151e-09	-2.269243e+01	-4.516411e+02
5.500000e-07	-2.992115e-06	-6.841026e-09	-2.265987e+01	-4.512824e+02
5.600000e-07	-2.987704e-06	-6.836494e-09	-2.262646e+01	-4.509124e+02
5.700000e-07	-2.983195e-06	-6.832335e-09	-2.259232e+01	-4.505318e+02
5.800000e-07	-2.978622e-06	-6.832675e-09	-2.255769e+01	-4.501413e+02
5.900000e-07	-2.973969e-06	-6.820981e-09	-2.252244e+01	-4.497417e+02
6.000000e-07	-2.969228e-06	-6.804561e-09	-2.248654e+01	-4.493336e+02
6.100000e-07	-2.964416e-06	-6.787715e-09	-2.245010e+01	-4.489174e+02
6.200000e-07	-2.959543e-06	-6.784900e-09	-2.241320e+01	-4.484936e+02
6.300000e-07	-2.954611e-06	-6.784222e-09	-2.237584e+01	-4.480625e+02
6.400000e-07	-2.949582e-06	-6.777400e-09	-2.233776e+01	-4.476243e+02
6.500000e-07	-2.944446e-06	-6.772520e-09	-2.229886e+01	-4.471791e+02
6.600000e-07	-2.939197e-06	-6.765133e-09	-2.225911e+01	-4.467270e+02
6.700000e-07	-2.933848e-06	-6.761286e-09	-2.221860e+01	-4.462682e+02
6.800000e-07	-2.928421e-06	-6.750712e-09	-2.217750e+01	-4.458028e+02
6.900000e-07	-2.922919e-06	-6.739051e-09	-2.213584e+01	-4.453308e+02
7.000000e-07	-2.917352e-06	-6.728525e-09	-2.209367e+01	-4.448528e+02
7.100000e-07	-2.911710e-06	-6.720721e-09	-2.205095e+01	-4.443690e+02
7.200000e-07	-2.906015e-06	-6.716707e-09	-2.200782e+01	-4.438800e+02
7.300000e-07	-2.900258e-06	-6.704172e-09	-2.196422e+01	-4.433867e+02
7.400000e-07	-2.894419e-06	-6.693774e-09	-2.191999e+01	-4.428898e+02
7.500000e-07	-2.888468e-06	-6.681846e-09	-2.187493e+01	-4.423906e+02
7.600000e-07	-2.882409e-06	-6.673729e-09	-2.182905e+01	-4.418901e+02
7.700000e-07	-2.876294e-06	-6.666243e-09	-2.178273e+01	-4.413896e+02
7.800000e-07	-2.870117e-06	-6.659228e-09	-2.173596e+01	-4.408906e+02
7.900000e-07	-2.863876e-06	-6.656837e-09	-2.168869e+01	-4.403944e+02
8.000000e-07	-2.857569e-06	-6.648156e-09	-2.164092e+01	-4.399022e+02
8.100000e-07	-2.851198e-06	-6.637604e-09	-2.159268e+01	-4.394152e+02
8.200000e-07	-2.844747e-06	-6.620124e-09	-2.154382e+01	-4.389344e+02
8.300000e-07	-2.838223e-06	-6.606407e-09	-2.149442e+01	-4.384606e+02
8.400000e-07	-2.831651e-06	-6.599796e-09	-2.144464e+01	-4.379942e+02
8.500000e-07	-2.824985e-06	-6.591915e-09	-2.139416e+01	-4.375353e+02
8.600000e-07	-2.818224e-06	-6.587140e-09	-2.134296e+01	-4.370837e+02
8.700000e-07	-2.811375e-06	-6.582768e-09	-2.129109e+01	-4.366389e+02
8.800000e-07	-2.804460e-06	-6.580554e-09	-2.123872e+01	-4.362000e+02
8.900000e-07	-2.797491e-06	-6.572810e-09	-2.118594e+01	-4.357656e+02
9.000000e-07	-2.790458e-06	-6.560000e-09	-2.113268e+01	-4.353342e+02
9.100000e-07	-2.783352e-06	-6.548156e-09	-2.107887e+01	-4.349041e+02
9.200000e-07	-2.776155e-06	-6.539492e-09	-2.102436e+01	-4.344731e+02
9.300000e-07	-2.768907e-06	-6.533867e-09	-2.096947e+01	-4.340394e+02
9.400000e-07	-2.761607e-06	-6.524296e-09	-2.091419e+01	-4.336006e+02
9.500000e-07	-2.754252e-06	-6.517122e-09	-2.085848e+01	-4.331548e+02
9.600000e-07	-2.746827e-06	-6.510151e-09	-2.080225e+01	-4.327000e+02
9.700000e-07	-2.739287e-06	-6.503974e-09	-2.074515e+01	-4.322342e+02
9.800000e-07	-2.731653e-06	-6.496313e-09	-2.068734e+01	-4.317561e+02
9.900000e-07	-2.723930e-06	-6.486417e-09	-2.062885e+01	-4.312643e+02
1.000000e-06	-2.716128e-06	-6.478517e-09	-2.056976e+01	-4.307578e+02
1.010000e-06	-2.708257e-06	-6.465232e-09	-2.051016e+01	-4.302360e+02
1.020000e-06	-2.700324e-06	-6.450597e-09	-2.045008e+01	-4.296986e+02
1.030000e-06	-2.692312e-06	-6.435677e-09	-2.038940e+01	-4.291457e+02
1.040000e-06	-2.684206e-06	-6.425109e-09	-2.032802e+01	-4.285774e+02
1.050000e-06	-2.676012e-06	-6.417565e-09	-2.026596e+01	-4.279943e+02
1.060000e-06	-2.667744e-06	-6.406864e-09	-2.020334e+01	-4.273972e+02
1.070000e-06	-2.659419e-06	-6.396727e-09	-2.014030e+01	-4.267867e+02
1.080000e-06	-2.651031e-06	-6.386666e-09	-2.007677e+01	-4.261639e+02
1.090000e-06	-2.642582e-06	-6.380044e-09	-2.001279e+01	-4.255295e+02
1.100000e-06	-2.634078e-06	-6.368581e-09	-1.994839e+01	-4.248844e+02
1.110000e-06	-2.625524e-06	-6.350837e-09	-1.988360e+01	-4.242292e+02
1.120000e-06	-2.616918e-06	-6.335390e-09	-1.981843e+01	-4.235644e+02
1.130000e-06	-2.608244e-06	-6.322246e-09	-1.975274e+01	-4.228905e+02
1.140000e-06	-2.599508e-06	-6.309156e-09	-1.968658e+01	-4.222074e+02
1.150000e-06	-2.590709e-06	-6.292243e-09	-1.961994e+01	-4.215151e+02
1.160000e-06	-2.581855e-06	-6.276338e-09	-1.955289e+01	-4.208135e+02
1.170000e-06	-2.572941e-06	-6.266571e-09	-1.948539e+01	-4.201019e+02
1.180000e-06	-2.563974e-06	-6.261137e-09	-1.941747e+01	-4.193799e+02
1.190000e-06	-2.554950e-06	-6.252397e-09	-1.934913e+01	-4.186468e+02
1.200000e-06	-2.545812e-06	-6.237365e-09	-1.927993e+01	-4.179019e+02
1.210000e-06	-2.536572e-06	-6.219771e-09	-1.920995e+01	-4.171446e+02
1.220000e-06	-2.527268e-06	-6.202771e-09	-1.913949e+01	-4.163743e+02
1.230000e-06	-2.517916e-06	-6.185169e-09	-1.906867e+01	-4.155904e+02
1.240000e-06	-2.508518e-06	-6.166393e-09	-1.899749e+01	-4.147927e+02
1.250000e-06	-2.499050e-06	-6.153830e-09	-1.892579e+01	-4.139810e+02
1.260000e-06	-2.489529e-06	-6.145555e-09	-1.885369e+01	-4.131554e+02
1.270000e-06	-2.479955e-06	-6.134765e-09	-1.878118e+01	-4.123161e+02
1.280000e-06	-2.470321e-06	-6.119637e-09	-1.870822e+01	-4.114636e+02
1.290000e-06	-2.460619e-06	-6.100613e-09	-1.863474e+01	-4.105985e+02
1.300000e-06	-2.450855e-06	-6.082372e-09	-1.856080e+01	-4.097217e+02
1.310000e-06	-2.441038e-06	-6.064581e-09	-1.848645e+01	-4.088341e+02
1.320000e-06	-2.431113e-06	-6.044413e-09	-1.841129e+01	-4.079367e+02
1.330000e-06	-2.421084e-06	-6.026057e-09	-1.833534e+01	-4.070306e+02
1.340000e-06	-2.411001e-06	-6.012131e-09	-1.825898e+01	-4.061169e+02
1.350000e-06	-2.400878e-06	-6.001807e-09	-1.818231e+01	-4.051964e+02
1.360000e-06	-2.390709e-06	-5.991173e-09	-1.810531e+01	-4.042703e+02
1.370000e-06	-2.380482e-06	-5.979379e-09	-1.802785e+01	-4.033393e+02
1.380000e-06	-2.370201e-06	-5.967454e-09	-1.794999e+01	-4.024041e+02
1.390000e-06	-2.359857e-06	-5.950469e-09	-1.787165e+01	-4.014652e+02
1.400000e-06	-2.349457e-06	-5.927709e-09	-1.779289e+01	-4.005231e+02
1.410000e-06	-2.339002e-06	-5.903156e-09	-1.771372e+01	-3.995782e+02
1.420000e-06	-2.328497e-06	-5.878772e-09	-1.763416e+01	-3.986305e+02
1.430000e-06	-2.317947e-06	-5.862858e-09	-1.755427e+01	-3.976802e+02
1.440000e-06	-2.307328e-06	-5.855745e-09	-1.747385e+01	-3.967275e+02
1.450000e-06	-2.296624e-06	-5.852271e-09	-1.739278e+01	-3.957723e+02
1.460000e-06	-2.285821e-06	-5.848232e-09	-1.731097e+01	-3.948148e+02
1.470000e-06	-2.274942e-06	-5.837203e-09	-1.722858e+01	-3.938551e+02
1.480000e-06	-2.264022e-06	-5.818864e-09	-1.714588e+01	-3.928934e+02
1.490000e-06	-2.253072e-06	-5.793810e-09	-1.706295e+01	-3.919300e+02
1.500000e-06	-2.242074e-06	-5.770671e-09	-1.697966e+01	-3.909652e+02
1.510000e-06	-2.231018e-06	-5.752246e-09	-1.689593e+01	-3.899996e+02
1.520000e-06	-2.219914e-06	-5.736542e-09	-1.681184e+01	-3.890336e+02
1.530000e-06	-2.208756e-06	-5.722810e-09	-1.672734e+01	-3.880677e+02
1.540000e-06	-2.197540e-06	-5.713467e-09	-1.664240e+01	-3.871025e+02
1.550000e-06	-2.186274e-06	-5.705663e-09	-1.655708e+01	-3.861382e+02
1.560000e-06	-2.174962e-06	-5.691153e-09	-1.647141e+01	-3.851753e+02
1.570000e-06	-2.163591e-06	-5.672613e-09	-1.638530e+01	-3.842137e+02
1.580000e-06	-2.152153e-06	-5.655494e-09	-1.629867e+01	-3.832536e+02
1.590000e-06	-2.140644e-06	-5.641313e-09	-1.621151e+01	-3.822943e+02
1.600000e-06	-2.129054e-06	-5.626505e-09	-1.612374e+01	-3.813352e+02
1.610000e-06	-2.117391e-06	-5.612185e-09	-1.603541e+01	-3.803754e+02
1.620000e-06	-2.105673e-06	-5.597403e-09	-1.594667e+01	-3.794134e+02
1.630000e-06	-2.093911e-06	-5.580347e-09	-1.585759e+01	-3.784475e+02
1.640000e-06	-2.082112e-06	-5.564566e-09	-1.576824e+01	-3.774758e+02
1.650000e-06	-2.070256e-06	-5.549133e-09	-1.567845e+01	-3.764959e+02
1.660000e-06	-2.058333e-06	-5.534010e-09	-1.558816e+01	-3.755054e+02
1.670000e-06	-2.046348e-06	-5.517996e-09	-1.549739e+01	-3.745017e+02
1.680000e-06	-2.034309e-06	-5.499999e-09	-1.540622e+01	-3.734821e+02
1.690000e-06	-2.022236e-06	-5.481813e-09	-1.531479e+01	-3.724441e+02
1.700000e-06	-2.010133e-06	-5.462450e-09	-1.522313e+01	-3.713851e+02
1.710000e-06	-1.997990e-06	-5.442737e-09	-1.513116e+01	-3.703029e+02
1.720000e-06	-1.985787e-06	-5.426015e-09	-1.503875e+01	-3.691956e+02
1.730000e-06	-1.973515e-06	-5.413646e-09	-1.494582e+01	-3.680617e+02
1.740000e-06	-1.961176e-06	-5.399364e-09	-1.485237e+01	-3.668999e+02
1.750000e-06	-1.948759e-06	-5.379757e-09	-1.475833e+01	-3.657098e+02
1.760000e-06	-1.936284e-06	-5.357196e-09	-1.466386e+01	-3.644911e+02
1.770000e-06	-1.923771e-06	-5.334930e-09	-1.456909e+01	-3.632444e+02
1.780000e-06	-1.911222e-06	-5.314673e-09	-1.447406e+01	-3.619704e+02
1.790000e-06	-1.898635e-06	-5.293494e-09	-1.437873e+01	-3.606706e+02
1.800000e-06	-1.885993e-06	-5.269109e-09	-1.428300e+01	-3.593466e+02
1.810000e-06	-1.873306e-06	-5.244534e-09	-1.418691e+01	-3.580004e+02
1.820000e-06	-1.860576e-06	-5.226417e-09	-1.409051e+01	-3.566344e+02
1.830000e-06	-1.847795e-06	-5.209637e-09	-1.399371e+01	-3.552509e+02
1.840000e-06	-1.834967e-06	-5.187327e-09	-1.389656e+01	-3.538522e+02
1.850000e-06	-1.822102e-06	-5.163411e-09	-1.379913e+01	-3.524409e+02
1.860000e-06	-1.809202e-06	-5.142002e-09	-1.370144e+01	-3.510190e+02
1.870000e-06	-1.796263e-06	-5.121984e-09	-1.360345e+01	-3.495885e+02
1.880000e-06	-1.783271e-06	-5.097731e-09	-1.350506e+01	-3.481510e+02
1.890000e-06	-1.770223e-06	-5.072357e-09	-1.340624e+01	-3.467080e+02
1.900000e-06	-1.757120e-06	-5.044818e-09	-1.330701e+01	-3.452603e+02
1.910000e-06	-1.743961e-06	-5.016325e-09	-1.320736e+01	-3.438085e+02
1.920000e-06	-1.730749e-06	-4.992232e-09	-1.310730e+01	-3.423529e+02
1.930000e-06	-1.717479e-06	-4.970638e-09	-1.300681e+01	-3.408935e+02
1.940000e-06	-1.704161e-06	-4.954295e-09	-1.290594e+01	-3.394298e+02
1.950000e-06	-1.690815e-06	-4.938886e-09	-1.280487e+01	-3.379613e+02
1.960000e-06	-1.677448e-06	-4.919153e-09	-1.270364e+01	-3.364874e+02
1.970000e-06	-1.664054e-06	-4.896547e-09	-1.260220e+01	-3.350074e+02
1.980000e-06	-1.650612e-06	-4.866892e-09	-1.250040e+01	-3.335205e+02
1.990000e-06	-1.637123e-06	-4.834429e-09	-1.239825e+01	-3.320263e+02
2.000000e-06	-1.623590e-06	-4.805343e-09	-1.229576e+01	-3.305243e+02
2.010000e-06	-1.609996e-06	-4.781090e-09	-1.219281e+01	-3.290143e+02
2.020000e-06	-1.596358e-06	-4.763005e-09	-1.208953e+01	-3.274965e+02
2.030000e-06	-1.582685e-06	-4.746796e-09	-1.198598e+01	-3.259711e+02
2.040000e-06	-1.568976e-06	-4.729578e-09	-1.188216e+01	-3.244389e+02
2.050000e-06	-1.555247e-06	-4.710273e-09	-1.177819e+01	-3.229007e+02
2.060000e-06	-1.541497e-06	-4.689487e-09	-1.167406e+01	-3.213576e+02
2.070000e-06	-1.527708e-06	-4.663808e-09	-1.156963e+01	-3.198110e+02
2.080000e-06	-1.513859e-06	-4.634889e-09	-1.146475e+01	-3.182623e+02
2.090000e-06	-1.499950e-06	-4.607017e-09	-1.135941e+01	-3.167129e+02
2.100000e-06	-1.485972e-06	-4.582060e-09	-1.125355e+01	-3.151642e+02
2.110000e-06	-1.471940e-06	-4.560266e-09	-1.114729e+01	-3.136176e+02
2.120000e-06	-1.457872e-06	-4.539919e-09	-1.104075e+01	-3.120741e+02
2.130000e-06	-1.443756e-06	-4.522093e-09	-1.093384e+01	-3.105348e+02
2.140000e-06	-1.429600e-06	-4.502499e-09	-1.082664e+01	-3.090000e+02
2.150000e-06	-1.415428e-06	-4.480360e-09	-1.071931e+01	-3.074702e+02
2.160000e-06	-1.401231e-06	-4.456832e-09	-1.061180e+01	-3.059451e+02
2.170000e-06	-1.386996e-06	-4.428525e-09	-1.050399e+01	-3.044244e+02
2.180000e-06	-1.372717e-06	-4.401781e-09	-1.039585e+01	-3.029073e+02
2.190000e-06	-1.358402e-06	-4.382578e-09	-1.028744e+01	-3.013926e+02
2.200000e-06	-1.344052e-06	-4.367316e-09	-1.017877e+01	-2.998789e+02
2.210000e-06	-1.329649e-06	-4.348576e-09	-1.006969e+01	-2.983649e+02
2.220000e-06	-1.315214e-06	-4.325222e-09	-9.960369e+00	-2.968486e+02
2.230000e-06	-1.300740e-06	-4.302424e-09	-9.850758e+00	-2.953285e+02
2.240000e-06	-1.286210e-06	-4.281223e-09	-9.740722e+00	-2.938027e+02
2.250000e-06	-1.271638e-06	-4.260401e-09	-9.630364e+00	-2.922697e+02
2.260000e-06	-1.257039e-06	-4.236090e-09	-9.519803e+00	-2.907280e+02
2.270000e-06	-1.242407e-06	-4.210958e-09	-9.408987e+00	-2.891762e+02
2.280000e-06	-1.227735e-06	-4.190308e-09	-9.297879e+00	-2.876134e+02
2.290000e-06	-1.213036e-06	-4.171600e-09	-9.186556e+00	-2.860388e+02
2.300000e-06	-1.198315e-06	-4.150405e-09	-9.075074e+00	-2.844520e+02
2.310000e-06	-1.183577e-06	-4.128232e-09	-8.963462e+00	-2.828527e+02
2.320000e-06	-1.168802e-06	-4.105923e-09	-8.851566e+00	-2.812410e+02
2.330000e-06	-1.154001e-06	-4.080445e-09	-8.739475e+00	-2.796171e+02
2.340000e-06	-1.139187e-06	-4.054288e-09	-8.627282e+00	-2.779816e+02
2.350000e-06	-1.124348e-06	-4.026994e-09	-8.514907e+00	-2.763349e+02
2.360000e-06	-1.109480e-06	-4.000243e-09	-8.402304e+00	-2.746777e+02
2.370000e-06	-1.094583e-06	-3.977329e-09	-8.289493e+00	-2.730107e+02
2.380000e-06	-1.079676e-06	-3.954860e-09	-8.176595e+00	-2.713342e+02
2.390000e-06	-1.064748e-06	-3.930347e-09	-8.063547e+00	-2.696489e+02
2.400000e-06	-1.049784e-06	-3.902862e-09	-7.950219e+00	-2.679548e+02
2.410000e-06	-1.034793e-06	-3.876898e-09	-7.836692e+00	-2.662521e+02
2.420000e-06	-1.019788e-06	-3.852456e-09	-7.723052e+00	-2.645406e+02
2.430000e-06	-1.004762e-06	-3.825270e-09	-7.609257e+00	-2.628198e+02
2.440000e-06	-9.897105e-07	-3.797314e-09	-7.495270e+00	-2.610892e+02
2.450000e-06	-9.746317e-07	-3.770853e-09	-7.381075e+00	-2.593479e+02
2.460000e-06	-9.595175e-07	-3.745225e-09	-7.266613e+00	-2.575950e+02
2.470000e-06	-9.443887e-07	-3.717739e-09	-7.152040e+00	-2.558293e+02
2.480000e-06	-9.292491e-07	-3.689883e-09	-7.037384e+00	-2.540496e+02
2.490000e-06	-9.140861e-07	-3.664204e-09	-6.922552e+00	-2.522547e+02
2.500000e-06	-8.988983e-07	-3.640021e-09	-6.807532e+00	-2.504436e+02
2.510000e-06	-8.836850e-07	-3.615946e-09	-6.692319e+00	-2.486151e+02
2.520000e-06	-8.684468e-07	-3.589216e-09	-6.576916e+00	-2.467684e+02
2.530000e-06	-8.531899e-07	-3.560026e-09	-6.461373e+00	-2.449029e+02
2.540000e-06	-8.379072e-07	-3.530943e-09	-6.345634e+00	-2.430181e+02
2.550000e-06	-8.225979e-07	-3.504109e-09	-6.229694e+00	-2.411140e+02
2.560000e-06	-8.072725e-07	-3.477276e-09	-6.113632e+00	-2.391906e+02
2.570000e-06	-7.919247e-07	-3.448521e-09	-5.997400e+00	-2.372484e+02
2.580000e-06	-7.765609e-07	-3.419883e-09	-5.881047e+00	-2.352882e+02
2.590000e-06	-7.611831e-07	-3.391340e-09	-5.764587e+00	-2.333109e+02
2.600000e-06	-7.457735e-07	-3.361423e-09	-5.647887e+00	-2.313179e+02
2.610000e-06	-7.303364e-07	-3.328397e-09	-5.530979e+00	-2.293105e+02
2.620000e-06	-7.148847e-07	-3.295209e-09	-5.413961e+00	-2.272903e+02
2.630000e-06	-6.994101e-07	-3.265853e-09	-5.296769e+00	-2.252589e+02
2.640000e-06	-6.839028e-07	-3.238848e-09	-5.179329e+00	-2.232180e+02
2.650000e-06	-6.683637e-07	-3.210188e-09	-5.061648e+00	-2.211694e+02
2.660000e-06	-6.528034e-07	-3.181111e-09	-4.943807e+00	-2.191145e+02
2.670000e-06	-6.372092e-07	-3.154867e-09	-4.825709e+00	-2.170549e+02
2.680000e-06	-6.215889e-07	-3.126658e-09	-4.707414e+00	-2.149920e+02
2.690000e-06	-6.059525e-07	-3.093100e-09	-4.588996e+00	-2.129269e+02
2.700000e-06	-5.903011e-07	-3.058649e-09	-4.470465e+00	-2.108607e+02
2.710000e-06	-5.746352e-07	-3.027729e-09	-4.351824e+00	-2.087940e+02
2.720000e-06	-5.589456e-07	-2.998367e-09	-4.233004e+00	-2.067274e+02
2.730000e-06	-5.432457e-07	-2.966611e-09	-4.114105e+00	-2.046614e+02
2.740000e-06	-5.275384e-07	-2.934797e-09	-3.995151e+00	-2.025959e+02
2.750000e-06	-5.118193e-07	-2.904332e-09	-3.876107e+00	-2.005310e+02
2.760000e-06	-4.960876e-07	-2.876233e-09	-3.756968e+00	-1.984665e+02
2.770000e-06	-4.803447e-07	-2.848856e-09	-3.637744e+00	-1.964019e+02
2.780000e-06	-4.645988e-07	-2.819523e-09	-3.518497e+00	-1.943367e+02
2.790000e-06	-4.488494e-07	-2.793224e-09	-3.399224e+00	-1.922704e+02
2.800000e-06	-4.330897e-07	-2.767848e-09	-3.279872e+00	-1.902022e+02
2.810000e-06	-4.173188e-07	-2.739408e-09	-3.160437e+00	-1.881314e+02
2.820000e-06	-4.015465e-07	-2.708468e-09	-3.040990e+00	-1.860571e+02
2.830000e-06	-3.857695e-07	-2.676693e-09	-2.921507e+00	-1.839785e+02
2.840000e-06	-3.699811e-07	-2.643708e-09	-2.801939e+00	-1.818948e+02
2.850000e-06	-3.541865e-07	-2.613314e-09	-2.682323e+00	-1.798051e+02
2.860000e-06	-3.383819e-07	-2.585922e-09	-2.562632e+00	-1.777085e+02
2.870000e-06	-3.225709e-07	-2.557425e-09	-2.442892e+00	-1.756042e+02
2.880000e-06	-3.067510e-07	-2.531740e-09	-2.323085e+00	-1.734914e+02
2.890000e-06	-2.909271e-07	-2.504763e-09	-2.203247e+00	-1.713693e+02
2.900000e-06	-2.750967e-07	-2.476192e-09	-2.083361e+00	-1.692371e+02
2.910000e-06	-2.592542e-07	-2.446895e-09	-1.963382e+00	-1.670943e+02
2.920000e-06	-2.434098e-07	-2.414143e-09	-1.843390e+00	-1.649400e+02
2.930000e-06	-2.275641e-07	-2.378424e-09	-1.723387e+00	-1.627738e+02
2.940000e-06	-2.117121e-07	-2.343725e-09	-1.603337e+00	-1.605950e+02
2.950000e-06	-1.958549e-07	-2.313669e-09	-1.483247e+00	-1.584034e+02
2.960000e-06	-1.799961e-07	-2.284361e-09	-1.363146e+00	-1.561983e+02
2.970000e-06	-1.641369e-07	-2.256858e-09	-1.243040e+00	-1.539796e+02
2.980000e-06	-1.482772e-07	-2.227975e-09	-1.122932e+00	-1.517470e+02
2.990000e-06	-1.324075e-07	-2.195773e-09	-1.002748e+00	-1.495002e+02
3.000000e-06	-1.165339e-07	-2.161080e-09	-8.825341e-01	-1.472392e+02
3.010000e-06	-1.006562e-07	-2.122928e-09	-7.622892e-01	-1.449637e+02
3.020000e-06	-8.476584e-08	-2.086793e-09	-6.419482e-01	-1.426738e+02
3.030000e-06	-6.887781e-08	-2.053565e-09	-5.216250e-01	-1.403692e+02
3.040000e-06	-5.300389e-08	-2.021272e-09	-4.014088e-01	-1.380500e+02
3.050000e-06	-3.713815e-08	-1.990847e-09	-2.812544e-01	-1.357159e+02
3.060000e-06	-2.126044e-08	-1.960456e-09	-1.610094e-01	-1.333668e+02
3.070000e-06	-5.379676e-09	-1.929211e-09	-4.074133e-02	-1.310025e+02
3.080000e-06	1.050534e-08	-1.895423e-09	7.955901e-02	-1.286226e+02
3.090000e-06	2.639978e-08	-1.857600e-09	1.999306e-01	-1.262267e+02
3.100000e-06	4.227648e-08	-1.818365e-09	3.201680e-01	-1.238143e+02
3.110000e-06	5.815263e-08	-1.784565e-09	4.404011e-01	-1.213847e+02
3.120000e-06	7.403391e-08	-1.754958e-09	5.606732e-01	-1.189374e+02
3.130000e-06	8.991031e-08	-1.722008e-09	6.809083e-01	-1.164716e+02
3.140000e-06	1.057903e-07	-1.687362e-09	8.011708e-01	-1.139864e+02
3.150000e-06	1.216640e-07	-1.650793e-09	9.213851e-01	-1.114812e+02
3.160000e-06	1.375356e-07	-1.612999e-09	1.041584e+00	-1.089551e+02
3.170000e-06	1.534075e-07	-1.578916e-09	1.161785e+00	-1.064075e+02
3.180000e-06	1.692621e-07	-1.546210e-09	1.281855e+00	-1.038379e+02
3.190000e-06	1.851167e-07	-1.512866e-09	1.401925e+00	-1.012457e+02
3.200000e-06	2.009806e-07	-1.476636e-09	1.522065e+00	-9.863073e+01
3.210000e-06	2.168412e-07	-1.434206e-09	1.642181e+00	-9.599296e+01
3.220000e-06	2.326858e-07	-1.392207e-09	1.762175e+00	-9.333261e+01
3.230000e-06	2.485162e-07	-1.351194e-09	1.882062e+00	-9.065014e+01
3.240000e-06	2.643522e-07	-1.312185e-09	2.001990e+00	-8.794628e+01
3.250000e-06	2.801853e-07	-1.277771e-09	2.121898e+00	-8.522202e+01
3.260000e-06	2.960008e-07	-1.242670e-09	2.241672e+00	-8.247862e+01
3.270000e-06	3.118113e-07	-1.202135e-09	2.361408e+00	-7.971751e+01
3.280000e-06	3.276187e-07	-1.159959e-09	2.481120e+00	-7.694034e+01
3.290000e-06	3.434083e-07	-1.121814e-09	2.600698e+00	-7.414887e+01
3.300000e-06	3.591890e-07	-1.083863e-09	2.720208e+00	-7.134494e+01
3.310000e-06	3.749731e-07	-1.044228e-09	2.839744e+00	-6.853041e+01
3.320000e-06	3.907484e-07	-1.005461e-09	2.959213e+00	-6.570708e+01
3.330000e-06	4.065119e-07	-9.640780e-10	3.078594e+00	-6.287669e+01
3.340000e-06	4.222695e-07	-9.206683e-10	3.197929e+00	-6.004076e+01
3.350000e-06	4.380182e-07	-8.784790e-10	3.317197e+00	-5.720064e+01
3.360000e-06	4.537596e-07	-8.378401e-10	3.436410e+00	-5.435742e+01
3.370000e-06	4.694961e-07	-7.961416e-10	3.555585e+00	-5.151191e+01
3.380000e-06	4.852244e-07	-7.557069e-10	3.674698e+00	-4.866460e+01
3.390000e-06	5.009449e-07	-7.193088e-10	3.793753e+00	-4.581571e+01
3.400000e-06	5.166573e-07	-6.779585e-10	3.912746e+00	-4.296516e+01
3.410000e-06	5.323614e-07	-6.325555e-10	4.031677e+00	-4.011259e+01
3.420000e-06	5.480603e-07	-5.899274e-10	4.150567e+00	-3.725744e+01
3.430000e-06	5.637467e-07	-5.495452e-10	4.269363e+00	-3.439894e+01
3.440000e-06	5.794126e-07	-5.122475e-10	4.388004e+00	-3.153620e+01
3.450000e-06	5.950606e-07	-4.743479e-10	4.506510e+00	-2.866826e+01
3.460000e-06	6.106832e-07	-4.351486e-10	4.624822e+00	-2.579416e+01
3.470000e-06	6.262756e-07	-3.963317e-10	4.742907e+00	-2.291295e+01
3.480000e-06	6.418542e-07	-3.574898e-10	4.860887e+00	-2.002381e+01
3.490000e-06	6.574146e-07	-3.170163e-10	4.978729e+00	-1.712605e+01
3.500000e-06	6.729417e-07	-2.737521e-10	5.096319e+00	-1.421914e+01
3.510000e-06	6.884363e-07	-2.294700e-10	5.213662e+00	-1.130276e+01
3.520000e-06	7.038972e-07	-1.828157e-10	5.330750e+00	-8.376766e+00
3.530000e-06	7.193298e-07	-1.376797e-10	5.447625e+00	-5.441226e+00
3.540000e-06	7.347394e-07	-9.228491e-11	5.564324e+00	-2.496363e+00
3.550000e-06	7.501194e-07	-4.822330e-11	5.680800e+00	4.574606e-01
3.560000e-06	7.654792e-07	-7.237603e-12	5.797123e+00	3.419790e+00
3.570000e-06	7.808169e-07	3.437753e-11	5.913278e+00	6.390132e+00
3.580000e-06	7.961357e-07	7.594088e-11	6.029291e+00	9.368006e+00
3.590000e-06	8.114434e-07	1.198437e-10	6.145219e+00	1.235301e+01
3.600000e-06	8.267336e-07	1.632779e-10	6.261014e+00	1.534485e+01
3.610000e-06	8.419974e-07	2.083021e-10	6.376610e+00	1.834342e+01
3.620000e-06	8.572371e-07	2.540930e-10	6.492024e+00	2.134882e+01
3.630000e-06	8.724703e-07	2.975395e-10	6.607387e+00	2.436138e+01
3.640000e-06	8.876726e-07	3.404305e-10	6.722517e+00	2.738168e+01
3.650000e-06	9.028274e-07	3.821921e-10	6.837287e+00	3.041055e+01
3.660000e-06	9.179668e-07	4.247889e-10	6.951941e+00	3.344904e+01
3.670000e-06	9.331037e-07	4.666273e-10	7.066576e+00	3.649838e+01
3.680000e-06	9.482204e-07	5.113369e-10	7.181057e+00	3.955994e+01
3.690000e-06	9.633057e-07	5.615773e-10	7.295302e+00	4.263520e+01
3.700000e-06	9.783696e-07	6.134782e-10	7.409383e+00	4.572561e+01
3.710000e-06	9.934050e-07	6.639420e-10	7.523249e+00	4.883258e+01
3.720000e-06	1.008412e-06	7.103349e-10	7.636897e+00	5.195737e+01
3.730000e-06	1.023393e-06	7.527824e-10	7.750352e+00	5.510104e+01
3.740000e-06	1.038339e-06	7.929688e-10	7.863545e+00	5.826437e+01
3.750000e-06	1.053273e-06	8.369887e-10	7.976638e+00	6.144778e+01
3.760000e-06	1.068196e-06	8.883987e-10	8.089655e+00	6.465135e+01
3.770000e-06	1.083103e-06	9.400960e-10	8.202548e+00	6.787470e+01
3.780000e-06	1.097990e-06	9.885210e-10	8.315291e+00	7.111709e+01
3.790000e-06	1.112835e-06	1.037768e-09	8.427713e+00	7.437731e+01
3.800000e-06	1.127644e-06	1.085392e-09	8.539865e+00	7.765381e+01
3.810000e-06	1.142426e-06	1.134089e-09	8.651816e+00	8.094466e+01
3.820000e-06	1.157175e-06	1.188621e-09	8.763508e+00	8.424766e+01
3.830000e-06	1.171897e-06	1.245704e-09	8.875006e+00	8.756038e+01
3.840000e-06	1.186593e-06	1.299399e-09	8.986296e+00	9.088027e+01
3.850000e-06	1.201264e-06	1.342257e-09	9.097404e+00	9.420468e+01
3.860000e-06	1.215912e-06	1.380071e-09	9.208336e+00	9.753100e+01
3.870000e-06	1.230533e-06	1.419809e-09	9.319063e+00	1.008567e+02
3.880000e-06	1.245127e-06	1.464823e-09	9.429590e+00	1.041795e+02
3.890000e-06	1.259690e-06	1.516862e-09	9.539881e+00	1.074973e+02
3.900000e-06	1.274223e-06	1.575614e-09	9.649942e+00	1.108082e+02
3.910000e-06	1.288720e-06	1.636009e-09	9.759727e+00	1.141108e+02
3.920000e-06	1.303173e-06	1.688744e-09	9.869180e+00	1.174038e+02
3.930000e-06	1.317585e-06	1.731995e-09	9.978325e+00	1.206864e+02
3.940000e-06	1.331957e-06	1.767689e-09	1.008717e+01	1.239580e+02
3.950000e-06	1.346282e-06	1.805807e-09	1.019566e+01	1.272184e+02
3.960000e-06	1.360565e-06	1.850703e-09	1.030383e+01	1.304674e+02
3.970000e-06	1.374814e-06	1.898909e-09	1.041174e+01	1.337052e+02
3.980000e-06	1.389036e-06	1.948991e-09	1.051944e+01	1.369320e+02
3.990000e-06	1.403215e-06	2.000467e-09	1.062682e+01	1.401480e+02
4.000000e-06	1.417350e-06	2.052598e-09	1.073387e+01	1.433535e+02
4.010000e-06	1.431461e-06	2.102641e-09	1.084073e+01	1.465485e+02
4.020000e-06	1.445547e-06	2.148759e-09	1.094741e+01	1.497330e+02
4.030000e-06	1.459596e-06	2.191330e-09	1.105380e+01	1.529068e+02
4.040000e-06	1.473591e-06	2.232193e-09	1.115979e+01	1.560694e+02
4.050000e-06	1.487526e-06	2.273781e-09	1.126532e+01	1.592203e+02
4.060000e-06	1.501397e-06	2.316395e-09	1.137037e+01	1.623585e+02
4.070000e-06	1.515210e-06	2.357757e-09	1.147498e+01	1.654829e+02
4.080000e-06	1.528978e-06	2.402261e-09	1.157925e+01	1.685924e+02
4.090000e-06	1.542722e-06	2.454279e-09	1.168333e+01	1.716853e+02
4.100000e-06	1.556443e-06	2.506815e-09	1.178724e+01	1.747604e+02
4.110000e-06	1.570128e-06	2.553336e-09	1.189088e+01	1.778162e+02
4.120000e-06	1.583761e-06	2.594175e-09	1.199413e+01	1.808511e+02
4.130000e-06	1.597353e-06	2.630920e-09	1.209706e+01	1.838638e+02
4.140000e-06	1.610916e-06	2.672174e-09	1.219978e+01	1.868533e+02
4.150000e-06	1.624439e-06	2.716080e-09	1.230219e+01	1.898186e+02
4.160000e-06	1.637920e-06	2.760334e-09	1.240429e+01	1.927591e+02
4.170000e-06	1.651365e-06	2.805055e-09	1.250611e+01	1.956744e+02
4.180000e-06	1.664767e-06	2.848659e-09	1.260761e+01	1.985647e+02
4.190000e-06	1.678128e-06	2.893813e-09	1.270879e+01	2.014301e+02
4.200000e-06	1.691454e-06	2.934408e-09	1.280971e+01	2.042716e+02
4.210000e-06	1.704743e-06	2.970731e-09	1.291035e+01	2.070900e+02
4.220000e-06	1.717998e-06	3.006154e-09	1.301074e+01	2.098866e+02
4.230000e-06	1.731206e-06	3.041381e-09	1.311076e+01	2.126630e+02
4.240000e-06	1.744339e-06	3.078436e-09	1.321022e+01	2.154209e+02
4.250000e-06	1.757390e-06	3.120791e-09	1.330905e+01	2.181621e+02
4.260000e-06	1.770384e-06	3.169128e-09	1.340747e+01	2.208885e+02
4.270000e-06	1.783345e-06	3.214361e-09	1.350562e+01	2.236019e+02
4.280000e-06	1.796269e-06	3.255552e-09	1.360349e+01	2.263043e+02
4.290000e-06	1.809158e-06	3.293205e-09	1.370110e+01	2.289972e+02
4.300000e-06	1.822013e-06	3.329019e-09	1.379846e+01	2.316822e+02
4.310000e-06	1.834835e-06	3.363461e-09	1.389556e+01	2.343605e+02
4.320000e-06	1.847615e-06	3.399148e-09	1.399235e+01	2.370333e+02
4.330000e-06	1.860352e-06	3.441345e-09	1.408881e+01	2.397013e+02
4.340000e-06	1.873043e-06	3.486985e-09	1.418492e+01	2.423649e+02
4.350000e-06	1.885682e-06	3.533940e-09	1.428064e+01	2.450245e+02
4.360000e-06	1.898263e-06	3.578299e-09	1.437592e+01	2.476799e+02
4.370000e-06	1.910796e-06	3.617637e-09	1.447083e+01	2.503308e+02
4.380000e-06	1.923305e-06	3.649891e-09	1.456556e+01	2.529767e+02
4.390000e-06	1.935773e-06	3.679732e-09	1.465999e+01	2.556168e+02
4.400000e-06	1.948174e-06	3.713206e-09	1.475390e+01	2.582503e+02
4.410000e-06	1.960509e-06	3.751213e-09	1.484731e+01	2.608759e+02
4.420000e-06	1.972774e-06	3.796570e-09	1.494020e+01	2.634927e+02
4.430000e-06	1.984969e-06	3.847369e-09	1.503256e+01	2.660992e+02
4.440000e-06	1.997114e-06	3.896091e-09	1.512453e+01	2.686943e+02
4.450000e-06	2.009221e-06	3.935843e-09	1.521622e+01	2.712765e+02
4.460000e-06	2.021293e-06	3.969621e-09	1.530764e+01	2.738447e+02
4.470000e-06	2.033319e-06	4.000622e-09	1.539872e+01	2.763974e+02
4.480000e-06	2.045301e-06	4.029279e-09	1.548946e+01	2.789334e+02
4.490000e-06	2.057234e-06	4.063005e-09	1.557983e+01	2.814515e+02
4.500000e-06	2.069106e-06	4.102459e-09	1.566974e+01	2.839506e+02
4.510000e-06	2.080915e-06	4.146285e-09	1.575918e+01	2.864295e+02
4.520000e-06	2.092671e-06	4.193821e-09	1.584821e+01	2.888872e+02
4.530000e-06	2.104383e-06	4.238991e-09	1.593690e+01	2.913226e+02
4.540000e-06	2.116045e-06	4.277895e-09	1.602522e+01	2.937350e+02
4.550000e-06	2.127631e-06	4.306422e-09	1.611296e+01	2.961234e+02
4.560000e-06	2.139116e-06	4.330431e-09	1.619994e+01	2.984871e+02
4.570000e-06	2.150505e-06	4.356669e-09	1.628619e+01	3.008255e+02
4.580000e-06	2.161838e-06	4.387137e-09	1.637202e+01	3.031379e+02
4.590000e-06	2.173143e-06	4.422756e-09	1.645764e+01	3.054239e+02
4.600000e-06	2.184418e-06	4.464278e-09	1.654302e+01	3.076829e+02
4.610000e-06	2.195651e-06	4.507973e-09	1.662809e+01	3.099148e+02
4.620000e-06	2.206816e-06	4.545490e-09	1.671265e+01	3.121192e+02
4.630000e-06	2.217929e-06	4.577560e-09	1.679681e+01	3.142959e+02
4.640000e-06	2.228994e-06	4.604787e-09	1.688061e+01	3.164451e+02
4.650000e-06	2.240002e-06	4.631902e-09	1.696397e+01	3.185665e+02
4.660000e-06	2.250964e-06	4.657190e-09	1.704699e+01	3.206603e+02
4.670000e-06	2.261882e-06	4.679883e-09	1.712967e+01	3.227266e+02
4.680000e-06	2.272756e-06	4.711097e-09	1.721202e+01	3.247657e+02
4.690000e-06	2.283575e-06	4.748423e-09	1.729396e+01	3.267776e+02
4.700000e-06	2.294305e-06	4.783137e-09	1.737522e+01	3.287626e+02
4.710000e-06	2.304951e-06	4.811263e-09	1.745584e+01	3.307210e+02
4.720000e-06	2.315533e-06	4.834443e-09	1.753598e+01	3.326529e+02
4.730000e-06	2.326058e-06	4.862194e-09	1.761569e+01	3.345585e+02
4.740000e-06	2.336546e-06	4.888106e-09	1.769512e+01	3.364380e+02
4.750000e-06	2.346978e-06	4.914765e-09	1.777412e+01	3.382916e+02
4.760000e-06	2.357343e-06	4.947685e-09	1.785261e+01	3.401193e+02
4.770000e-06	2.367646e-06	4.979685e-09	1.793064e+01	3.419213e+02
4.780000e-06	2.377883e-06	5.009461e-09	1.800817e+01	3.436976e+02
4.790000e-06	2.388053e-06	5.032044e-09	1.808519e+01	3.454484e+02
4.800000e-06	2.398174e-06	5.053466e-09	1.816184e+01	3.471737e+02
4.810000e-06	2.408261e-06	5.074184e-09	1.823823e+01	3.488737e+02
4.820000e-06	2.418285e-06	5.094076e-09	1.831414e+01	3.505486e+02
4.830000e-06	2.428223e-06	5.116016e-09	1.838941e+01	3.521988e+02
4.840000e-06	2.438058e-06	5.141607e-09	1.846389e+01	3.538247e+02
4.850000e-06	2.447808e-06	5.172894e-09	1.853773e+01	3.554267e+02
4.860000e-06	2.457511e-06	5.200175e-09	1.861121e+01	3.570056e+02
4.870000e-06	2.467167e-06	5.222447e-09	1.868434e+01	3.585621e+02
4.880000e-06	2.476761e-06	5.240929e-09	1.875699e+01	3.600972e+02
4.890000e-06	2.486296e-06	5.260499e-09	1.882920e+01	3.616120e+02
4.900000e-06	2.495791e-06	5.282963e-09	1.890111e+01	3.631077e+02
4.910000e-06	2.505215e-06	5.301984e-09	1.897248e+01	3.645856e+02
4.920000e-06	2.514575e-06	5.321873e-09	1.904337e+01	3.660471e+02
4.930000e-06	2.523899e-06	5.346096e-09	1.911398e+01	3.674936e+02
4.940000e-06	2.533175e-06	5.374505e-09	1.918423e+01	3.689267e+02
4.950000e-06	2.542374e-06	5.400137e-09	1.925389e+01	3.703478e+02
4.960000e-06	2.551462e-06	5.420358e-09	1.932272e+01	3.717582e+02
4.970000e-06	2.560453e-06	5.440910e-09	1.939081e+01	3.731594e+02
4.980000e-06	2.569383e-06	5.463289e-09	1.945843e+01	3.745524e+02
4.990000e-06	2.578262e-06	5.487744e-09	1.952568e+01	3.759385e+02
5.000000e-06	2.587085e-06	5.506352e-09	1.959250e+01	3.773185e+02
5.010000e-06	2.595841e-06	5.522709e-09	1.965881e+01	3.786930e+02
5.020000e-06	2.604537e-06	5.545641e-09	1.972466e+01	3.800626e+02
5.030000e-06	2.613178e-06	5.571407e-09	1.979010e+01	3.814277e+02
5.040000e-06	2.621748e-06	5.595082e-09	1.985501e+01	3.827884e+02
5.050000e-06	2.630268e-06	5.616047e-09	1.991953e+01	3.841447e+02
5.060000e-06	2.638752e-06	5.639643e-09	1.998378e+01	3.854963e+02
5.070000e-06	2.647169e-06	5.663334e-09	2.004753e+01	3.868430e+02
5.080000e-06	2.655496e-06	5.685317e-09	2.011059e+01	3.881844e+02
5.090000e-06	2.663751e-06	5.703613e-09	2.017310e+01	3.895199e+02
5.100000e-06	2.671950e-06	5.720442e-09	2.023520e+01	3.908490e+02
5.110000e-06	2.680083e-06	5.742378e-09	2.029679e+01	3.921711e+02
5.120000e-06	2.688132e-06	5.764508e-09	2.035775e+01	3.934857e+02
5.130000e-06	2.696105e-06	5.785386e-09	2.041813e+01	3.947921e+02
5.140000e-06	2.704020e-06	5.806726e-09	2.047807e+01	3.960897e+02
5.150000e-06	2.711871e-06	5.832127e-09	2.053753e+01	3.973781e+02
5.160000e-06	2.719654e-06	5.856551e-09	2.059647e+01	3.986565e+02
5.170000e-06	2.727376e-06	5.875524e-09	2.065495e+01	3.999246e+02
5.180000e-06	2.735019e-06	5.895015e-09	2.071283e+01	4.011818e+02
5.190000e-06	2.742537e-06	5.914443e-09	2.076977e+01	4.024274e+02
5.200000e-06	2.749942e-06	5.934017e-09	2.082584e+01	4.036611e+02
5.210000e-06	2.757287e-06	5.955789e-09	2.088147e+01	4.048820e+02
5.220000e-06	2.764600e-06	5.976304e-09	2.093685e+01	4.060896e+02
5.230000e-06	2.771849e-06	5.997413e-09	2.099175e+01	4.072832e+02
5.240000e-06	2.779015e-06	6.020507e-09	2.104602e+01	4.084618e+02
5.250000e-06	2.786109e-06	6.039697e-09	2.109974e+01	4.096247e+02
5.260000e-06	2.793131e-06	6.057031e-09	2.115293e+01	4.107709e+02
5.270000e-06	2.800087e-06	6.076473e-09	2.120561e+01	4.118994e+02
5.280000e-06	2.806996e-06	6.092995e-09	2.125793e+01	4.130093e+02
5.290000e-06	2.813845e-06	6.111318e-09	2.130980e+01	4.140995e+02
5.300000e-06	2.820590e-06	6.132074e-09	2.136088e+01	4.151692e+02
5.310000e-06	2.827218e-06	6.150724e-09	2.141107e+01	4.162174e+02
5.320000e-06	2.833771e-06	6.168502e-09	2.146070e+01	4.172434e+02
5.330000e-06	2.840284e-06	6.187355e-09	2.151003e+01	4.182466e+02
5.340000e-06	2.846735e-06	6.208383e-09	2.155887e+01	4.192266e+02
5.350000e-06	2.853112e-06	6.224471e-09	2.160717e+01	4.201832e+02
5.360000e-06	2.859433e-06	6.236848e-09	2.165504e+01	4.211164e+02
5.370000e-06	2.865683e-06	6.251297e-09	2.170237e+01	4.220265e+02
5.380000e-06	2.871861e-06	6.268384e-09	2.174916e+01	4.229139e+02
5.390000e-06	2.877988e-06	6.285892e-09	2.179556e+01	4.237795e+02
5.400000e-06	2.884056e-06	6.300939e-09	2.184152e+01	4.246242e+02
5.410000e-06	2.890038e-06	6.313132e-09	2.188682e+01	4.254491e+02
5.420000e-06	2.895899e-06	6.328242e-09	2.193121e+01	4.262555e+02
5.430000e-06	2.901666e-06	6.347809e-09	2.197488e+01	4.270449e+02
5.440000e-06	2.907385e-06	6.363013e-09	2.201820e+01	4.278185e+02
5.450000e-06	2.913051e-06	6.374003e-09	2.206110e+01	4.285779e+02
5.460000e-06	2.918647e-06	6.382563e-09	2.210348e+01	4.293244e+02
5.470000e-06	2.924168e-06	6.391306e-09	2.214530e+01	4.300593e+02
5.480000e-06	2.929622e-06	6.403195e-09	2.218660e+01	4.307837e+02
5.490000e-06	2.934990e-06	6.415508e-09	2.222725e+01	4.314986e+02
5.500000e-06	2.940268e-06	6.429686e-09	2.226722e+01	4.322047e+02
5.510000e-06	2.945445e-06	6.444606e-09	2.230643e+01	4.329024e+02
5.520000e-06	2.950500e-06	6.457687e-09	2.234471e+01	4.335922e+02
5.530000e-06	2.955468e-06	6.468800e-09	2.238233e+01	4.342741e+02
5.540000e-06	2.960375e-06	6.478453e-09	2.241950e+01	4.349480e+02
5.550000e-06	2.965216e-06	6.492437e-09	2.245616e+01	4.356138e+02
5.560000e-06	2.969984e-06	6.510077e-09	2.249226e+01	4.362711e+02
5.570000e-06	2.974679e-06	6.525361e-09	2.252782e+01	4.369196e+02
5.580000e-06	2.979291e-06	6.536086e-09	2.256275e+01	4.375589e+02
5.590000e-06	2.983833e-06	6.544345e-09	2.259715e+01	4.381888e+02
5.600000e-06	2.988333e-06	6.552291e-09	2.263123e+01	4.388091e+02
5.610000e-06	2.992772e-06	6.562087e-09	2.266485e+01	4.394197e+02
5.620000e-06	2.997112e-06	6.574395e-09	2.269771e+01	4.400208e+02
5.630000e-06	3.001339e-06	6.588389e-09	2.272973e+01	4.406128e+02
5.640000e-06	3.005484e-06	6.602568e-09	2.276111e+01	4.411963e+02
5.650000e-06	3.009558e-06	6.613685e-09	2.279197e+01	4.417719e+02
5.660000e-06	3.013564e-06	6.622327e-09	2.282230e+01	4.423407e+02
5.670000e-06	3.017496e-06	6.629248e-09	2.285208e+01	4.429037e+02
5.680000e-06	3.021354e-06	6.638377e-09	2.288130e+01	4.434621e+02
5.690000e-06	3.025145e-06	6.650258e-09	2.291001e+01	4.440171e+02
5.700000e-06	3.028885e-06	6.661748e-09	2.293833e+01	4.445699e+02
5.710000e-06	3.032565e-06	6.671542e-09	2.296620e+01	4.451216e+02
5.720000e-06	3.036139e-06	6.684605e-09	2.299327e+01	4.456731e+02
5.730000e-06	3.039604e-06	6.700068e-09	2.301951e+01	4.462252e+02
5.740000e-06	3.042985e-06	6.711374e-09	2.304512e+01	4.467782e+02
5.750000e-06	3.046309e-06	6.721604e-09	2.307029e+01	4.473323e+02
5.760000e-06	3.049573e-06	6.728769e-09	2.309501e+01	4.478872e+02
5.770000e-06	3.052760e-06	6.733839e-09	2.311914e+01	4.484423e+02
5.780000e-06	3.055867e-06	6.740009e-09	2.314267e+01	4.489966e+02
5.790000e-06	3.058891e-06	6.746659e-09	2.316558e+01	4.495490e+02
5.800000e-06	3.061854e-06	6.756731e-09	2.318802e+01	4.500977e+02
5.810000e-06	3.064771e-06	6.769270e-09	2.321011e+01	4.506408e+02
5.820000e-06	3.067616e-06	6.783807e-09	2.323165e+01	4.511765e+02
5.830000e-06	3.070354e-06	6.794282e-09	2.325239e+01	4.517024e+02
5.840000e-06	3.072971e-06	6.799715e-09	2.327221e+01	4.522165e+02
5.850000e-06	3.075507e-06	6.807700e-09	2.329141e+01	4.527166e+02
5.860000e-06	3.077977e-06	6.815567e-09	2.331012e+01	4.532007e+02
5.870000e-06	3.080361e-06	6.822837e-09	2.332818e+01	4.536669e+02
5.880000e-06	3.082676e-06	6.832421e-09	2.334570e+01	4.541139e+02
5.890000e-06	3.084913e-06	6.842788e-09	2.336264e+01	4.545403e+02
5.900000e-06	3.087078e-06	6.852876e-09	2.337905e+01	4.549453e+02
5.910000e-06	3.089196e-06	6.860355e-09	2.339508e+01	4.553284e+02
5.920000e-06	3.091252e-06	6.863920e-09	2.341065e+01	4.556894e+02
5.930000e-06	3.093221e-06	6.864253e-09	2.342557e+01	4.560287e+02
5.940000e-06	3.095099e-06	6.868129e-09	2.343978e+01	4.563467e+02
5.950000e-06	3.096905e-06	6.877069e-09	2.345347e+01	4.566444e+02
5.960000e-06	3.098631e-06	6.885151e-09	2.346654e+01	4.569227e+02
5.970000e-06	3.100273e-06	6.891524e-09	2.347897e+01	4.571828e+02
5.980000e-06	3.101834e-06	6.897028e-09	2.349079e+01	4.574261e+02
5.990000e-06	3.103303e-06	6.904027e-09	2.350192e+01	4.576538e+02
6.000000e-06	3.104685e-06	6.909732e-09	2.351238e+01	4.578671e+02
6.010000e-06	3.105988e-06	6.911804e-09	2.352225e+01	4.580672e+02
6.020000e-06	3.107209e-06	6.916979e-09	2.353150e+01	4.582550e+02
6.030000e-06	3.108310e-06	6.925883e-09	2.353984e+01	4.584312e+02
6.040000e-06	3.109301e-06	6.938343e-09	2.354734e+01	4.585964e+02
6.050000e-06	3.110231e-06	6.946860e-09	2.355438e+01	4.587507e+02
6.060000e-06	3.111100e-06	6.946780e-09	2.356096e+01	4.588943e+02
6.070000e-06	3.111902e-06	6.944848e-09	2.356704e+01	4.590270e+02
6.080000e-06	3.112632e-06	6.942221e-09	2.357256e+01	4.591484e+02
6.090000e-06	3.113266e-06	6.941907e-09	2.357737e+01	4.592579e+02
6.100000e-06	3.113823e-06	6.943105e-09	2.358159e+01	4.593551e+02
6.110000e-06	3.114332e-06	6.945287e-09	2.358544e+01	4.594394e+02
6.120000e-06	3.114762e-06	6.948479e-09	2.358870e+01	4.595101e+02
6.130000e-06	3.115087e-06	6.956206e-09	2.359116e+01	4.595669e+02
6.140000e-06	3.115303e-06	6.964381e-09	2.359280e+01	4.596093e+02
6.150000e-06	3.115448e-06	6.962489e-09	2.359389e+01	4.596373e+02
6.160000e-06	3.115539e-06	6.954849e-09	2.359458e+01	4.596508e+02
6.170000e-06	3.115568e-06	6.967171e-09	2.359480e+01	4.596501e+02
6.180000e-06	3.115496e-06	6.982915e-09	2.359426e+01	4.596358e+02
6.190000e-06	3.115242e-06	6.976602e-09	2.359233e+01	4.596086e+02
6.200000e-06	3.114896e-06	6.975038e-09	2.358971e+01	4.595694e+02
6.210000e-06	3.114554e-06	6.985371e-09	2.358712e+01	4.595193e+02
6.220000e-06	3.114122e-06	6.976302e-09	2.358385e+01	4.594595e+02
6.230000e-06	3.113673e-06	6.968102e-09	2.358045e+01	4.593914e+02
6.240000e-06	3.113176e-06	6.969501e-09	2.357669e+01	4.593163e+02
6.250000e-06	3.112544e-06	6.975167e-09	2.357190e+01	4.592356e+02
6.260000e-06	3.111816e-06	6.985208e-09	2.356639e+01	4.591505e+02
6.270000e-06	3.110979e-06	6.978515e-09	2.356005e+01	4.590621e+02
6.280000e-06	3.110132e-06	6.974284e-09	2.355364e+01	4.589716e+02
6.290000e-06	3.109218e-06	6.973949e-09	2.354671e+01	4.588798e+02
6.300000e-06	3.108177e-06	6.975078e-09	2.353883e+01	4.587873e+02
6.310000e-06	3.107000e-06	6.971775e-09	2.352991e+01	4.586946e+02
6.320000e-06	3.105754e-06	6.984631e-09	2.352048e+01	4.586020e+02
6.330000e-06	3.104490e-06	6.996585e-09	2.351090e+01	4.585096e+02
6.340000e-06	3.103076e-06	6.985811e-09	2.350020e+01	4.584174e+02
6.350000e-06	3.101554e-06	6.985327e-09	2.348867e+01	4.583250e+02
6.360000e-06	3.099971e-06	6.984784e-09	2.347668e+01	4.582324e+02
6.370000e-06	3.098366e-06	6.983227e-09	2.346453e+01	4.581390e+02
6.380000e-06	3.096676e-06	6.977757e-09	2.345173e+01	4.580445e+02
6.390000e-06	3.094846e-06	6.977285e-09	2.343787e+01	4.579486e+02
6.400000e-06	3.092961e-06	6.982474e-09	2.342360e+01	4.578509e+02
6.410000e-06	3.091019e-06	6.983360e-09	2.340889e+01	4.577509e+02
6.420000e-06	3.089015e-06	6.981273e-09	2.339371e+01	4.576485e+02
6.430000e-06	3.086882e-06	6.971131e-09	2.337756e+01	4.575433e+02
6.440000e-06	3.084638e-06	6.969581e-09	2.336057e+01	4.574353e+02
6.450000e-06	3.082342e-06	6.972963e-09	2.334317e+01	4.573242e+02
6.460000e-06	3.079970e-06	6.975869e-09	2.332521e+01	4.572099e+02
6.470000e-06	3.077517e-06	6.978563e-09	2.330663e+01	4.570922e+02
6.480000e-06	3.074959e-06	6.976177e-09	2.328726e+01	4.569710e+02
6.490000e-06	3.072357e-06	6.979358e-09	2.326755e+01	4.568461e+02
6.500000e-06	3.069701e-06	6.983565e-09	2.324745e+01	4.567171e+02
6.510000e-06	3.066955e-06	6.984080e-09	2.322665e+01	4.565836e+02
6.520000e-06	3.064091e-06	6.979239e-09	2.320496e+01	4.564453e+02
6.530000e-06	3.061111e-06	6.973800e-09	2.318239e+01	4.563013e+02
6.540000e-06	3.058085e-06	6.977348e-09	2.315947e+01	4.561511e+02
6.550000e-06	3.054994e-06	6.977265e-09	2.313606e+01	4.559938e+02
6.560000e-06	3.051832e-06	6.974038e-09	2.311212e+01	4.558285e+02
6.570000e-06	3.048590e-06	6.964836e-09	2.308756e+01	4.556542e+02
6.580000e-06	3.045283e-06	6.962970e-09	2.306252e+01	4.554700e+02
6.590000e-06	3.041911e-06	6.968896e-09	2.303699e+01	4.552749e+02
6.600000e-06	3.038453e-06	6.967946e-09	2.301080e+01	4.550681e+02
6.610000e-06	3.034936e-06	6.964603e-09	2.298416e+01	4.548486e+02
6.620000e-06	3.031329e-06	6.963451e-09	2.295684e+01	4.546157e+02
6.630000e-06	3.027629e-06	6.971923e-09	2.292882e+01	4.543689e+02
6.640000e-06	3.023833e-06	6.970224e-09	2.290007e+01	4.541078e+02
6.650000e-06	3.019947e-06	6.960556e-09	2.287065e+01	4.538322e+02
6.660000e-06	3.015987e-06	6.952861e-09	2.284066e+01	4.535421e+02
6.670000e-06	3.011951e-06	6.949908e-09	2.281009e+01	4.532376e+02
6.680000e-06	3.007850e-06	6.950171e-09	2.277903e+01	4.529190e+02
6.690000e-06	3.003658e-06	6.940714e-09	2.274729e+01	4.525870e+02
6.700000e-06	2.999407e-06	6.935267e-09	2.271510e+01	4.522420e+02
6.710000e-06	2.995105e-06	6.933783e-09	2.268252e+01	4.518848e+02
6.720000e-06	2.990750e-06	6.935073e-09	2.264953e+01	4.515162e+02
6.730000e-06	2.986307e-06	6.931519e-09	2.261589e+01	4.511368e+02
6.740000e-06	2.981763e-06	6.918295e-09	2.258147e+01	4.507476e+02
6.750000e-06	2.977162e-06	6.909596e-09	2.254663e+01	4.503491e+02
6.760000e-06	2.972468e-06	6.904320e-09	2.251108e+01	4.499420e+02
6.770000e-06	2.967685e-06	6.900919e-09	2.247485e+01	4.495268e+02
6.780000e-06	2.962813e-06	6.891694e-09	2.243796e+01	4.491040e+02
6.790000e-06	2.957873e-06	6.885547e-09	2.240055e+01	4.486737e+02
6.800000e-06	2.952873e-06	6.885198e-09	2.236268e+01	4.482364e+02
6.810000e-06	2.947773e-06	6.885377e-09	2.232406e+01	4.477921e+02
6.820000e-06	2.942570e-06	6.881533e-09	2.228466e+01	4.473409e+02
6.830000e-06	2.937240e-06	6.867548e-09	2.224429e+01	4.468829e+02
6.840000e-06	2.931820e-06	6.859663e-09	2.220324e+01	4.464183e+02
6.850000e-06	2.926356e-06	6.854004e-09	2.216186e+01	4.459472e+02
6.860000e-06	2.920836e-06	6.849030e-09	2.212006e+01	4.454699e+02
6.870000e-06	2.915233e-06	6.842328e-09	2.207762e+01	4.449868e+02
6.880000e-06	2.909533e-06	6.834002e-09	2.203446e+01	4.444984e+02
6.890000e-06	2.903770e-06	6.835115e-09	2.199081e+01	4.440056e+02
6.900000e-06	2.897946e-06	6.832580e-09	2.194671e+01	4.435091e+02
6.910000e-06	2.892060e-06	6.826173e-09	2.190213e+01	4.430101e+02
6.920000e-06	2.886088e-06	6.814115e-09	2.185690e+01	4.425097e+02
6.930000e-06	2.880029e-06	6.802232e-09	2.181102e+01	4.420092e+02
6.940000e-06	2.873878e-06	6.796292e-09	2.176444e+01	4.415100e+02
6.950000e-06	2.867635e-06	6.790211e-09	2.171716e+01	4.410133e+02
6.960000e-06	2.861344e-06	6.785907e-09	2.166952e+01	4.405205e+02
6.970000e-06	2.854978e-06	6.779698e-09	2.162131e+01	4.400329e+02
6.980000e-06	2.848541e-06	6.776753e-09	2.157256e+01	4.395513e+02
6.990000e-06	2.842039e-06	6.769196e-09	2.152331e+01	4.390765e+02
7.000000e-06	2.835462e-06	6.760334e-09	2.147350e+01	4.386092e+02
7.010000e-06	2.828835e-06	6.754974e-09	2.142332e+01	4.381494e+02
7.020000e-06	2.822157e-06	6.750628e-09	2.137275e+01	4.376969e+02
7.030000e-06	2.815398e-06	6.750930e-09	2.132156e+01	4.372513e+02
7.040000e-06	2.808528e-06	6.743919e-09	2.126953e+01	4.368117e+02
7.050000e-06	2.801560e-06	6.736797e-09	2.121676e+01	4.363768e+02
7.060000e-06	2.794514e-06	6.732480e-09	2.116340e+01	4.359452e+02
7.070000e-06	2.787403e-06	6.730293e-09	2.110954e+01	4.355150e+02
7.080000e-06	2.780222e-06	6.729490e-09	2.105516e+01	4.350843e+02
7.090000e-06	2.772978e-06	6.723009e-09	2.100030e+01	4.346510e+02
7.100000e-06	2.765680e-06	6.718171e-09	2.094504e+01	4.342130e+02
7.110000e-06	2.758308e-06	6.713417e-09	2.088920e+01	4.337682e+02
7.120000e-06	2.750850e-06	6.707909e-09	2.083272e+01	4.333146e+02
7.130000e-06	2.743307e-06	6.699922e-09	2.077560e+01	4.328503e+02
7.140000e-06	2.735666e-06	6.691255e-09	2.071773e+01	4.323738e+02
7.150000e-06	2.727921e-06	6.681713e-09	2.065908e+01	4.318838e+02
7.160000e-06	2.720094e-06	6.668878e-09	2.059980e+01	4.313792e+02
7.170000e-06	2.712220e-06	6.661608e-09	2.054017e+01	4.308593e+02
7.180000e-06	2.704292e-06	6.656088e-09	2.048013e+01	4.303239e+02
7.190000e-06	2.696299e-06	6.653749e-09	2.041959e+01	4.297729e+02
7.200000e-06	2.688232e-06	6.654178e-09	2.035850e+01	4.292065e+02
7.210000e-06	2.680089e-06	6.653705e-09	2.029683e+01	4.286253e+02
7.220000e-06	2.671878e-06	6.650481e-09	2.023465e+01	4.280298e+02
7.230000e-06	2.663619e-06	6.641533e-09	2.017210e+01	4.274210e+02
7.240000e-06	2.655316e-06	6.633758e-09	2.010922e+01	4.267997e+02
7.250000e-06	2.646932e-06	6.626223e-09	2.004573e+01	4.261667e+02
7.260000e-06	2.638451e-06	6.618912e-09	1.998150e+01	4.255229e+02
7.270000e-06	2.629872e-06	6.611533e-09	1.991653e+01	4.248690e+02
7.280000e-06	2.621222e-06	6.602942e-09	1.985103e+01	4.242054e+02
7.290000e-06	2.612526e-06	6.593655e-09	1.978517e+01	4.235326e+02
7.300000e-06	2.603775e-06	6.584092e-09	1.971890e+01	4.228506e+02
7.310000e-06	2.594975e-06	6.578156e-09	1.965225e+01	4.221595e+02
7.320000e-06	2.586105e-06	6.573780e-09	1.958508e+01	4.214591e+02
7.330000e-06	2.577154e-06	6.564705e-09	1.951729e+01	4.207488e+02
7.340000e-06	2.568138e-06	6.552378e-09	1.944901e+01	4.200281e+02
7.350000e-06	2.559074e-06	6.541022e-09	1.938036e+01	4.192964e+02
7.360000e-06	2.549972e-06	6.530255e-09	1.931143e+01	4.185531e+02
7.370000e-06	2.540809e-06	6.521605e-09	1.924204e+01	4.177974e+02
7.380000e-06	2.531548e-06	6.515020e-09	1.917190e+01	4.170287e+02
7.390000e-06	2.522181e-06	6.505852e-09	1.910097e+01	4.162466e+02
7.400000e-06	2.512743e-06	6.498018e-09	1.902949e+01	4.154506e+02
7.410000e-06	2.503261e-06	6.486824e-09	1.895768e+01	4.146407e+02
7.420000e-06	2.493718e-06	6.469576e-09	1.888541e+01	4.138168e+02
7.430000e-06	2.484119e-06	6.454650e-09	1.881271e+01	4.129792e+02
7.440000e-06	2.474460e-06	6.442292e-09	1.873956e+01	4.121283e+02
7.450000e-06	2.464735e-06	6.436315e-09	1.866592e+01	4.112648e+02
7.460000e-06	2.454942e-06	6.430519e-09	1.859176e+01	4.103894e+02
7.470000e-06	2.445090e-06	6.418750e-09	1.851714e+01	4.095031e+02
7.480000e-06	2.435199e-06	6.406633e-09	1.844224e+01	4.086069e+02
7.490000e-06	2.425266e-06	6.393763e-09	1.836701e+01	4.077018e+02
7.500000e-06	2.415258e-06	6.377103e-09	1.829122e+01	4.067890e+02
7.510000e-06	2.405137e-06	6.360388e-09	1.821457e+01	4.058693e+02
7.520000e-06	2.394956e-06	6.350493e-09	1.813747e+01	4.049439e+02
7.530000e-06	2.384731e-06	6.346383e-09	1.806004e+01	4.040134e+02
7.540000e-06	2.374445e-06	6.339978e-09	1.798213e+01	4.030787e+02
7.550000e-06	2.364099e-06	6.327549e-09	1.790378e+01	4.021403e+02
7.560000e-06	2.353686e-06	6.311575e-09	1.782492e+01	4.011986e+02
7.570000e-06	2.343215e-06	6.295656e-09	1.774562e+01	4.002540e+02
7.580000e-06	2.332691e-06	6.279546e-09	1.766592e+01	3.993066e+02
7.590000e-06	2.322120e-06	6.261872e-09	1.758586e+01	3.983567e+02
7.600000e-06	2.311492e-06	6.246277e-09	1.750538e+01	3.974043e+02
7.610000e-06	2.300817e-06	6.237253e-09	1.742453e+01	3.964494e+02
7.620000e-06	2.290103e-06	6.231809e-09	1.734339e+01	3.954922e+02
7.630000e-06	2.279324e-06	6.219967e-09	1.726176e+01	3.945327e+02
7.640000e-06	2.268460e-06	6.202870e-09	1.717949e+01	3.935713e+02
7.650000e-06	2.257535e-06	6.187440e-09	1.709675e+01	3.926081e+02
7.660000e-06	2.246573e-06	6.175711e-09	1.701373e+01	3.916435e+02
7.670000e-06	2.235550e-06	6.161574e-09	1.693025e+01	3.906780e+02
7.680000e-06	2.224457e-06	6.143730e-09	1.684625e+01	3.897120e+02
7.690000e-06	2.213308e-06	6.129091e-09	1.676181e+01	3.887461e+02
7.700000e-06	2.202096e-06	6.121588e-09	1.667690e+01	3.877807e+02
7.710000e-06	2.190830e-06	6.115448e-09	1.659158e+01	3.868163e+02
7.720000e-06	2.179509e-06	6.101151e-09	1.650584e+01	3.858532e+02
7.730000e-06	2.168126e-06	6.083134e-09	1.641964e+01	3.848915e+02
7.740000e-06	2.156691e-06	6.063011e-09	1.633304e+01	3.839312e+02
7.750000e-06	2.145197e-06	6.043208e-09	1.624599e+01	3.829719e+02
7.760000e-06	2.133631e-06	6.026997e-09	1.615840e+01	3.820128e+02
7.770000e-06	2.121985e-06	6.013902e-09	1.607021e+01	3.810532e+02
7.780000e-06	2.110250e-06	6.004604e-09	1.598133e+01	3.800915e+02
7.790000e-06	2.098447e-06	5.995959e-09	1.589195e+01	3.791263e+02
7.800000e-06	2.086593e-06	5.988901e-09	1.580217e+01	3.781554e+02
7.810000e-06	2.074698e-06	5.975454e-09	1.571209e+01	3.771766e+02
7.820000e-06	2.062769e-06	5.952676e-09	1.562175e+01	3.761876e+02
7.830000e-06	2.050789e-06	5.931915e-09	1.553103e+01	3.751857e+02
7.840000e-06	2.038750e-06	5.917259e-09	1.543985e+01	3.741683e+02
7.850000e-06	2.026663e-06	5.905341e-09	1.534832e+01	3.731327e+02
7.860000e-06	2.014517e-06	5.886591e-09	1.525633e+01	3.720765e+02
7.870000e-06	2.002314e-06	5.869413e-09	1.516391e+01	3.709973e+02
7.880000e-06	1.990069e-06	5.860960e-09	1.507118e+01	3.698933e+02
7.890000e-06	1.977795e-06	5.849029e-09	1.497823e+01	3.687627e+02
7.900000e-06	1.965477e-06	5.830275e-09	1.488494e+01	3.676045e+02
7.910000e-06	1.953096e-06	5.806999e-09	1.479118e+01	3.664179e+02
7.920000e-06	1.940666e-06	5.784779e-09	1.469704e+01	3.652029e+02
7.930000e-06	1.928158e-06	5.764029e-09	1.460231e+01	3.639596e+02
7.940000e-06	1.915575e-06	5.744754e-09	1.450703e+01	3.626890e+02
7.950000e-06	1.902946e-06	5.725106e-09	1.441138e+01	3.613923e+02
7.960000e-06	1.890280e-06	5.706076e-09	1.431545e+01	3.600712e+02
7.970000e-06	1.877582e-06	5.692419e-09	1.421929e+01	3.587277e+02
7.980000e-06	1.864835e-06	5.677535e-09	1.412276e+01	3.573640e+02
7.990000e-06	1.852040e-06	5.656866e-09	1.402586e+01	3.559826e+02
8.000000e-06	1.839197e-06	5.631269e-09	1.392860e+01	3.545857e+02
8.010000e-06	1.826302e-06	5.606931e-09	1.383094e+01	3.531758e+02
8.020000e-06	1.813370e-06	5.580132e-09	1.373301e+01	3.517551e+02
8.030000e-06	1.800397e-06	5.551338e-09	1.363476e+01	3.503256e+02
8.040000e-06	1.787373e-06	5.525024e-09	1.353613e+01	3.488889e+02
8.050000e-06	1.774324e-06	5.500815e-09	1.343730e+01	3.474465e+02
8.060000e-06	1.761245e-06	5.484037e-09	1.333825e+01	3.459994e+02
8.070000e-06	1.748117e-06	5.468841e-09	1.323883e+01	3.445481e+02
8.080000e-06	1.734941e-06	5.446160e-09	1.313905e+01	3.430930e+02
8.090000e-06	1.721715e-06	5.420199e-09	1.303888e+01	3.416341e+02
8.100000e-06	1.708427e-06	5.397693e-09	1.293825e+01	3.401710e+02
8.110000e-06	1.695085e-06	5.376363e-09	1.283721e+01	3.387031e+02
8.120000e-06	1.681687e-06	5.349553e-09	1.273574e+01	3.372300e+02
8.130000e-06	1.668240e-06	5.322452e-09	1.263391e+01	3.357507e+02
8.140000e-06	1.654761e-06	5.301635e-09	1.253183e+01	3.342648e+02
8.150000e-06	1.641253e-06	5.284317e-09	1.242953e+01	3.327715e+02
8.160000e-06	1.627699e-06	5.262342e-09	1.232688e+01	3.312705e+02
8.170000e-06	1.614097e-06	5.235021e-09	1.222387e+01	3.297615e+02
8.180000e-06	1.600461e-06	5.209037e-09	1.212060e+01	3.282447e+02
8.190000e-06	1.586789e-06	5.185538e-09	1.201706e+01	3.267202e+02
8.200000e-06	1.573081e-06	5.160920e-09	1.191325e+01	3.251888e+02
8.210000e-06	1.559339e-06	5.127954e-09	1.180918e+01	3.236513e+02
8.220000e-06	1.545563e-06	5.094371e-09	1.170485e+01	3.221088e+02
8.230000e-06	1.531749e-06	5.070835e-09	1.160023e+01	3.205625e+02
8.240000e-06	1.517892e-06	5.049962e-09	1.149529e+01	3.190140e+02
8.250000e-06	1.503980e-06	5.026646e-09	1.138994e+01	3.174646e+02
8.260000e-06	1.490035e-06	5.001509e-09	1.128433e+01	3.159158e+02
8.270000e-06	1.476052e-06	4.976109e-09	1.117843e+01	3.143688e+02
8.280000e-06	1.462005e-06	4.952901e-09	1.107205e+01	3.128250e+02
8.290000e-06	1.447902e-06	4.927941e-09	1.096524e+01	3.112851e+02
8.300000e-06	1.433742e-06	4.902036e-09	1.085800e+01	3.097497e+02
8.310000e-06	1.419529e-06	4.875399e-09	1.075037e+01	3.082193e+02
8.320000e-06	1.405271e-06	4.856119e-09	1.064239e+01	3.066937e+02
8.330000e-06	1.390996e-06	4.843854e-09	1.053429e+01	3.051725e+02
8.340000e-06	1.376704e-06	4.827224e-09	1.042605e+01	3.036549e+02
8.350000e-06	1.362383e-06	4.802372e-09	1.031759e+01	3.021400e+02
8.360000e-06	1.348037e-06	4.772243e-09	1.020895e+01	3.006263e+02
8.370000e-06	1.333658e-06	4.743255e-09	1.010005e+01	2.991124e+02
8.380000e-06	1.319242e-06	4.711483e-09	9.990873e+00	2.975965e+02
8.390000e-06	1.304794e-06	4.680972e-09	9.881457e+00	2.960770e+02
8.400000e-06	1.290308e-06	4.658266e-09	9.771756e+00	2.945520e+02
8.410000e-06	1.275800e-06	4.640711e-09	9.661882e+00	2.930200e+02
8.420000e-06	1.261269e-06	4.620705e-09	9.551833e+00	2.914794e+02
8.430000e-06	1.246698e-06	4.592886e-09	9.441490e+00	2.899290e+02
8.440000e-06	1.232107e-06	4.564062e-09	9.330989e+00	2.883676e+02
8.450000e-06	1.217493e-06	4.537889e-09	9.220314e+00	2.867946e+02
8.460000e-06	1.202848e-06	4.512594e-09	9.109401e+00	2.852093e+02
8.470000e-06	1.188179e-06	4.486875e-09	8.998307e+00	2.836115e+02
8.480000e-06	1.173491e-06	4.460577e-09	8.887077e+00	2.820013e+02
8.490000e-06	1.158786e-06	4.438335e-09	8.775711e+00	2.803790e+02
8.500000e-06	1.144053e-06	4.413191e-09	8.664136e+00	2.787449e+02
8.510000e-06	1.129267e-06	4.383786e-09	8.552161e+00	2.770996e+02
8.520000e-06	1.114439e-06	4.354219e-09	8.439861e+00	2.754437e+02
8.530000e-06	1.099586e-06	4.329011e-09	8.327378e+00	2.737779e+02
8.540000e-06	1.084700e-06	4.306264e-09	8.214647e+00	2.721026e+02
8.550000e-06	1.069766e-06	4.278075e-09	8.101544e+00	2.704183e+02
8.560000e-06	1.054777e-06	4.248393e-09	7.988029e+00	2.687254e+02
8.570000e-06	1.039755e-06	4.219096e-09	7.874270e+00	2.670237e+02
8.580000e-06	1.024715e-06	4.192152e-09	7.760369e+00	2.653133e+02
8.590000e-06	1.009656e-06	4.164653e-09	7.646324e+00	2.635938e+02
8.600000e-06	9.945725e-07	4.135870e-09	7.532091e+00	2.618645e+02
8.610000e-06	9.794759e-07	4.109541e-09	7.417762e+00	2.601246e+02
8.620000e-06	9.643682e-07	4.083901e-09	7.303348e+00	2.583732e+02
8.630000e-06	9.492375e-07	4.056398e-09	7.188760e+00	2.566091e+02
8.640000e-06	9.340793e-07	4.028300e-09	7.073965e+00	2.548312e+02
8.650000e-06	9.188910e-07	4.002430e-09	6.958940e+00	2.530383e+02
8.660000e-06	9.036773e-07	3.976254e-09	6.843724e+00	2.512293e+02
8.670000e-06	8.884464e-07	3.948366e-09	6.728377e+00	2.494031e+02
8.680000e-06	8.732056e-07	3.915987e-09	6.612956e+00	2.475587e+02
8.690000e-06	8.579417e-07	3.878968e-09	6.497359e+00	2.456956e+02
8.700000e-06	8.426511e-07	3.844202e-09	6.381561e+00	2.438132e+02
8.710000e-06	8.273472e-07	3.812839e-09	6.265661e+00	2.419115e+02
8.720000e-06	8.120198e-07	3.785764e-09	6.149584e+00	2.399905e+02
8.730000e-06	7.966693e-07	3.759524e-09	6.033331e+00	2.380506e+02
8.740000e-06	7.812969e-07	3.732005e-09	5.916914e+00	2.360926e+02
8.750000e-06	7.659061e-07	3.702477e-09	5.800356e+00	2.341175e+02
8.760000e-06	7.504996e-07	3.671637e-09	5.683680e+00	2.321263e+02
8.770000e-06	7.350781e-07	3.640032e-09	5.566889e+00	2.301207e+02
8.780000e-06	7.196471e-07	3.609365e-09	5.450028e+00	2.281020e+02
8.790000e-06	7.042077e-07	3.580826e-09	5.333102e+00	2.260719e+02
8.800000e-06	6.887544e-07	3.548074e-09	5.216071e+00	2.240321e+02
8.810000e-06	6.732728e-07	3.514210e-09	5.098826e+00	2.219843e+02
8.820000e-06	6.577810e-07	3.478609e-09	4.981504e+00	2.199302e+02
8.830000e-06	6.422860e-07	3.444732e-09	4.864157e+00	2.178711e+02
8.840000e-06	6.267755e-07	3.414589e-09	4.746692e+00	2.158086e+02
8.850000e-06	6.112325e-07	3.381465e-09	4.628983e+00	2.137437e+02
8.860000e-06	5.956523e-07	3.350474e-09	4.510991e+00	2.116775e+02
8.870000e-06	5.800689e-07	3.321246e-09	4.392975e+00	2.096109e+02
8.880000e-06	5.644655e-07	3.291028e-09	4.274807e+00	2.075443e+02
8.890000e-06	5.488254e-07	3.259507e-09	4.156361e+00	2.054782e+02
8.900000e-06	5.331819e-07	3.226133e-09	4.037890e+00	2.034126e+02
8.910000e-06	5.175310e-07	3.194556e-09	3.919363e+00	2.013477e+02
8.920000e-06	5.018525e-07	3.163924e-09	3.800627e+00	1.992831e+02
8.930000e-06	4.861423e-07	3.132714e-09	3.681650e+00	1.972186e+02
8.940000e-06	4.704167e-07	3.099013e-09	3.562557e+00	1.951535e+02
8.950000e-06	4.546830e-07	3.067581e-09	3.443403e+00	1.930874e+02
8.960000e-06	4.389505e-07	3.039840e-09	3.324258e+00	1.910195e+02
8.970000e-06	4.231837e-07	3.012241e-09	3.204852e+00	1.889490e+02
8.980000e-06	4.073806e-07	2.978610e-09	3.085172e+00	1.868753e+02
8.990000e-06	3.915835e-07	2.937837e-09	2.965538e+00	1.847973e+02
9.000000e-06	3.757828e-07	2.903717e-09	2.845876e+00	1.827143e+02
9.010000e-06	3.599718e-07	2.873823e-09	2.726136e+00	1.806253e+02
9.020000e-06	3.441591e-07	2.841876e-09	2.606384e+00	1.785297e+02
9.030000e-06	3.283412e-07	2.807135e-09	2.486591e+00	1.764264e+02
9.040000e-06	3.125033e-07	2.773032e-09	2.366649e+00	1.743147e+02
9.050000e-06	2.966635e-07	2.744793e-09	2.246690e+00	1.721938e+02
9.060000e-06	2.808167e-07	2.716076e-09	2.126679e+00	1.700629e+02
9.070000e-06	2.649521e-07	2.680866e-09	2.006534e+00	1.679214e+02
9.080000e-06	2.490832e-07	2.643324e-09	1.886355e+00	1.657686e+02
9.090000e-06	2.332116e-07	2.608415e-09	1.766157e+00	1.636039e+02
9.100000e-06	2.173319e-07	2.573918e-09	1.645896e+00	1.614268e+02
9.110000e-06	2.014519e-07	2.537938e-09	1.525635e+00	1.592368e+02
9.120000e-06	1.855745e-07	2.501099e-09	1.405392e+00	1.570335e+02
9.130000e-06	1.696951e-07	2.466300e-09	1.285134e+00	1.548165e+02
9.140000e-06	1.538200e-07	2.438051e-09	1.164909e+00	1.525856e+02
9.150000e-06	1.379436e-07	2.408138e-09	1.044674e+00	1.503406e+02
9.160000e-06	1.220525e-07	2.370715e-09	9.243271e-01	1.480814e+02
9.170000e-06	1.061526e-07	2.330141e-09	8.039142e-01	1.458077e+02
9.180000e-06	9.025108e-08	2.291214e-09	6.834890e-01	1.435196e+02
9.190000e-06	7.435450e-08	2.254599e-09	5.631011e-01	1.412169e+02
9.200000e-06	5.847202e-08	2.215325e-09	4.428200e-01	1.388995e+02
9.210000e-06	4.258965e-08	2.176389e-09	3.225397e-01	1.365673e+02
9.220000e-06	2.670031e-08	2.141854e-09	2.022066e-01	1.342201e+02
9.230000e-06	1.081335e-08	2.107992e-09	8.189159e-02	1.318577e+02
9.240000e-06	-5.084453e-09	2.070782e-09	-3.850555e-02	1.294798e+02
9.250000e-06	-2.098598e-08	2.030964e-09	-1.589309e-01	1.270859e+02
9.260000e-06	-3.688273e-08	1.989691e-09	-2.793201e-01	1.246756e+02
9.270000e-06	-5.278037e-08	1.948837e-09	-3.997160e-01	1.222483e+02
9.280000e-06	-6.867609e-08	1.907275e-09	-5.200974e-01	1.198032e+02
9.290000e-06	-8.457349e-08	1.863348e-09	-6.404915e-01	1.173397e+02
9.300000e-06	-1.004671e-07	1.818817e-09	-7.608570e-01	1.148570e+02
9.310000e-06	-1.163491e-07	1.776124e-09	-8.811340e-01	1.123544e+02
9.320000e-06	-1.322233e-07	1.735416e-09	-1.001353e+00	1.098309e+02
9.330000e-06	-1.481023e-07	1.694483e-09	-1.121607e+00	1.072861e+02
9.340000e-06	-1.639776e-07	1.650276e-09	-1.241834e+00	1.047192e+02
9.350000e-06	-1.798395e-07	1.606233e-09	-1.361960e+00	1.021299e+02
9.360000e-06	-1.957019e-07	1.565239e-09	-1.482089e+00	9.951778e+01
9.370000e-06	-2.115663e-07	1.524823e-09	-1.602233e+00	9.688287e+01
9.380000e-06	-2.274276e-07	1.482796e-09	-1.722354e+00	9.422533e+01
9.390000e-06	-2.432895e-07	1.439212e-09	-1.842479e+00	9.154559e+01
9.400000e-06	-2.591486e-07	1.396368e-09	-1.962583e+00	8.884437e+01
9.410000e-06	-2.750030e-07	1.354378e-09	-2.082651e+00	8.612261e+01
9.420000e-06	-2.908470e-07	1.308103e-09	-2.202641e+00	8.338153e+01
9.430000e-06	-3.066773e-07	1.261944e-09	-2.322527e+00	8.062256e+01
9.440000e-06	-3.224885e-07	1.221752e-09	-2.442268e+00	7.784731e+01
9.450000e-06	-3.382961e-07	1.180081e-09	-2.561982e+00	7.505753e+01
9.460000e-06	-3.541022e-07	1.136289e-09	-2.681685e+00	7.225506e+01
9.470000e-06	-3.698902e-07	1.090172e-09	-2.801250e+00	6.944176e+01
9.480000e-06	-3.856682e-07	1.041120e-09	-2.920740e+00	6.661945e+01
9.490000e-06	-4.014486e-07	9.953950e-10	-3.040248e+00	6.378986e+01
9.500000e-06	-4.172205e-07	9.495690e-10	-3.159692e+00	6.095455e+01
9.510000e-06	-4.329565e-07	9.045265e-10	-3.278864e+00	5.811490e+01
9.520000e-06	-4.486767e-07	8.637100e-10	-3.397916e+00	5.527203e+01
9.530000e-06	-4.643925e-07	8.194307e-10	-3.516934e+00	5.242677e+01
9.540000e-06	-4.800897e-07	7.731773e-10	-3.635813e+00	4.957968e+01
9.550000e-06	-4.957670e-07	7.235037e-10	-3.754540e+00	4.673099e+01
9.560000e-06	-5.114245e-07	6.746812e-10	-3.873117e+00	4.388067e+01
9.570000e-06	-5.270596e-07	6.298348e-10	-3.991525e+00	4.102839e+01
9.580000e-06	-5.426690e-07	5.844507e-10	-4.109738e+00	3.817361e+01
9.590000e-06	-5.582476e-07	5.398774e-10	-4.227718e+00	3.531558e+01
9.600000e-06	-5.737976e-07	4.938627e-10	-4.345481e+00	3.245343e+01
9.610000e-06	-5.893356e-07	4.509104e-10	-4.463153e+00	2.958620e+01
9.620000e-06	-6.048632e-07	4.082384e-10	-4.580747e+00	2.671293e+01
9.630000e-06	-6.203777e-07	3.610433e-10	-4.698241e+00	2.383266e+01
9.640000e-06	-6.358728e-07	3.139931e-10	-4.815588e+00	2.094457e+01
9.650000e-06	-6.513555e-07	2.680626e-10	-4.932842e+00	1.804792e+01
9.660000e-06	-6.668276e-07	2.239493e-10	-5.050015e+00	1.514219e+01
9.670000e-06	-6.822823e-07	1.785555e-10	-5.167057e+00	1.222701e+01
9.680000e-06	-6.977241e-07	1.324399e-10	-5.284001e+00	9.302225e+00
9.690000e-06	-7.131442e-07	8.579424e-11	-5.400780e+00	6.367876e+00
9.700000e-06	-7.285513e-07	3.771707e-11	-5.517461e+00	3.424168e+00
9.710000e-06	-7.439469e-07	-1.111150e-11	-5.634054e+00	4.714495e-01
9.720000e-06	-7.593127e-07	-6.014946e-11	-5.750423e+00	-2.489836e+00
9.730000e-06	-7.746583e-07	-1.074671e-10	-5.866638e+00	-5.459195e+00
9.740000e-06	-7.899926e-07	-1.548796e-10	-5.982768e+00	-8.436145e+00
9.750000e-06	-8.053105e-07	-2.020666e-10	-6.098773e+00	-1.142026e+01
9.760000e-06	-8.206070e-07	-2.492290e-10	-6.214616e+00	-1.441125e+01
9.770000e-06	-8.358837e-07	-2.942888e-10	-6.330310e+00	-1.740897e+01
9.780000e-06	-8.511405e-07	-3.397978e-10	-6.445853e+00	-2.041350e+01
9.790000e-06	-8.663600e-07	-3.890602e-10	-6.561113e+00	-2.342513e+01
9.800000e-06	-8.815485e-07	-4.363869e-10	-6.676138e+00	-2.644442e+01
9.810000e-06	-8.967210e-07	-4.804013e-10	-6.791043e+00	-2.947216e+01
9.820000e-06	-9.118690e-07	-5.252127e-10	-6.905761e+00	-3.250937e+01
9.830000e-06	-9.269867e-07	-5.748040e-10	-7.020251e+00	-3.555727e+01
9.840000e-06	-9.420795e-07	-6.265309e-10	-7.134551e+00	-3.861722e+01
9.850000e-06	-9.571633e-07	-6.753335e-10	-7.248784e+00	-4.169068e+01
9.860000e-06	-9.722372e-07	-7.205489e-10	-7.362941e+00	-4.477911e+01
9.870000e-06	-9.872887e-07	-7.654293e-10	-7.476929e+00	-4.788392e+01
9.880000e-06	-1.002325e-06	-8.143167e-10	-7.590799e+00	-5.100642e+01
9.890000e-06	-1.017343e-06	-8.649856e-10	-7.704537e+00	-5.414768e+01
9.900000e-06	-1.032331e-06	-9.155298e-10	-7.818045e+00	-5.730851e+01
9.910000e-06	-1.047288e-06	-9.694267e-10	-7.931317e+00	-6.048939e+01
9.920000e-06	-1.062208e-06	-1.025834e-09	-8.044307e+00	-6.369044e+01
9.930000e-06	-1.077089e-06	-1.080195e-09	-8.157001e+00	-6.691135e+01
9.940000e-06	-1.091922e-06	-1.130267e-09	-8.269336e+00	-7.015140e+01
9.950000e-06	-1.106714e-06	-1.174327e-09	-8.381361e+00	-7.340947e+01
9.960000e-06	-1.121472e-06	-1.219726e-09	-8.493125e+00	-7.668402e+01
9.970000e-06	-1.136195e-06	-1.273164e-09	-8.604623e+00	-7.997318e+01
9.980000e-06	-1.150890e-06	-1.327441e-09	-8.715915e+00	-8.327478e+01
9.990000e-06	-1.165557e-06	-1.378903e-09	-8.826993e+00	-8.658642e+01
1.000000e-05	-1.180205e-06	-1.430769e-09	-8.937925e+00	-8.990555e+01
1.001000e-05	-1.194835e-06	-1.482298e-09	-9.048715e+00	-9.322953e+01
1.002000e-05	-1.209441e-06	-1.534628e-09	-9.159335e+00	-9.655575e+01
1.003000e-05	-1.224019e-06	-1.586341e-09	-9.269736e+00	-9.988168e+01
1.004000e-05	-1.238569e-06	-1.637657e-09	-9.379925e+00	-1.032050e+02
1.005000e-05	-1.253086e-06	-1.695699e-09	-9.489864e+00	-1.065235e+02
1.006000e-05	-1.267567e-06	-1.755086e-09	-9.599532e+00	-1.098353e+02
1.007000e-05	-1.282022e-06	-1.807364e-09	-9.709004e+00	-1.131390e+02
1.008000e-05	-1.296445e-06	-1.857299e-09	-9.818232e+00	-1.164332e+02
1.009000e-05	-1.310836e-06	-1.909768e-09	-9.927216e+00	-1.197171e+02
1.010000e-05	-1.325192e-06	-1.963601e-09	-1.003594e+01	-1.229901e+02
1.011000e-05	-1.339509e-06	-2.016207e-09	-1.014436e+01	-1.262519e+02
1.012000e-05	-1.353807e-06	-2.066067e-09	-1.025264e+01	-1.295024e+02
1.013000e-05	-1.368085e-06	-2.117454e-09	-1.036077e+01	-1.327416e+02
1.014000e-05	-1.382335e-06	-2.172362e-09	-1.046869e+01	-1.359697e+02
1.015000e-05	-1.396552e-06	-2.227330e-09	-1.057636e+01	-1.391871e+02
1.016000e-05	-1.410728e-06	-2.276833e-09	-1.068372e+01	-1.423938e+02
1.017000e-05	-1.424867e-06	-2.320856e-09	-1.079079e+01	-1.455901e+02
1.018000e-05	-1.438949e-06	-2.367291e-09	-1.089744e+01	-1.487759e+02
1.019000e-05	-1.452975e-06	-2.418490e-09	-1.100366e+01	-1.519511e+02
1.020000e-05	-1.466956e-06	-2.469724e-09	-1.110954e+01	-1.551152e+02
1.021000e-05	-1.480875e-06	-2.517377e-09	-1.121496e+01	-1.582675e+02
1.022000e-05	-1.494756e-06	-2.566227e-09	-1.132008e+01	-1.614074e+02
1.023000e-05	-1.508608e-06	-2.622417e-09	-1.142499e+01	-1.645336e+02
1.024000e-05	-1.522416e-06	-2.679856e-09	-1.152955e+01	-1.676449e+02
1.025000e-05	-1.536175e-06	-2.729467e-09	-1.163375e+01	-1.707400e+02
1.026000e-05	-1.549894e-06	-2.772982e-09	-1.173765e+01	-1.738174e+02
1.027000e-05	-1.563583e-06	-2.816030e-09	-1.184132e+01	-1.768757e+02
1.028000e-05	-1.577226e-06	-2.861822e-09	-1.194464e+01	-1.799132e+02
1.029000e-05	-1.590833e-06	-2.907674e-09	-1.204769e+01	-1.829288e+02
1.030000e-05	-1.604403e-06	-2.952217e-09	-1.215045e+01	-1.859213e+02
1.031000e-05	-1.617925e-06	-3.003017e-09	-1.225286e+01	-1.888896e+02
1.032000e-05	-1.631416e-06	-3.060113e-09	-1.235503e+01	-1.918332e+02
1.033000e-05	-1.644887e-06	-3.113432e-09	-1.245705e+01	-1.947517e+02
1.034000e-05	-1.658333e-06	-3.159636e-09	-1.255888e+01	-1.976451e+02
1.035000e-05	-1.671737e-06	-3.200962e-09	-1.266039e+01	-2.005136e+02
1.036000e-05	-1.685073e-06	-3.242764e-09	-1.276139e+01	-2.033580e+02
1.037000e-05	-1.698347e-06	-3.285030e-09	-1.286191e+01	-2.061792e+02
1.038000e-05	-1.711565e-06	-3.324019e-09	-1.296201e+01	-2.089784e+02
1.039000e-05	-1.724725e-06	-3.364099e-09	-1.306168e+01	-2.117573e+02
1.040000e-05	-1.737836e-06	-3.409473e-09	-1.316097e+01	-2.145174e+02
1.041000e-05	-1.750905e-06	-3.459291e-09	-1.325994e+01	-2.172605e+02
1.042000e-05	-1.763943e-06	-3.506369e-09	-1.335869e+01	-2.199887e+02
1.043000e-05	-1.776954e-06	-3.551946e-09	-1.345722e+01	-2.227036e+02
1.044000e-05	-1.789920e-06	-3.595808e-09	-1.355541e+01	-2.254073e+02
1.045000e-05	-1.802833e-06	-3.636762e-09	-1.365320e+01	-2.281012e+02
1.046000e-05	-1.815696e-06	-3.675000e-09	-1.375062e+01	-2.307871e+02
1.047000e-05	-1.828515e-06	-3.710663e-09	-1.384770e+01	-2.334663e+02
1.048000e-05	-1.841290e-06	-3.749044e-09	-1.394445e+01	-2.361397e+02
1.049000e-05	-1.854012e-06	-3.790132e-09	-1.404079e+01	-2.388082e+02
1.050000e-05	-1.866694e-06	-3.833387e-09	-1.413683e+01	-2.414724e+02
1.051000e-05	-1.879359e-06	-3.878880e-09	-1.423275e+01	-2.441325e+02
1.052000e-05	-1.891997e-06	-3.923807e-09	-1.432846e+01	-2.467884e+02
1.053000e-05	-1.904594e-06	-3.964975e-09	-1.442386e+01	-2.494399e+02
1.054000e-05	-1.917124e-06	-4.004384e-09	-1.451875e+01	-2.520864e+02
1.055000e-05	-1.929564e-06	-4.042075e-09	-1.461296e+01	-2.547273e+02
1.056000e-05	-1.941927e-06	-4.079586e-09	-1.470659e+01	-2.573616e+02
1.057000e-05	-1.954235e-06	-4.119218e-09	-1.479980e+01	-2.599883e+02
1.058000e-05	-1.966502e-06	-4.161847e-09	-1.489270e+01	-2.626062e+02
1.059000e-05	-1.978741e-06	-4.204814e-09	-1.498539e+01	-2.652141e+02
1.060000e-05	-1.990941e-06	-4.244841e-09	-1.507778e+01	-2.678107e+02
1.061000e-05	-2.003078e-06	-4.284753e-09	-1.516970e+01	-2.703946e+02
1.062000e-05	-2.015155e-06	-4.328606e-09	-1.526116e+01	-2.729646e+02
1.063000e-05	-2.027179e-06	-4.372571e-09	-1.535222e+01	-2.755193e+02
1.064000e-05	-2.039151e-06	-4.411972e-09	-1.544289e+01	-2.780574e+02
1.065000e-05	-2.051084e-06	-4.450538e-09	-1.553326e+01	-2.805779e+02
1.066000e-05	-2.062976e-06	-4.489647e-09	-1.562332e+01	-2.830794e+02
1.067000e-05	-2.074818e-06	-4.526179e-09	-1.571300e+01	-2.855608e+02
1.068000e-05	-2.086609e-06	-4.558855e-09	-1.580229e+01	-2.880212e+02
1.069000e-05	-2.098336e-06	-4.592188e-09	-1.589110e+01	-2.904595e+02
1.070000e-05	-2.109997e-06	-4.630705e-09	-1.597942e+01	-2.928748e+02
1.071000e-05	-2.121573e-06	-4.672248e-09	-1.606709e+01	-2.952662e+02
1.072000e-05	-2.133066e-06	-4.714884e-09	-1.615412e+01	-2.976331e+02
1.073000e-05	-2.144501e-06	-4.757136e-09	-1.624073e+01	-2.999746e+02
1.074000e-05	-2.155902e-06	-4.797214e-09	-1.632706e+01	-3.022903e+02
1.075000e-05	-2.167255e-06	-4.836131e-09	-1.641304e+01	-3.045796e+02
1.076000e-05	-2.178540e-06	-4.870119e-09	-1.649851e+01	-3.068420e+02
1.077000e-05	-2.189765e-06	-4.899144e-09	-1.658352e+01	-3.090773e+02
1.078000e-05	-2.200908e-06	-4.928922e-09	-1.666790e+01	-3.112851e+02
1.079000e-05	-2.211969e-06	-4.964550e-09	-1.675167e+01	-3.134653e+02
1.080000e-05	-2.222970e-06	-5.002973e-09	-1.683498e+01	-3.156179e+02
1.081000e-05	-2.233929e-06	-5.041446e-09	-1.691798e+01	-3.177428e+02
1.082000e-05	-2.244842e-06	-5.078640e-09	-1.700062e+01	-3.198400e+02
1.083000e-05	-2.255682e-06	-5.111222e-09	-1.708272e+01	-3.219098e+02
1.084000e-05	-2.266471e-06	-5.139329e-09	-1.716443e+01	-3.239522e+02
1.085000e-05	-2.277205e-06	-5.167966e-09	-1.724571e+01	-3.259675e+02
1.086000e-05	-2.287892e-06	-5.196369e-09	-1.732665e+01	-3.279559e+02
1.087000e-05	-2.298548e-06	-5.224288e-09	-1.740735e+01	-3.299175e+02
1.088000e-05	-2.309158e-06	-5.256752e-09	-1.748770e+01	-3.318527e+02
1.089000e-05	-2.319711e-06	-5.289643e-09	-1.756762e+01	-3.337616e+02
1.090000e-05	-2.330195e-06	-5.321443e-09	-1.764702e+01	-3.356444e+02
1.091000e-05	-2.340614e-06	-5.354194e-09	-1.772592e+01	-3.375012e+02
1.092000e-05	-2.350983e-06	-5.384363e-09	-1.780445e+01	-3.393321e+02
1.093000e-05	-2.361296e-06	-5.410701e-09	-1.788256e+01	-3.411373e+02
1.094000e-05	-2.371556e-06	-5.436129e-09	-1.796026e+01	-3.429168e+02
1.095000e-05	-2.381771e-06	-5.462000e-09	-1.803762e+01	-3.446707e+02
1.096000e-05	-2.391921e-06	-5.487643e-09	-1.811449e+01	-3.463992e+02
1.097000e-05	-2.401985e-06	-5.512011e-09	-1.819070e+01	-3.481024e+02
1.098000e-05	-2.411962e-06	-5.536989e-09	-1.826625e+01	-3.497805e+02
1.099000e-05	-2.421865e-06	-5.563951e-09	-1.834126e+01	-3.514337e+02
1.100000e-05	-2.431717e-06	-5.589972e-09	-1.841587e+01	-3.530626e+02
1.101000e-05	-2.441517e-06	-5.614310e-09	-1.849008e+01	-3.546675e+02
1.102000e-05	-2.451255e-06	-5.639008e-09	-1.856383e+01	-3.562492e+02
1.103000e-05	-2.460943e-06	-5.666227e-09	-1.863720e+01	-3.578085e+02
1.104000e-05	-2.470560e-06	-5.694861e-09	-1.871003e+01	-3.593462e+02
1.105000e-05	-2.480104e-06	-5.720599e-09	-1.878231e+01	-3.608635e+02
1.106000e-05	-2.489602e-06	-5.741205e-09	-1.885424e+01	-3.623615e+02
1.107000e-05	-2.499064e-06	-5.753534e-09	-1.892590e+01	-3.638415e+02
1.108000e-05	-2.508486e-06	-5.767377e-09	-1.899725e+01	-3.653050e+02
1.109000e-05	-2.517844e-06	-5.787732e-09	-1.906812e+01	-3.667533e+02
1.110000e-05	-2.527101e-06	-5.813034e-09	-1.913823e+01	-3.681880e+02
1.111000e-05	-2.536247e-06	-5.844788e-09	-1.920749e+01	-3.696104e+02
1.112000e-05	-2.545322e-06	-5.875620e-09	-1.927622e+01	-3.710221e+02
1.113000e-05	-2.554361e-06	-5.902473e-09	-1.934468e+01	-3.724244e+02
1.114000e-05	-2.563351e-06	-5.923172e-09	-1.941276e+01	-3.738184e+02
1.115000e-05	-2.572268e-06	-5.935413e-09	-1.948028e+01	-3.752053e+02
1.116000e-05	-2.581109e-06	-5.947909e-09	-1.954724e+01	-3.765859e+02
1.117000e-05	-2.589889e-06	-5.965630e-09	-1.961373e+01	-3.779611e+02
1.118000e-05	-2.598604e-06	-5.987613e-09	-1.967974e+01	-3.793313e+02
1.119000e-05	-2.607267e-06	-6.011432e-09	-1.974534e+01	-3.806970e+02
1.120000e-05	-2.615883e-06	-6.036715e-09	-1.981059e+01	-3.820582e+02
1.121000e-05	-2.624439e-06	-6.061138e-09	-1.987539e+01	-3.834150e+02
1.122000e-05	-2.632895e-06	-6.079688e-09	-1.993943e+01	-3.847672e+02
1.123000e-05	-2.641244e-06	-6.094083e-09	-2.000265e+01	-3.861146e+02
1.124000e-05	-2.649526e-06	-6.107858e-09	-2.006537e+01	-3.874566e+02
1.125000e-05	-2.657754e-06	-6.123785e-09	-2.012769e+01	-3.887929e+02
1.126000e-05	-2.665929e-06	-6.144279e-09	-2.018960e+01	-3.901228e+02
1.127000e-05	-2.674045e-06	-6.166140e-09	-2.025106e+01	-3.914459e+02
1.128000e-05	-2.682097e-06	-6.188504e-09	-2.031204e+01	-3.927614e+02
1.129000e-05	-2.690083e-06	-6.212191e-09	-2.037252e+01	-3.940688e+02
1.130000e-05	-2.698004e-06	-6.234146e-09	-2.043251e+01	-3.953676e+02
1.131000e-05	-2.705873e-06	-6.254038e-09	-2.049210e+01	-3.966571e+02
1.132000e-05	-2.713692e-06	-6.271911e-09	-2.055131e+01	-3.979368e+02
1.133000e-05	-2.721445e-06	-6.287985e-09	-2.061003e+01	-3.992062e+02
1.134000e-05	-2.729090e-06	-6.304724e-09	-2.066793e+01	-4.004648e+02
1.135000e-05	-2.736608e-06	-6.323077e-09	-2.072487e+01	-4.017119e+02
1.136000e-05	-2.744046e-06	-6.339012e-09	-2.078119e+01	-4.029471e+02
1.137000e-05	-2.751429e-06	-6.355818e-09	-2.083711e+01	-4.041696e+02
1.138000e-05	-2.758744e-06	-6.374068e-09	-2.089251e+01	-4.053790e+02
1.139000e-05	-2.765984e-06	-6.391040e-09	-2.094734e+01	-4.065743e+02
1.140000e-05	-2.773152e-06	-6.404343e-09	-2.100162e+01	-4.077548e+02
1.141000e-05	-2.780262e-06	-6.419234e-09	-2.105546e+01	-4.089197e+02
1.142000e-05	-2.787320e-06	-6.439699e-09	-2.110891e+01	-4.100680e+02
1.143000e-05	-2.794307e-06	-6.458663e-09	-2.116183e+01	-4.111988e+02
1.144000e-05	-2.801215e-06	-6.475799e-09	-2.121414e+01	-4.123111e+02
1.145000e-05	-2.808023e-06	-6.490181e-09	-2.126570e+01	-4.134038e+02
1.146000e-05	-2.814741e-06	-6.506061e-09	-2.131658e+01	-4.144761e+02
1.147000e-05	-2.821399e-06	-6.519923e-09	-2.136700e+01	-4.155270e+02
1.148000e-05	-2.827998e-06	-6.527794e-09	-2.141698e+01	-4.165558e+02
1.149000e-05	-2.834540e-06	-6.537124e-09	-2.146652e+01	-4.175619e+02
1.150000e-05	-2.841008e-06	-6.548499e-09	-2.151551e+01	-4.185448e+02
1.151000e-05	-2.847405e-06	-6.564934e-09	-2.156395e+01	-4.195043e+02
1.152000e-05	-2.853725e-06	-6.581124e-09	-2.161182e+01	-4.204404e+02
1.153000e-05	-2.859996e-06	-6.591267e-09	-2.165930e+01	-4.213534e+02
1.154000e-05	-2.866219e-06	-6.600515e-09	-2.170644e+01	-4.222436e+02
1.155000e-05	-2.872345e-06	-6.610600e-09	-2.175283e+01	-4.231119e+02
1.156000e-05	-2.878367e-06	-6.620134e-09	-2.179843e+01	-4.239591e+02
1.157000e-05	-2.884301e-06	-6.626887e-09	-2.184338e+01	-4.247864e+02
1.158000e-05	-2.890170e-06	-6.630919e-09	-2.188782e+01	-4.255951e+02
1.159000e-05	-2.895976e-06	-6.637791e-09	-2.193179e+01	-4.263864e+02
1.160000e-05	-2.901714e-06	-6.653240e-09	-2.197524e+01	-4.271619e+02
1.161000e-05	-2.907392e-06	-6.671954e-09	-2.201825e+01	-4.279230e+02
1.162000e-05	-2.913003e-06	-6.687039e-09	-2.206074e+01	-4.286711e+02
1.163000e-05	-2.918528e-06	-6.699103e-09	-2.210258e+01	-4.294074e+02
1.164000e-05	-2.923987e-06	-6.710138e-09	-2.214392e+01	-4.301330e+02
1.165000e-05	-2.929390e-06	-6.720435e-09	-2.218484e+01	-4.308490e+02
1.166000e-05	-2.934705e-06	-6.726379e-09	-2.222509e+01	-4.315562e+02
1.167000e-05	-2.939897e-06	-6.725326e-09	-2.226441e+01	-4.322549e+02
1.168000e-05	-2.944986e-06	-6.727748e-09	-2.230295e+01	-4.329457e+02
1.169000e-05	-2.950013e-06	-6.738466e-09	-2.234102e+01	-4.336286e+02
1.170000e-05	-2.954968e-06	-6.748789e-09	-2.237855e+01	-4.343035e+02
1.171000e-05	-2.959846e-06	-6.757473e-09	-2.241549e+01	-4.349703e+02
1.172000e-05	-2.964626e-06	-6.766131e-09	-2.245169e+01	-4.356287e+02
1.173000e-05	-2.969290e-06	-6.774749e-09	-2.248701e+01	-4.362783e+02
1.174000e-05	-2.973853e-06	-6.783977e-09	-2.252156e+01	-4.369188e+02
1.175000e-05	-2.978349e-06	-6.792285e-09	-2.255562e+01	-4.375498e+02
1.176000e-05	-2.982793e-06	-6.800326e-09	-2.258928e+01	-4.381713e+02
1.177000e-05	-2.987176e-06	-6.809248e-09	-2.262247e+01	-4.387831e+02
1.178000e-05	-2.991486e-06	-6.819319e-09	-2.265511e+01	-4.393854e+02
1.179000e-05	-2.995741e-06	-6.829227e-09	-2.268733e+01	-4.399785e+02
1.180000e-05	-2.999944e-06	-6.836538e-09	-2.271916e+01	-4.405630e+02
1.181000e-05	-3.004077e-06	-6.841044e-09	-2.275046e+01	-4.411395e+02
1.182000e-05	-3.008137e-06	-6.844473e-09	-2.278121e+01	-4.417091e+02
1.183000e-05	-3.012120e-06	-6.850208e-09	-2.281137e+01	-4.422727e+02
1.184000e-05	-3.016032e-06	-6.859306e-09	-2.284099e+01	-4.428316e+02
1.185000e-05	-3.019887e-06	-6.870838e-09	-2.287019e+01	-4.433870e+02
1.186000e-05	-3.023667e-06	-6.879874e-09	-2.289882e+01	-4.439400e+02
1.187000e-05	-3.027336e-06	-6.886067e-09	-2.292661e+01	-4.444918e+02
1.188000e-05	-3.030894e-06	-6.890744e-09	-2.295355e+01	-4.450433e+02
1.189000e-05	-3.034375e-06	-6.895265e-09	-2.297991e+01	-4.455952e+02
1.190000e-05	-3.037802e-06	-6.899150e-09	-2.300587e+01	-4.461481e+02
1.191000e-05	-3.041165e-06	-6.905150e-09	-2.303133e+01	-4.467020e+02
1.192000e-05	-3.044450e-06	-6.917349e-09	-2.305621e+01	-4.472569e+02
1.193000e-05	-3.047653e-06	-6.930134e-09	-2.308047e+01	-4.478120e+02
1.194000e-05	-3.050784e-06	-6.938863e-09	-2.310418e+01	-4.483665e+02
1.195000e-05	-3.053860e-06	-6.944684e-09	-2.312748e+01	-4.489192e+02
1.196000e-05	-3.056874e-06	-6.952398e-09	-2.315030e+01	-4.494684e+02
1.197000e-05	-3.059780e-06	-6.960966e-09	-2.317231e+01	-4.500124e+02
1.198000e-05	-3.062574e-06	-6.966181e-09	-2.319347e+01	-4.505491e+02
1.199000e-05	-3.065285e-06	-6.968171e-09	-2.321400e+01	-4.510763e+02
1.200000e-05	-3.067938e-06	-6.969315e-09	-2.323409e+01	-4.515920e+02
1.201000e-05	-3.070524e-06	-6.973531e-09	-2.325367e+01	-4.520939e+02
1.202000e-05	-3.073026e-06	-6.980809e-09	-2.327262e+01	-4.525801e+02
1.203000e-05	-3.075441e-06	-6.988304e-09	-2.329091e+01	-4.530487e+02
1.204000e-05	-3.077773e-06	-6.997560e-09	-2.330857e+01	-4.534981e+02
1.205000e-05	-3.080061e-06	-7.007587e-09	-2.332590e+01	-4.539271e+02
1.206000e-05	-3.082302e-06	-7.013735e-09	-2.334287e+01	-4.543348e+02
1.207000e-05	-3.084443e-06	-7.016316e-09	-2.335909e+01	-4.547207e+02
1.208000e-05	-3.086472e-06	-7.018617e-09	-2.337445e+01	-4.550845e+02
1.209000e-05	-3.088407e-06	-7.019196e-09	-2.338911e+01	-4.554264e+02
1.210000e-05	-3.090271e-06	-7.019685e-09	-2.340322e+01	-4.557471e+02
1.211000e-05	-3.092073e-06	-7.022540e-09	-2.341687e+01	-4.560472e+02
1.212000e-05	-3.093805e-06	-7.024467e-09	-2.342999e+01	-4.563278e+02
1.213000e-05	-3.095459e-06	-7.025644e-09	-2.344252e+01	-4.565902e+02
1.214000e-05	-3.097034e-06	-7.026147e-09	-2.345444e+01	-4.568355e+02
1.215000e-05	-3.098542e-06	-7.027651e-09	-2.346586e+01	-4.570650e+02
1.216000e-05	-3.099993e-06	-7.031829e-09	-2.347685e+01	-4.572801e+02
1.217000e-05	-3.101357e-06	-7.036487e-09	-2.348718e+01	-4.574818e+02
1.218000e-05	-3.102612e-06	-7.038859e-09	-2.349668e+01	-4.576710e+02
1.219000e-05	-3.103757e-06	-7.036956e-09	-2.350535e+01	-4.578487e+02
1.220000e-05	-3.104811e-06	-7.033477e-09	-2.351334e+01	-4.580152e+02
1.221000e-05	-3.105784e-06	-7.030444e-09	-2.352071e+01	-4.581709e+02
1.222000e-05	-3.106675e-06	-7.029910e-09	-2.352746e+01	-4.583158e+02
1.223000e-05	-3.107494e-06	-7.032138e-09	-2.353366e+01	-4.584499e+02
1.224000e-05	-3.108230e-06	-7.036646e-09	-2.353923e+01	-4.585727e+02
1.225000e-05	-3.108903e-06	-7.043682e-09	-2.354432e+01	-4.586837e+02
1.226000e-05	-3.109528e-06	-7.049912e-09	-2.354906e+01	-4.587825e+02
1.227000e-05	-3.110056e-06	-7.050070e-09	-2.355306e+01	-4.588684e+02
1.228000e-05	-3.110467e-06	-7.044988e-09	-2.355617e+01	-4.589409e+02
1.229000e-05	-3.110785e-06	-7.040001e-09	-2.355858e+01	-4.589994e+02
1.230000e-05	-3.111027e-06	-7.030866e-09	-2.356041e+01	-4.590436e+02
1.231000e-05	-3.111159e-06	-7.026547e-09	-2.356141e+01	-4.590734e+02
1.232000e-05	-3.111150e-06	-7.037691e-09	-2.356134e+01	-4.590886e+02
