# Temperatura_=_20.0
# Concentracion g/m^3_=_10000.0
# C_Vs_to_Am_M_A/Vsm_=_65563218390.804596
# pendiente_HvsI_1/m_=_3716.3
# ordenada_HvsI_A/m_=_1297.0
# frecuencia_Hz_=_212981.17597401422

Tiempo_(s)	Campo_(V.s)	Magnetizacion_(V.s)	Campo_(kA/m)	Magnetizacion_(A/m)
0.000000e+00	-8.799718e-07	-1.327504e-09	-6.863472e+00	-8.719548e+01
1.000000e-08	-8.800664e-07	-1.360631e-09	-6.864210e+00	-8.719740e+01
2.000000e-08	-8.800641e-07	-1.368322e-09	-6.864192e+00	-8.718482e+01
3.000000e-08	-8.798779e-07	-1.344310e-09	-6.862740e+00	-8.716661e+01
4.000000e-08	-8.794731e-07	-1.327335e-09	-6.859582e+00	-8.714693e+01
5.000000e-08	-8.788091e-07	-1.327927e-09	-6.854403e+00	-8.712389e+01
6.000000e-08	-8.778871e-07	-1.322302e-09	-6.847212e+00	-8.709070e+01
7.000000e-08	-8.767773e-07	-1.332253e-09	-6.838556e+00	-8.703889e+01
8.000000e-08	-8.754998e-07	-1.325582e-09	-6.828592e+00	-8.696225e+01
9.000000e-08	-8.740671e-07	-1.314623e-09	-6.817418e+00	-8.685982e+01
1.000000e-07	-8.725409e-07	-1.319726e-09	-6.805514e+00	-8.673671e+01
1.100000e-07	-8.709293e-07	-1.323043e-09	-6.792944e+00	-8.660228e+01
1.200000e-07	-8.692310e-07	-1.313611e-09	-6.779698e+00	-8.646647e+01
1.300000e-07	-8.674208e-07	-1.307259e-09	-6.765579e+00	-8.633570e+01
1.400000e-07	-8.654659e-07	-1.312510e-09	-6.750331e+00	-8.620999e+01
1.500000e-07	-8.633461e-07	-1.315131e-09	-6.733798e+00	-8.608252e+01
1.600000e-07	-8.610606e-07	-1.307589e-09	-6.715972e+00	-8.594181e+01
1.700000e-07	-8.586217e-07	-1.294134e-09	-6.696949e+00	-8.577570e+01
1.800000e-07	-8.559793e-07	-1.295104e-09	-6.676339e+00	-8.557556e+01
1.900000e-07	-8.531760e-07	-1.300647e-09	-6.654474e+00	-8.533920e+01
2.000000e-07	-8.502518e-07	-1.282290e-09	-6.631667e+00	-8.507125e+01
2.100000e-07	-8.472045e-07	-1.261987e-09	-6.607899e+00	-8.478106e+01
2.200000e-07	-8.440532e-07	-1.264529e-09	-6.583320e+00	-8.447897e+01
2.300000e-07	-8.407893e-07	-1.276852e-09	-6.557862e+00	-8.417239e+01
2.400000e-07	-8.374028e-07	-1.280701e-09	-6.531449e+00	-8.386334e+01
2.500000e-07	-8.338361e-07	-1.260088e-09	-6.503630e+00	-8.354825e+01
2.600000e-07	-8.300142e-07	-1.246898e-09	-6.473820e+00	-8.322006e+01
2.700000e-07	-8.259517e-07	-1.242600e-09	-6.442134e+00	-8.287166e+01
2.800000e-07	-8.216822e-07	-1.244019e-09	-6.408834e+00	-8.249915e+01
2.900000e-07	-8.172476e-07	-1.240342e-09	-6.374245e+00	-8.210374e+01
3.000000e-07	-8.126554e-07	-1.225764e-09	-6.338428e+00	-8.169130e+01
3.100000e-07	-8.078775e-07	-1.221035e-09	-6.301162e+00	-8.127000e+01
3.200000e-07	-8.029489e-07	-1.217023e-09	-6.262721e+00	-8.084684e+01
3.300000e-07	-7.978638e-07	-1.214353e-09	-6.223059e+00	-8.042458e+01
3.400000e-07	-7.926214e-07	-1.203488e-09	-6.182170e+00	-8.000030e+01
3.500000e-07	-7.872663e-07	-1.193101e-09	-6.140402e+00	-7.956615e+01
3.600000e-07	-7.817690e-07	-1.194313e-09	-6.097525e+00	-7.911200e+01
3.700000e-07	-7.761098e-07	-1.192156e-09	-6.053385e+00	-7.862892e+01
3.800000e-07	-7.703049e-07	-1.182123e-09	-6.008109e+00	-7.811224e+01
3.900000e-07	-7.643181e-07	-1.163908e-09	-5.961414e+00	-7.756291e+01
4.000000e-07	-7.581254e-07	-1.150537e-09	-5.913113e+00	-7.698688e+01
4.100000e-07	-7.517641e-07	-1.150147e-09	-5.863497e+00	-7.639256e+01
4.200000e-07	-7.452180e-07	-1.148157e-09	-5.812439e+00	-7.578768e+01
4.300000e-07	-7.385037e-07	-1.140237e-09	-5.760071e+00	-7.517652e+01
4.400000e-07	-7.316778e-07	-1.125670e-09	-5.706831e+00	-7.455875e+01
4.500000e-07	-7.247641e-07	-1.117452e-09	-5.652906e+00	-7.393011e+01
4.600000e-07	-7.177643e-07	-1.113727e-09	-5.598310e+00	-7.328463e+01
4.700000e-07	-7.106436e-07	-1.100293e-09	-5.542771e+00	-7.261752e+01
4.800000e-07	-7.034206e-07	-1.083379e-09	-5.486435e+00	-7.192753e+01
4.900000e-07	-6.960925e-07	-1.068035e-09	-5.429278e+00	-7.121793e+01
5.000000e-07	-6.886111e-07	-1.063357e-09	-5.370926e+00	-7.049571e+01
5.100000e-07	-6.809553e-07	-1.056648e-09	-5.311213e+00	-6.976943e+01
5.200000e-07	-6.731657e-07	-1.040854e-09	-5.250457e+00	-6.904642e+01
5.300000e-07	-6.652927e-07	-1.027719e-09	-5.189050e+00	-6.833033e+01
5.400000e-07	-6.573616e-07	-1.018843e-09	-5.127191e+00	-6.761999e+01
5.500000e-07	-6.493842e-07	-1.012056e-09	-5.064970e+00	-6.690965e+01
5.600000e-07	-6.413525e-07	-9.966413e-10	-5.002325e+00	-6.619065e+01
5.700000e-07	-6.332436e-07	-9.786762e-10	-4.939079e+00	-6.545386e+01
5.800000e-07	-6.250225e-07	-9.675346e-10	-4.874957e+00	-6.469199e+01
5.900000e-07	-6.166775e-07	-9.580363e-10	-4.809869e+00	-6.390128e+01
6.000000e-07	-6.082284e-07	-9.472858e-10	-4.743969e+00	-6.308205e+01
6.100000e-07	-5.996634e-07	-9.324241e-10	-4.677165e+00	-6.223810e+01
6.200000e-07	-5.909754e-07	-9.189757e-10	-4.609401e+00	-6.137539e+01
6.300000e-07	-5.821850e-07	-9.063219e-10	-4.540839e+00	-6.050025e+01
6.400000e-07	-5.733140e-07	-8.910115e-10	-4.471648e+00	-5.961774e+01
6.500000e-07	-5.643759e-07	-8.750126e-10	-4.401935e+00	-5.873052e+01
6.600000e-07	-5.553343e-07	-8.575004e-10	-4.331413e+00	-5.783839e+01
6.700000e-07	-5.461779e-07	-8.445960e-10	-4.259997e+00	-5.693859e+01
6.800000e-07	-5.369157e-07	-8.333081e-10	-4.187755e+00	-5.602682e+01
6.900000e-07	-5.275537e-07	-8.185081e-10	-4.114734e+00	-5.509866e+01
7.000000e-07	-5.181054e-07	-8.022147e-10	-4.041041e+00	-5.415122e+01
7.100000e-07	-5.085972e-07	-7.860915e-10	-3.966880e+00	-5.318443e+01
7.200000e-07	-4.990419e-07	-7.741618e-10	-3.892352e+00	-5.220177e+01
7.300000e-07	-4.894249e-07	-7.603925e-10	-3.817343e+00	-5.120994e+01
7.400000e-07	-4.797435e-07	-7.438266e-10	-3.741831e+00	-5.021753e+01
7.500000e-07	-4.699871e-07	-7.269216e-10	-3.665735e+00	-4.923275e+01
7.600000e-07	-4.601156e-07	-7.105985e-10	-3.588741e+00	-4.826100e+01
7.700000e-07	-4.501067e-07	-6.964860e-10	-3.510675e+00	-4.730277e+01
7.800000e-07	-4.399761e-07	-6.792818e-10	-3.431660e+00	-4.635294e+01
7.900000e-07	-4.297462e-07	-6.638360e-10	-3.351870e+00	-4.540163e+01
8.000000e-07	-4.194031e-07	-6.518805e-10	-3.271198e+00	-4.443680e+01
8.100000e-07	-4.089256e-07	-6.382282e-10	-3.189477e+00	-4.344775e+01
8.200000e-07	-3.983266e-07	-6.216339e-10	-3.106808e+00	-4.242865e+01
8.300000e-07	-3.876046e-07	-6.021849e-10	-3.023180e+00	-4.138074e+01
8.400000e-07	-3.767868e-07	-5.850699e-10	-2.938805e+00	-4.031249e+01
8.500000e-07	-3.658869e-07	-5.700729e-10	-2.853790e+00	-3.923739e+01
8.600000e-07	-3.549168e-07	-5.550565e-10	-2.768227e+00	-3.817007e+01
8.700000e-07	-3.438905e-07	-5.389497e-10	-2.682225e+00	-3.712188e+01
8.800000e-07	-3.328095e-07	-5.243399e-10	-2.595798e+00	-3.609738e+01
8.900000e-07	-3.216914e-07	-5.136599e-10	-2.509080e+00	-3.509303e+01
9.000000e-07	-3.105558e-07	-5.004264e-10	-2.422227e+00	-3.409840e+01
9.100000e-07	-2.994083e-07	-4.843323e-10	-2.335280e+00	-3.309963e+01
9.200000e-07	-2.882389e-07	-4.678485e-10	-2.248163e+00	-3.208388e+01
9.300000e-07	-2.770469e-07	-4.537200e-10	-2.160869e+00	-3.104325e+01
9.400000e-07	-2.658311e-07	-4.414089e-10	-2.073390e+00	-2.997685e+01
9.500000e-07	-2.545848e-07	-4.246579e-10	-1.985672e+00	-2.889045e+01
9.600000e-07	-2.433184e-07	-4.054462e-10	-1.897798e+00	-2.779390e+01
9.700000e-07	-2.319956e-07	-3.897998e-10	-1.809485e+00	-2.669746e+01
9.800000e-07	-2.206241e-07	-3.768982e-10	-1.720791e+00	-2.560843e+01
9.900000e-07	-2.092369e-07	-3.629933e-10	-1.631974e+00	-2.452923e+01
1.000000e-06	-1.978076e-07	-3.456311e-10	-1.542830e+00	-2.345758e+01
1.010000e-06	-1.863155e-07	-3.293913e-10	-1.453196e+00	-2.238844e+01
1.020000e-06	-1.747486e-07	-3.150952e-10	-1.362978e+00	-2.131667e+01
1.030000e-06	-1.631335e-07	-2.997747e-10	-1.272384e+00	-2.023926e+01
1.040000e-06	-1.515149e-07	-2.840775e-10	-1.181763e+00	-1.915617e+01
1.050000e-06	-1.398835e-07	-2.675953e-10	-1.091042e+00	-1.806941e+01
1.060000e-06	-1.281998e-07	-2.538844e-10	-9.999139e-01	-1.698099e+01
1.070000e-06	-1.164742e-07	-2.404231e-10	-9.084583e-01	-1.589081e+01
1.080000e-06	-1.047460e-07	-2.244028e-10	-8.169820e-01	-1.479546e+01
1.090000e-06	-9.301750e-08	-2.058733e-10	-7.255040e-01	-1.368882e+01
1.100000e-06	-8.128654e-08	-1.878188e-10	-6.340066e-01	-1.256423e+01
1.110000e-06	-6.954140e-08	-1.728270e-10	-5.423986e-01	-1.141735e+01
1.120000e-06	-5.777640e-08	-1.573020e-10	-4.506357e-01	-1.024847e+01
1.130000e-06	-4.600157e-08	-1.414249e-10	-3.587962e-01	-9.063122e+00
1.140000e-06	-3.420004e-08	-1.247477e-10	-2.667484e-01	-7.870516e+00
1.150000e-06	-2.239912e-08	-1.079444e-10	-1.747053e-01	-6.680242e+00
1.160000e-06	-1.062241e-08	-9.060776e-11	-8.285106e-02	-5.498549e+00
1.170000e-06	1.146834e-09	-7.246731e-11	8.944903e-03	-4.325728e+00
1.180000e-06	1.290826e-08	-5.372354e-11	1.006799e-01	-3.155839e+00
1.190000e-06	2.467347e-08	-3.517363e-11	1.924444e-01	-1.979112e+00
1.200000e-06	3.645069e-08	-1.852476e-11	2.843026e-01	-7.862338e-01
1.210000e-06	4.822375e-08	1.220647e-13	3.761284e-01	4.270970e-01
1.220000e-06	5.997490e-08	1.914454e-11	4.677832e-01	1.657222e+00
1.230000e-06	7.171190e-08	3.793077e-11	5.593277e-01	2.892529e+00
1.240000e-06	8.345979e-08	5.641455e-11	6.509572e-01	4.116661e+00
1.250000e-06	9.518763e-08	7.492337e-11	7.424302e-01	5.313878e+00
1.260000e-06	1.068654e-07	9.396652e-11	8.335126e-01	6.474637e+00
1.270000e-06	1.185364e-07	1.113995e-10	9.245422e-01	7.599212e+00
1.280000e-06	1.302053e-07	1.273870e-10	1.015556e+00	8.697872e+00
1.290000e-06	1.418572e-07	1.439057e-10	1.106437e+00	9.787380e+00
1.300000e-06	1.534920e-07	1.612857e-10	1.197184e+00	1.088505e+01
1.310000e-06	1.650749e-07	1.768411e-10	1.287526e+00	1.200248e+01
1.320000e-06	1.766018e-07	1.918796e-10	1.377432e+00	1.314149e+01
1.330000e-06	1.880925e-07	2.080288e-10	1.467055e+00	1.429365e+01
1.340000e-06	1.995682e-07	2.257266e-10	1.556562e+00	1.544383e+01
1.350000e-06	2.109952e-07	2.439027e-10	1.645689e+00	1.657630e+01
1.360000e-06	2.223568e-07	2.617480e-10	1.734306e+00	1.768123e+01
1.370000e-06	2.336839e-07	2.773113e-10	1.822653e+00	1.875884e+01
1.380000e-06	2.449809e-07	2.917860e-10	1.910765e+00	1.981979e+01
1.390000e-06	2.562513e-07	3.076399e-10	1.998671e+00	2.088149e+01
1.400000e-06	2.675020e-07	3.240043e-10	2.086422e+00	2.196177e+01
1.410000e-06	2.787135e-07	3.391684e-10	2.173868e+00	2.307231e+01
1.420000e-06	2.898928e-07	3.550080e-10	2.261062e+00	2.421432e+01
1.430000e-06	3.010564e-07	3.739159e-10	2.348135e+00	2.537816e+01
1.440000e-06	3.121895e-07	3.943209e-10	2.434969e+00	2.654693e+01
1.450000e-06	3.233014e-07	4.128031e-10	2.521638e+00	2.770267e+01
1.460000e-06	3.344127e-07	4.267994e-10	2.608302e+00	2.883272e+01
1.470000e-06	3.455027e-07	4.402619e-10	2.694800e+00	2.993374e+01
1.480000e-06	3.565355e-07	4.561409e-10	2.780852e+00	3.101201e+01
1.490000e-06	3.675146e-07	4.739267e-10	2.866485e+00	3.207994e+01
1.500000e-06	3.784273e-07	4.911074e-10	2.951601e+00	3.315031e+01
1.510000e-06	3.892535e-07	5.067517e-10	3.036041e+00	3.423066e+01
1.520000e-06	3.999715e-07	5.222190e-10	3.119638e+00	3.532011e+01
1.530000e-06	4.105441e-07	5.383455e-10	3.202100e+00	3.640980e+01
1.540000e-06	4.209425e-07	5.529810e-10	3.283204e+00	3.748674e+01
1.550000e-06	4.311957e-07	5.664360e-10	3.363175e+00	3.853944e+01
1.560000e-06	4.413389e-07	5.812085e-10	3.442289e+00	3.956288e+01
1.570000e-06	4.513726e-07	5.974635e-10	3.520548e+00	4.056072e+01
1.580000e-06	4.612912e-07	6.146803e-10	3.597910e+00	4.154392e+01
1.590000e-06	4.710826e-07	6.298994e-10	3.674279e+00	4.252611e+01
1.600000e-06	4.807923e-07	6.420448e-10	3.750012e+00	4.351789e+01
1.610000e-06	4.904411e-07	6.531270e-10	3.825269e+00	4.452215e+01
1.620000e-06	5.000094e-07	6.668650e-10	3.899898e+00	4.553263e+01
1.630000e-06	5.095059e-07	6.826675e-10	3.973968e+00	4.653630e+01
1.640000e-06	5.189391e-07	6.982032e-10	4.047544e+00	4.751857e+01
1.650000e-06	5.283094e-07	7.131129e-10	4.120629e+00	4.846939e+01
1.660000e-06	5.376201e-07	7.276166e-10	4.193248e+00	4.938760e+01
1.670000e-06	5.468170e-07	7.413541e-10	4.264981e+00	5.028179e+01
1.680000e-06	5.558882e-07	7.536269e-10	4.335733e+00	5.116717e+01
1.690000e-06	5.648539e-07	7.649643e-10	4.405663e+00	5.205967e+01
1.700000e-06	5.737432e-07	7.763457e-10	4.474997e+00	5.296964e+01
1.710000e-06	5.825799e-07	7.886519e-10	4.543919e+00	5.389756e+01
1.720000e-06	5.913218e-07	8.019208e-10	4.612104e+00	5.483375e+01
1.730000e-06	5.999708e-07	8.150967e-10	4.679562e+00	5.576205e+01
1.740000e-06	6.085060e-07	8.273016e-10	4.746134e+00	5.666618e+01
1.750000e-06	6.169240e-07	8.390902e-10	4.811791e+00	5.753618e+01
1.760000e-06	6.252401e-07	8.513720e-10	4.876654e+00	5.837253e+01
1.770000e-06	6.334298e-07	8.644806e-10	4.940531e+00	5.918598e+01
1.780000e-06	6.415227e-07	8.778914e-10	5.003653e+00	5.999343e+01
1.790000e-06	6.495501e-07	8.909062e-10	5.066264e+00	6.081128e+01
1.800000e-06	6.575216e-07	9.033505e-10	5.128438e+00	6.164885e+01
1.810000e-06	6.654347e-07	9.157397e-10	5.190158e+00	6.250467e+01
1.820000e-06	6.732657e-07	9.281307e-10	5.251237e+00	6.336688e+01
1.830000e-06	6.810000e-07	9.399026e-10	5.311562e+00	6.421768e+01
1.840000e-06	6.886175e-07	9.517378e-10	5.370975e+00	6.504013e+01
1.850000e-06	6.960873e-07	9.650562e-10	5.429237e+00	6.582439e+01
1.860000e-06	7.033981e-07	9.776570e-10	5.486259e+00	6.657115e+01
1.870000e-06	7.105762e-07	9.879413e-10	5.542246e+00	6.729073e+01
1.880000e-06	7.176089e-07	9.978980e-10	5.597098e+00	6.799848e+01
1.890000e-06	7.245159e-07	1.009568e-09	5.650970e+00	6.870814e+01
1.900000e-06	7.313248e-07	1.021983e-09	5.704077e+00	6.942621e+01
1.910000e-06	7.380209e-07	1.033967e-09	5.756305e+00	7.014939e+01
1.920000e-06	7.446023e-07	1.045168e-09	5.807637e+00	7.086626e+01
1.930000e-06	7.510307e-07	1.055665e-09	5.857776e+00	7.156250e+01
1.940000e-06	7.572930e-07	1.065418e-09	5.906621e+00	7.222750e+01
1.950000e-06	7.633759e-07	1.075190e-09	5.954065e+00	7.285951e+01
1.960000e-06	7.692697e-07	1.086282e-09	6.000034e+00	7.346710e+01
1.970000e-06	7.750372e-07	1.097999e-09	6.045019e+00	7.406629e+01
1.980000e-06	7.806740e-07	1.111185e-09	6.088984e+00	7.467418e+01
1.990000e-06	7.861516e-07	1.124034e-09	6.131707e+00	7.530170e+01
2.000000e-06	7.914963e-07	1.135128e-09	6.173394e+00	7.594837e+01
2.010000e-06	7.967239e-07	1.145553e-09	6.214168e+00	7.660121e+01
2.020000e-06	8.017872e-07	1.155706e-09	6.253660e+00	7.723859e+01
2.030000e-06	8.066777e-07	1.164792e-09	6.291804e+00	7.783766e+01
2.040000e-06	8.114451e-07	1.173040e-09	6.328988e+00	7.838260e+01
2.050000e-06	8.160969e-07	1.180842e-09	6.365270e+00	7.887067e+01
2.060000e-06	8.205951e-07	1.188790e-09	6.400355e+00	7.931364e+01
2.070000e-06	8.249207e-07	1.196393e-09	6.434093e+00	7.973404e+01
2.080000e-06	8.290419e-07	1.202441e-09	6.466237e+00	8.015737e+01
2.090000e-06	8.329195e-07	1.209154e-09	6.496481e+00	8.060324e+01
2.100000e-06	8.365623e-07	1.218691e-09	6.524893e+00	8.107854e+01
2.110000e-06	8.399988e-07	1.229764e-09	6.551697e+00	8.157512e+01
2.120000e-06	8.432774e-07	1.239196e-09	6.577269e+00	8.207269e+01
2.130000e-06	8.464411e-07	1.245870e-09	6.601944e+00	8.254591e+01
2.140000e-06	8.495194e-07	1.251180e-09	6.625954e+00	8.297288e+01
2.150000e-06	8.524921e-07	1.256426e-09	6.649140e+00	8.334220e+01
2.160000e-06	8.553406e-07	1.260573e-09	6.671358e+00	8.365601e+01
2.170000e-06	8.580366e-07	1.263800e-09	6.692385e+00	8.392830e+01
2.180000e-06	8.605634e-07	1.269254e-09	6.712093e+00	8.417935e+01
2.190000e-06	8.629550e-07	1.276926e-09	6.730747e+00	8.442863e+01
2.200000e-06	8.652140e-07	1.283028e-09	6.748366e+00	8.468869e+01
2.210000e-06	8.673289e-07	1.287089e-09	6.764862e+00	8.496224e+01
2.220000e-06	8.692767e-07	1.290928e-09	6.780054e+00	8.524304e+01
2.230000e-06	8.710936e-07	1.294934e-09	6.794225e+00	8.551988e+01
2.240000e-06	8.727988e-07	1.297576e-09	6.807525e+00	8.578172e+01
2.250000e-06	8.743701e-07	1.298723e-09	6.819781e+00	8.602180e+01
2.260000e-06	8.758415e-07	1.301502e-09	6.831258e+00	8.623930e+01
2.270000e-06	8.771927e-07	1.307358e-09	6.841796e+00	8.643806e+01
2.280000e-06	8.783739e-07	1.312921e-09	6.851009e+00	8.662332e+01
2.290000e-06	8.793515e-07	1.313027e-09	6.858634e+00	8.679806e+01
2.300000e-06	8.800964e-07	1.314184e-09	6.864444e+00	8.696071e+01
2.310000e-06	8.806104e-07	1.317674e-09	6.868453e+00	8.710523e+01
2.320000e-06	8.808945e-07	1.325870e-09	6.870669e+00	8.722351e+01
2.330000e-06	8.809946e-07	1.338891e-09	6.871450e+00	8.730892e+01
2.340000e-06	8.809615e-07	1.350447e-09	6.871192e+00	8.735947e+01
2.350000e-06	8.808217e-07	1.335485e-09	6.870101e+00	8.737909e+01
2.360000e-06	8.806002e-07	1.304591e-09	6.868374e+00	8.737645e+01
2.370000e-06	8.802899e-07	1.305554e-09	6.865954e+00	8.736181e+01
2.380000e-06	8.798550e-07	1.329297e-09	6.862561e+00	8.734311e+01
2.390000e-06	8.792581e-07	1.336394e-09	6.857906e+00	8.732303e+01
2.400000e-06	8.784913e-07	1.333943e-09	6.851925e+00	8.729826e+01
2.410000e-06	8.775476e-07	1.332779e-09	6.844564e+00	8.726123e+01
2.420000e-06	8.764533e-07	1.324912e-09	6.836029e+00	8.720367e+01
2.430000e-06	8.752599e-07	1.328682e-09	6.826721e+00	8.712047e+01
2.440000e-06	8.739545e-07	1.334198e-09	6.816540e+00	8.701221e+01
2.450000e-06	8.724810e-07	1.326498e-09	6.805047e+00	8.688533e+01
2.460000e-06	8.708899e-07	1.312319e-09	6.792637e+00	8.674973e+01
2.470000e-06	8.692087e-07	1.315623e-09	6.779524e+00	8.661484e+01
2.480000e-06	8.673773e-07	1.321019e-09	6.765239e+00	8.648565e+01
2.490000e-06	8.654106e-07	1.319912e-09	6.749900e+00	8.636042e+01
2.500000e-06	8.632878e-07	1.311692e-09	6.733343e+00	8.623086e+01
2.510000e-06	8.609499e-07	1.307750e-09	6.715108e+00	8.608490e+01
2.520000e-06	8.583568e-07	1.311764e-09	6.694883e+00	8.591091e+01
2.530000e-06	8.555271e-07	1.312219e-09	6.672812e+00	8.570168e+01
2.540000e-06	8.525195e-07	1.315547e-09	6.649354e+00	8.545679e+01
2.550000e-06	8.493538e-07	1.313679e-09	6.624663e+00	8.518233e+01
2.560000e-06	8.460682e-07	1.308824e-09	6.599036e+00	8.488829e+01
2.570000e-06	8.426776e-07	1.298220e-09	6.572590e+00	8.458461e+01
2.580000e-06	8.391801e-07	1.294523e-09	6.545311e+00	8.427749e+01
2.590000e-06	8.355609e-07	1.292049e-09	6.517083e+00	8.396749e+01
2.600000e-06	8.317701e-07	1.290638e-09	6.487516e+00	8.364990e+01
2.610000e-06	8.278280e-07	1.292642e-09	6.456769e+00	8.331729e+01
2.620000e-06	8.237365e-07	1.287951e-09	6.424857e+00	8.296307e+01
2.630000e-06	8.194793e-07	1.281589e-09	6.391652e+00	8.258456e+01
2.640000e-06	8.150732e-07	1.273899e-09	6.357286e+00	8.218424e+01
2.650000e-06	8.105207e-07	1.266777e-09	6.321778e+00	8.176884e+01
2.660000e-06	8.058430e-07	1.264478e-09	6.285294e+00	8.134658e+01
2.670000e-06	8.010192e-07	1.260702e-09	6.247670e+00	8.092363e+01
2.680000e-06	7.960321e-07	1.256305e-09	6.208772e+00	8.050140e+01
2.690000e-06	7.908943e-07	1.249369e-09	6.168699e+00	8.007558e+01
2.700000e-06	7.855299e-07	1.242236e-09	6.126858e+00	7.963743e+01
2.710000e-06	7.799105e-07	1.236238e-09	6.083029e+00	7.917680e+01
2.720000e-06	7.740972e-07	1.227616e-09	6.037688e+00	7.868558e+01
2.730000e-06	7.680940e-07	1.223612e-09	5.990865e+00	7.816046e+01
2.740000e-06	7.619262e-07	1.216733e-09	5.942758e+00	7.760380e+01
2.750000e-06	7.556150e-07	1.209092e-09	5.893532e+00	7.702241e+01
2.760000e-06	7.491819e-07	1.200314e-09	5.843356e+00	7.642486e+01
2.770000e-06	7.426656e-07	1.188280e-09	5.792532e+00	7.581822e+01
2.780000e-06	7.360699e-07	1.180047e-09	5.741088e+00	7.520566e+01
2.790000e-06	7.293811e-07	1.172181e-09	5.688917e+00	7.458573e+01
2.800000e-06	7.225482e-07	1.163488e-09	5.635624e+00	7.395348e+01
2.810000e-06	7.155549e-07	1.151618e-09	5.581078e+00	7.330297e+01
2.820000e-06	7.084404e-07	1.141541e-09	5.525587e+00	7.263013e+01
2.830000e-06	7.012441e-07	1.134832e-09	5.469459e+00	7.193480e+01
2.840000e-06	6.939416e-07	1.124118e-09	5.412501e+00	7.122132e+01
2.850000e-06	6.865176e-07	1.111988e-09	5.354598e+00	7.049732e+01
2.860000e-06	6.789897e-07	1.099573e-09	5.295882e+00	6.977132e+01
2.870000e-06	6.713452e-07	1.089014e-09	5.236258e+00	6.904991e+01
2.880000e-06	6.635815e-07	1.079413e-09	5.175704e+00	6.833560e+01
2.890000e-06	6.557232e-07	1.066332e-09	5.114411e+00	6.762599e+01
2.900000e-06	6.477996e-07	1.055200e-09	5.052611e+00	6.691439e+01
2.910000e-06	6.398064e-07	1.043448e-09	4.990266e+00	6.619181e+01
2.920000e-06	6.317561e-07	1.031008e-09	4.927476e+00	6.544935e+01
2.930000e-06	6.236451e-07	1.018277e-09	4.864213e+00	6.468051e+01
2.940000e-06	6.154304e-07	1.005538e-09	4.800142e+00	6.388252e+01
2.950000e-06	6.070589e-07	9.938033e-10	4.734847e+00	6.305668e+01
2.960000e-06	5.984995e-07	9.788551e-10	4.668087e+00	6.220748e+01
2.970000e-06	5.897774e-07	9.643213e-10	4.600058e+00	6.134113e+01
2.980000e-06	5.808581e-07	9.507627e-10	4.530490e+00	6.046379e+01
2.990000e-06	5.717284e-07	9.382795e-10	4.459281e+00	5.958000e+01
3.000000e-06	5.624395e-07	9.255603e-10	4.386831e+00	5.869172e+01
3.010000e-06	5.530294e-07	9.101154e-10	4.313436e+00	5.779805e+01
3.020000e-06	5.435473e-07	8.951564e-10	4.239479e+00	5.689573e+01
3.030000e-06	5.339967e-07	8.789605e-10	4.164988e+00	5.598028e+01
3.040000e-06	5.243798e-07	8.629840e-10	4.089979e+00	5.504753e+01
3.050000e-06	5.147221e-07	8.487645e-10	4.014653e+00	5.409516e+01
3.060000e-06	5.050172e-07	8.332593e-10	3.938957e+00	5.312398e+01
3.070000e-06	4.952532e-07	8.179889e-10	3.862802e+00	5.213833e+01
3.080000e-06	4.854372e-07	8.034692e-10	3.786241e+00	5.114556e+01
3.090000e-06	4.755166e-07	7.910531e-10	3.708863e+00	5.015439e+01
3.100000e-06	4.654875e-07	7.772835e-10	3.630639e+00	4.917257e+01
3.110000e-06	4.553665e-07	7.603102e-10	3.551699e+00	4.820441e+01
3.120000e-06	4.451378e-07	7.438657e-10	3.471919e+00	4.724901e+01
3.130000e-06	4.348397e-07	7.291309e-10	3.391598e+00	4.629992e+01
3.140000e-06	4.244938e-07	7.151676e-10	3.310903e+00	4.534641e+01
3.150000e-06	4.140857e-07	7.004588e-10	3.229723e+00	4.437642e+01
3.160000e-06	4.036163e-07	6.855196e-10	3.148066e+00	4.338019e+01
3.170000e-06	3.930755e-07	6.702533e-10	3.065851e+00	4.235351e+01
3.180000e-06	3.824506e-07	6.552153e-10	2.982981e+00	4.129951e+01
3.190000e-06	3.717588e-07	6.402648e-10	2.899589e+00	4.022820e+01
3.200000e-06	3.609913e-07	6.230195e-10	2.815606e+00	3.915377e+01
3.210000e-06	3.501515e-07	6.050928e-10	2.731059e+00	3.809043e+01
3.220000e-06	3.392814e-07	5.882599e-10	2.646277e+00	3.704809e+01
3.230000e-06	3.283498e-07	5.720167e-10	2.561014e+00	3.602931e+01
3.240000e-06	3.173371e-07	5.555319e-10	2.475118e+00	3.502861e+01
3.250000e-06	3.062779e-07	5.398112e-10	2.388860e+00	3.403431e+01
3.260000e-06	2.951738e-07	5.273368e-10	2.302252e+00	3.303241e+01
3.270000e-06	2.840463e-07	5.138501e-10	2.215462e+00	3.201096e+01
3.280000e-06	2.728817e-07	4.973926e-10	2.128382e+00	3.096373e+01
3.290000e-06	2.616676e-07	4.812917e-10	2.040916e+00	2.989161e+01
3.300000e-06	2.504348e-07	4.648858e-10	1.953304e+00	2.880170e+01
3.310000e-06	2.391876e-07	4.482251e-10	1.865579e+00	2.770432e+01
3.320000e-06	2.279295e-07	4.315272e-10	1.777770e+00	2.660926e+01
3.330000e-06	2.166682e-07	4.157731e-10	1.689936e+00	2.552270e+01
3.340000e-06	2.053987e-07	4.009676e-10	1.602038e+00	2.444579e+01
3.350000e-06	1.940923e-07	3.840084e-10	1.513852e+00	2.337534e+01
3.360000e-06	1.827489e-07	3.669467e-10	1.425377e+00	2.230600e+01
3.370000e-06	1.713943e-07	3.491130e-10	1.336816e+00	2.123302e+01
3.380000e-06	1.600008e-07	3.303722e-10	1.247950e+00	2.015413e+01
3.390000e-06	1.485763e-07	3.144731e-10	1.158843e+00	1.906993e+01
3.400000e-06	1.371290e-07	3.008749e-10	1.069558e+00	1.798266e+01
3.410000e-06	1.256364e-07	2.856895e-10	9.799196e-01	1.689397e+01
3.420000e-06	1.141233e-07	2.678335e-10	8.901219e-01	1.580298e+01
3.430000e-06	1.025815e-07	2.490875e-10	8.000997e-01	1.470549e+01
3.440000e-06	9.099241e-08	2.287516e-10	7.097090e-01	1.359498e+01
3.450000e-06	7.938677e-08	2.105609e-10	6.191890e-01	1.246512e+01
3.460000e-06	6.780353e-08	1.938045e-10	5.288438e-01	1.131254e+01
3.470000e-06	5.624258e-08	1.757440e-10	4.386724e-01	1.013887e+01
3.480000e-06	4.462515e-08	1.576037e-10	3.480606e-01	8.950808e+00
3.490000e-06	3.296610e-08	1.382961e-10	2.571241e-01	7.757994e+00
3.500000e-06	2.132703e-08	1.194841e-10	1.663434e-01	6.569520e+00
3.510000e-06	9.692287e-09	1.004268e-10	7.559645e-02	5.390316e+00
3.520000e-06	-1.935996e-09	8.039602e-11	-1.510009e-02	4.219034e+00
3.530000e-06	-1.358002e-08	6.122888e-11	-1.059194e-01	3.048454e+00
3.540000e-06	-2.525539e-08	4.442886e-11	-1.969832e-01	1.868477e+00
3.550000e-06	-3.689980e-08	2.838716e-11	-2.878055e-01	6.706475e-01
3.560000e-06	-4.850590e-08	1.020635e-11	-3.783290e-01	-5.475228e-01
3.570000e-06	-6.012244e-08	-1.057882e-11	-4.689340e-01	-1.780255e+00
3.580000e-06	-7.171976e-08	-3.153670e-11	-5.593890e-01	-3.014341e+00
3.590000e-06	-8.329152e-08	-5.128429e-11	-6.496448e-01	-4.233026e+00
3.600000e-06	-9.483294e-08	-6.971262e-11	-7.396637e-01	-5.421640e+00
3.610000e-06	-1.063094e-07	-8.796032e-11	-8.291765e-01	-6.572872e+00
3.620000e-06	-1.177501e-07	-1.050770e-10	-9.184093e-01	-7.689629e+00
3.630000e-06	-1.291746e-07	-1.230235e-10	-1.007517e+00	-8.784256e+00
3.640000e-06	-1.405701e-07	-1.424656e-10	-1.096398e+00	-9.874267e+00
3.650000e-06	-1.519359e-07	-1.615400e-10	-1.185047e+00	-1.097609e+01
3.660000e-06	-1.632831e-07	-1.807442e-10	-1.273551e+00	-1.209913e+01
3.670000e-06	-1.746282e-07	-2.006506e-10	-1.362039e+00	-1.324253e+01
3.680000e-06	-1.859506e-07	-2.198032e-10	-1.450350e+00	-1.439571e+01
3.690000e-06	-1.972468e-07	-2.369563e-10	-1.538456e+00	-1.554277e+01
3.700000e-06	-2.085182e-07	-2.532990e-10	-1.626369e+00	-1.666890e+01
3.710000e-06	-2.197595e-07	-2.715130e-10	-1.714047e+00	-1.776650e+01
3.720000e-06	-2.310069e-07	-2.912542e-10	-1.801773e+00	-1.883856e+01
3.730000e-06	-2.422603e-07	-3.088633e-10	-1.889546e+00	-1.989788e+01
3.740000e-06	-2.534849e-07	-3.262949e-10	-1.977093e+00	-2.096265e+01
3.750000e-06	-2.646676e-07	-3.462023e-10	-2.064315e+00	-2.204973e+01
3.760000e-06	-2.758288e-07	-3.661031e-10	-2.151368e+00	-2.316843e+01
3.770000e-06	-2.869708e-07	-3.816531e-10	-2.238272e+00	-2.431714e+01
3.780000e-06	-2.980862e-07	-3.975861e-10	-2.324968e+00	-2.548392e+01
3.790000e-06	-3.091629e-07	-4.176400e-10	-2.411363e+00	-2.665096e+01
3.800000e-06	-3.201904e-07	-4.379226e-10	-2.497373e+00	-2.780111e+01
3.810000e-06	-3.311726e-07	-4.548754e-10	-2.583030e+00	-2.892377e+01
3.820000e-06	-3.420708e-07	-4.704722e-10	-2.668033e+00	-3.001815e+01
3.830000e-06	-3.529046e-07	-4.876354e-10	-2.752533e+00	-3.109252e+01
3.840000e-06	-3.636862e-07	-5.065202e-10	-2.836625e+00	-3.215994e+01
3.850000e-06	-3.743800e-07	-5.241994e-10	-2.920033e+00	-3.323236e+01
3.860000e-06	-3.849778e-07	-5.402539e-10	-3.002692e+00	-3.431538e+01
3.870000e-06	-3.954953e-07	-5.575075e-10	-3.084725e+00	-3.540593e+01
3.880000e-06	-4.059547e-07	-5.753245e-10	-3.166305e+00	-3.649365e+01
3.890000e-06	-4.163398e-07	-5.903720e-10	-3.247305e+00	-3.756539e+01
3.900000e-06	-4.266528e-07	-6.029926e-10	-3.327743e+00	-3.861088e+01
3.910000e-06	-4.368915e-07	-6.160331e-10	-3.407601e+00	-3.962719e+01
3.920000e-06	-4.470429e-07	-6.327443e-10	-3.486779e+00	-4.062011e+01
3.930000e-06	-4.571213e-07	-6.510939e-10	-3.565386e+00	-4.160176e+01
3.940000e-06	-4.671098e-07	-6.656967e-10	-3.643293e+00	-4.258556e+01
3.950000e-06	-4.769877e-07	-6.798768e-10	-3.720337e+00	-4.358051e+01
3.960000e-06	-4.867750e-07	-6.968450e-10	-3.796675e+00	-4.458720e+01
3.970000e-06	-4.964932e-07	-7.142379e-10	-3.872474e+00	-4.559734e+01
3.980000e-06	-5.061685e-07	-7.277254e-10	-3.947937e+00	-4.659691e+01
3.990000e-06	-5.158155e-07	-7.392130e-10	-4.023180e+00	-4.757192e+01
4.000000e-06	-5.254232e-07	-7.521298e-10	-4.098117e+00	-4.851426e+01
4.010000e-06	-5.349767e-07	-7.661989e-10	-4.172631e+00	-4.942528e+01
4.020000e-06	-5.444569e-07	-7.816085e-10	-4.246573e+00	-5.031566e+01
4.030000e-06	-5.538511e-07	-7.959604e-10	-4.319845e+00	-5.120141e+01
4.040000e-06	-5.631358e-07	-8.097349e-10	-4.392262e+00	-5.209761e+01
4.050000e-06	-5.722900e-07	-8.255474e-10	-4.463662e+00	-5.301240e+01
4.060000e-06	-5.812830e-07	-8.412351e-10	-4.533804e+00	-5.394360e+01
4.070000e-06	-5.900855e-07	-8.550061e-10	-4.602460e+00	-5.487943e+01
4.080000e-06	-5.987012e-07	-8.686578e-10	-4.669660e+00	-5.580302e+01
4.090000e-06	-6.071236e-07	-8.835338e-10	-4.735351e+00	-5.669914e+01
4.100000e-06	-6.154107e-07	-8.974634e-10	-4.799988e+00	-5.756021e+01
4.110000e-06	-6.235961e-07	-9.099205e-10	-4.863832e+00	-5.838945e+01
4.120000e-06	-6.316920e-07	-9.218687e-10	-4.926977e+00	-5.919968e+01
4.130000e-06	-6.397324e-07	-9.330918e-10	-4.989689e+00	-6.000833e+01
4.140000e-06	-6.476969e-07	-9.458965e-10	-5.051809e+00	-6.083058e+01
4.150000e-06	-6.555964e-07	-9.605208e-10	-5.113423e+00	-6.167326e+01
4.160000e-06	-6.634253e-07	-9.756982e-10	-5.174485e+00	-6.253209e+01
4.170000e-06	-6.711341e-07	-9.898358e-10	-5.234611e+00	-6.339316e+01
4.180000e-06	-6.787104e-07	-1.002764e-09	-5.293704e+00	-6.423824e+01
4.190000e-06	-6.861528e-07	-1.015663e-09	-5.351752e+00	-6.505165e+01
4.200000e-06	-6.934855e-07	-1.027275e-09	-5.408945e+00	-6.582600e+01
4.210000e-06	-7.007367e-07	-1.038877e-09	-5.465501e+00	-6.656466e+01
4.220000e-06	-7.078788e-07	-1.050808e-09	-5.521207e+00	-6.727976e+01
4.230000e-06	-7.149149e-07	-1.062882e-09	-5.576086e+00	-6.798685e+01
4.240000e-06	-7.218272e-07	-1.077503e-09	-5.630000e+00	-6.869834e+01
4.250000e-06	-7.285823e-07	-1.091558e-09	-5.682687e+00	-6.941834e+01
4.260000e-06	-7.352238e-07	-1.102372e-09	-5.734488e+00	-7.014120e+01
4.270000e-06	-7.417659e-07	-1.112336e-09	-5.785515e+00	-7.085417e+01
4.280000e-06	-7.482173e-07	-1.121707e-09	-5.835834e+00	-7.154328e+01
4.290000e-06	-7.545748e-07	-1.130996e-09	-5.885420e+00	-7.219975e+01
4.300000e-06	-7.608259e-07	-1.141151e-09	-5.934176e+00	-7.282444e+01
4.310000e-06	-7.669389e-07	-1.150371e-09	-5.981855e+00	-7.342822e+01
4.320000e-06	-7.728171e-07	-1.159063e-09	-6.027703e+00	-7.402807e+01
4.330000e-06	-7.784219e-07	-1.168788e-09	-6.071418e+00	-7.464018e+01
4.340000e-06	-7.838188e-07	-1.178388e-09	-6.113512e+00	-7.527301e+01
4.350000e-06	-7.890479e-07	-1.187201e-09	-6.154298e+00	-7.592284e+01
4.360000e-06	-7.940935e-07	-1.196581e-09	-6.193652e+00	-7.657399e+01
4.370000e-06	-7.989980e-07	-1.207296e-09	-6.231905e+00	-7.720376e+01
4.380000e-06	-8.037785e-07	-1.218265e-09	-6.269191e+00	-7.779031e+01
4.390000e-06	-8.084182e-07	-1.226295e-09	-6.305379e+00	-7.832066e+01
4.400000e-06	-8.129177e-07	-1.231858e-09	-6.340474e+00	-7.879579e+01
4.410000e-06	-8.172753e-07	-1.238074e-09	-6.374462e+00	-7.923070e+01
4.420000e-06	-8.214890e-07	-1.245908e-09	-6.407327e+00	-7.964949e+01
4.430000e-06	-8.255619e-07	-1.253028e-09	-6.439094e+00	-8.007698e+01
4.440000e-06	-8.294859e-07	-1.257797e-09	-6.469700e+00	-8.053011e+01
4.450000e-06	-8.332614e-07	-1.263593e-09	-6.499148e+00	-8.101202e+01
4.460000e-06	-8.369118e-07	-1.270918e-09	-6.527619e+00	-8.151105e+01
4.470000e-06	-8.404237e-07	-1.276522e-09	-6.555011e+00	-8.200488e+01
4.480000e-06	-8.438165e-07	-1.280847e-09	-6.581474e+00	-8.246824e+01
4.490000e-06	-8.470969e-07	-1.286702e-09	-6.607060e+00	-8.288131e+01
4.500000e-06	-8.502656e-07	-1.294817e-09	-6.631774e+00	-8.323599e+01
4.510000e-06	-8.533429e-07	-1.301248e-09	-6.655776e+00	-8.353771e+01
4.520000e-06	-8.563029e-07	-1.302744e-09	-6.678863e+00	-8.380266e+01
4.530000e-06	-8.590836e-07	-1.302568e-09	-6.700552e+00	-8.405159e+01
4.540000e-06	-8.616227e-07	-1.304175e-09	-6.720356e+00	-8.430271e+01
4.550000e-06	-8.639213e-07	-1.308402e-09	-6.738284e+00	-8.456624e+01
4.560000e-06	-8.659853e-07	-1.313232e-09	-6.754383e+00	-8.484243e+01
4.570000e-06	-8.678499e-07	-1.318041e-09	-6.768926e+00	-8.512333e+01
4.580000e-06	-8.695936e-07	-1.322470e-09	-6.782526e+00	-8.539731e+01
4.590000e-06	-8.712273e-07	-1.325667e-09	-6.795269e+00	-8.565408e+01
4.600000e-06	-8.727459e-07	-1.326196e-09	-6.807113e+00	-8.588833e+01
4.610000e-06	-8.741542e-07	-1.325482e-09	-6.818097e+00	-8.610062e+01
4.620000e-06	-8.754169e-07	-1.325574e-09	-6.827946e+00	-8.629551e+01
4.630000e-06	-8.765181e-07	-1.328601e-09	-6.836535e+00	-8.647798e+01
4.640000e-06	-8.774659e-07	-1.336529e-09	-6.843927e+00	-8.665000e+01
4.650000e-06	-8.782783e-07	-1.339214e-09	-6.850263e+00	-8.680877e+01
4.660000e-06	-8.789354e-07	-1.336710e-09	-6.855389e+00	-8.694746e+01
4.670000e-06	-8.793800e-07	-1.332246e-09	-6.858857e+00	-8.705797e+01
4.680000e-06	-8.796614e-07	-1.315969e-09	-6.861051e+00	-8.713459e+01
4.690000e-06	-8.798475e-07	-1.302390e-09	-6.862503e+00	-8.717678e+01
