# Temperatura_=_20.0
# Concentracion g/m^3_=_10000.0
# C_Vs_to_Am_M_A/Vsm_=_65563218390.804596
# pendiente_HvsI_1/m_=_3716.3
# ordenada_HvsI_A/m_=_1297.0
# frecuencia_Hz_=_212980.23419938204

Tiempo_(s)	Campo_(V.s)	Magnetizacion_(V.s)	Campo_(kA/m)	Magnetizacion_(A/m)
0.000000e+00	-8.802653e-07	-1.330947e-09	-6.860199e+00	-8.692506e+01
1.000000e-08	-8.803474e-07	-1.301002e-09	-6.860839e+00	-8.685082e+01
2.000000e-08	-8.803340e-07	-1.301757e-09	-6.860735e+00	-8.676408e+01
3.000000e-08	-8.801562e-07	-1.329822e-09	-6.859349e+00	-8.668625e+01
4.000000e-08	-8.797642e-07	-1.312535e-09	-6.856294e+00	-8.663195e+01
5.000000e-08	-8.791216e-07	-1.315613e-09	-6.851286e+00	-8.660422e+01
6.000000e-08	-8.782148e-07	-1.319303e-09	-6.844219e+00	-8.659366e+01
7.000000e-08	-8.770839e-07	-1.308279e-09	-6.835406e+00	-8.658187e+01
8.000000e-08	-8.757935e-07	-1.313117e-09	-6.825349e+00	-8.654791e+01
9.000000e-08	-8.743794e-07	-1.315143e-09	-6.814329e+00	-8.647546e+01
1.000000e-07	-8.728381e-07	-1.310636e-09	-6.802316e+00	-8.635813e+01
1.100000e-07	-8.711929e-07	-1.310329e-09	-6.789495e+00	-8.620112e+01
1.200000e-07	-8.694708e-07	-1.310318e-09	-6.776074e+00	-8.601871e+01
1.300000e-07	-8.676440e-07	-1.304422e-09	-6.761837e+00	-8.582861e+01
1.400000e-07	-8.656336e-07	-1.288964e-09	-6.746170e+00	-8.564523e+01
1.500000e-07	-8.634501e-07	-1.278720e-09	-6.729153e+00	-8.547434e+01
1.600000e-07	-8.611082e-07	-1.283075e-09	-6.710902e+00	-8.531104e+01
1.700000e-07	-8.586181e-07	-1.285821e-09	-6.691496e+00	-8.514157e+01
1.800000e-07	-8.559801e-07	-1.281396e-09	-6.670937e+00	-8.494825e+01
1.900000e-07	-8.531688e-07	-1.281360e-09	-6.649028e+00	-8.471576e+01
2.000000e-07	-8.502180e-07	-1.287105e-09	-6.626031e+00	-8.443640e+01
2.100000e-07	-8.471412e-07	-1.277105e-09	-6.602052e+00	-8.411260e+01
2.200000e-07	-8.439730e-07	-1.254335e-09	-6.577361e+00	-8.375580e+01
2.300000e-07	-8.407404e-07	-1.234719e-09	-6.552169e+00	-8.338236e+01
2.400000e-07	-8.373851e-07	-1.235738e-09	-6.526020e+00	-8.300789e+01
2.500000e-07	-8.338052e-07	-1.244484e-09	-6.498121e+00	-8.264216e+01
2.600000e-07	-8.299687e-07	-1.246715e-09	-6.468222e+00	-8.228627e+01
2.700000e-07	-8.259057e-07	-1.237137e-09	-6.436557e+00	-8.193299e+01
2.800000e-07	-8.216399e-07	-1.225030e-09	-6.403312e+00	-8.156987e+01
2.900000e-07	-8.171642e-07	-1.220349e-09	-6.368432e+00	-8.118405e+01
3.000000e-07	-8.125022e-07	-1.212319e-09	-6.332099e+00	-8.076681e+01
3.100000e-07	-8.077089e-07	-1.201112e-09	-6.294743e+00	-8.031640e+01
3.200000e-07	-8.027923e-07	-1.188928e-09	-6.256426e+00	-7.983820e+01
3.300000e-07	-7.977548e-07	-1.184796e-09	-6.217168e+00	-7.934234e+01
3.400000e-07	-7.925510e-07	-1.183954e-09	-6.176612e+00	-7.883979e+01
3.500000e-07	-7.871744e-07	-1.177582e-09	-6.134711e+00	-7.833838e+01
3.600000e-07	-7.816644e-07	-1.167343e-09	-6.091770e+00	-7.784023e+01
3.700000e-07	-7.759958e-07	-1.155845e-09	-6.047592e+00	-7.734142e+01
3.800000e-07	-7.701879e-07	-1.149658e-09	-6.002330e+00	-7.683383e+01
3.900000e-07	-7.642533e-07	-1.143561e-09	-5.956079e+00	-7.630847e+01
4.000000e-07	-7.581031e-07	-1.131638e-09	-5.908149e+00	-7.575883e+01
4.100000e-07	-7.516697e-07	-1.118662e-09	-5.858011e+00	-7.518314e+01
4.200000e-07	-7.450587e-07	-1.108480e-09	-5.806490e+00	-7.458470e+01
4.300000e-07	-7.383589e-07	-1.104224e-09	-5.754276e+00	-7.397022e+01
4.400000e-07	-7.315255e-07	-1.099140e-09	-5.701021e+00	-7.334693e+01
4.500000e-07	-7.245664e-07	-1.088633e-09	-5.646786e+00	-7.271966e+01
4.600000e-07	-7.175087e-07	-1.076756e-09	-5.591783e+00	-7.208892e+01
4.700000e-07	-7.103828e-07	-1.066885e-09	-5.536249e+00	-7.145088e+01
4.800000e-07	-7.031738e-07	-1.058898e-09	-5.480067e+00	-7.079915e+01
4.900000e-07	-6.958297e-07	-1.045771e-09	-5.422832e+00	-7.012764e+01
5.000000e-07	-6.883348e-07	-1.031471e-09	-5.364421e+00	-6.943353e+01
5.100000e-07	-6.806813e-07	-1.021697e-09	-5.304775e+00	-6.871890e+01
5.200000e-07	-6.728923e-07	-1.015489e-09	-5.244072e+00	-6.799055e+01
5.300000e-07	-6.650027e-07	-1.006843e-09	-5.182587e+00	-6.725780e+01
5.400000e-07	-6.570551e-07	-9.906669e-10	-5.120648e+00	-6.652910e+01
5.500000e-07	-6.490647e-07	-9.761021e-10	-5.058376e+00	-6.580857e+01
5.600000e-07	-6.410057e-07	-9.672517e-10	-4.995570e+00	-6.509384e+01
5.700000e-07	-6.328631e-07	-9.576294e-10	-4.932112e+00	-6.437609e+01
5.800000e-07	-6.246405e-07	-9.456785e-10	-4.868031e+00	-6.364233e+01
5.900000e-07	-6.163019e-07	-9.331789e-10	-4.803045e+00	-6.287928e+01
6.000000e-07	-6.077926e-07	-9.247711e-10	-4.736729e+00	-6.207757e+01
6.100000e-07	-5.991775e-07	-9.169328e-10	-4.669589e+00	-6.123478e+01
6.200000e-07	-5.904882e-07	-9.023909e-10	-4.601871e+00	-6.035629e+01
6.300000e-07	-5.816843e-07	-8.827889e-10	-4.533259e+00	-5.945341e+01
6.400000e-07	-5.727776e-07	-8.663439e-10	-4.463846e+00	-5.853971e+01
6.500000e-07	-5.637912e-07	-8.562046e-10	-4.393811e+00	-5.762645e+01
6.600000e-07	-5.547136e-07	-8.449810e-10	-4.323067e+00	-5.671904e+01
6.700000e-07	-5.455411e-07	-8.302436e-10	-4.251583e+00	-5.581558e+01
6.800000e-07	-5.362631e-07	-8.151716e-10	-4.179276e+00	-5.490810e+01
6.900000e-07	-5.268456e-07	-8.020245e-10	-4.105883e+00	-5.398604e+01
7.000000e-07	-5.173377e-07	-7.885724e-10	-4.031784e+00	-5.304077e+01
7.100000e-07	-5.077758e-07	-7.717494e-10	-3.957266e+00	-5.206936e+01
7.200000e-07	-4.981682e-07	-7.558604e-10	-3.882390e+00	-5.107629e+01
7.300000e-07	-4.885116e-07	-7.426790e-10	-3.807133e+00	-5.007231e+01
7.400000e-07	-4.787805e-07	-7.296610e-10	-3.731295e+00	-4.907086e+01
7.500000e-07	-4.689701e-07	-7.128573e-10	-3.654839e+00	-4.808326e+01
7.600000e-07	-4.590962e-07	-6.924954e-10	-3.577889e+00	-4.711440e+01
7.700000e-07	-4.491307e-07	-6.759550e-10	-3.500225e+00	-4.616065e+01
7.800000e-07	-4.390514e-07	-6.632522e-10	-3.421673e+00	-4.521074e+01
7.900000e-07	-4.288632e-07	-6.513040e-10	-3.342273e+00	-4.424943e+01
8.000000e-07	-4.185391e-07	-6.394517e-10	-3.261814e+00	-4.326275e+01
8.100000e-07	-4.080546e-07	-6.260097e-10	-3.180105e+00	-4.224299e+01
8.200000e-07	-3.974236e-07	-6.112028e-10	-3.097254e+00	-4.119151e+01
8.300000e-07	-3.866714e-07	-5.948367e-10	-3.013458e+00	-4.011848e+01
8.400000e-07	-3.758189e-07	-5.764316e-10	-2.928881e+00	-3.903952e+01
8.500000e-07	-3.648993e-07	-5.580610e-10	-2.843782e+00	-3.797039e+01
8.600000e-07	-3.539093e-07	-5.425293e-10	-2.758133e+00	-3.692165e+01
8.700000e-07	-3.428455e-07	-5.285329e-10	-2.671909e+00	-3.589519e+01
8.800000e-07	-3.317348e-07	-5.150234e-10	-2.585320e+00	-3.488383e+01
8.900000e-07	-3.205975e-07	-5.016669e-10	-2.498523e+00	-3.387408e+01
9.000000e-07	-3.094317e-07	-4.867035e-10	-2.411504e+00	-3.285111e+01
9.100000e-07	-2.982378e-07	-4.728526e-10	-2.324266e+00	-3.180398e+01
9.200000e-07	-2.870305e-07	-4.575386e-10	-2.236924e+00	-3.072933e+01
9.300000e-07	-2.758130e-07	-4.395328e-10	-2.149502e+00	-2.963223e+01
9.400000e-07	-2.645648e-07	-4.222988e-10	-2.061841e+00	-2.852389e+01
9.500000e-07	-2.532915e-07	-4.059188e-10	-1.973985e+00	-2.741732e+01
9.600000e-07	-2.419879e-07	-3.897487e-10	-1.885892e+00	-2.632254e+01
9.700000e-07	-2.306554e-07	-3.742200e-10	-1.797574e+00	-2.524314e+01
9.800000e-07	-2.192855e-07	-3.603331e-10	-1.708965e+00	-2.417556e+01
9.900000e-07	-2.078504e-07	-3.474241e-10	-1.619847e+00	-2.311105e+01
1.000000e-06	-1.963609e-07	-3.335061e-10	-1.530305e+00	-2.203959e+01
1.010000e-06	-1.848566e-07	-3.173106e-10	-1.440649e+00	-2.095411e+01
1.020000e-06	-1.733173e-07	-2.995466e-10	-1.350719e+00	-1.985319e+01
1.030000e-06	-1.617371e-07	-2.822862e-10	-1.260471e+00	-1.874138e+01
1.040000e-06	-1.501370e-07	-2.662962e-10	-1.170068e+00	-1.762690e+01
1.050000e-06	-1.385168e-07	-2.505819e-10	-1.079507e+00	-1.651786e+01
1.060000e-06	-1.268586e-07	-2.355356e-10	-9.886509e-01	-1.541843e+01
1.070000e-06	-1.151618e-07	-2.202252e-10	-8.974938e-01	-1.432675e+01
1.080000e-06	-1.034386e-07	-2.054428e-10	-8.061312e-01	-1.323529e+01
1.090000e-06	-9.168700e-08	-1.908534e-10	-7.145472e-01	-1.213370e+01
1.100000e-06	-7.992221e-08	-1.750142e-10	-6.228603e-01	-1.101286e+01
1.110000e-06	-6.815578e-08	-1.587403e-10	-5.311606e-01	-9.868563e+00
1.120000e-06	-5.638408e-08	-1.421137e-10	-4.394199e-01	-8.703399e+00
1.130000e-06	-4.458200e-08	-1.264074e-10	-3.474423e-01	-7.525851e+00
1.140000e-06	-3.276187e-08	-1.098171e-10	-2.553241e-01	-6.347151e+00
1.150000e-06	-2.094094e-08	-9.295848e-11	-1.631997e-01	-5.177054e+00
1.160000e-06	-9.114652e-09	-7.759936e-11	-7.103350e-02	-4.020266e+00
1.170000e-06	2.698594e-09	-6.153537e-11	2.103104e-02	-2.874975e+00
1.180000e-06	1.449202e-08	-4.581506e-11	1.129411e-01	-1.734093e+00
1.190000e-06	2.629673e-08	-2.875216e-11	2.049392e-01	-5.886675e-01
1.200000e-06	3.810630e-08	-1.028258e-11	2.969750e-01	5.679373e-01
1.210000e-06	4.989803e-08	5.753752e-12	3.888719e-01	1.736863e+00
1.220000e-06	6.168684e-08	2.064501e-11	4.807460e-01	2.912923e+00
1.230000e-06	7.346048e-08	3.861022e-11	5.725019e-01	4.086508e+00
1.240000e-06	8.521001e-08	5.842353e-11	6.640698e-01	5.247469e+00
1.250000e-06	9.694267e-08	7.649844e-11	7.555064e-01	6.389362e+00
1.260000e-06	1.086316e-07	9.204439e-11	8.466023e-01	7.512249e+00
1.270000e-06	1.202934e-07	1.073097e-10	9.374867e-01	8.622808e+00
1.280000e-06	1.319450e-07	1.240589e-10	1.028291e+00	9.731609e+00
1.290000e-06	1.435572e-07	1.420035e-10	1.118789e+00	1.084861e+01
1.300000e-06	1.551549e-07	1.590836e-10	1.209174e+00	1.197871e+01
1.310000e-06	1.667516e-07	1.754883e-10	1.299551e+00	1.311932e+01
1.320000e-06	1.782992e-07	1.929050e-10	1.389545e+00	1.426101e+01
1.330000e-06	1.898058e-07	2.109593e-10	1.479220e+00	1.539120e+01
1.340000e-06	2.012710e-07	2.280856e-10	1.568572e+00	1.649946e+01
1.350000e-06	2.126852e-07	2.430148e-10	1.657527e+00	1.758231e+01
1.360000e-06	2.240735e-07	2.578255e-10	1.746279e+00	1.864536e+01
1.370000e-06	2.354209e-07	2.736466e-10	1.834713e+00	1.970186e+01
1.380000e-06	2.467321e-07	2.901084e-10	1.922865e+00	2.076792e+01
1.390000e-06	2.580285e-07	3.064992e-10	2.010902e+00	2.185608e+01
1.400000e-06	2.693014e-07	3.227219e-10	2.098755e+00	2.296995e+01
1.410000e-06	2.805423e-07	3.384171e-10	2.186359e+00	2.410198e+01
1.420000e-06	2.917626e-07	3.540519e-10	2.273802e+00	2.523556e+01
1.430000e-06	3.029729e-07	3.705049e-10	2.361168e+00	2.635092e+01
1.440000e-06	3.141562e-07	3.877042e-10	2.448323e+00	2.743265e+01
1.450000e-06	3.253201e-07	4.041872e-10	2.535327e+00	2.847610e+01
1.460000e-06	3.364637e-07	4.200482e-10	2.622173e+00	2.948995e+01
1.470000e-06	3.475539e-07	4.362297e-10	2.708603e+00	3.049380e+01
1.480000e-06	3.586022e-07	4.544193e-10	2.794706e+00	3.151143e+01
1.490000e-06	3.696132e-07	4.725952e-10	2.880519e+00	3.256208e+01
1.500000e-06	3.805081e-07	4.882710e-10	2.965426e+00	3.365294e+01
1.510000e-06	3.912375e-07	5.035484e-10	3.049043e+00	3.477571e+01
1.520000e-06	4.018473e-07	5.188594e-10	3.131729e+00	3.590877e+01
1.530000e-06	4.123101e-07	5.339498e-10	3.213270e+00	3.702417e+01
1.540000e-06	4.226338e-07	5.485499e-10	3.293726e+00	3.809721e+01
1.550000e-06	4.328474e-07	5.636282e-10	3.373323e+00	3.911495e+01
1.560000e-06	4.429256e-07	5.802599e-10	3.451866e+00	4.008065e+01
1.570000e-06	4.528966e-07	5.975256e-10	3.529573e+00	4.101243e+01
1.580000e-06	4.627664e-07	6.132212e-10	3.606492e+00	4.193667e+01
1.590000e-06	4.725599e-07	6.266902e-10	3.682816e+00	4.287848e+01
1.600000e-06	4.823113e-07	6.399712e-10	3.758812e+00	4.385281e+01
1.610000e-06	4.919965e-07	6.528932e-10	3.834292e+00	4.485942e+01
1.620000e-06	5.016136e-07	6.667652e-10	3.909241e+00	4.588352e+01
1.630000e-06	5.111712e-07	6.822444e-10	3.983727e+00	4.690169e+01
1.640000e-06	5.206621e-07	6.983942e-10	4.057693e+00	4.789087e+01
1.650000e-06	5.300750e-07	7.152728e-10	4.131051e+00	4.883696e+01
1.660000e-06	5.393848e-07	7.313482e-10	4.203605e+00	4.973982e+01
1.670000e-06	5.485795e-07	7.457478e-10	4.275262e+00	5.061290e+01
1.680000e-06	5.576736e-07	7.585799e-10	4.346135e+00	5.147778e+01
1.690000e-06	5.666767e-07	7.706619e-10	4.416300e+00	5.235569e+01
1.700000e-06	5.755860e-07	7.818398e-10	4.485733e+00	5.325946e+01
1.710000e-06	5.844287e-07	7.933047e-10	4.554647e+00	5.418878e+01
1.720000e-06	5.931965e-07	8.070572e-10	4.622977e+00	5.513060e+01
1.730000e-06	6.018472e-07	8.222040e-10	4.690395e+00	5.606437e+01
1.740000e-06	6.103760e-07	8.365767e-10	4.756862e+00	5.696998e+01
1.750000e-06	6.187809e-07	8.506478e-10	4.822365e+00	5.783531e+01
1.760000e-06	6.270731e-07	8.643513e-10	4.886988e+00	5.866055e+01
1.770000e-06	6.352656e-07	8.766893e-10	4.950836e+00	5.945773e+01
1.780000e-06	6.433669e-07	8.882873e-10	5.013972e+00	6.024568e+01
1.790000e-06	6.514151e-07	8.989515e-10	5.076694e+00	6.104265e+01
1.800000e-06	6.594131e-07	9.107386e-10	5.139025e+00	6.185938e+01
1.810000e-06	6.673338e-07	9.232256e-10	5.200753e+00	6.269524e+01
1.820000e-06	6.751681e-07	9.352687e-10	5.261809e+00	6.353893e+01
1.830000e-06	6.829025e-07	9.477000e-10	5.322085e+00	6.437316e+01
1.840000e-06	6.905137e-07	9.610247e-10	5.381402e+00	6.518134e+01
1.850000e-06	6.979727e-07	9.751033e-10	5.439533e+00	6.595366e+01
1.860000e-06	7.052694e-07	9.875292e-10	5.496399e+00	6.669008e+01
1.870000e-06	7.123953e-07	9.974198e-10	5.551933e+00	6.739928e+01
1.880000e-06	7.193681e-07	1.006368e-09	5.606274e+00	6.809424e+01
1.890000e-06	7.262692e-07	1.017125e-09	5.660057e+00	6.878635e+01
1.900000e-06	7.330837e-07	1.028897e-09	5.713164e+00	6.948059e+01
1.910000e-06	7.397697e-07	1.039203e-09	5.765270e+00	7.017393e+01
1.920000e-06	7.463392e-07	1.048530e-09	5.816469e+00	7.085739e+01
1.930000e-06	7.527603e-07	1.059243e-09	5.866511e+00	7.152087e+01
1.940000e-06	7.589994e-07	1.071739e-09	5.915134e+00	7.215870e+01
1.950000e-06	7.650463e-07	1.083564e-09	5.962260e+00	7.277325e+01
1.960000e-06	7.709086e-07	1.094723e-09	6.007946e+00	7.337508e+01
1.970000e-06	7.766246e-07	1.104940e-09	6.052493e+00	7.397923e+01
1.980000e-06	7.822021e-07	1.115123e-09	6.095960e+00	7.459903e+01
1.990000e-06	7.876402e-07	1.126365e-09	6.138341e+00	7.524005e+01
2.000000e-06	7.929529e-07	1.138078e-09	6.179745e+00	7.589650e+01
2.010000e-06	7.981235e-07	1.149492e-09	6.220041e+00	7.655197e+01
2.020000e-06	8.031486e-07	1.160065e-09	6.259203e+00	7.718436e+01
2.030000e-06	8.080441e-07	1.170528e-09	6.297356e+00	7.777341e+01
2.040000e-06	8.128295e-07	1.179674e-09	6.334650e+00	7.830804e+01
2.050000e-06	8.174921e-07	1.187364e-09	6.370987e+00	7.879064e+01
2.060000e-06	8.219856e-07	1.194317e-09	6.406006e+00	7.923668e+01
2.070000e-06	8.262699e-07	1.200665e-09	6.439396e+00	7.966954e+01
2.080000e-06	8.303423e-07	1.207496e-09	6.471133e+00	8.011236e+01
2.090000e-06	8.341783e-07	1.215473e-09	6.501028e+00	8.057990e+01
2.100000e-06	8.377543e-07	1.225314e-09	6.528897e+00	8.107331e+01
2.110000e-06	8.411465e-07	1.235784e-09	6.555334e+00	8.157973e+01
2.120000e-06	8.444210e-07	1.244159e-09	6.580853e+00	8.207688e+01
2.130000e-06	8.476222e-07	1.251276e-09	6.605801e+00	8.254084e+01
2.140000e-06	8.507355e-07	1.257466e-09	6.630064e+00	8.295433e+01
2.150000e-06	8.537189e-07	1.262808e-09	6.653314e+00	8.331230e+01
2.160000e-06	8.565453e-07	1.267751e-09	6.675342e+00	8.362306e+01
2.170000e-06	8.592235e-07	1.273044e-09	6.696214e+00	8.390462e+01
2.180000e-06	8.617796e-07	1.279647e-09	6.716134e+00	8.417780e+01
2.190000e-06	8.641760e-07	1.286956e-09	6.734810e+00	8.445872e+01
2.200000e-06	8.664148e-07	1.293075e-09	6.752257e+00	8.475354e+01
2.210000e-06	8.684917e-07	1.297159e-09	6.768444e+00	8.505721e+01
2.220000e-06	8.703993e-07	1.301301e-09	6.783310e+00	8.535648e+01
2.230000e-06	8.721826e-07	1.306194e-09	6.797208e+00	8.563575e+01
2.240000e-06	8.738665e-07	1.309924e-09	6.810331e+00	8.588344e+01
2.250000e-06	8.754458e-07	1.313312e-09	6.822640e+00	8.609611e+01
2.260000e-06	8.769295e-07	1.317895e-09	6.834202e+00	8.627903e+01
2.270000e-06	8.782807e-07	1.324828e-09	6.844733e+00	8.644295e+01
2.280000e-06	8.794318e-07	1.331791e-09	6.853704e+00	8.659853e+01
2.290000e-06	8.803064e-07	1.334452e-09	6.860520e+00	8.675089e+01
2.300000e-06	8.809213e-07	1.335955e-09	6.865312e+00	8.689647e+01
2.310000e-06	8.813568e-07	1.330811e-09	6.868706e+00	8.702366e+01
2.320000e-06	8.816048e-07	1.322780e-09	6.870638e+00	8.711701e+01
2.330000e-06	8.816996e-07	1.319445e-09	6.871377e+00	8.716347e+01
2.340000e-06	8.817089e-07	1.327849e-09	6.871450e+00	8.715815e+01
2.350000e-06	8.816121e-07	1.342748e-09	6.870696e+00	8.710740e+01
2.360000e-06	8.813778e-07	1.359827e-09	6.868869e+00	8.702780e+01
2.370000e-06	8.810269e-07	1.349584e-09	6.866135e+00	8.694132e+01
2.380000e-06	8.805664e-07	1.327240e-09	6.862546e+00	8.686828e+01
2.390000e-06	8.799414e-07	1.335946e-09	6.857675e+00	8.682074e+01
2.400000e-06	8.791065e-07	1.332246e-09	6.851168e+00	8.679851e+01
2.410000e-06	8.780882e-07	1.330643e-09	6.843233e+00	8.678947e+01
2.420000e-06	8.769520e-07	1.327291e-09	6.834378e+00	8.677393e+01
2.430000e-06	8.757091e-07	1.319087e-09	6.824691e+00	8.673144e+01
2.440000e-06	8.743397e-07	1.320044e-09	6.814019e+00	8.664780e+01
2.450000e-06	8.728551e-07	1.324762e-09	6.802449e+00	8.651951e+01
2.460000e-06	8.712646e-07	1.323533e-09	6.790054e+00	8.635445e+01
2.470000e-06	8.695915e-07	1.314941e-09	6.777015e+00	8.616837e+01
2.480000e-06	8.678093e-07	1.309363e-09	6.763126e+00	8.597875e+01
2.490000e-06	8.658316e-07	1.308923e-09	6.747713e+00	8.579824e+01
2.500000e-06	8.635685e-07	1.317501e-09	6.730075e+00	8.563001e+01
2.510000e-06	8.610458e-07	1.316463e-09	6.710415e+00	8.546660e+01
2.520000e-06	8.582930e-07	1.307471e-09	6.688962e+00	8.529273e+01
2.530000e-06	8.553242e-07	1.298730e-09	6.665825e+00	8.509071e+01
2.540000e-06	8.522383e-07	1.293435e-09	6.641776e+00	8.484673e+01
2.550000e-06	8.490710e-07	1.287241e-09	6.617092e+00	8.455552e+01
2.560000e-06	8.458092e-07	1.288170e-09	6.591672e+00	8.422200e+01
2.570000e-06	8.424390e-07	1.289749e-09	6.565406e+00	8.385933e+01
2.580000e-06	8.389306e-07	1.287947e-09	6.538064e+00	8.348421e+01
2.590000e-06	8.352522e-07	1.281781e-09	6.509397e+00	8.311120e+01
2.600000e-06	8.314179e-07	1.270592e-09	6.479516e+00	8.274807e+01
2.610000e-06	8.274499e-07	1.263744e-09	6.448591e+00	8.239368e+01
2.620000e-06	8.233459e-07	1.260526e-09	6.416607e+00	8.203909e+01
2.630000e-06	8.190946e-07	1.257192e-09	6.383476e+00	8.167129e+01
2.640000e-06	8.146909e-07	1.250923e-09	6.349156e+00	8.127808e+01
2.650000e-06	8.101329e-07	1.244810e-09	6.313635e+00	8.085230e+01
2.660000e-06	8.054253e-07	1.241090e-09	6.276947e+00	8.039408e+01
2.670000e-06	8.005730e-07	1.236272e-09	6.239131e+00	7.991030e+01
2.680000e-06	7.955527e-07	1.228665e-09	6.200006e+00	7.941169e+01
2.690000e-06	7.903180e-07	1.219814e-09	6.159210e+00	7.890877e+01
2.700000e-06	7.848677e-07	1.212986e-09	6.116734e+00	7.840811e+01
2.710000e-06	7.791796e-07	1.208046e-09	6.072405e+00	7.791026e+01
2.720000e-06	7.732469e-07	1.198316e-09	6.026169e+00	7.741000e+01
2.730000e-06	7.671580e-07	1.188560e-09	5.978717e+00	7.689865e+01
2.740000e-06	7.609429e-07	1.181049e-09	5.930280e+00	7.636756e+01
2.750000e-06	7.546189e-07	1.176812e-09	5.880995e+00	7.581125e+01
2.760000e-06	7.482109e-07	1.173843e-09	5.831056e+00	7.522927e+01
2.770000e-06	7.417372e-07	1.165200e-09	5.780604e+00	7.462601e+01
2.780000e-06	7.351793e-07	1.155191e-09	5.729496e+00	7.400858e+01
2.790000e-06	7.284706e-07	1.144919e-09	5.677213e+00	7.338388e+01
2.800000e-06	7.216163e-07	1.134410e-09	5.623795e+00	7.275576e+01
2.810000e-06	7.146386e-07	1.122508e-09	5.569415e+00	7.212359e+01
2.820000e-06	7.075350e-07	1.112052e-09	5.514055e+00	7.148265e+01
2.830000e-06	7.003281e-07	1.105082e-09	5.457889e+00	7.082635e+01
2.840000e-06	6.930213e-07	1.097607e-09	5.400945e+00	7.014917e+01
2.850000e-06	6.855781e-07	1.089014e-09	5.342938e+00	6.944941e+01
2.860000e-06	6.779979e-07	1.077885e-09	5.283862e+00	6.873045e+01
2.870000e-06	6.703168e-07	1.066332e-09	5.224001e+00	6.799998e+01
2.880000e-06	6.625310e-07	1.057164e-09	5.163324e+00	6.726746e+01
2.890000e-06	6.546544e-07	1.046407e-09	5.101939e+00	6.654053e+01
2.900000e-06	6.467303e-07	1.034380e-09	5.040184e+00	6.582183e+01
2.910000e-06	6.387648e-07	1.021426e-09	4.978106e+00	6.510727e+01
2.920000e-06	6.307446e-07	1.009190e-09	4.915602e+00	6.438671e+01
2.930000e-06	6.226350e-07	9.981571e-10	4.852401e+00	6.364668e+01
2.940000e-06	6.143897e-07	9.852093e-10	4.788143e+00	6.287449e+01
2.950000e-06	6.059554e-07	9.720942e-10	4.722411e+00	6.206231e+01
2.960000e-06	5.973283e-07	9.597337e-10	4.655178e+00	6.120970e+01
2.970000e-06	5.885102e-07	9.478793e-10	4.586455e+00	6.032377e+01
2.980000e-06	5.794699e-07	9.348956e-10	4.516001e+00	5.941682e+01
2.990000e-06	5.702662e-07	9.195479e-10	4.444273e+00	5.850224e+01
3.000000e-06	5.609509e-07	9.038811e-10	4.371677e+00	5.759010e+01
3.010000e-06	5.515317e-07	8.881063e-10	4.298269e+00	5.668403e+01
3.020000e-06	5.420371e-07	8.722129e-10	4.224275e+00	5.578037e+01
3.030000e-06	5.324882e-07	8.559116e-10	4.149857e+00	5.487012e+01
3.040000e-06	5.228962e-07	8.411371e-10	4.075103e+00	5.394278e+01
3.050000e-06	5.132586e-07	8.292540e-10	3.999994e+00	5.299085e+01
3.060000e-06	5.035536e-07	8.155055e-10	3.924361e+00	5.201321e+01
3.070000e-06	4.937589e-07	7.999813e-10	3.848027e+00	5.101611e+01
3.080000e-06	4.839022e-07	7.836762e-10	3.771211e+00	5.001138e+01
3.090000e-06	4.739733e-07	7.682972e-10	3.693831e+00	4.901241e+01
3.100000e-06	4.639045e-07	7.528239e-10	3.615361e+00	4.802924e+01
3.110000e-06	4.537321e-07	7.362422e-10	3.536085e+00	4.706473e+01
3.120000e-06	4.435072e-07	7.201228e-10	3.456399e+00	4.611312e+01
3.130000e-06	4.332140e-07	7.044022e-10	3.376180e+00	4.516172e+01
3.140000e-06	4.228697e-07	6.902188e-10	3.295564e+00	4.419509e+01
3.150000e-06	4.124511e-07	6.755319e-10	3.214368e+00	4.320042e+01
3.160000e-06	4.019816e-07	6.588693e-10	3.132776e+00	4.217212e+01
3.170000e-06	3.914593e-07	6.422138e-10	3.050772e+00	4.111389e+01
3.180000e-06	3.808520e-07	6.262877e-10	2.968106e+00	4.003770e+01
3.190000e-06	3.701880e-07	6.100313e-10	2.884998e+00	3.895972e+01
3.200000e-06	3.594414e-07	5.932297e-10	2.801246e+00	3.789489e+01
3.210000e-06	3.486058e-07	5.761759e-10	2.716801e+00	3.685180e+01
3.220000e-06	3.376984e-07	5.589019e-10	2.631796e+00	3.582999e+01
3.230000e-06	3.267271e-07	5.417903e-10	2.546293e+00	3.482033e+01
3.240000e-06	3.156934e-07	5.258734e-10	2.460304e+00	3.380848e+01
3.250000e-06	3.046127e-07	5.105531e-10	2.373948e+00	3.278013e+01
3.260000e-06	2.935013e-07	4.964381e-10	2.287353e+00	3.172598e+01
3.270000e-06	2.823780e-07	4.825552e-10	2.200665e+00	3.064483e+01
3.280000e-06	2.712373e-07	4.676766e-10	2.113842e+00	2.954360e+01
3.290000e-06	2.600639e-07	4.514249e-10	2.026764e+00	2.843441e+01
3.300000e-06	2.488765e-07	4.317546e-10	1.939577e+00	2.732995e+01
3.310000e-06	2.376792e-07	4.127128e-10	1.852313e+00	2.623885e+01
3.320000e-06	2.264666e-07	3.963559e-10	1.764929e+00	2.516289e+01
3.330000e-06	2.152201e-07	3.808283e-10	1.677282e+00	2.409690e+01
3.340000e-06	2.039410e-07	3.656006e-10	1.589380e+00	2.303143e+01
3.350000e-06	1.926454e-07	3.495671e-10	1.501350e+00	2.195683e+01
3.360000e-06	1.813205e-07	3.331885e-10	1.413091e+00	2.086725e+01
3.370000e-06	1.699679e-07	3.160181e-10	1.324616e+00	1.976287e+01
3.380000e-06	1.585836e-07	2.974130e-10	1.235894e+00	1.864944e+01
3.390000e-06	1.471556e-07	2.788955e-10	1.146832e+00	1.753555e+01
3.400000e-06	1.356886e-07	2.629457e-10	1.057466e+00	1.642862e+01
3.410000e-06	1.241895e-07	2.486136e-10	9.678496e-01	1.533144e+01
3.420000e-06	1.126509e-07	2.330869e-10	8.779260e-01	1.424058e+01
3.430000e-06	1.010774e-07	2.162910e-10	7.877296e-01	1.314747e+01
3.440000e-06	8.947124e-08	1.983402e-10	6.972790e-01	1.204167e+01
3.450000e-06	7.783932e-08	1.802532e-10	6.066277e-01	1.091498e+01
3.460000e-06	6.623345e-08	1.617618e-10	5.161793e-01	9.764853e+00
3.470000e-06	5.462301e-08	1.419358e-10	4.256952e-01	8.595509e+00
3.480000e-06	4.299181e-08	1.230128e-10	3.350495e-01	7.416490e+00
3.490000e-06	3.135017e-08	1.053034e-10	2.443223e-01	6.239061e+00
3.500000e-06	1.968751e-08	8.905510e-11	1.534313e-01	5.071987e+00
3.510000e-06	8.001871e-09	7.267907e-11	6.236123e-02	3.918376e+00
3.520000e-06	-3.702314e-09	5.251651e-11	-2.885336e-02	2.774882e+00
3.530000e-06	-1.536783e-08	3.279063e-11	-1.197666e-01	1.633569e+00
3.540000e-06	-2.699943e-08	1.545334e-11	-2.104155e-01	4.856823e-01
3.550000e-06	-3.864045e-08	-1.545228e-12	-3.011378e-01	-6.742640e-01
3.560000e-06	-5.029222e-08	-1.882722e-11	-3.919439e-01	-1.845798e+00
3.570000e-06	-6.193517e-08	-3.732182e-11	-4.826813e-01	-3.022351e+00
3.580000e-06	-7.356509e-08	-5.549277e-11	-5.733171e-01	-4.193768e+00
3.590000e-06	-8.512843e-08	-7.368472e-11	-6.634341e-01	-5.350456e+00
3.600000e-06	-9.666533e-08	-9.180820e-11	-7.533449e-01	-6.487425e+00
3.610000e-06	-1.081699e-07	-1.090072e-10	-8.430041e-01	-7.606499e+00
3.620000e-06	-1.196198e-07	-1.245608e-10	-9.322365e-01	-8.715682e+00
3.630000e-06	-1.310734e-07	-1.409086e-10	-1.021498e+00	-9.825844e+00
3.640000e-06	-1.424947e-07	-1.600156e-10	-1.110508e+00	-1.094604e+01
3.650000e-06	-1.538722e-07	-1.794072e-10	-1.199177e+00	-1.207944e+01
3.660000e-06	-1.652079e-07	-1.972285e-10	-1.287520e+00	-1.322152e+01
3.670000e-06	-1.765129e-07	-2.142525e-10	-1.375624e+00	-1.436164e+01
3.680000e-06	-1.877977e-07	-2.310112e-10	-1.463570e+00	-1.548723e+01
3.690000e-06	-1.990636e-07	-2.492430e-10	-1.551369e+00	-1.658924e+01
3.700000e-06	-2.103099e-07	-2.685204e-10	-1.639015e+00	-1.766637e+01
3.710000e-06	-2.215278e-07	-2.874801e-10	-1.726440e+00	-1.872644e+01
3.720000e-06	-2.327166e-07	-3.046426e-10	-1.813637e+00	-1.978397e+01
3.730000e-06	-2.438875e-07	-3.212622e-10	-1.900696e+00	-2.085476e+01
3.740000e-06	-2.550467e-07	-3.402746e-10	-1.987664e+00	-2.194955e+01
3.750000e-06	-2.661972e-07	-3.598244e-10	-2.074563e+00	-2.306921e+01
3.760000e-06	-2.773286e-07	-3.785010e-10	-2.161314e+00	-2.420354e+01
3.770000e-06	-2.884272e-07	-3.941289e-10	-2.247809e+00	-2.533450e+01
3.780000e-06	-2.995087e-07	-4.108204e-10	-2.334171e+00	-2.644267e+01
3.790000e-06	-3.105685e-07	-4.300068e-10	-2.420363e+00	-2.751487e+01
3.800000e-06	-3.215851e-07	-4.477194e-10	-2.506219e+00	-2.854972e+01
3.810000e-06	-3.325407e-07	-4.622903e-10	-2.591600e+00	-2.955904e+01
3.820000e-06	-3.434266e-07	-4.761205e-10	-2.676437e+00	-3.056424e+01
3.830000e-06	-3.542637e-07	-4.928300e-10	-2.760894e+00	-3.158880e+01
3.840000e-06	-3.650353e-07	-5.106268e-10	-2.844841e+00	-3.264953e+01
3.850000e-06	-3.757274e-07	-5.284358e-10	-2.928168e+00	-3.374986e+01
3.860000e-06	-3.863222e-07	-5.472896e-10	-3.010737e+00	-3.487774e+01
3.870000e-06	-3.968276e-07	-5.665956e-10	-3.092609e+00	-3.600916e+01
3.880000e-06	-4.072768e-07	-5.850305e-10	-3.174043e+00	-3.711606e+01
3.890000e-06	-4.176715e-07	-5.998346e-10	-3.255052e+00	-3.817600e+01
3.900000e-06	-4.279936e-07	-6.121257e-10	-3.335496e+00	-3.917989e+01
3.910000e-06	-4.382351e-07	-6.251499e-10	-3.415311e+00	-4.013506e+01
3.920000e-06	-4.483866e-07	-6.410441e-10	-3.494426e+00	-4.106248e+01
3.930000e-06	-4.584517e-07	-6.571489e-10	-3.572866e+00	-4.198914e+01
3.940000e-06	-4.684515e-07	-6.709232e-10	-3.650798e+00	-4.293833e+01
3.950000e-06	-4.783361e-07	-6.857297e-10	-3.727831e+00	-4.392149e+01
3.960000e-06	-4.881174e-07	-7.026497e-10	-3.804061e+00	-4.493445e+01
3.970000e-06	-4.978535e-07	-7.179160e-10	-3.879937e+00	-4.595952e+01
3.980000e-06	-5.075149e-07	-7.299723e-10	-3.955232e+00	-4.697250e+01
3.990000e-06	-5.171046e-07	-7.416777e-10	-4.029967e+00	-4.795185e+01
4.000000e-06	-5.266516e-07	-7.557033e-10	-4.104371e+00	-4.888668e+01
4.010000e-06	-5.361553e-07	-7.710586e-10	-4.178436e+00	-4.978050e+01
4.020000e-06	-5.456391e-07	-7.860009e-10	-4.252346e+00	-5.064948e+01
4.030000e-06	-5.550625e-07	-7.999222e-10	-4.325786e+00	-5.151595e+01
4.040000e-06	-5.643705e-07	-8.139932e-10	-4.398326e+00	-5.239970e+01
4.050000e-06	-5.735378e-07	-8.289499e-10	-4.469770e+00	-5.331055e+01
4.060000e-06	-5.825519e-07	-8.418962e-10	-4.540020e+00	-5.424474e+01
4.070000e-06	-5.913966e-07	-8.530140e-10	-4.608950e+00	-5.518672e+01
4.080000e-06	-6.000598e-07	-8.647674e-10	-4.676465e+00	-5.611525e+01
4.090000e-06	-6.085375e-07	-8.788516e-10	-4.742535e+00	-5.701160e+01
4.100000e-06	-6.168386e-07	-8.936672e-10	-4.807227e+00	-5.786649e+01
4.110000e-06	-6.250128e-07	-9.062513e-10	-4.870932e+00	-5.868332e+01
4.120000e-06	-6.330858e-07	-9.172947e-10	-4.933847e+00	-5.947643e+01
4.130000e-06	-6.410956e-07	-9.287259e-10	-4.996270e+00	-6.026523e+01
4.140000e-06	-6.490551e-07	-9.410950e-10	-5.058301e+00	-6.106666e+01
4.150000e-06	-6.569529e-07	-9.540123e-10	-5.119852e+00	-6.188880e+01
4.160000e-06	-6.647723e-07	-9.668813e-10	-5.180791e+00	-6.272813e+01
4.170000e-06	-6.724946e-07	-9.795007e-10	-5.240974e+00	-6.357129e+01
4.180000e-06	-6.801118e-07	-9.917824e-10	-5.300337e+00	-6.440049e+01
4.190000e-06	-6.875908e-07	-1.003842e-09	-5.358623e+00	-6.520039e+01
4.200000e-06	-6.949249e-07	-1.014750e-09	-5.415780e+00	-6.596346e+01
4.210000e-06	-7.021432e-07	-1.026179e-09	-5.472035e+00	-6.669211e+01
4.220000e-06	-7.092478e-07	-1.039660e-09	-5.527403e+00	-6.739661e+01
4.230000e-06	-7.162581e-07	-1.053103e-09	-5.582037e+00	-6.809009e+01
4.240000e-06	-7.231450e-07	-1.064464e-09	-5.635709e+00	-6.878269e+01
4.250000e-06	-7.298795e-07	-1.072847e-09	-5.688193e+00	-6.947740e+01
4.260000e-06	-7.364812e-07	-1.082158e-09	-5.739642e+00	-7.016937e+01
4.270000e-06	-7.429712e-07	-1.094192e-09	-5.790221e+00	-7.084881e+01
4.280000e-06	-7.493846e-07	-1.105305e-09	-5.840203e+00	-7.150624e+01
4.290000e-06	-7.557242e-07	-1.114601e-09	-5.889609e+00	-7.213779e+01
4.300000e-06	-7.619601e-07	-1.123558e-09	-5.938207e+00	-7.274803e+01
4.310000e-06	-7.680373e-07	-1.133374e-09	-5.985569e+00	-7.334909e+01
4.320000e-06	-7.739196e-07	-1.143574e-09	-6.031412e+00	-7.395622e+01
4.330000e-06	-7.795662e-07	-1.152494e-09	-6.075418e+00	-7.458133e+01
4.340000e-06	-7.849853e-07	-1.160964e-09	-6.117651e+00	-7.522733e+01
4.350000e-06	-7.901851e-07	-1.171769e-09	-6.158174e+00	-7.588552e+01
4.360000e-06	-7.951692e-07	-1.183460e-09	-6.197017e+00	-7.653747e+01
4.370000e-06	-8.000080e-07	-1.192627e-09	-6.234728e+00	-7.716080e+01
4.380000e-06	-8.047481e-07	-1.200369e-09	-6.271669e+00	-7.773691e+01
4.390000e-06	-8.093856e-07	-1.208720e-09	-6.307810e+00	-7.825786e+01
4.400000e-06	-8.138975e-07	-1.217117e-09	-6.342973e+00	-7.872956e+01
4.410000e-06	-8.182252e-07	-1.224848e-09	-6.376700e+00	-7.917009e+01
4.420000e-06	-8.223781e-07	-1.232731e-09	-6.409065e+00	-7.960358e+01
4.430000e-06	-8.264138e-07	-1.240436e-09	-6.440517e+00	-8.005179e+01
4.440000e-06	-8.303255e-07	-1.247550e-09	-6.471002e+00	-8.052638e+01
4.450000e-06	-8.341055e-07	-1.254364e-09	-6.500461e+00	-8.102484e+01
4.460000e-06	-8.377347e-07	-1.259631e-09	-6.528745e+00	-8.153136e+01
4.470000e-06	-8.412056e-07	-1.264298e-09	-6.555794e+00	-8.202244e+01
4.480000e-06	-8.445445e-07	-1.270982e-09	-6.581815e+00	-8.247510e+01
4.490000e-06	-8.477749e-07	-1.278580e-09	-6.606991e+00	-8.287476e+01
4.500000e-06	-8.509218e-07	-1.286032e-09	-6.631516e+00	-8.321979e+01
4.510000e-06	-8.540029e-07	-1.291677e-09	-6.655528e+00	-8.352143e+01
4.520000e-06	-8.569579e-07	-1.294691e-09	-6.678557e+00	-8.379912e+01
4.530000e-06	-8.596858e-07	-1.296722e-09	-6.699817e+00	-8.407316e+01
4.540000e-06	-8.621850e-07	-1.298535e-09	-6.719294e+00	-8.435754e+01
4.550000e-06	-8.644671e-07	-1.301369e-09	-6.737078e+00	-8.465557e+01
4.560000e-06	-8.664757e-07	-1.305979e-09	-6.752733e+00	-8.495970e+01
4.570000e-06	-8.682577e-07	-1.312247e-09	-6.766620e+00	-8.525548e+01
4.580000e-06	-8.699295e-07	-1.317282e-09	-6.779649e+00	-8.552779e+01
4.590000e-06	-8.715272e-07	-1.318270e-09	-6.792100e+00	-8.576680e+01
4.600000e-06	-8.730375e-07	-1.317869e-09	-6.803871e+00	-8.597135e+01
4.610000e-06	-8.744230e-07	-1.318170e-09	-6.814669e+00	-8.614853e+01
4.620000e-06	-8.756724e-07	-1.317795e-09	-6.824406e+00	-8.630961e+01
4.630000e-06	-8.767548e-07	-1.318118e-09	-6.832841e+00	-8.646433e+01
4.640000e-06	-8.776716e-07	-1.321606e-09	-6.839986e+00	-8.661580e+01
4.650000e-06	-8.784612e-07	-1.324618e-09	-6.846140e+00	-8.675823e+01
4.660000e-06	-8.791168e-07	-1.335052e-09	-6.851248e+00	-8.687854e+01
4.670000e-06	-8.795837e-07	-1.348442e-09	-6.854887e+00	-8.696127e+01
4.680000e-06	-8.799003e-07	-1.342278e-09	-6.857355e+00	-8.699494e+01
4.690000e-06	-8.801237e-07	-1.331783e-09	-6.859095e+00	-8.697733e+01
