# Temperatura_=_20.0
# Concentracion g/m^3_=_10000.0
# C_Vs_to_Am_M_A/Vsm_=_65563218390.804596
# pendiente_HvsI_1/m_=_3716.3
# ordenada_HvsI_A/m_=_1297.0
# frecuencia_Hz_=_212982.3913608569

Tiempo_(s)	Campo_(V.s)	Magnetizacion_(V.s)	Campo_(kA/m)	Magnetizacion_(A/m)
0.000000e+00	-8.804581e-07	-1.350362e-09	-6.863671e+00	-8.769748e+01
1.000000e-08	-8.805126e-07	-1.340484e-09	-6.864095e+00	-8.764017e+01
2.000000e-08	-8.804701e-07	-1.319135e-09	-6.863764e+00	-8.758035e+01
3.000000e-08	-8.802657e-07	-1.336049e-09	-6.862170e+00	-8.752871e+01
4.000000e-08	-8.798208e-07	-1.328883e-09	-6.858702e+00	-8.748836e+01
5.000000e-08	-8.790981e-07	-1.324819e-09	-6.853069e+00	-8.745408e+01
6.000000e-08	-8.781064e-07	-1.330853e-09	-6.845338e+00	-8.741461e+01
7.000000e-08	-8.769164e-07	-1.327615e-09	-6.836061e+00	-8.735684e+01
8.000000e-08	-8.755950e-07	-1.327580e-09	-6.825760e+00	-8.727062e+01
9.000000e-08	-8.741506e-07	-1.330114e-09	-6.814500e+00	-8.715220e+01
1.000000e-07	-8.726042e-07	-1.327326e-09	-6.802445e+00	-8.700535e+01
1.100000e-07	-8.709693e-07	-1.322187e-09	-6.789700e+00	-8.683972e+01
1.200000e-07	-8.692259e-07	-1.314332e-09	-6.776109e+00	-8.666720e+01
1.300000e-07	-8.673433e-07	-1.309747e-09	-6.761433e+00	-8.649756e+01
1.400000e-07	-8.653119e-07	-1.307505e-09	-6.745597e+00	-8.633515e+01
1.500000e-07	-8.631257e-07	-1.300421e-09	-6.728555e+00	-8.617750e+01
1.600000e-07	-8.607713e-07	-1.296979e-09	-6.710201e+00	-8.601646e+01
1.700000e-07	-8.582552e-07	-1.295461e-09	-6.690586e+00	-8.584113e+01
1.800000e-07	-8.555888e-07	-1.299442e-09	-6.669800e+00	-8.564150e+01
1.900000e-07	-8.527750e-07	-1.299437e-09	-6.647865e+00	-8.541158e+01
2.000000e-07	-8.497948e-07	-1.293905e-09	-6.624632e+00	-8.515078e+01
2.100000e-07	-8.466614e-07	-1.284832e-09	-6.600206e+00	-8.486337e+01
2.200000e-07	-8.434498e-07	-1.273340e-09	-6.575170e+00	-8.455631e+01
2.300000e-07	-8.401607e-07	-1.263068e-09	-6.549529e+00	-8.423644e+01
2.400000e-07	-8.367325e-07	-1.256868e-09	-6.522805e+00	-8.390792e+01
2.500000e-07	-8.331101e-07	-1.254255e-09	-6.494566e+00	-8.357108e+01
2.600000e-07	-8.292531e-07	-1.257283e-09	-6.464499e+00	-8.322273e+01
2.700000e-07	-8.251533e-07	-1.252891e-09	-6.432538e+00	-8.285773e+01
2.800000e-07	-8.207969e-07	-1.242112e-09	-6.398578e+00	-8.247129e+01
2.900000e-07	-8.162394e-07	-1.231874e-09	-6.363049e+00	-8.206084e+01
3.000000e-07	-8.115481e-07	-1.224812e-09	-6.326478e+00	-8.162708e+01
3.100000e-07	-8.067190e-07	-1.221073e-09	-6.288832e+00	-8.117370e+01
3.200000e-07	-8.017644e-07	-1.211380e-09	-6.250209e+00	-8.070611e+01
3.300000e-07	-7.966635e-07	-1.205223e-09	-6.210444e+00	-8.022957e+01
3.400000e-07	-7.913886e-07	-1.198996e-09	-6.169323e+00	-7.974753e+01
3.500000e-07	-7.859802e-07	-1.191836e-09	-6.127161e+00	-7.926058e+01
3.600000e-07	-7.804430e-07	-1.184607e-09	-6.083996e+00	-7.876645e+01
3.700000e-07	-7.747589e-07	-1.175781e-09	-6.039685e+00	-7.826082e+01
3.800000e-07	-7.688993e-07	-1.168925e-09	-5.994006e+00	-7.773873e+01
3.900000e-07	-7.628809e-07	-1.161484e-09	-5.947089e+00	-7.719599e+01
4.000000e-07	-7.566871e-07	-1.153790e-09	-5.898805e+00	-7.663024e+01
4.100000e-07	-7.502527e-07	-1.144131e-09	-5.848645e+00	-7.604136e+01
4.200000e-07	-7.436032e-07	-1.132631e-09	-5.796809e+00	-7.543112e+01
4.300000e-07	-7.368552e-07	-1.123215e-09	-5.744205e+00	-7.480251e+01
4.400000e-07	-7.300279e-07	-1.114046e-09	-5.690982e+00	-7.415866e+01
4.500000e-07	-7.230623e-07	-1.106612e-09	-5.636680e+00	-7.350210e+01
4.600000e-07	-7.159852e-07	-1.097805e-09	-5.581511e+00	-7.283426e+01
4.700000e-07	-7.088361e-07	-1.086421e-09	-5.525779e+00	-7.215549e+01
4.800000e-07	-7.015991e-07	-1.076418e-09	-5.469363e+00	-7.146544e+01
4.900000e-07	-6.942084e-07	-1.064040e-09	-5.411748e+00	-7.076371e+01
5.000000e-07	-6.866408e-07	-1.052251e-09	-5.352755e+00	-7.005044e+01
5.100000e-07	-6.789269e-07	-1.041142e-09	-5.292621e+00	-6.932659e+01
5.200000e-07	-6.710973e-07	-1.031254e-09	-5.231585e+00	-6.859391e+01
5.300000e-07	-6.631874e-07	-1.020710e-09	-5.169922e+00	-6.785447e+01
5.400000e-07	-6.552205e-07	-1.007040e-09	-5.107816e+00	-6.710993e+01
5.500000e-07	-6.471829e-07	-9.941467e-10	-5.045158e+00	-6.636079e+01
5.600000e-07	-6.390934e-07	-9.823077e-10	-4.982095e+00	-6.560587e+01
5.700000e-07	-6.309406e-07	-9.706387e-10	-4.918540e+00	-6.484234e+01
5.800000e-07	-6.226762e-07	-9.585343e-10	-4.854115e+00	-6.406624e+01
5.900000e-07	-6.143128e-07	-9.474180e-10	-4.788917e+00	-6.327340e+01
6.000000e-07	-6.058316e-07	-9.373638e-10	-4.722801e+00	-6.246060e+01
6.100000e-07	-5.972225e-07	-9.249744e-10	-4.655688e+00	-6.162644e+01
6.200000e-07	-5.885074e-07	-9.095770e-10	-4.587749e+00	-6.077167e+01
6.300000e-07	-5.796976e-07	-8.932194e-10	-4.519071e+00	-5.989881e+01
6.400000e-07	-5.708093e-07	-8.791905e-10	-4.449782e+00	-5.901119e+01
6.500000e-07	-5.618151e-07	-8.670684e-10	-4.379667e+00	-5.811173e+01
6.600000e-07	-5.526996e-07	-8.530347e-10	-4.308607e+00	-5.720195e+01
6.700000e-07	-5.434874e-07	-8.385308e-10	-4.236793e+00	-5.628168e+01
6.800000e-07	-5.341814e-07	-8.243893e-10	-4.164247e+00	-5.534957e+01
6.900000e-07	-5.247546e-07	-8.103334e-10	-4.090759e+00	-5.440441e+01
7.000000e-07	-5.152383e-07	-7.941193e-10	-4.016575e+00	-5.344660e+01
7.100000e-07	-5.056777e-07	-7.763900e-10	-3.942044e+00	-5.247928e+01
7.200000e-07	-4.960644e-07	-7.616998e-10	-3.867104e+00	-5.150836e+01
7.300000e-07	-4.863802e-07	-7.472935e-10	-3.791610e+00	-5.054136e+01
7.400000e-07	-4.766278e-07	-7.322840e-10	-3.715584e+00	-4.958512e+01
7.500000e-07	-4.668110e-07	-7.157749e-10	-3.639057e+00	-4.864321e+01
7.600000e-07	-4.569076e-07	-6.994044e-10	-3.561854e+00	-4.771386e+01
7.700000e-07	-4.469312e-07	-6.856954e-10	-3.484083e+00	-4.678935e+01
7.800000e-07	-4.368753e-07	-6.720728e-10	-3.405691e+00	-4.585733e+01
7.900000e-07	-4.266944e-07	-6.593617e-10	-3.326325e+00	-4.490387e+01
8.000000e-07	-4.163645e-07	-6.471228e-10	-3.245798e+00	-4.391734e+01
8.100000e-07	-4.059238e-07	-6.328845e-10	-3.164406e+00	-4.289211e+01
8.200000e-07	-3.953775e-07	-6.147902e-10	-3.082192e+00	-4.183057e+01
8.300000e-07	-3.846868e-07	-5.944307e-10	-2.998852e+00	-4.074294e+01
8.400000e-07	-3.738729e-07	-5.766358e-10	-2.914551e+00	-3.964461e+01
8.500000e-07	-3.629437e-07	-5.613219e-10	-2.829352e+00	-3.855200e+01
8.600000e-07	-3.519366e-07	-5.459224e-10	-2.743546e+00	-3.747793e+01
8.700000e-07	-3.408622e-07	-5.291234e-10	-2.657214e+00	-3.642832e+01
8.800000e-07	-3.297355e-07	-5.141288e-10	-2.570475e+00	-3.540092e+01
8.900000e-07	-3.185831e-07	-5.021396e-10	-2.483536e+00	-3.438670e+01
9.000000e-07	-3.073957e-07	-4.879830e-10	-2.396324e+00	-3.337311e+01
9.100000e-07	-2.961904e-07	-4.731100e-10	-2.308972e+00	-3.234832e+01
9.200000e-07	-2.849724e-07	-4.588274e-10	-2.221522e+00	-3.130469e+01
9.300000e-07	-2.737219e-07	-4.442289e-10	-2.133817e+00	-3.024071e+01
9.400000e-07	-2.624562e-07	-4.281491e-10	-2.045995e+00	-2.916062e+01
9.500000e-07	-2.511916e-07	-4.089336e-10	-1.958181e+00	-2.807220e+01
9.600000e-07	-2.398926e-07	-3.906067e-10	-1.870099e+00	-2.698361e+01
9.700000e-07	-2.285463e-07	-3.762257e-10	-1.781648e+00	-2.590049e+01
9.800000e-07	-2.171497e-07	-3.639448e-10	-1.692805e+00	-2.482437e+01
9.900000e-07	-2.056888e-07	-3.495854e-10	-1.603461e+00	-2.375267e+01
1.000000e-06	-1.941966e-07	-3.333410e-10	-1.513872e+00	-2.268027e+01
1.010000e-06	-1.826900e-07	-3.175785e-10	-1.424172e+00	-2.160174e+01
1.020000e-06	-1.711605e-07	-3.017835e-10	-1.334293e+00	-2.051331e+01
1.030000e-06	-1.596047e-07	-2.856300e-10	-1.244209e+00	-1.941395e+01
1.040000e-06	-1.479990e-07	-2.683341e-10	-1.153736e+00	-1.830514e+01
1.050000e-06	-1.363664e-07	-2.517772e-10	-1.063053e+00	-1.718974e+01
1.060000e-06	-1.247027e-07	-2.376371e-10	-9.721281e-01	-1.607060e+01
1.070000e-06	-1.130097e-07	-2.235637e-10	-8.809746e-01	-1.494943e+01
1.080000e-06	-1.012932e-07	-2.087180e-10	-7.896377e-01	-1.382657e+01
1.090000e-06	-8.954343e-08	-1.938295e-10	-6.980419e-01	-1.270141e+01
1.100000e-06	-7.781039e-08	-1.786610e-10	-6.065761e-01	-1.157327e+01
1.110000e-06	-6.605895e-08	-1.632930e-10	-5.149670e-01	-1.044198e+01
1.120000e-06	-5.427049e-08	-1.470189e-10	-4.230692e-01	-9.307859e+00
1.130000e-06	-4.248987e-08	-1.294938e-10	-3.312326e-01	-8.171012e+00
1.140000e-06	-3.068949e-08	-1.116457e-10	-2.392420e-01	-7.030384e+00
1.150000e-06	-1.888582e-08	-9.501750e-11	-1.472256e-01	-5.883135e+00
1.160000e-06	-7.106325e-09	-7.973324e-11	-5.539784e-02	-4.724967e+00
1.170000e-06	4.672045e-09	-6.347721e-11	3.642124e-02	-3.551551e+00
1.180000e-06	1.647749e-08	-4.762762e-11	1.284514e-01	-2.360689e+00
1.190000e-06	2.827937e-08	-3.181556e-11	2.204537e-01	-1.154351e+00
1.200000e-06	4.007142e-08	-1.443400e-11	3.123795e-01	6.039609e-02
1.210000e-06	5.187734e-08	4.021336e-12	4.044133e-01	1.272277e+00
1.220000e-06	6.365738e-08	2.440842e-11	4.962454e-01	2.468526e+00
1.230000e-06	7.540159e-08	4.493041e-11	5.877981e-01	3.638699e+00
1.240000e-06	8.712692e-08	6.299198e-11	6.792038e-01	4.778248e+00
1.250000e-06	9.882725e-08	7.871890e-11	7.704145e-01	5.890435e+00
1.260000e-06	1.105013e-07	9.435201e-11	8.614206e-01	6.985649e+00
1.270000e-06	1.221548e-07	1.113858e-10	9.522662e-01	8.078112e+00
1.280000e-06	1.338058e-07	1.281336e-10	1.043092e+00	9.180986e+00
1.290000e-06	1.454523e-07	1.440649e-10	1.133883e+00	1.030161e+01
1.300000e-06	1.570297e-07	1.610750e-10	1.224135e+00	1.143869e+01
1.310000e-06	1.685602e-07	1.789251e-10	1.314022e+00	1.258269e+01
1.320000e-06	1.800628e-07	1.963107e-10	1.403691e+00	1.371939e+01
1.330000e-06	1.915267e-07	2.136646e-10	1.493059e+00	1.483559e+01
1.340000e-06	2.029776e-07	2.310209e-10	1.582326e+00	1.592469e+01
1.350000e-06	2.143816e-07	2.480955e-10	1.671226e+00	1.699015e+01
1.360000e-06	2.257355e-07	2.634380e-10	1.759737e+00	1.804526e+01
1.370000e-06	2.370541e-07	2.770096e-10	1.847971e+00	1.910906e+01
1.380000e-06	2.483528e-07	2.919809e-10	1.936051e+00	2.019983e+01
1.390000e-06	2.596347e-07	3.088628e-10	2.024000e+00	2.132828e+01
1.400000e-06	2.708903e-07	3.262938e-10	2.111744e+00	2.249321e+01
1.410000e-06	2.821256e-07	3.441910e-10	2.199329e+00	2.368113e+01
1.420000e-06	2.933387e-07	3.628326e-10	2.286741e+00	2.487034e+01
1.430000e-06	3.045391e-07	3.822765e-10	2.374055e+00	2.603803e+01
1.440000e-06	3.157404e-07	4.010844e-10	2.461376e+00	2.716788e+01
1.450000e-06	3.269178e-07	4.167583e-10	2.548510e+00	2.825554e+01
1.460000e-06	3.380522e-07	4.307777e-10	2.635309e+00	2.930987e+01
1.470000e-06	3.491298e-07	4.453009e-10	2.721665e+00	3.034950e+01
1.480000e-06	3.601476e-07	4.623317e-10	2.807555e+00	3.139610e+01
1.490000e-06	3.711005e-07	4.803684e-10	2.892939e+00	3.246660e+01
1.500000e-06	3.819593e-07	4.973844e-10	2.977590e+00	3.356739e+01
1.510000e-06	3.926781e-07	5.146863e-10	3.061149e+00	3.469255e+01
1.520000e-06	4.032716e-07	5.323996e-10	3.143731e+00	3.582656e+01
1.530000e-06	4.137809e-07	5.493742e-10	3.225657e+00	3.695040e+01
1.540000e-06	4.241697e-07	5.638880e-10	3.306644e+00	3.804872e+01
1.550000e-06	4.343850e-07	5.780608e-10	3.386278e+00	3.911507e+01
1.560000e-06	4.444156e-07	5.946472e-10	3.464471e+00	4.015356e+01
1.570000e-06	4.543512e-07	6.124553e-10	3.541926e+00	4.117617e+01
1.580000e-06	4.642060e-07	6.282287e-10	3.618749e+00	4.219699e+01
1.590000e-06	4.739601e-07	6.418194e-10	3.694788e+00	4.322585e+01
1.600000e-06	4.836523e-07	6.557546e-10	3.770344e+00	4.426381e+01
1.610000e-06	4.932909e-07	6.699040e-10	3.845482e+00	4.530248e+01
1.620000e-06	5.028742e-07	6.839555e-10	3.920189e+00	4.632731e+01
1.630000e-06	5.124168e-07	6.982061e-10	3.994580e+00	4.732363e+01
1.640000e-06	5.219143e-07	7.125227e-10	4.068618e+00	4.828286e+01
1.650000e-06	5.313162e-07	7.276222e-10	4.141912e+00	4.920654e+01
1.660000e-06	5.405711e-07	7.422394e-10	4.214059e+00	5.010618e+01
1.670000e-06	5.497072e-07	7.555438e-10	4.285280e+00	5.099921e+01
1.680000e-06	5.587519e-07	7.684888e-10	4.355788e+00	5.190228e+01
1.690000e-06	5.677063e-07	7.816919e-10	4.425592e+00	5.282477e+01
1.700000e-06	5.765861e-07	7.949782e-10	4.494816e+00	5.376482e+01
1.710000e-06	5.853971e-07	8.074792e-10	4.563502e+00	5.470978e+01
1.720000e-06	5.941343e-07	8.200041e-10	4.631614e+00	5.564087e+01
1.730000e-06	6.027591e-07	8.318193e-10	4.698849e+00	5.654023e+01
1.740000e-06	6.112581e-07	8.430871e-10	4.765104e+00	5.739794e+01
1.750000e-06	6.196432e-07	8.551777e-10	4.830470e+00	5.821606e+01
1.760000e-06	6.279025e-07	8.674994e-10	4.894856e+00	5.900820e+01
1.770000e-06	6.360715e-07	8.808446e-10	4.958538e+00	5.979482e+01
1.780000e-06	6.441814e-07	8.942333e-10	5.021759e+00	6.059589e+01
1.790000e-06	6.522294e-07	9.059064e-10	5.084498e+00	6.142376e+01
1.800000e-06	6.602246e-07	9.163309e-10	5.146825e+00	6.227883e+01
1.810000e-06	6.681469e-07	9.267601e-10	5.208584e+00	6.314971e+01
1.820000e-06	6.759732e-07	9.377918e-10	5.269595e+00	6.401757e+01
1.830000e-06	6.836787e-07	9.501421e-10	5.329664e+00	6.486308e+01
1.840000e-06	6.912347e-07	9.641010e-10	5.388566e+00	6.567316e+01
1.850000e-06	6.986343e-07	9.780456e-10	5.446250e+00	6.644512e+01
1.860000e-06	7.058959e-07	9.903155e-10	5.502859e+00	6.718662e+01
1.870000e-06	7.130196e-07	1.000557e-09	5.558392e+00	6.791167e+01
1.880000e-06	7.200069e-07	1.009775e-09	5.612862e+00	6.863455e+01
1.890000e-06	7.268943e-07	1.019240e-09	5.666553e+00	6.936385e+01
1.900000e-06	7.337055e-07	1.029713e-09	5.719651e+00	7.009938e+01
1.910000e-06	7.404321e-07	1.041418e-09	5.772088e+00	7.083275e+01
1.920000e-06	7.470234e-07	1.053140e-09	5.823471e+00	7.155150e+01
1.930000e-06	7.534027e-07	1.064322e-09	5.873201e+00	7.224498e+01
1.940000e-06	7.595677e-07	1.075795e-09	5.921262e+00	7.290931e+01
1.950000e-06	7.655452e-07	1.087373e-09	5.967859e+00	7.354956e+01
1.960000e-06	7.713658e-07	1.098778e-09	6.013234e+00	7.417807e+01
1.970000e-06	7.770772e-07	1.109540e-09	6.057757e+00	7.480950e+01
1.980000e-06	7.826702e-07	1.120733e-09	6.101358e+00	7.545470e+01
1.990000e-06	7.881407e-07	1.132872e-09	6.144004e+00	7.611568e+01
2.000000e-06	7.934737e-07	1.143938e-09	6.185578e+00	7.678399e+01
2.010000e-06	7.986424e-07	1.153265e-09	6.225870e+00	7.744303e+01
2.020000e-06	8.036447e-07	1.162985e-09	6.264866e+00	7.807362e+01
2.030000e-06	8.085187e-07	1.173560e-09	6.302862e+00	7.866077e+01
2.040000e-06	8.132921e-07	1.183794e-09	6.340074e+00	7.919894e+01
2.050000e-06	8.179614e-07	1.193385e-09	6.376473e+00	7.969397e+01
2.060000e-06	8.224680e-07	1.201063e-09	6.411605e+00	8.016078e+01
2.070000e-06	8.267057e-07	1.208053e-09	6.444640e+00	8.061773e+01
2.080000e-06	8.307027e-07	1.215670e-09	6.475799e+00	8.107986e+01
2.090000e-06	8.344849e-07	1.224182e-09	6.505283e+00	8.155343e+01
2.100000e-06	8.380256e-07	1.234120e-09	6.532885e+00	8.203379e+01
2.110000e-06	8.413884e-07	1.243604e-09	6.559100e+00	8.250738e+01
2.120000e-06	8.446458e-07	1.250203e-09	6.584494e+00	8.295695e+01
2.130000e-06	8.478336e-07	1.254953e-09	6.609344e+00	8.336801e+01
2.140000e-06	8.509374e-07	1.259692e-09	6.633540e+00	8.373414e+01
2.150000e-06	8.539118e-07	1.265246e-09	6.656727e+00	8.405913e+01
2.160000e-06	8.567400e-07	1.271427e-09	6.678775e+00	8.435537e+01
2.170000e-06	8.594007e-07	1.277665e-09	6.699516e+00	8.463927e+01
2.180000e-06	8.618873e-07	1.284627e-09	6.718900e+00	8.492538e+01
2.190000e-06	8.642410e-07	1.291315e-09	6.737249e+00	8.522166e+01
2.200000e-06	8.664662e-07	1.296046e-09	6.754596e+00	8.552745e+01
2.210000e-06	8.685137e-07	1.299635e-09	6.770557e+00	8.583466e+01
2.220000e-06	8.704056e-07	1.303580e-09	6.785305e+00	8.613165e+01
2.230000e-06	8.721762e-07	1.308587e-09	6.799109e+00	8.640792e+01
2.240000e-06	8.738483e-07	1.313315e-09	6.812143e+00	8.665777e+01
2.250000e-06	8.754388e-07	1.316884e-09	6.824542e+00	8.688158e+01
2.260000e-06	8.769052e-07	1.322266e-09	6.835974e+00	8.708423e+01
2.270000e-06	8.782068e-07	1.330089e-09	6.846121e+00	8.727168e+01
2.280000e-06	8.792979e-07	1.336714e-09	6.854626e+00	8.744705e+01
2.290000e-06	8.801476e-07	1.337734e-09	6.861250e+00	8.760822e+01
2.300000e-06	8.807599e-07	1.338270e-09	6.866023e+00	8.774776e+01
2.310000e-06	8.811493e-07	1.331667e-09	6.869059e+00	8.785551e+01
2.320000e-06	8.813620e-07	1.322003e-09	6.870716e+00	8.792264e+01
2.330000e-06	8.814560e-07	1.324029e-09	6.871450e+00	8.794567e+01
2.340000e-06	8.814489e-07	1.334981e-09	6.871394e+00	8.792873e+01
2.350000e-06	8.813222e-07	1.336239e-09	6.870407e+00	8.788300e+01
2.360000e-06	8.810847e-07	1.341271e-09	6.868555e+00	8.782365e+01
2.370000e-06	8.807312e-07	1.352175e-09	6.865800e+00	8.776502e+01
2.380000e-06	8.802283e-07	1.338087e-09	6.861879e+00	8.771616e+01
2.390000e-06	8.795462e-07	1.340650e-09	6.856561e+00	8.767800e+01
2.400000e-06	8.786813e-07	1.338465e-09	6.849819e+00	8.764353e+01
2.410000e-06	8.776772e-07	1.332134e-09	6.841992e+00	8.760057e+01
2.420000e-06	8.765566e-07	1.330220e-09	6.833256e+00	8.753634e+01
2.430000e-06	8.753178e-07	1.325477e-09	6.823599e+00	8.744202e+01
2.440000e-06	8.739551e-07	1.324413e-09	6.812976e+00	8.731575e+01
2.450000e-06	8.724811e-07	1.321623e-09	6.801486e+00	8.716304e+01
2.460000e-06	8.709084e-07	1.322772e-09	6.789225e+00	8.699449e+01
2.470000e-06	8.692217e-07	1.319593e-09	6.776076e+00	8.682183e+01
2.480000e-06	8.673994e-07	1.315879e-09	6.761870e+00	8.665376e+01
2.490000e-06	8.653778e-07	1.312153e-09	6.746111e+00	8.649292e+01
2.500000e-06	8.630703e-07	1.315053e-09	6.728123e+00	8.633526e+01
2.510000e-06	8.605310e-07	1.316785e-09	6.708328e+00	8.617159e+01
2.520000e-06	8.577848e-07	1.310023e-09	6.686919e+00	8.599090e+01
2.530000e-06	8.548347e-07	1.300127e-09	6.663922e+00	8.578396e+01
2.540000e-06	8.517460e-07	1.295750e-09	6.639843e+00	8.554606e+01
2.550000e-06	8.485539e-07	1.291395e-09	6.614959e+00	8.527795e+01
2.560000e-06	8.452844e-07	1.292230e-09	6.589472e+00	8.498483e+01
2.570000e-06	8.418888e-07	1.292860e-09	6.563001e+00	8.467389e+01
2.580000e-06	8.383480e-07	1.291122e-09	6.535398e+00	8.435150e+01
2.590000e-06	8.346699e-07	1.285884e-09	6.506725e+00	8.402093e+01
2.600000e-06	8.308247e-07	1.279997e-09	6.476750e+00	8.368152e+01
2.610000e-06	8.268323e-07	1.274444e-09	6.445627e+00	8.332941e+01
2.620000e-06	8.227154e-07	1.266730e-09	6.413533e+00	8.295934e+01
2.630000e-06	8.184517e-07	1.261410e-09	6.380295e+00	8.256691e+01
2.640000e-06	8.140284e-07	1.256231e-09	6.345813e+00	8.215034e+01
2.650000e-06	8.094585e-07	1.251999e-09	6.310188e+00	8.171113e+01
2.660000e-06	8.047454e-07	1.247271e-09	6.273447e+00	8.125356e+01
2.670000e-06	7.998761e-07	1.240395e-09	6.235488e+00	8.078318e+01
2.680000e-06	7.948466e-07	1.233422e-09	6.196281e+00	8.030495e+01
2.690000e-06	7.896128e-07	1.227617e-09	6.155480e+00	7.982164e+01
2.700000e-06	7.841505e-07	1.222769e-09	6.112898e+00	7.933310e+01
2.710000e-06	7.784506e-07	1.216923e-09	6.068464e+00	7.883645e+01
2.720000e-06	7.724921e-07	1.207457e-09	6.022015e+00	7.832706e+01
2.730000e-06	7.663500e-07	1.198561e-09	5.974133e+00	7.780004e+01
2.740000e-06	7.601163e-07	1.191516e-09	5.925538e+00	7.725158e+01
2.750000e-06	7.537900e-07	1.186612e-09	5.876221e+00	7.667987e+01
2.760000e-06	7.473805e-07	1.181171e-09	5.826255e+00	7.608532e+01
2.770000e-06	7.408981e-07	1.172784e-09	5.775721e+00	7.547009e+01
2.780000e-06	7.342937e-07	1.164207e-09	5.724236e+00	7.483728e+01
2.790000e-06	7.275559e-07	1.154208e-09	5.671711e+00	7.418995e+01
2.800000e-06	7.207102e-07	1.144739e-09	5.618345e+00	7.353038e+01
2.810000e-06	7.137250e-07	1.133510e-09	5.563891e+00	7.285971e+01
2.820000e-06	7.066013e-07	1.123291e-09	5.508358e+00	7.217806e+01
2.830000e-06	6.993776e-07	1.114722e-09	5.452045e+00	7.148501e+01
2.840000e-06	6.920541e-07	1.105122e-09	5.394955e+00	7.078026e+01
2.850000e-06	6.845992e-07	1.094647e-09	5.336839e+00	7.006411e+01
2.860000e-06	6.770010e-07	1.082607e-09	5.277607e+00	6.933776e+01
2.870000e-06	6.693059e-07	1.072540e-09	5.217620e+00	6.860310e+01
2.880000e-06	6.615256e-07	1.063479e-09	5.156968e+00	6.786216e+01
2.890000e-06	6.536532e-07	1.054002e-09	5.095598e+00	6.711638e+01
2.900000e-06	6.457118e-07	1.043906e-09	5.033690e+00	6.636587e+01
2.910000e-06	6.377195e-07	1.030138e-09	4.971386e+00	6.560902e+01
2.920000e-06	6.296703e-07	1.015100e-09	4.908637e+00	6.484265e+01
2.930000e-06	6.215297e-07	1.000038e-09	4.845177e+00	6.406262e+01
2.940000e-06	6.132416e-07	9.853183e-10	4.780567e+00	6.326493e+01
2.950000e-06	6.047897e-07	9.729114e-10	4.714679e+00	6.244674e+01
2.960000e-06	5.961390e-07	9.622858e-10	4.647242e+00	6.160718e+01
2.970000e-06	5.872594e-07	9.536261e-10	4.578020e+00	6.074749e+01
2.980000e-06	5.781744e-07	9.434771e-10	4.507198e+00	5.987052e+01
2.990000e-06	5.689277e-07	9.291535e-10	4.435115e+00	5.897961e+01
3.000000e-06	5.595712e-07	9.122638e-10	4.362175e+00	5.807739e+01
3.010000e-06	5.501196e-07	8.946463e-10	4.288494e+00	5.716496e+01
3.020000e-06	5.406042e-07	8.777599e-10	4.214317e+00	5.624178e+01
3.030000e-06	5.310537e-07	8.599698e-10	4.139865e+00	5.530638e+01
3.040000e-06	5.214699e-07	8.436417e-10	4.065154e+00	5.435782e+01
3.050000e-06	5.118322e-07	8.300276e-10	3.990023e+00	5.339713e+01
3.060000e-06	5.021093e-07	8.165336e-10	3.914227e+00	5.242816e+01
3.070000e-06	4.923317e-07	8.027192e-10	3.838005e+00	5.145739e+01
3.080000e-06	4.824697e-07	7.875608e-10	3.761125e+00	5.049242e+01
3.090000e-06	4.724753e-07	7.729750e-10	3.683213e+00	4.953951e+01
3.100000e-06	4.623850e-07	7.585233e-10	3.604553e+00	4.860103e+01
3.110000e-06	4.522331e-07	7.431721e-10	3.525414e+00	4.767373e+01
3.120000e-06	4.420188e-07	7.265697e-10	3.445787e+00	4.674852e+01
3.130000e-06	4.317341e-07	7.096547e-10	3.365612e+00	4.581233e+01
3.140000e-06	4.213900e-07	6.935242e-10	3.284974e+00	4.485140e+01
3.150000e-06	4.109897e-07	6.765289e-10	3.203898e+00	4.385533e+01
3.160000e-06	4.005293e-07	6.605705e-10	3.122353e+00	4.282037e+01
3.170000e-06	3.900054e-07	6.465055e-10	3.040313e+00	4.175099e+01
3.180000e-06	3.793988e-07	6.340136e-10	2.957629e+00	4.065901e+01
3.190000e-06	3.686971e-07	6.206369e-10	2.874203e+00	3.956054e+01
3.200000e-06	3.579107e-07	6.028168e-10	2.790117e+00	3.847149e+01
3.210000e-06	3.470548e-07	5.819216e-10	2.705489e+00	3.740319e+01
3.220000e-06	3.361356e-07	5.616502e-10	2.620368e+00	3.635955e+01
3.230000e-06	3.251477e-07	5.436698e-10	2.534711e+00	3.533639e+01
3.240000e-06	3.141065e-07	5.278326e-10	2.448638e+00	3.432345e+01
3.250000e-06	3.030214e-07	5.137994e-10	2.362224e+00	3.330796e+01
3.260000e-06	2.919137e-07	5.018151e-10	2.275633e+00	3.227884e+01
3.270000e-06	2.807956e-07	4.901438e-10	2.188961e+00	3.122992e+01
3.280000e-06	2.696586e-07	4.751324e-10	2.102142e+00	3.016122e+01
3.290000e-06	2.585132e-07	4.575688e-10	2.015257e+00	2.907815e+01
3.300000e-06	2.473583e-07	4.401219e-10	1.928299e+00	2.798887e+01
3.310000e-06	2.361799e-07	4.227056e-10	1.841156e+00	2.690116e+01
3.320000e-06	2.249766e-07	4.051695e-10	1.753820e+00	2.581973e+01
3.330000e-06	2.137304e-07	3.889866e-10	1.666150e+00	2.474498e+01
3.340000e-06	2.024519e-07	3.736074e-10	1.578228e+00	2.367353e+01
3.350000e-06	1.911659e-07	3.581469e-10	1.490247e+00	2.259997e+01
3.360000e-06	1.798670e-07	3.428570e-10	1.402165e+00	2.151912e+01
3.370000e-06	1.685241e-07	3.256381e-10	1.313741e+00	2.042784e+01
3.380000e-06	1.571078e-07	3.075407e-10	1.224744e+00	1.932580e+01
3.390000e-06	1.456746e-07	2.907673e-10	1.135616e+00	1.821495e+01
3.400000e-06	1.342247e-07	2.742365e-10	1.046358e+00	1.709828e+01
3.410000e-06	1.227212e-07	2.568545e-10	9.566817e-01	1.597842e+01
3.420000e-06	1.111774e-07	2.372514e-10	8.666905e-01	1.485674e+01
3.430000e-06	9.962591e-08	2.177468e-10	7.766405e-01	1.373328e+01
3.440000e-06	8.806214e-08	1.994304e-10	6.864943e-01	1.260732e+01
3.450000e-06	7.645976e-08	1.829720e-10	5.960472e-01	1.147829e+01
3.460000e-06	6.480434e-08	1.673864e-10	5.051866e-01	1.034615e+01
3.470000e-06	5.311383e-08	1.514143e-10	4.140524e-01	9.211258e+00
3.480000e-06	4.140613e-08	1.359654e-10	3.227843e-01	8.073528e+00
3.490000e-06	2.967369e-08	1.185900e-10	2.313232e-01	6.931480e+00
3.500000e-06	1.795070e-08	9.939893e-11	1.399359e-01	5.781835e+00
3.510000e-06	6.244212e-09	7.960295e-11	4.867717e-02	4.620114e+00
3.520000e-06	-5.464147e-09	6.038170e-11	-4.259613e-02	3.442307e+00
3.530000e-06	-1.715403e-08	4.195108e-11	-1.337254e-01	2.247093e+00
3.540000e-06	-2.882831e-08	2.357036e-11	-2.247330e-01	1.037694e+00
3.550000e-06	-4.050334e-08	5.391720e-12	-3.157465e-01	-1.776139e-01
3.560000e-06	-5.215701e-08	-1.149213e-11	-4.065935e-01	-1.386864e+00
3.570000e-06	-6.378020e-08	-2.801192e-11	-4.972029e-01	-2.577498e+00
3.580000e-06	-7.539100e-08	-4.535679e-11	-5.877156e-01	-3.740254e+00
3.590000e-06	-8.698979e-08	-6.362899e-11	-6.781348e-01	-4.872447e+00
3.600000e-06	-9.853713e-08	-8.109381e-11	-7.681529e-01	-5.979296e+00
3.610000e-06	-1.100260e-07	-9.713667e-11	-8.577149e-01	-7.072544e+00
3.620000e-06	-1.215168e-07	-1.134271e-10	-9.472927e-01	-8.166634e+00
3.630000e-06	-1.330148e-07	-1.315527e-10	-1.036925e+00	-9.273669e+00
3.640000e-06	-1.444838e-07	-1.519564e-10	-1.126333e+00	-1.039898e+01
3.650000e-06	-1.559097e-07	-1.698236e-10	-1.215404e+00	-1.153906e+01
3.660000e-06	-1.672676e-07	-1.872629e-10	-1.303945e+00	-1.268273e+01
3.670000e-06	-1.785767e-07	-2.052179e-10	-1.392106e+00	-1.381548e+01
3.680000e-06	-1.898608e-07	-2.221229e-10	-1.480072e+00	-1.492527e+01
3.690000e-06	-2.011164e-07	-2.392996e-10	-1.567816e+00	-1.600782e+01
3.700000e-06	-2.123390e-07	-2.566240e-10	-1.655303e+00	-1.706922e+01
3.710000e-06	-2.235289e-07	-2.752990e-10	-1.742535e+00	-1.812473e+01
3.720000e-06	-2.346951e-07	-2.941358e-10	-1.829581e+00	-1.919385e+01
3.730000e-06	-2.458684e-07	-3.125270e-10	-1.916683e+00	-2.029356e+01
3.740000e-06	-2.570414e-07	-3.312584e-10	-2.003784e+00	-2.143185e+01
3.750000e-06	-2.681847e-07	-3.515496e-10	-2.090652e+00	-2.260432e+01
3.760000e-06	-2.793125e-07	-3.704494e-10	-2.177399e+00	-2.379488e+01
3.770000e-06	-2.904196e-07	-3.869405e-10	-2.263986e+00	-2.498082e+01
3.780000e-06	-3.014913e-07	-4.042623e-10	-2.350296e+00	-2.614028e+01
3.790000e-06	-3.125308e-07	-4.225431e-10	-2.436355e+00	-2.725956e+01
3.800000e-06	-3.235512e-07	-4.403647e-10	-2.522265e+00	-2.833769e+01
3.810000e-06	-3.345144e-07	-4.566989e-10	-2.607729e+00	-2.938644e+01
3.820000e-06	-3.453883e-07	-4.726402e-10	-2.692498e+00	-3.042595e+01
3.830000e-06	-3.561879e-07	-4.898926e-10	-2.776687e+00	-3.147738e+01
3.840000e-06	-3.669134e-07	-5.089508e-10	-2.860298e+00	-3.255543e+01
3.850000e-06	-3.775903e-07	-5.282528e-10	-2.943531e+00	-3.366343e+01
3.860000e-06	-3.881795e-07	-5.459466e-10	-3.026080e+00	-3.479262e+01
3.870000e-06	-3.986519e-07	-5.612252e-10	-3.107718e+00	-3.592594e+01
3.880000e-06	-4.090877e-07	-5.756993e-10	-3.189071e+00	-3.704467e+01
3.890000e-06	-4.194934e-07	-5.905133e-10	-3.270189e+00	-3.813528e+01
3.900000e-06	-4.298245e-07	-6.058175e-10	-3.350726e+00	-3.919400e+01
3.910000e-06	-4.400749e-07	-6.218426e-10	-3.430633e+00	-4.022731e+01
3.920000e-06	-4.502333e-07	-6.386343e-10	-3.509824e+00	-4.124832e+01
3.930000e-06	-4.603136e-07	-6.549206e-10	-3.588405e+00	-4.227062e+01
3.940000e-06	-4.702890e-07	-6.700106e-10	-3.666170e+00	-4.330214e+01
3.950000e-06	-4.801618e-07	-6.853949e-10	-3.743134e+00	-4.434149e+01
3.960000e-06	-4.899554e-07	-7.023996e-10	-3.819480e+00	-4.537829e+01
3.970000e-06	-4.996674e-07	-7.180528e-10	-3.895191e+00	-4.639733e+01
3.980000e-06	-5.093102e-07	-7.315716e-10	-3.970362e+00	-4.738493e+01
3.990000e-06	-5.188938e-07	-7.457413e-10	-4.045072e+00	-4.833481e+01
4.000000e-06	-5.284440e-07	-7.593506e-10	-4.119521e+00	-4.925117e+01
4.010000e-06	-5.379568e-07	-7.715665e-10	-4.193678e+00	-5.014753e+01
4.020000e-06	-5.474144e-07	-7.840241e-10	-4.267406e+00	-5.104180e+01
4.030000e-06	-5.568075e-07	-7.985152e-10	-4.340631e+00	-5.194935e+01
4.040000e-06	-5.661192e-07	-8.143375e-10	-4.413221e+00	-5.287697e+01
4.050000e-06	-5.752906e-07	-8.296410e-10	-4.484716e+00	-5.381988e+01
4.060000e-06	-5.842758e-07	-8.442043e-10	-4.554761e+00	-5.476334e+01
4.070000e-06	-5.930867e-07	-8.575108e-10	-4.623447e+00	-5.568806e+01
4.080000e-06	-6.017115e-07	-8.697669e-10	-4.690682e+00	-5.657761e+01
4.090000e-06	-6.101697e-07	-8.812645e-10	-4.756619e+00	-5.742484e+01
4.100000e-06	-6.184782e-07	-8.929503e-10	-4.821388e+00	-5.823492e+01
4.110000e-06	-6.266357e-07	-9.059562e-10	-4.884981e+00	-5.902375e+01
4.120000e-06	-6.346951e-07	-9.186143e-10	-4.947808e+00	-5.981240e+01
4.130000e-06	-6.426849e-07	-9.310805e-10	-5.010094e+00	-6.061954e+01
4.140000e-06	-6.506163e-07	-9.444390e-10	-5.071923e+00	-6.145477e+01
4.150000e-06	-6.584862e-07	-9.587210e-10	-5.133273e+00	-6.231535e+01
4.160000e-06	-6.662742e-07	-9.729508e-10	-5.193985e+00	-6.318750e+01
4.170000e-06	-6.739384e-07	-9.858428e-10	-5.253732e+00	-6.405154e+01
4.180000e-06	-6.814723e-07	-9.978052e-10	-5.312463e+00	-6.488916e+01
4.190000e-06	-6.889002e-07	-1.008983e-09	-5.370368e+00	-6.568962e+01
4.200000e-06	-6.962124e-07	-1.018990e-09	-5.427370e+00	-6.645301e+01
4.210000e-06	-7.034103e-07	-1.029341e-09	-5.483483e+00	-6.718906e+01
4.220000e-06	-7.105112e-07	-1.041627e-09	-5.538838e+00	-6.791247e+01
4.230000e-06	-7.175099e-07	-1.054944e-09	-5.593396e+00	-6.863657e+01
4.240000e-06	-7.243599e-07	-1.069194e-09	-5.646796e+00	-6.936792e+01
4.250000e-06	-7.310634e-07	-1.082990e-09	-5.699054e+00	-7.010404e+01
4.260000e-06	-7.376539e-07	-1.094365e-09	-5.750430e+00	-7.083506e+01
4.270000e-06	-7.441437e-07	-1.103667e-09	-5.801023e+00	-7.154840e+01
4.280000e-06	-7.505512e-07	-1.112185e-09	-5.850973e+00	-7.223471e+01
4.290000e-06	-7.568853e-07	-1.122358e-09	-5.900350e+00	-7.289230e+01
4.300000e-06	-7.631172e-07	-1.132976e-09	-5.948932e+00	-7.352837e+01
4.310000e-06	-7.691785e-07	-1.143060e-09	-5.996183e+00	-7.415639e+01
4.320000e-06	-7.750059e-07	-1.154092e-09	-6.041611e+00	-7.479063e+01
4.330000e-06	-7.805955e-07	-1.165977e-09	-6.085184e+00	-7.544010e+01
4.340000e-06	-7.859276e-07	-1.177418e-09	-6.126751e+00	-7.610420e+01
4.350000e-06	-7.910471e-07	-1.187397e-09	-6.166661e+00	-7.677206e+01
4.360000e-06	-7.960231e-07	-1.195780e-09	-6.205451e+00	-7.742584e+01
4.370000e-06	-8.008655e-07	-1.203774e-09	-6.243201e+00	-7.804678e+01
4.380000e-06	-8.055927e-07	-1.212280e-09	-6.280053e+00	-7.862185e+01
4.390000e-06	-8.101773e-07	-1.220140e-09	-6.315792e+00	-7.914837e+01
4.400000e-06	-8.146349e-07	-1.226815e-09	-6.350542e+00	-7.963480e+01
4.410000e-06	-8.189473e-07	-1.233604e-09	-6.384159e+00	-8.009754e+01
4.420000e-06	-8.230798e-07	-1.241400e-09	-6.416374e+00	-8.055475e+01
4.430000e-06	-8.270649e-07	-1.249613e-09	-6.447440e+00	-8.101968e+01
4.440000e-06	-8.309307e-07	-1.258083e-09	-6.477577e+00	-8.149590e+01
4.450000e-06	-8.346818e-07	-1.266529e-09	-6.506818e+00	-8.197619e+01
4.460000e-06	-8.383158e-07	-1.273813e-09	-6.535147e+00	-8.244550e+01
4.470000e-06	-8.417889e-07	-1.278034e-09	-6.562222e+00	-8.288665e+01
4.480000e-06	-8.451069e-07	-1.281124e-09	-6.588088e+00	-8.328680e+01
4.490000e-06	-8.483257e-07	-1.285549e-09	-6.613180e+00	-8.364200e+01
4.500000e-06	-8.514682e-07	-1.291240e-09	-6.637678e+00	-8.395849e+01
4.510000e-06	-8.545086e-07	-1.296898e-09	-6.661379e+00	-8.425018e+01
4.520000e-06	-8.573975e-07	-1.301638e-09	-6.683900e+00	-8.453356e+01
4.530000e-06	-8.601047e-07	-1.305716e-09	-6.705004e+00	-8.482190e+01
4.540000e-06	-8.625937e-07	-1.308551e-09	-6.724407e+00	-8.512106e+01
4.550000e-06	-8.648598e-07	-1.310352e-09	-6.742073e+00	-8.542828e+01
4.560000e-06	-8.668976e-07	-1.313094e-09	-6.757959e+00	-8.573416e+01
4.570000e-06	-8.687362e-07	-1.318549e-09	-6.772291e+00	-8.602692e+01
4.580000e-06	-8.704281e-07	-1.322680e-09	-6.785480e+00	-8.629699e+01
4.590000e-06	-8.720038e-07	-1.323811e-09	-6.797764e+00	-8.654017e+01
4.600000e-06	-8.734872e-07	-1.325365e-09	-6.809328e+00	-8.675823e+01
4.610000e-06	-8.748582e-07	-1.326814e-09	-6.820016e+00	-8.695667e+01
4.620000e-06	-8.760828e-07	-1.325092e-09	-6.829562e+00	-8.714109e+01
4.630000e-06	-8.771458e-07	-1.324426e-09	-6.837849e+00	-8.731344e+01
4.640000e-06	-8.780488e-07	-1.330216e-09	-6.844889e+00	-8.747017e+01
4.650000e-06	-8.787846e-07	-1.333213e-09	-6.850625e+00	-8.760284e+01
4.660000e-06	-8.793754e-07	-1.340511e-09	-6.855231e+00	-8.770121e+01
4.670000e-06	-8.798210e-07	-1.352375e-09	-6.858704e+00	-8.775747e+01
4.680000e-06	-8.801240e-07	-1.340683e-09	-6.861066e+00	-8.776992e+01
4.690000e-06	-8.803308e-07	-1.327826e-09	-6.862678e+00	-8.774460e+01
