# Temperatura_=_20.0
# Concentracion g/m^3_=_10000.0
# C_Vs_to_Am_M_A/Vsm_=_65563218390.804596
# pendiente_HvsI_1/m_=_3716.3
# ordenada_HvsI_A/m_=_1297.0
# frecuencia_Hz_=_212985.6162182531

Tiempo_(s)	Campo_(V.s)	Magnetizacion_(V.s)	Campo_(kA/m)	Magnetizacion_(A/m)
0.000000e+00	-8.803638e-07	-3.758357e-11	-6.862240e+00	3.577548e-04
1.000000e-08	-8.804695e-07	-2.025395e-11	-6.863064e+00	3.079011e-05
2.000000e-08	-8.804995e-07	-4.587228e-11	-6.863297e+00	-1.916275e-04
3.000000e-08	-8.803995e-07	-6.345214e-11	-6.862518e+00	-3.755464e-04
4.000000e-08	-8.800772e-07	-3.784441e-11	-6.860006e+00	-5.947392e-04
5.000000e-08	-8.794884e-07	-4.011971e-11	-6.855416e+00	-8.795403e-04
6.000000e-08	-8.786194e-07	-3.885282e-11	-6.848643e+00	-1.188447e-03
7.000000e-08	-8.775055e-07	-2.986441e-11	-6.839960e+00	-1.415935e-03
8.000000e-08	-8.762362e-07	-3.342055e-11	-6.830066e+00	-1.434542e-03
9.000000e-08	-8.748487e-07	-3.161131e-11	-6.819251e+00	-1.154402e-03
1.000000e-07	-8.733319e-07	-2.785517e-11	-6.807428e+00	-5.751158e-04
1.100000e-07	-8.717209e-07	-2.961265e-11	-6.794871e+00	1.935460e-04
1.200000e-07	-8.700370e-07	-3.393225e-11	-6.781744e+00	9.542563e-04
1.300000e-07	-8.682465e-07	-3.672794e-11	-6.767788e+00	1.483469e-03
1.400000e-07	-8.662802e-07	-3.124050e-11	-6.752461e+00	1.610956e-03
1.500000e-07	-8.641363e-07	-2.894458e-11	-6.735750e+00	1.288260e-03
1.600000e-07	-8.618605e-07	-3.530836e-11	-6.718011e+00	6.188571e-04
1.700000e-07	-8.594184e-07	-3.816106e-11	-6.698975e+00	-1.645580e-04
1.800000e-07	-8.568141e-07	-3.416758e-11	-6.678675e+00	-7.714223e-04
1.900000e-07	-8.540556e-07	-2.413391e-11	-6.657173e+00	-9.507564e-04
2.000000e-07	-8.511344e-07	-2.449275e-11	-6.634403e+00	-5.813439e-04
2.100000e-07	-8.480916e-07	-2.918302e-11	-6.610685e+00	2.778799e-04
2.200000e-07	-8.449469e-07	-2.815060e-11	-6.586173e+00	1.397033e-03
2.300000e-07	-8.417128e-07	-2.709427e-11	-6.560964e+00	2.443545e-03
2.400000e-07	-8.383834e-07	-3.093011e-11	-6.535012e+00	3.088051e-03
2.500000e-07	-8.348810e-07	-3.800214e-11	-6.507712e+00	3.112632e-03
2.600000e-07	-8.311257e-07	-3.283272e-11	-6.478440e+00	2.484324e-03
2.700000e-07	-8.271264e-07	-2.089567e-11	-6.447266e+00	1.368080e-03
2.800000e-07	-8.229064e-07	-2.025073e-11	-6.414372e+00	7.390218e-05
2.900000e-07	-8.184717e-07	-2.934479e-11	-6.379805e+00	-1.044455e-03
3.000000e-07	-8.138544e-07	-3.233205e-11	-6.343814e+00	-1.704978e-03
3.100000e-07	-8.090951e-07	-2.629370e-11	-6.306716e+00	-1.787795e-03
3.200000e-07	-8.042063e-07	-2.386320e-11	-6.268609e+00	-1.369866e-03
3.300000e-07	-7.991715e-07	-2.689772e-11	-6.229364e+00	-6.926542e-04
3.400000e-07	-7.939833e-07	-2.591126e-11	-6.188923e+00	-7.470424e-05
3.500000e-07	-7.886474e-07	-2.124643e-11	-6.147331e+00	2.000165e-04
3.600000e-07	-7.831756e-07	-1.819206e-11	-6.104680e+00	-2.087803e-05
3.700000e-07	-7.775603e-07	-2.123414e-11	-6.060909e+00	-7.090482e-04
3.800000e-07	-7.717918e-07	-2.505541e-11	-6.015945e+00	-1.670110e-03
3.900000e-07	-7.658338e-07	-2.292784e-11	-5.969504e+00	-2.615489e-03
4.000000e-07	-7.596781e-07	-1.884024e-11	-5.921522e+00	-3.264872e-03
4.100000e-07	-7.533379e-07	-1.536406e-11	-5.872101e+00	-3.442525e-03
4.200000e-07	-7.467703e-07	-1.533605e-11	-5.820908e+00	-3.133759e-03
4.300000e-07	-7.400483e-07	-1.695771e-11	-5.768511e+00	-2.482874e-03
4.400000e-07	-7.332682e-07	-1.842438e-11	-5.715663e+00	-1.735253e-03
4.500000e-07	-7.264038e-07	-1.770834e-11	-5.662156e+00	-1.146278e-03
4.600000e-07	-7.194061e-07	-1.550985e-11	-5.607610e+00	-8.911276e-04
4.700000e-07	-7.123078e-07	-1.434700e-11	-5.552280e+00	-1.008268e-03
4.800000e-07	-7.051254e-07	-1.259800e-11	-5.496296e+00	-1.396308e-03
4.900000e-07	-6.978095e-07	-1.141425e-11	-5.439270e+00	-1.863653e-03
5.000000e-07	-6.903283e-07	-1.161636e-11	-5.380955e+00	-2.210754e-03
5.100000e-07	-6.826673e-07	-1.506065e-11	-5.321239e+00	-2.312786e-03
5.200000e-07	-6.748822e-07	-1.862189e-11	-5.260556e+00	-2.170779e-03
5.300000e-07	-6.670311e-07	-1.562372e-11	-5.199359e+00	-1.911416e-03
5.400000e-07	-6.591170e-07	-1.307491e-11	-5.137670e+00	-1.735270e-03
5.500000e-07	-6.511365e-07	-1.462338e-11	-5.075464e+00	-1.833073e-03
5.600000e-07	-6.430984e-07	-1.530449e-11	-5.012809e+00	-2.302077e-03
5.700000e-07	-6.349872e-07	-1.429435e-11	-4.949584e+00	-3.095246e-03
5.800000e-07	-6.267750e-07	-1.227098e-11	-4.885572e+00	-4.024280e-03
5.900000e-07	-6.184635e-07	-1.223141e-11	-4.820785e+00	-4.817770e-03
6.000000e-07	-6.100531e-07	-1.243401e-11	-4.755228e+00	-5.215122e-03
6.100000e-07	-6.015076e-07	-1.065082e-11	-4.688617e+00	-5.062971e-03
6.200000e-07	-5.928245e-07	-9.537178e-12	-4.620935e+00	-4.378800e-03
6.300000e-07	-5.840501e-07	-1.106759e-11	-4.552541e+00	-3.357324e-03
6.400000e-07	-5.751838e-07	-1.353380e-11	-4.483429e+00	-2.315100e-03
6.500000e-07	-5.662149e-07	-1.356750e-11	-4.413519e+00	-1.590804e-03
6.600000e-07	-5.571380e-07	-1.169583e-11	-4.342767e+00	-1.434674e-03
6.700000e-07	-5.479505e-07	-9.748350e-12	-4.271152e+00	-1.925086e-03
6.800000e-07	-5.386782e-07	-9.120916e-12	-4.198876e+00	-2.941284e-03
6.900000e-07	-5.293132e-07	-1.008027e-11	-4.125879e+00	-4.202144e-03
7.000000e-07	-5.198570e-07	-1.079799e-11	-4.052170e+00	-5.358107e-03
7.100000e-07	-5.103282e-07	-1.278870e-11	-3.977895e+00	-6.105209e-03
7.200000e-07	-5.007496e-07	-1.468563e-11	-3.903231e+00	-6.282711e-03
7.300000e-07	-4.911356e-07	-1.473736e-11	-3.828293e+00	-5.921806e-03
7.400000e-07	-4.814705e-07	-1.243075e-11	-3.752955e+00	-5.229998e-03
7.500000e-07	-4.717393e-07	-9.153011e-12	-3.677103e+00	-4.517888e-03
7.600000e-07	-4.619285e-07	-9.180275e-12	-3.600630e+00	-4.094495e-03
7.700000e-07	-4.520383e-07	-1.054941e-11	-3.523538e+00	-4.167121e-03
7.800000e-07	-4.420584e-07	-1.130482e-11	-3.445747e+00	-4.778998e-03
7.900000e-07	-4.319376e-07	-1.004979e-11	-3.366858e+00	-5.803721e-03
8.000000e-07	-4.216488e-07	-7.128895e-12	-3.286658e+00	-6.995272e-03
8.100000e-07	-4.111832e-07	-5.724974e-12	-3.205081e+00	-8.073426e-03
8.200000e-07	-4.006054e-07	-6.674895e-12	-3.122630e+00	-8.813288e-03
8.300000e-07	-3.899513e-07	-8.571675e-12	-3.039584e+00	-9.108200e-03
8.400000e-07	-3.791615e-07	-9.324586e-12	-2.955479e+00	-8.986663e-03
8.500000e-07	-3.682509e-07	-9.583768e-12	-2.870434e+00	-8.581627e-03
8.600000e-07	-3.572644e-07	-9.746409e-12	-2.784797e+00	-8.067833e-03
8.700000e-07	-3.462213e-07	-8.600119e-12	-2.698718e+00	-7.593458e-03
8.800000e-07	-3.351352e-07	-6.194131e-12	-2.612304e+00	-7.232488e-03
8.900000e-07	-3.240166e-07	-2.543305e-12	-2.525637e+00	-6.974396e-03
9.000000e-07	-3.128647e-07	-2.053795e-13	-2.438710e+00	-6.751863e-03
9.100000e-07	-3.016950e-07	-8.183699e-13	-2.351646e+00	-6.491888e-03
9.200000e-07	-2.905211e-07	-2.291839e-12	-2.264547e+00	-6.166493e-03
9.300000e-07	-2.793184e-07	-2.703710e-12	-2.177225e+00	-5.819927e-03
9.400000e-07	-2.680815e-07	-2.408477e-12	-2.089636e+00	-5.559452e-03
9.500000e-07	-2.568284e-07	-3.789522e-12	-2.001920e+00	-5.512232e-03
9.600000e-07	-2.455388e-07	-6.041049e-12	-1.913920e+00	-5.765615e-03
9.700000e-07	-2.342037e-07	-6.118855e-12	-1.825565e+00	-6.316041e-03
9.800000e-07	-2.228541e-07	-4.176230e-12	-1.737098e+00	-7.049817e-03
9.900000e-07	-2.114738e-07	-2.344600e-12	-1.648391e+00	-7.767362e-03
1.000000e-06	-2.000468e-07	-1.329074e-12	-1.559320e+00	-8.245660e-03
1.010000e-06	-1.885844e-07	-6.636002e-13	-1.469974e+00	-8.317936e-03
1.020000e-06	-1.770645e-07	-6.726565e-13	-1.380179e+00	-7.941125e-03
1.030000e-06	-1.655006e-07	-8.996754e-13	-1.290040e+00	-7.224232e-03
1.040000e-06	-1.539107e-07	-3.319843e-13	-1.199699e+00	-6.403615e-03
1.050000e-06	-1.422756e-07	2.795563e-13	-1.109007e+00	-5.770173e-03
1.060000e-06	-1.305910e-07	2.060880e-12	-1.017927e+00	-5.571530e-03
1.070000e-06	-1.188909e-07	3.080143e-12	-9.267280e-01	-5.922799e-03
1.080000e-06	-1.071723e-07	2.029639e-12	-8.353845e-01	-6.758158e-03
1.090000e-06	-9.541673e-08	1.453301e-12	-7.437522e-01	-7.842384e-03
1.100000e-06	-8.365063e-08	1.414425e-12	-6.520380e-01	-8.841003e-03
1.110000e-06	-7.188267e-08	1.246268e-12	-5.603094e-01	-9.426958e-03
1.120000e-06	-6.010016e-08	5.705303e-13	-4.684673e-01	-9.388185e-03
1.130000e-06	-4.828820e-08	2.355881e-13	-3.763958e-01	-8.699239e-03
1.140000e-06	-3.646918e-08	-4.969865e-13	-2.842691e-01	-7.531763e-03
1.150000e-06	-2.466275e-08	-6.259804e-13	-1.922406e-01	-6.199394e-03
1.160000e-06	-1.285536e-08	9.278875e-13	-1.002047e-01	-5.055250e-03
1.170000e-06	-1.055299e-09	1.458685e-12	-8.225823e-03	-4.376680e-03
1.180000e-06	1.072012e-08	7.903984e-13	8.356096e-02	-4.276480e-03
1.190000e-06	2.249537e-08	-3.071754e-13	1.753464e-01	-4.670614e-03
1.200000e-06	3.428217e-08	-6.999178e-13	2.672219e-01	-5.312947e-03
1.210000e-06	4.606451e-08	-9.427058e-13	3.590626e-01	-5.884193e-03
1.220000e-06	5.783675e-08	-1.001184e-12	4.508246e-01	-6.103740e-03
1.230000e-06	6.959333e-08	-1.225128e-12	5.424645e-01	-5.825389e-03
1.240000e-06	8.133759e-08	-1.768894e-12	6.340084e-01	-5.084294e-03
1.250000e-06	9.307066e-08	-1.695526e-12	7.254651e-01	-4.079897e-03
1.260000e-06	1.047932e-07	-1.673418e-12	8.168400e-01	-3.102371e-03
1.270000e-06	1.164933e-07	-5.627865e-13	9.080390e-01	-2.429718e-03
1.280000e-06	1.281593e-07	1.217807e-12	9.989729e-01	-2.232386e-03
1.290000e-06	1.398125e-07	2.144551e-12	1.089808e+00	-2.518758e-03
1.300000e-06	1.514166e-07	1.291885e-12	1.180259e+00	-3.139465e-03
1.310000e-06	1.629693e-07	1.185603e-12	1.270309e+00	-3.847024e-03
1.320000e-06	1.744944e-07	1.536377e-12	1.360145e+00	-4.387532e-03
1.330000e-06	1.859861e-07	1.523817e-13	1.449720e+00	-4.590161e-03
1.340000e-06	1.974580e-07	-1.512235e-12	1.539141e+00	-4.421921e-03
1.350000e-06	2.088838e-07	-1.335845e-12	1.628203e+00	-3.988712e-03
1.360000e-06	2.202629e-07	1.035604e-12	1.716900e+00	-3.483999e-03
1.370000e-06	2.315957e-07	4.179166e-12	1.805237e+00	-3.105929e-03
1.380000e-06	2.428762e-07	6.013845e-12	1.893166e+00	-2.975303e-03
1.390000e-06	2.541301e-07	7.407658e-12	1.980887e+00	-3.086088e-03
1.400000e-06	2.653821e-07	8.508265e-12	2.068595e+00	-3.307665e-03
1.410000e-06	2.766205e-07	7.629944e-12	2.156195e+00	-3.438224e-03
1.420000e-06	2.878354e-07	5.826504e-12	2.243613e+00	-3.289119e-03
1.430000e-06	2.990343e-07	4.780331e-12	2.330906e+00	-2.767821e-03
1.440000e-06	3.102131e-07	4.362059e-12	2.418042e+00	-1.927018e-03
1.450000e-06	3.213744e-07	3.754500e-12	2.505042e+00	-9.594258e-04
1.460000e-06	3.325209e-07	3.794579e-12	2.591926e+00	-1.378545e-04
1.470000e-06	3.436409e-07	3.950477e-12	2.678604e+00	2.794552e-04
1.480000e-06	3.547210e-07	4.845303e-12	2.764971e+00	1.446305e-04
1.490000e-06	3.657600e-07	4.570458e-12	2.851018e+00	-5.179991e-04
1.500000e-06	3.767128e-07	2.824886e-12	2.936393e+00	-1.507868e-03
1.510000e-06	3.875492e-07	3.014444e-12	3.020859e+00	-2.505639e-03
1.520000e-06	3.982549e-07	3.485070e-12	3.104309e+00	-3.173996e-03
1.530000e-06	4.087955e-07	3.639506e-12	3.186470e+00	-3.267856e-03
1.540000e-06	4.191579e-07	4.333538e-12	3.267243e+00	-2.716137e-03
1.550000e-06	4.294092e-07	4.786109e-12	3.347149e+00	-1.646619e-03
1.560000e-06	4.395457e-07	4.605357e-12	3.426161e+00	-3.448472e-04
1.570000e-06	4.495346e-07	4.258199e-12	3.504022e+00	8.392573e-04
1.580000e-06	4.594313e-07	4.126889e-12	3.581165e+00	1.605513e-03
1.590000e-06	4.692346e-07	3.736754e-12	3.657579e+00	1.799798e-03
1.600000e-06	4.789655e-07	4.454049e-12	3.733430e+00	1.460517e-03
1.610000e-06	4.886420e-07	7.101946e-12	3.808856e+00	8.005894e-04
1.620000e-06	4.982511e-07	7.516360e-12	3.883757e+00	1.325105e-04
1.630000e-06	5.077999e-07	5.541928e-12	3.958187e+00	-2.368276e-04
1.640000e-06	5.172944e-07	3.992780e-12	4.032194e+00	-1.054006e-04
1.650000e-06	5.267226e-07	4.084819e-12	4.105686e+00	5.634657e-04
1.660000e-06	5.360516e-07	6.003191e-12	4.178403e+00	1.637745e-03
1.670000e-06	5.452807e-07	8.184165e-12	4.250342e+00	2.868502e-03
1.680000e-06	5.543981e-07	1.072097e-11	4.321409e+00	3.976045e-03
1.690000e-06	5.634059e-07	1.348255e-11	4.391624e+00	4.738980e-03
1.700000e-06	5.723256e-07	1.516208e-11	4.461151e+00	5.055665e-03
1.710000e-06	5.811701e-07	1.513833e-11	4.530092e+00	4.959281e-03
1.720000e-06	5.899539e-07	1.310954e-11	4.598559e+00	4.585565e-03
1.730000e-06	5.986306e-07	1.177079e-11	4.666192e+00	4.109437e-03
1.740000e-06	6.071796e-07	1.216572e-11	4.732830e+00	3.676978e-03
1.750000e-06	6.156111e-07	1.338730e-11	4.798551e+00	3.358978e-03
1.760000e-06	6.239330e-07	1.548774e-11	4.863419e+00	3.142103e-03
1.770000e-06	6.321659e-07	1.745126e-11	4.927592e+00	2.957839e-03
1.780000e-06	6.403075e-07	1.905990e-11	4.991055e+00	2.734033e-03
1.790000e-06	6.483575e-07	2.045052e-11	5.053803e+00	2.445096e-03
1.800000e-06	6.563577e-07	2.029694e-11	5.116162e+00	2.138014e-03
1.810000e-06	6.643040e-07	1.846982e-11	5.178102e+00	1.921724e-03
1.820000e-06	6.721697e-07	1.637845e-11	5.239413e+00	1.923008e-03
1.830000e-06	6.799481e-07	1.506763e-11	5.300044e+00	2.226623e-03
1.840000e-06	6.876064e-07	1.477829e-11	5.359739e+00	2.825020e-03
1.850000e-06	6.951128e-07	1.580722e-11	5.418249e+00	3.600621e-03
1.860000e-06	7.024512e-07	1.783209e-11	5.475451e+00	4.351675e-03
1.870000e-06	7.096343e-07	1.934538e-11	5.531441e+00	4.855812e-03
1.880000e-06	7.166869e-07	2.080592e-11	5.586415e+00	4.949805e-03
1.890000e-06	7.236142e-07	2.111330e-11	5.640412e+00	4.596023e-03
1.900000e-06	7.304370e-07	1.945506e-11	5.693594e+00	3.908963e-03
1.910000e-06	7.371848e-07	1.832382e-11	5.746191e+00	3.128546e-03
1.920000e-06	7.438355e-07	1.895199e-11	5.798032e+00	2.545867e-03
1.930000e-06	7.503337e-07	2.016435e-11	5.848684e+00	2.405069e-03
1.940000e-06	7.566322e-07	2.122926e-11	5.897780e+00	2.815096e-03
1.950000e-06	7.627354e-07	2.213261e-11	5.945353e+00	3.703249e-03
1.960000e-06	7.686753e-07	2.255473e-11	5.991653e+00	4.829066e-03
1.970000e-06	7.744635e-07	2.260521e-11	6.036771e+00	5.856322e-03
1.980000e-06	7.801065e-07	2.205687e-11	6.080757e+00	6.460418e-03
1.990000e-06	7.856167e-07	2.031126e-11	6.123708e+00	6.435247e-03
2.000000e-06	7.909921e-07	1.775199e-11	6.165607e+00	5.762894e-03
2.010000e-06	7.962214e-07	1.540559e-11	6.206368e+00	4.621621e-03
2.020000e-06	8.012941e-07	1.383373e-11	6.245909e+00	3.328549e-03
2.030000e-06	8.062330e-07	1.379118e-11	6.284407e+00	2.235999e-03
2.040000e-06	8.110608e-07	1.491889e-11	6.322038e+00	1.616533e-03
2.050000e-06	8.157695e-07	1.658266e-11	6.358742e+00	1.575820e-03
2.060000e-06	8.203484e-07	1.908550e-11	6.394433e+00	2.022803e-03
2.070000e-06	8.247290e-07	2.246304e-11	6.428579e+00	2.706795e-03
2.080000e-06	8.288528e-07	2.539504e-11	6.460723e+00	3.307932e-03
2.090000e-06	8.327126e-07	2.584017e-11	6.490809e+00	3.549090e-03
2.100000e-06	8.363506e-07	2.333068e-11	6.519167e+00	3.290324e-03
2.110000e-06	8.398237e-07	1.940682e-11	6.546239e+00	2.573577e-03
2.120000e-06	8.431490e-07	1.740370e-11	6.572159e+00	1.603246e-03
2.130000e-06	8.463589e-07	1.813628e-11	6.597180e+00	6.709574e-04
2.140000e-06	8.494824e-07	1.847626e-11	6.621526e+00	5.226496e-05
2.150000e-06	8.525107e-07	1.893972e-11	6.645131e+00	-8.774445e-05
2.160000e-06	8.553924e-07	2.156683e-11	6.667593e+00	2.530132e-04
2.170000e-06	8.581091e-07	2.382942e-11	6.688769e+00	9.201817e-04
2.180000e-06	8.606770e-07	2.246583e-11	6.708785e+00	1.664310e-03
2.190000e-06	8.630907e-07	1.847335e-11	6.727600e+00	2.233103e-03
2.200000e-06	8.653725e-07	1.624611e-11	6.745386e+00	2.460156e-03
2.210000e-06	8.675156e-07	1.620988e-11	6.762091e+00	2.317957e-03
2.220000e-06	8.694803e-07	1.702000e-11	6.777405e+00	1.916846e-03
2.230000e-06	8.712815e-07	1.766775e-11	6.791445e+00	1.452036e-03
2.240000e-06	8.729680e-07	1.890578e-11	6.804591e+00	1.120161e-03
2.250000e-06	8.745830e-07	2.073696e-11	6.817180e+00	1.037924e-03
2.260000e-06	8.761211e-07	2.104346e-11	6.829169e+00	1.194292e-03
2.270000e-06	8.775286e-07	1.870572e-11	6.840140e+00	1.454786e-03
2.280000e-06	8.787378e-07	1.333428e-11	6.849565e+00	1.616482e-03
2.290000e-06	8.797348e-07	1.381362e-11	6.857337e+00	1.492931e-03
2.300000e-06	8.805065e-07	1.727753e-11	6.863352e+00	9.964038e-04
2.310000e-06	8.810239e-07	1.893616e-11	6.867385e+00	1.852284e-04
2.320000e-06	8.813378e-07	2.797665e-11	6.869832e+00	-7.435457e-04
2.330000e-06	8.815076e-07	3.494975e-11	6.871155e+00	-1.515842e-03
2.340000e-06	8.815454e-07	2.561118e-11	6.871450e+00	-1.875908e-03
2.350000e-06	8.814765e-07	1.832449e-11	6.870913e+00	-1.681452e-03
2.360000e-06	8.813082e-07	2.245358e-11	6.869602e+00	-9.636542e-04
2.370000e-06	8.810366e-07	5.670055e-12	6.867484e+00	7.114853e-05
2.380000e-06	8.806220e-07	-3.134646e-13	6.864252e+00	1.100982e-03
2.390000e-06	8.800414e-07	1.885642e-11	6.859727e+00	1.790045e-03
2.400000e-06	8.792859e-07	1.863625e-11	6.853837e+00	1.898525e-03
2.410000e-06	8.783329e-07	1.937039e-11	6.846410e+00	1.362669e-03
2.420000e-06	8.772242e-07	2.478841e-11	6.837767e+00	3.172245e-04
2.430000e-06	8.760322e-07	2.862854e-11	6.828476e+00	-9.479735e-04
2.440000e-06	8.747476e-07	2.715832e-11	6.818463e+00	-2.082805e-03
2.450000e-06	8.733376e-07	2.222136e-11	6.807472e+00	-2.791008e-03
2.460000e-06	8.718025e-07	2.122502e-11	6.795507e+00	-2.925140e-03
2.470000e-06	8.701519e-07	2.014263e-11	6.782640e+00	-2.530792e-03
2.480000e-06	8.683889e-07	2.397932e-11	6.768898e+00	-1.826196e-03
2.490000e-06	8.664686e-07	2.647074e-11	6.753930e+00	-1.125589e-03
2.500000e-06	8.643556e-07	2.448600e-11	6.737459e+00	-7.336008e-04
2.510000e-06	8.620023e-07	1.514338e-11	6.719116e+00	-8.468882e-04
2.520000e-06	8.593895e-07	1.158516e-11	6.698750e+00	-1.495565e-03
2.530000e-06	8.565336e-07	1.736578e-11	6.676489e+00	-2.542058e-03
2.540000e-06	8.535069e-07	1.884358e-11	6.652897e+00	-3.734637e-03
2.550000e-06	8.503640e-07	1.909805e-11	6.628398e+00	-4.794267e-03
2.560000e-06	8.470991e-07	2.123721e-11	6.602949e+00	-5.503143e-03
2.570000e-06	8.437434e-07	1.950182e-11	6.576792e+00	-5.764660e-03
2.580000e-06	8.402748e-07	1.544535e-11	6.549755e+00	-5.616632e-03
2.590000e-06	8.366455e-07	1.471306e-11	6.521465e+00	-5.197492e-03
2.600000e-06	8.328627e-07	1.702705e-11	6.491980e+00	-4.682245e-03
2.610000e-06	8.289457e-07	1.916311e-11	6.461447e+00	-4.214810e-03
2.620000e-06	8.248909e-07	1.929109e-11	6.429841e+00	-3.862766e-03
2.630000e-06	8.206720e-07	1.814564e-11	6.396956e+00	-3.610018e-03
2.640000e-06	8.163138e-07	1.626829e-11	6.362985e+00	-3.386928e-03
2.650000e-06	8.118232e-07	1.482264e-11	6.327981e+00	-3.122260e-03
2.660000e-06	8.071661e-07	1.408745e-11	6.291680e+00	-2.792856e-03
2.670000e-06	8.023640e-07	1.526921e-11	6.254248e+00	-2.448422e-03
2.680000e-06	7.974231e-07	1.924384e-11	6.215736e+00	-2.199507e-03
2.690000e-06	7.923075e-07	2.212354e-11	6.175861e+00	-2.172428e-03
2.700000e-06	7.869869e-07	2.176556e-11	6.134388e+00	-2.449275e-03
2.710000e-06	7.814058e-07	1.917573e-11	6.090884e+00	-3.018489e-03
2.720000e-06	7.755962e-07	1.849741e-11	6.045600e+00	-3.758638e-03
2.730000e-06	7.696191e-07	1.839804e-11	5.999010e+00	-4.465896e-03
2.740000e-06	7.634614e-07	1.823292e-11	5.951012e+00	-4.918650e-03
2.750000e-06	7.571680e-07	1.703876e-11	5.901956e+00	-4.957315e-03
2.760000e-06	7.507894e-07	1.396467e-11	5.852237e+00	-4.549730e-03
2.770000e-06	7.443298e-07	1.389605e-11	5.801885e+00	-3.815851e-03
2.780000e-06	7.377649e-07	1.497146e-11	5.750713e+00	-2.999055e-03
2.790000e-06	7.310785e-07	1.499071e-11	5.698594e+00	-2.390493e-03
2.800000e-06	7.242697e-07	1.556370e-11	5.645521e+00	-2.230705e-03
2.810000e-06	7.173082e-07	1.656887e-11	5.591257e+00	-2.622396e-03
2.820000e-06	7.102245e-07	1.631169e-11	5.536042e+00	-3.486015e-03
2.830000e-06	7.030555e-07	1.504638e-11	5.480161e+00	-4.575958e-03
2.840000e-06	6.957886e-07	1.467756e-11	5.423517e+00	-5.554403e-03
2.850000e-06	6.884092e-07	1.486277e-11	5.365997e+00	-6.099357e-03
2.860000e-06	6.809012e-07	1.456012e-11	5.307473e+00	-6.010770e-03
2.870000e-06	6.732661e-07	1.504850e-11	5.247959e+00	-5.278272e-03
2.880000e-06	6.655188e-07	1.584004e-11	5.187571e+00	-4.086657e-03
2.890000e-06	6.576736e-07	1.605837e-11	5.126419e+00	-2.756390e-03
2.900000e-06	6.497555e-07	1.489966e-11	5.064700e+00	-1.638827e-03
2.910000e-06	6.417790e-07	1.407173e-11	5.002525e+00	-1.001622e-03
2.920000e-06	6.337429e-07	1.551584e-11	4.939885e+00	-9.432761e-04
2.930000e-06	6.256382e-07	1.641490e-11	4.876710e+00	-1.365762e-03
2.940000e-06	6.174217e-07	1.490263e-11	4.812665e+00	-2.013971e-03
2.950000e-06	6.090518e-07	1.374042e-11	4.747423e+00	-2.567617e-03
2.960000e-06	6.005295e-07	1.528408e-11	4.680994e+00	-2.753197e-03
2.970000e-06	5.918120e-07	1.648757e-11	4.613042e+00	-2.437086e-03
2.980000e-06	5.828739e-07	1.559809e-11	4.543372e+00	-1.667986e-03
2.990000e-06	5.737270e-07	1.512556e-11	4.472074e+00	-6.551418e-04
3.000000e-06	5.644288e-07	1.533013e-11	4.399597e+00	3.085116e-04
3.010000e-06	5.550406e-07	1.409026e-11	4.326418e+00	9.500008e-04
3.020000e-06	5.455526e-07	1.167409e-11	4.252461e+00	1.109676e-03
3.030000e-06	5.359984e-07	1.111287e-11	4.177988e+00	7.917436e-04
3.040000e-06	5.264040e-07	1.293557e-11	4.103202e+00	1.554574e-04
3.050000e-06	5.167768e-07	1.449771e-11	4.028160e+00	-5.478934e-04
3.060000e-06	5.070953e-07	1.649516e-11	3.952695e+00	-1.067745e-03
3.070000e-06	4.973342e-07	1.833242e-11	3.876609e+00	-1.242193e-03
3.080000e-06	4.875023e-07	1.743802e-11	3.799972e+00	-1.049203e-03
3.090000e-06	4.775866e-07	1.397237e-11	3.722681e+00	-6.034767e-04
3.100000e-06	4.675599e-07	1.049621e-11	3.644525e+00	-1.018591e-04
3.110000e-06	4.574268e-07	9.543795e-12	3.565540e+00	2.606459e-04
3.120000e-06	4.472167e-07	1.038788e-11	3.485955e+00	3.715022e-04
3.130000e-06	4.369471e-07	1.113083e-11	3.405905e+00	2.467323e-04
3.140000e-06	4.266083e-07	1.143243e-11	3.325317e+00	2.460099e-05
3.150000e-06	4.162071e-07	1.112137e-11	3.244242e+00	-9.097459e-05
3.160000e-06	4.057564e-07	1.005969e-11	3.162781e+00	8.413822e-05
3.170000e-06	3.952415e-07	7.907558e-12	3.080819e+00	6.328048e-04
3.180000e-06	3.846333e-07	5.698101e-12	2.998131e+00	1.491065e-03
3.190000e-06	3.739591e-07	3.351735e-12	2.914928e+00	2.457625e-03
3.200000e-06	3.632420e-07	2.911707e-12	2.831391e+00	3.257274e-03
3.210000e-06	3.524440e-07	4.908316e-12	2.747222e+00	3.636885e-03
3.220000e-06	3.415623e-07	6.169514e-12	2.662402e+00	3.459831e-03
3.230000e-06	3.306242e-07	6.420811e-12	2.577142e+00	2.764147e-03
3.240000e-06	3.196302e-07	6.515395e-12	2.491447e+00	1.761855e-03
3.250000e-06	3.085710e-07	6.096473e-12	2.405242e+00	7.774243e-04
3.260000e-06	2.974822e-07	4.041212e-12	2.318808e+00	1.449844e-04
3.270000e-06	2.863772e-07	2.228476e-12	2.232246e+00	9.896556e-05
3.280000e-06	2.752484e-07	2.189797e-12	2.145500e+00	6.957582e-04
3.290000e-06	2.640906e-07	3.308861e-12	2.058527e+00	1.793711e-03
3.300000e-06	2.528969e-07	4.694149e-12	1.971275e+00	3.098833e-03
3.310000e-06	2.416880e-07	5.804342e-12	1.883904e+00	4.260965e-03
3.320000e-06	2.304629e-07	6.409116e-12	1.796407e+00	4.987897e-03
3.330000e-06	2.192085e-07	6.776556e-12	1.708681e+00	5.138932e-03
3.340000e-06	2.079331e-07	6.391275e-12	1.620792e+00	4.766818e-03
3.350000e-06	1.966354e-07	6.167528e-12	1.532729e+00	4.094986e-03
3.360000e-06	1.852987e-07	6.013275e-12	1.444362e+00	3.439274e-03
3.370000e-06	1.739249e-07	5.053073e-12	1.355706e+00	3.101902e-03
3.380000e-06	1.625332e-07	4.908692e-12	1.266910e+00	3.274082e-03
3.390000e-06	1.511181e-07	3.974047e-12	1.177932e+00	3.979365e-03
3.400000e-06	1.396629e-07	2.175882e-12	1.088641e+00	5.074707e-03
3.410000e-06	1.281791e-07	1.356488e-12	9.991273e-01	6.305705e-03
3.420000e-06	1.166728e-07	1.334915e-12	9.094386e-01	7.394107e-03
3.430000e-06	1.051256e-07	7.915607e-13	8.194310e-01	8.125780e-03
3.440000e-06	9.353318e-08	9.201866e-14	7.290703e-01	8.409176e-03
3.450000e-06	8.191418e-08	7.593945e-14	6.385028e-01	8.286693e-03
3.460000e-06	7.026825e-08	-5.814949e-13	5.477253e-01	7.899368e-03
3.470000e-06	5.859938e-08	-1.689564e-12	4.567691e-01	7.422196e-03
3.480000e-06	4.694902e-08	-1.929196e-12	3.659572e-01	6.996870e-03
3.490000e-06	3.531602e-08	8.306095e-14	2.752805e-01	6.687747e-03
3.500000e-06	2.366453e-08	3.562166e-12	1.844598e-01	6.476014e-03
3.510000e-06	1.200248e-08	5.351030e-12	9.355663e-02	6.290986e-03
3.520000e-06	3.067849e-10	4.862938e-12	2.391320e-03	6.062412e-03
3.530000e-06	-1.140466e-08	3.582490e-12	-8.889681e-02	5.769602e-03
3.540000e-06	-2.307804e-08	2.019027e-12	-1.798882e-01	5.464963e-03
3.550000e-06	-3.475470e-08	1.809717e-13	-2.709052e-01	5.260596e-03
3.560000e-06	-4.641893e-08	-1.589887e-12	-3.618252e-01	5.282261e-03
3.570000e-06	-5.806051e-08	-2.111915e-12	-4.525687e-01	5.609318e-03
3.580000e-06	-6.968828e-08	-3.020380e-13	-5.432046e-01	6.226169e-03
3.590000e-06	-8.126089e-08	2.369802e-12	-6.334105e-01	7.007571e-03
3.600000e-06	-9.280707e-08	2.931378e-12	-7.234105e-01	7.747710e-03
3.610000e-06	-1.043427e-07	-5.611403e-13	-8.133281e-01	8.225844e-03
3.620000e-06	-1.158335e-07	-4.300432e-12	-9.028966e-01	8.286125e-03
3.630000e-06	-1.272809e-07	-4.925496e-12	-9.921260e-01	7.901897e-03
3.640000e-06	-1.387244e-07	-4.087404e-12	-1.081325e+00	7.198532e-03
3.650000e-06	-1.501587e-07	-4.595395e-12	-1.170454e+00	6.422758e-03
3.660000e-06	-1.615552e-07	-4.452018e-12	-1.259287e+00	5.865644e-03
3.670000e-06	-1.729118e-07	-1.909532e-12	-1.347809e+00	5.764004e-03
3.680000e-06	-1.842207e-07	5.774313e-13	-1.435960e+00	6.214239e-03
3.690000e-06	-1.954967e-07	-4.181829e-13	-1.523853e+00	7.129969e-03
3.700000e-06	-2.067547e-07	-3.263286e-12	-1.611607e+00	8.260553e-03
3.710000e-06	-2.179933e-07	-4.186133e-12	-1.699209e+00	9.266722e-03
3.720000e-06	-2.292130e-07	-4.276432e-12	-1.786664e+00	9.829243e-03
3.730000e-06	-2.404158e-07	-3.962953e-12	-1.873988e+00	9.754217e-03
3.740000e-06	-2.515975e-07	-2.557055e-12	-1.961147e+00	9.038825e-03
3.750000e-06	-2.627608e-07	1.110381e-12	-2.048162e+00	7.874312e-03
3.760000e-06	-2.739192e-07	3.266008e-12	-2.135139e+00	6.584335e-03
3.770000e-06	-2.850673e-07	2.264110e-12	-2.222036e+00	5.519128e-03
3.780000e-06	-2.961868e-07	1.116387e-12	-2.308710e+00	4.941313e-03
3.790000e-06	-3.072689e-07	1.914154e-12	-2.395093e+00	4.942186e-03
3.800000e-06	-3.183121e-07	2.342412e-12	-2.481172e+00	5.416804e-03
3.810000e-06	-3.293165e-07	1.198097e-12	-2.566949e+00	6.105769e-03
3.820000e-06	-3.402626e-07	-3.204191e-13	-2.652271e+00	6.688528e-03
3.830000e-06	-3.511261e-07	-8.978541e-13	-2.736950e+00	6.895333e-03
3.840000e-06	-3.619101e-07	-5.693540e-13	-2.821009e+00	6.598937e-03
3.850000e-06	-3.725984e-07	-4.591112e-13	-2.904322e+00	5.854770e-03
3.860000e-06	-3.832048e-07	-1.702884e-12	-2.986996e+00	4.876819e-03
3.870000e-06	-3.937509e-07	-1.926491e-12	-3.069200e+00	3.959177e-03
3.880000e-06	-4.042313e-07	-1.530209e-13	-3.150893e+00	3.372107e-03
3.890000e-06	-4.146492e-07	1.424713e-12	-3.232098e+00	3.269749e-03
3.900000e-06	-4.250014e-07	9.216967e-13	-3.312791e+00	3.641622e-03
3.910000e-06	-4.352830e-07	-8.786691e-13	-3.392934e+00	4.323661e-03
3.920000e-06	-4.454930e-07	2.776259e-13	-3.472519e+00	5.062870e-03
3.930000e-06	-4.556225e-07	2.241333e-12	-3.551476e+00	5.610543e-03
3.940000e-06	-4.656508e-07	1.584677e-12	-3.629644e+00	5.809347e-03
3.950000e-06	-4.755604e-07	-8.064852e-13	-3.706887e+00	5.642722e-03
3.960000e-06	-4.853673e-07	-6.825861e-13	-3.783330e+00	5.229650e-03
3.970000e-06	-4.951153e-07	2.802409e-12	-3.859314e+00	4.768493e-03
3.980000e-06	-5.047958e-07	4.042087e-12	-3.934771e+00	4.452509e-03
3.990000e-06	-5.144049e-07	2.235857e-13	-4.009672e+00	4.390002e-03
4.000000e-06	-5.239786e-07	-3.906301e-12	-4.084296e+00	4.559968e-03
4.010000e-06	-5.335220e-07	-4.618393e-12	-4.158685e+00	4.820437e-03
4.020000e-06	-5.430254e-07	-4.439313e-12	-4.232762e+00	4.966621e-03
4.030000e-06	-5.524582e-07	-6.055949e-12	-4.306289e+00	4.816818e-03
4.040000e-06	-5.617755e-07	-6.667356e-12	-4.378915e+00	4.293092e-03
4.050000e-06	-5.709620e-07	-5.705748e-12	-4.450521e+00	3.465020e-03
4.060000e-06	-5.800120e-07	-3.723641e-12	-4.521065e+00	2.538055e-03
4.070000e-06	-5.889051e-07	-3.542437e-12	-4.590384e+00	1.788403e-03
4.080000e-06	-5.976260e-07	-5.772474e-12	-4.658362e+00	1.466432e-03
4.090000e-06	-6.061647e-07	-5.941187e-12	-4.724919e+00	1.703023e-03
4.100000e-06	-6.145251e-07	-5.003889e-12	-4.790086e+00	2.453287e-03
4.110000e-06	-6.227463e-07	-5.834852e-12	-4.854169e+00	3.499600e-03
4.120000e-06	-6.308564e-07	-7.932218e-12	-4.917385e+00	4.515148e-03
4.130000e-06	-6.388821e-07	-9.278918e-12	-4.979944e+00	5.167624e-03
4.140000e-06	-6.468576e-07	-9.347043e-12	-5.042111e+00	5.228094e-03
4.150000e-06	-6.547707e-07	-9.048169e-12	-5.103792e+00	4.647554e-03
4.160000e-06	-6.626043e-07	-9.359033e-12	-5.164853e+00	3.574499e-03
4.170000e-06	-6.703602e-07	-1.064764e-11	-5.225309e+00	2.306939e-03
4.180000e-06	-6.779943e-07	-1.055610e-11	-5.284814e+00	1.194909e-03
4.190000e-06	-6.854950e-07	-9.188664e-12	-5.343281e+00	5.264356e-04
4.200000e-06	-6.928775e-07	-1.048302e-11	-5.400826e+00	4.354137e-04
4.210000e-06	-7.001420e-07	-1.302394e-11	-5.457451e+00	8.619697e-04
4.220000e-06	-7.072976e-07	-1.283363e-11	-5.513227e+00	1.577580e-03
4.230000e-06	-7.143397e-07	-1.056825e-11	-5.568119e+00	2.264964e-03
4.240000e-06	-7.212591e-07	-1.005394e-11	-5.622054e+00	2.624441e-03
4.250000e-06	-7.280144e-07	-1.173836e-11	-5.674710e+00	2.470327e-03
4.260000e-06	-7.346419e-07	-1.230281e-11	-5.726370e+00	1.785631e-03
4.270000e-06	-7.411711e-07	-1.113795e-11	-5.777264e+00	7.187913e-04
4.280000e-06	-7.476127e-07	-1.208090e-11	-5.827475e+00	-4.732425e-04
4.290000e-06	-7.539886e-07	-1.509885e-11	-5.877173e+00	-1.513125e-03
4.300000e-06	-7.602649e-07	-1.693497e-11	-5.926095e+00	-2.190479e-03
4.310000e-06	-7.663892e-07	-1.595815e-11	-5.973833e+00	-2.418825e-03
4.320000e-06	-7.723102e-07	-1.424461e-11	-6.019986e+00	-2.245097e-03
4.330000e-06	-7.780068e-07	-1.460513e-11	-6.064390e+00	-1.812845e-03
4.340000e-06	-7.834833e-07	-1.638451e-11	-6.107078e+00	-1.296956e-03
4.350000e-06	-7.887466e-07	-1.724720e-11	-6.148104e+00	-8.368366e-04
4.360000e-06	-7.937890e-07	-1.687083e-11	-6.187409e+00	-4.936139e-04
4.370000e-06	-7.986690e-07	-1.674291e-11	-6.225447e+00	-2.458029e-04
4.380000e-06	-8.034569e-07	-1.603501e-11	-6.262768e+00	-2.174204e-05
4.390000e-06	-8.081395e-07	-1.411777e-11	-6.299267e+00	2.477588e-04
4.400000e-06	-8.126755e-07	-1.206642e-11	-6.334625e+00	5.808931e-04
4.410000e-06	-8.170480e-07	-1.105112e-11	-6.368708e+00	9.225674e-04
4.420000e-06	-8.212576e-07	-1.244545e-11	-6.401520e+00	1.159199e-03
4.430000e-06	-8.253207e-07	-1.543295e-11	-6.433191e+00	1.165664e-03
4.440000e-06	-8.292834e-07	-1.696307e-11	-6.464080e+00	8.654077e-04
4.450000e-06	-8.331346e-07	-1.670686e-11	-6.494098e+00	2.780856e-04
4.460000e-06	-8.368360e-07	-1.716840e-11	-6.522951e+00	-4.672880e-04
4.470000e-06	-8.403809e-07	-1.798720e-11	-6.550582e+00	-1.163005e-03
4.480000e-06	-8.437724e-07	-1.785612e-11	-6.577018e+00	-1.589307e-03
4.490000e-06	-8.470499e-07	-1.736638e-11	-6.602566e+00	-1.594173e-03
4.500000e-06	-8.502481e-07	-1.702134e-11	-6.627494e+00	-1.156486e-03
4.510000e-06	-8.533528e-07	-1.778963e-11	-6.651695e+00	-4.069922e-04
4.520000e-06	-8.563221e-07	-1.971041e-11	-6.674840e+00	4.043396e-04
4.530000e-06	-8.591299e-07	-2.112654e-11	-6.696727e+00	9.866597e-04
4.540000e-06	-8.616979e-07	-2.261590e-11	-6.716744e+00	1.107007e-03
4.550000e-06	-8.640187e-07	-2.409482e-11	-6.734833e+00	6.753388e-04
4.560000e-06	-8.661374e-07	-2.465336e-11	-6.751348e+00	-2.151576e-04
4.570000e-06	-8.680206e-07	-2.483806e-11	-6.766027e+00	-1.308913e-03
4.580000e-06	-8.697241e-07	-2.425952e-11	-6.779306e+00	-2.265366e-03
4.590000e-06	-8.713387e-07	-2.403340e-11	-6.791891e+00	-2.768189e-03
4.600000e-06	-8.728711e-07	-2.492146e-11	-6.803836e+00	-2.629729e-03
4.610000e-06	-8.743004e-07	-2.505921e-11	-6.814977e+00	-1.854722e-03
4.620000e-06	-8.755633e-07	-2.541360e-11	-6.824821e+00	-6.407760e-04
4.630000e-06	-8.766562e-07	-2.873394e-11	-6.833340e+00	6.854078e-04
4.640000e-06	-8.776225e-07	-2.821368e-11	-6.840872e+00	1.774879e-03
4.650000e-06	-8.784410e-07	-2.718587e-11	-6.847252e+00	2.370167e-03
4.660000e-06	-8.791064e-07	-2.775356e-11	-6.852439e+00	2.387214e-03
4.670000e-06	-8.795912e-07	-1.190438e-11	-6.856218e+00	1.937822e-03
4.680000e-06	-8.799444e-07	-3.736673e-12	-6.858971e+00	1.285545e-03
4.690000e-06	-8.802015e-07	-2.767453e-11	-6.860974e+00	7.510446e-04
