# Temperatura_=_20.0
# Concentracion g/m^3_=_10000.0
# C_Vs_to_Am_M_A/Vsm_=_65563218390.804596
# pendiente_HvsI_1/m_=_3716.3
# ordenada_HvsI_A/m_=_1297.0
# frecuencia_Hz_=_269359.9009445253

Tiempo_(s)	Campo_(V.s)	Magnetizacion_(V.s)	Campo_(kA/m)	Magnetizacion_(A/m)
0.000000e+00	-4.328811e-06	-8.791888e-09	-3.090100e+01	-5.729971e+02
1.000000e-08	-4.328093e-06	-8.792392e-09	-3.089588e+01	-5.729759e+02
2.000000e-08	-4.326046e-06	-8.790686e-09	-3.088127e+01	-5.728631e+02
3.000000e-08	-4.322664e-06	-8.785789e-09	-3.085712e+01	-5.726596e+02
4.000000e-08	-4.318221e-06	-8.779682e-09	-3.082541e+01	-5.723696e+02
5.000000e-08	-4.312693e-06	-8.773718e-09	-3.078594e+01	-5.720004e+02
6.000000e-08	-4.305957e-06	-8.766815e-09	-3.073786e+01	-5.715603e+02
7.000000e-08	-4.298193e-06	-8.752192e-09	-3.068244e+01	-5.710554e+02
8.000000e-08	-4.289407e-06	-8.739353e-09	-3.061972e+01	-5.704870e+02
9.000000e-08	-4.279027e-06	-8.760223e-09	-3.054562e+01	-5.698517e+02
1.000000e-07	-4.266761e-06	-8.766763e-09	-3.045806e+01	-5.691439e+02
1.100000e-07	-4.252893e-06	-8.733730e-09	-3.035906e+01	-5.683624e+02
1.200000e-07	-4.237700e-06	-8.637665e-09	-3.025061e+01	-5.675145e+02
1.300000e-07	-4.221431e-06	-8.629435e-09	-3.013447e+01	-5.666174e+02
1.400000e-07	-4.204050e-06	-8.741123e-09	-3.001040e+01	-5.656921e+02
1.500000e-07	-4.185515e-06	-8.667679e-09	-2.987809e+01	-5.647541e+02
1.600000e-07	-4.166115e-06	-8.550762e-09	-2.973961e+01	-5.638034e+02
1.700000e-07	-4.145797e-06	-8.646091e-09	-2.959457e+01	-5.628199e+02
1.800000e-07	-4.124358e-06	-8.640117e-09	-2.944153e+01	-5.617664e+02
1.900000e-07	-4.102022e-06	-8.510788e-09	-2.928208e+01	-5.606002e+02
2.000000e-07	-4.078779e-06	-8.569380e-09	-2.911617e+01	-5.592863e+02
2.100000e-07	-4.054282e-06	-8.541782e-09	-2.894129e+01	-5.578087e+02
2.200000e-07	-4.028403e-06	-8.415265e-09	-2.875656e+01	-5.561730e+02
2.300000e-07	-4.001261e-06	-8.483937e-09	-2.856280e+01	-5.544013e+02
2.400000e-07	-3.972996e-06	-8.485444e-09	-2.836103e+01	-5.525212e+02
2.500000e-07	-3.943699e-06	-8.384876e-09	-2.815190e+01	-5.505557e+02
2.600000e-07	-3.913340e-06	-8.399090e-09	-2.793518e+01	-5.485171e+02
2.700000e-07	-3.881912e-06	-8.346027e-09	-2.771084e+01	-5.464083e+02
2.800000e-07	-3.849596e-06	-8.291691e-09	-2.748015e+01	-5.442283e+02
2.900000e-07	-3.816209e-06	-8.311819e-09	-2.724182e+01	-5.419771e+02
3.000000e-07	-3.781381e-06	-8.217895e-09	-2.699320e+01	-5.396577e+02
3.100000e-07	-3.745275e-06	-8.170034e-09	-2.673546e+01	-5.372729e+02
3.200000e-07	-3.708097e-06	-8.210766e-09	-2.647007e+01	-5.348202e+02
3.300000e-07	-3.669874e-06	-8.143906e-09	-2.619721e+01	-5.322881e+02
3.400000e-07	-3.630640e-06	-8.070541e-09	-2.591714e+01	-5.296584e+02
3.500000e-07	-3.590454e-06	-8.052905e-09	-2.563028e+01	-5.269128e+02
3.600000e-07	-3.549326e-06	-7.983737e-09	-2.533669e+01	-5.240432e+02
3.700000e-07	-3.506926e-06	-7.946496e-09	-2.503402e+01	-5.210571e+02
3.800000e-07	-3.463237e-06	-7.930967e-09	-2.472215e+01	-5.179766e+02
3.900000e-07	-3.418522e-06	-7.845500e-09	-2.440295e+01	-5.148288e+02
4.000000e-07	-3.372864e-06	-7.788916e-09	-2.407702e+01	-5.116316e+02
4.100000e-07	-3.326228e-06	-7.781922e-09	-2.374412e+01	-5.083838e+02
4.200000e-07	-3.278680e-06	-7.720083e-09	-2.340469e+01	-5.050621e+02
4.300000e-07	-3.230318e-06	-7.628041e-09	-2.305947e+01	-5.016306e+02
4.400000e-07	-3.180815e-06	-7.584027e-09	-2.270609e+01	-4.980569e+02
4.500000e-07	-3.129904e-06	-7.544709e-09	-2.234267e+01	-4.943277e+02
4.600000e-07	-3.077930e-06	-7.494542e-09	-2.197165e+01	-4.904558e+02
4.700000e-07	-3.025131e-06	-7.427009e-09	-2.159475e+01	-4.864740e+02
4.800000e-07	-2.971406e-06	-7.347286e-09	-2.121124e+01	-4.824189e+02
4.900000e-07	-2.916799e-06	-7.294976e-09	-2.082143e+01	-4.783113e+02
5.000000e-07	-2.861420e-06	-7.242612e-09	-2.042611e+01	-4.741444e+02
5.100000e-07	-2.805446e-06	-7.165612e-09	-2.002654e+01	-4.698855e+02
5.200000e-07	-2.748947e-06	-7.089155e-09	-1.962322e+01	-4.654903e+02
5.300000e-07	-2.691487e-06	-7.022495e-09	-1.921305e+01	-4.609246e+02
5.400000e-07	-2.632855e-06	-6.953372e-09	-1.879450e+01	-4.561803e+02
5.500000e-07	-2.573421e-06	-6.884653e-09	-1.837024e+01	-4.512784e+02
5.600000e-07	-2.513412e-06	-6.800746e-09	-1.794187e+01	-4.462579e+02
5.700000e-07	-2.452795e-06	-6.711526e-09	-1.750916e+01	-4.411546e+02
5.800000e-07	-2.391522e-06	-6.638403e-09	-1.707176e+01	-4.359823e+02
5.900000e-07	-2.329609e-06	-6.568643e-09	-1.662980e+01	-4.307252e+02
6.000000e-07	-2.267152e-06	-6.480627e-09	-1.618395e+01	-4.253454e+02
6.100000e-07	-2.204047e-06	-6.382721e-09	-1.573348e+01	-4.198016e+02
6.200000e-07	-2.140253e-06	-6.295683e-09	-1.527809e+01	-4.140685e+02
6.300000e-07	-2.075948e-06	-6.212926e-09	-1.481905e+01	-4.081467e+02
6.400000e-07	-2.011105e-06	-6.124950e-09	-1.435617e+01	-4.020586e+02
6.500000e-07	-1.945480e-06	-6.023525e-09	-1.388771e+01	-3.958335e+02
6.600000e-07	-1.878934e-06	-5.922209e-09	-1.341268e+01	-3.894899e+02
6.700000e-07	-1.811655e-06	-5.830157e-09	-1.293241e+01	-3.830255e+02
6.800000e-07	-1.743908e-06	-5.731633e-09	-1.244880e+01	-3.764187e+02
6.900000e-07	-1.675815e-06	-5.617626e-09	-1.196272e+01	-3.696410e+02
7.000000e-07	-1.607413e-06	-5.501158e-09	-1.147444e+01	-3.626709e+02
7.100000e-07	-1.538634e-06	-5.396615e-09	-1.098346e+01	-3.555016e+02
7.200000e-07	-1.469357e-06	-5.293067e-09	-1.048893e+01	-3.481389e+02
7.300000e-07	-1.399623e-06	-5.176263e-09	-9.991140e+00	-3.405912e+02
7.400000e-07	-1.329508e-06	-5.048635e-09	-9.490627e+00	-3.328604e+02
7.500000e-07	-1.258944e-06	-4.925166e-09	-8.986913e+00	-3.249387e+02
7.600000e-07	-1.188036e-06	-4.806762e-09	-8.480738e+00	-3.168153e+02
7.700000e-07	-1.116882e-06	-4.681341e-09	-7.972808e+00	-3.084865e+02
7.800000e-07	-1.045380e-06	-4.545136e-09	-7.462392e+00	-2.999621e+02
7.900000e-07	-9.735875e-07	-4.409133e-09	-6.949906e+00	-2.912623e+02
8.000000e-07	-9.015929e-07	-4.280331e-09	-6.435976e+00	-2.824033e+02
8.100000e-07	-8.294715e-07	-4.147675e-09	-5.921141e+00	-2.733820e+02
8.200000e-07	-7.572465e-07	-4.002359e-09	-5.405567e+00	-2.641682e+02
8.300000e-07	-6.849025e-07	-3.848655e-09	-4.889142e+00	-2.547121e+02
8.400000e-07	-6.124569e-07	-3.698557e-09	-4.371993e+00	-2.449659e+02
8.500000e-07	-5.398608e-07	-3.549165e-09	-3.853770e+00	-2.349083e+02
8.600000e-07	-4.671313e-07	-3.391116e-09	-3.334594e+00	-2.245575e+02
8.700000e-07	-3.943380e-07	-3.224199e-09	-2.814963e+00	-2.139644e+02
8.800000e-07	-3.214534e-07	-3.057488e-09	-2.294679e+00	-2.031863e+02
8.900000e-07	-2.484161e-07	-2.895028e-09	-1.773306e+00	-1.922537e+02
9.000000e-07	-1.752473e-07	-2.726601e-09	-1.250994e+00	-1.811491e+02
9.100000e-07	-1.020838e-07	-2.548013e-09	-7.287201e-01	-1.698083e+02
9.200000e-07	-2.893133e-08	-2.365642e-09	-2.065248e-01	-1.581480e+02
9.300000e-07	4.426395e-08	-2.183472e-09	3.159760e-01	-1.461047e+02
9.400000e-07	1.174463e-07	-1.996123e-09	8.383845e-01	-1.336659e+02
9.500000e-07	1.905979e-07	-1.799624e-09	1.360573e+00	-1.208764e+02
9.600000e-07	2.636636e-07	-1.597507e-09	1.882149e+00	-1.078168e+02
9.700000e-07	3.366454e-07	-1.396650e-09	2.403127e+00	-9.456325e+01
9.800000e-07	4.095492e-07	-1.196287e-09	2.923547e+00	-8.114933e+01
9.900000e-07	4.823478e-07	-9.893969e-10	3.443216e+00	-6.755050e+01
1.000000e-06	5.549892e-07	-7.724687e-10	3.961763e+00	-5.369739e+01
1.010000e-06	6.274854e-07	-5.505974e-10	4.479274e+00	-3.951179e+01
1.020000e-06	6.998713e-07	-3.288844e-10	4.995996e+00	-2.494666e+01
1.030000e-06	7.720947e-07	-1.035464e-10	5.511560e+00	-1.001053e+01
1.040000e-06	8.441439e-07	1.280934e-10	6.025879e+00	5.234613e+00
1.050000e-06	9.160826e-07	3.638992e-10	6.539411e+00	2.069890e+01
1.060000e-06	9.879117e-07	6.001329e-10	7.052159e+00	3.629918e+01
1.070000e-06	1.059538e-06	8.365995e-10	7.563461e+00	5.198504e+01
1.080000e-06	1.130915e-06	1.077337e-09	8.072981e+00	6.774477e+01
1.090000e-06	1.201951e-06	1.322022e-09	8.580069e+00	8.359086e+01
1.100000e-06	1.272620e-06	1.565526e-09	9.084536e+00	9.953506e+01
1.110000e-06	1.342940e-06	1.806591e-09	9.586511e+00	1.155665e+02
1.120000e-06	1.412863e-06	2.050067e-09	1.008566e+01	1.316432e+02
1.130000e-06	1.482344e-06	2.295539e-09	1.058164e+01	1.476981e+02
1.140000e-06	1.551381e-06	2.538243e-09	1.107446e+01	1.636547e+02
1.150000e-06	1.619976e-06	2.775746e-09	1.156412e+01	1.794421e+02
1.160000e-06	1.688187e-06	3.010346e-09	1.205104e+01	1.950038e+02
1.170000e-06	1.756061e-06	3.243973e-09	1.253555e+01	2.102972e+02
1.180000e-06	1.823517e-06	3.473639e-09	1.301709e+01	2.252894e+02
1.190000e-06	1.890350e-06	3.695304e-09	1.349417e+01	2.399521e+02
1.200000e-06	1.956329e-06	3.909725e-09	1.396516e+01	2.542599e+02
1.210000e-06	2.021426e-06	4.119788e-09	1.442985e+01	2.681910e+02
1.220000e-06	2.085849e-06	4.326101e-09	1.488973e+01	2.817283e+02
1.230000e-06	2.149850e-06	4.524572e-09	1.534660e+01	2.948583e+02
1.240000e-06	2.213413e-06	4.713781e-09	1.580034e+01	3.075684e+02
1.250000e-06	2.276381e-06	4.897400e-09	1.624983e+01	3.198455e+02
1.260000e-06	2.338704e-06	5.076830e-09	1.669473e+01	3.316779e+02
1.270000e-06	2.400402e-06	5.250674e-09	1.713515e+01	3.430607e+02
1.280000e-06	2.461477e-06	5.417020e-09	1.757113e+01	3.540022e+02
1.290000e-06	2.521971e-06	5.576457e-09	1.800297e+01	3.645263e+02
1.300000e-06	2.581979e-06	5.729831e-09	1.843133e+01	3.746676e+02
1.310000e-06	2.641470e-06	5.879070e-09	1.885601e+01	3.844606e+02
1.320000e-06	2.700002e-06	6.024091e-09	1.927383e+01	3.939279e+02
1.330000e-06	2.757266e-06	6.163337e-09	1.968261e+01	4.030724e+02
1.340000e-06	2.813589e-06	6.297677e-09	2.008467e+01	4.118793e+02
1.350000e-06	2.869327e-06	6.427465e-09	2.048255e+01	4.203255e+02
1.360000e-06	2.924432e-06	6.549974e-09	2.087592e+01	4.283927e+02
1.370000e-06	2.978728e-06	6.664898e-09	2.126350e+01	4.360759e+02
1.380000e-06	3.032239e-06	6.772372e-09	2.164549e+01	4.433854e+02
1.390000e-06	3.084891e-06	6.874014e-09	2.202134e+01	4.503415e+02
1.400000e-06	3.136558e-06	6.972026e-09	2.239016e+01	4.569670e+02
1.410000e-06	3.187109e-06	7.067954e-09	2.275102e+01	4.632832e+02
1.420000e-06	3.236405e-06	7.159966e-09	2.310291e+01	4.693110e+02
1.430000e-06	3.284631e-06	7.246734e-09	2.344717e+01	4.750752e+02
1.440000e-06	3.331950e-06	7.330652e-09	2.378496e+01	4.806072e+02
1.450000e-06	3.378403e-06	7.411064e-09	2.411657e+01	4.859414e+02
1.460000e-06	3.424020e-06	7.488046e-09	2.444219e+01	4.911057e+02
1.470000e-06	3.468745e-06	7.561952e-09	2.476147e+01	4.961110e+02
1.480000e-06	3.512606e-06	7.632861e-09	2.507457e+01	5.009463e+02
1.490000e-06	3.555440e-06	7.701491e-09	2.538033e+01	5.055858e+02
1.500000e-06	3.596909e-06	7.768688e-09	2.567636e+01	5.100035e+02
1.510000e-06	3.637192e-06	7.832052e-09	2.596392e+01	5.141910e+02
1.520000e-06	3.676605e-06	7.892529e-09	2.624526e+01	5.181662e+02
1.530000e-06	3.715041e-06	7.951410e-09	2.651963e+01	5.219686e+02
1.540000e-06	3.752412e-06	8.007416e-09	2.678641e+01	5.256411e+02
1.550000e-06	3.788822e-06	8.059339e-09	2.704632e+01	5.292086e+02
1.560000e-06	3.824309e-06	8.107878e-09	2.729964e+01	5.326642e+02
1.570000e-06	3.858528e-06	8.154952e-09	2.754391e+01	5.359726e+02
1.580000e-06	3.891360e-06	8.200724e-09	2.777828e+01	5.390886e+02
1.590000e-06	3.923134e-06	8.243223e-09	2.800509e+01	5.419818e+02
1.600000e-06	3.953896e-06	8.282496e-09	2.822469e+01	5.446557e+02
1.610000e-06	3.983665e-06	8.320401e-09	2.843720e+01	5.471490e+02
1.620000e-06	4.012503e-06	8.357790e-09	2.864305e+01	5.495186e+02
1.630000e-06	4.040357e-06	8.392875e-09	2.884189e+01	5.518137e+02
1.640000e-06	4.066894e-06	8.423296e-09	2.903132e+01	5.540534e+02
1.650000e-06	4.091943e-06	8.451222e-09	2.921014e+01	5.562191e+02
1.660000e-06	4.115809e-06	8.478152e-09	2.938050e+01	5.582664e+02
1.670000e-06	4.138592e-06	8.504153e-09	2.954314e+01	5.601492e+02
1.680000e-06	4.160311e-06	8.528746e-09	2.969818e+01	5.618428e+02
1.690000e-06	4.181038e-06	8.551002e-09	2.984613e+01	5.633564e+02
1.700000e-06	4.200794e-06	8.571047e-09	2.998716e+01	5.647275e+02
1.710000e-06	4.219429e-06	8.590943e-09	3.012019e+01	5.660040e+02
1.720000e-06	4.236767e-06	8.609755e-09	3.024395e+01	5.672226e+02
1.730000e-06	4.252827e-06	8.625599e-09	3.035860e+01	5.683948e+02
1.740000e-06	4.267650e-06	8.639669e-09	3.046441e+01	5.695069e+02
1.750000e-06	4.281243e-06	8.653321e-09	3.056144e+01	5.705308e+02
1.760000e-06	4.293630e-06	8.665975e-09	3.064987e+01	5.714400e+02
1.770000e-06	4.304621e-06	8.676297e-09	3.072833e+01	5.722224e+02
1.780000e-06	4.314059e-06	8.685147e-09	3.079570e+01	5.728831e+02
1.790000e-06	4.322221e-06	8.694989e-09	3.085396e+01	5.734401e+02
1.800000e-06	4.329258e-06	8.705573e-09	3.090419e+01	5.739139e+02
1.810000e-06	4.335081e-06	8.715558e-09	3.094576e+01	5.743196e+02
1.820000e-06	4.339805e-06	8.722461e-09	3.097948e+01	5.746624e+02
1.830000e-06	4.343463e-06	8.724545e-09	3.100559e+01	5.749394e+02
1.840000e-06	4.345733e-06	8.724273e-09	3.102180e+01	5.751433e+02
1.850000e-06	4.346517e-06	8.723611e-09	3.102740e+01	5.752660e+02
1.860000e-06	4.346081e-06	8.721697e-09	3.102428e+01	5.753015e+02
1.870000e-06	4.344591e-06	8.718353e-09	3.101365e+01	5.752462e+02
1.880000e-06	4.342021e-06	8.718746e-09	3.099530e+01	5.750992e+02
1.890000e-06	4.338413e-06	8.720936e-09	3.096955e+01	5.748628e+02
1.900000e-06	4.333736e-06	8.719933e-09	3.093616e+01	5.745423e+02
1.910000e-06	4.327682e-06	8.716263e-09	3.089294e+01	5.741457e+02
1.920000e-06	4.320310e-06	8.714169e-09	3.084032e+01	5.736809e+02
1.930000e-06	4.311905e-06	8.716842e-09	3.078032e+01	5.731525e+02
1.940000e-06	4.302447e-06	8.671262e-09	3.071281e+01	5.725598e+02
1.950000e-06	4.291455e-06	8.629641e-09	3.063434e+01	5.718980e+02
1.960000e-06	4.278233e-06	8.635471e-09	3.053995e+01	5.711624e+02
1.970000e-06	4.263098e-06	8.719597e-09	3.043191e+01	5.703547e+02
1.980000e-06	4.247274e-06	8.706203e-09	3.031895e+01	5.694862e+02
1.990000e-06	4.231178e-06	8.560741e-09	3.020405e+01	5.685762e+02
2.000000e-06	4.213954e-06	8.614588e-09	3.008110e+01	5.676451e+02
2.010000e-06	4.195221e-06	8.711708e-09	2.994737e+01	5.667036e+02
2.020000e-06	4.175769e-06	8.572229e-09	2.980852e+01	5.657442e+02
2.030000e-06	4.155441e-06	8.537578e-09	2.966341e+01	5.647395e+02
2.040000e-06	4.133364e-06	8.660231e-09	2.950582e+01	5.636488e+02
2.050000e-06	4.109979e-06	8.548297e-09	2.933888e+01	5.624306e+02
2.060000e-06	4.085718e-06	8.500557e-09	2.916570e+01	5.610561e+02
2.070000e-06	4.060282e-06	8.614551e-09	2.898412e+01	5.595176e+02
2.080000e-06	4.033876e-06	8.494414e-09	2.879562e+01	5.578279e+02
2.090000e-06	4.006562e-06	8.418041e-09	2.860065e+01	5.560126e+02
2.100000e-06	3.977934e-06	8.466091e-09	2.839629e+01	5.540984e+02
2.110000e-06	3.948061e-06	8.358602e-09	2.818304e+01	5.521048e+02
2.120000e-06	3.916956e-06	8.373763e-09	2.796100e+01	5.500400e+02
2.130000e-06	3.884567e-06	8.365897e-09	2.772979e+01	5.479049e+02
2.140000e-06	3.851250e-06	8.235724e-09	2.749195e+01	5.456981e+02
2.150000e-06	3.816987e-06	8.317156e-09	2.724738e+01	5.434210e+02
2.160000e-06	3.781705e-06	8.290910e-09	2.699551e+01	5.410770e+02
2.170000e-06	3.745396e-06	8.117341e-09	2.673632e+01	5.386677e+02
2.180000e-06	3.707602e-06	8.155853e-09	2.646653e+01	5.361872e+02
2.190000e-06	3.668429e-06	8.137386e-09	2.618690e+01	5.336210e+02
2.200000e-06	3.628383e-06	8.058626e-09	2.590103e+01	5.309497e+02
2.210000e-06	3.587392e-06	8.079789e-09	2.560842e+01	5.281580e+02
2.220000e-06	3.545376e-06	7.991907e-09	2.530849e+01	5.252430e+02
2.230000e-06	3.502443e-06	7.932650e-09	2.500201e+01	5.222185e+02
2.240000e-06	3.458641e-06	7.934034e-09	2.468934e+01	5.191100e+02
2.250000e-06	3.413882e-06	7.859481e-09	2.436983e+01	5.159425e+02
2.260000e-06	3.368099e-06	7.784488e-09	2.404301e+01	5.127280e+02
2.270000e-06	3.321361e-06	7.744795e-09	2.370937e+01	5.094562e+02
2.280000e-06	3.273586e-06	7.736160e-09	2.336833e+01	5.060979e+02
2.290000e-06	3.224751e-06	7.678587e-09	2.301973e+01	5.026163e+02
2.300000e-06	3.175021e-06	7.590247e-09	2.266473e+01	4.989846e+02
2.310000e-06	3.124434e-06	7.540444e-09	2.230362e+01	4.951992e+02
2.320000e-06	3.073038e-06	7.485358e-09	2.193673e+01	4.912818e+02
2.330000e-06	3.020698e-06	7.437038e-09	2.156311e+01	4.872688e+02
2.340000e-06	2.967166e-06	7.364608e-09	2.118097e+01	4.831931e+02
2.350000e-06	2.912530e-06	7.290193e-09	2.079095e+01	4.790658e+02
2.360000e-06	2.857036e-06	7.253753e-09	2.039481e+01	4.748694e+02
2.370000e-06	2.800872e-06	7.175953e-09	1.999388e+01	4.705646e+02
2.380000e-06	2.744016e-06	7.103639e-09	1.958802e+01	4.661085e+02
2.390000e-06	2.686414e-06	7.044221e-09	1.917684e+01	4.614753e+02
2.400000e-06	2.628080e-06	6.962179e-09	1.876042e+01	4.566682e+02
2.410000e-06	2.569058e-06	6.904835e-09	1.833909e+01	4.517171e+02
2.420000e-06	2.509498e-06	6.833249e-09	1.791393e+01	4.466623e+02
2.430000e-06	2.449376e-06	6.745970e-09	1.748475e+01	4.415333e+02
2.440000e-06	2.388465e-06	6.654345e-09	1.704994e+01	4.363326e+02
2.450000e-06	2.326575e-06	6.571260e-09	1.660814e+01	4.310347e+02
2.460000e-06	2.263704e-06	6.505451e-09	1.615934e+01	4.255979e+02
2.470000e-06	2.200144e-06	6.419303e-09	1.570562e+01	4.199850e+02
2.480000e-06	2.136121e-06	6.330017e-09	1.524859e+01	4.141798e+02
2.490000e-06	2.071601e-06	6.238753e-09	1.478802e+01	4.081923e+02
2.500000e-06	2.006475e-06	6.149544e-09	1.432313e+01	4.020498e+02
2.510000e-06	1.940687e-06	6.057264e-09	1.385350e+01	3.957793e+02
2.520000e-06	1.874368e-06	5.947655e-09	1.338008e+01	3.893920e+02
2.530000e-06	1.807575e-06	5.848439e-09	1.290328e+01	3.828776e+02
2.540000e-06	1.740282e-06	5.755426e-09	1.242292e+01	3.762100e+02
2.550000e-06	1.672578e-06	5.655950e-09	1.193962e+01	3.693622e+02
2.560000e-06	1.604534e-06	5.547261e-09	1.145389e+01	3.623175e+02
2.570000e-06	1.536073e-06	5.432036e-09	1.096518e+01	3.550747e+02
2.580000e-06	1.466968e-06	5.323453e-09	1.047188e+01	3.476420e+02
2.590000e-06	1.397151e-06	5.213385e-09	9.973490e+00	3.400261e+02
2.600000e-06	1.326680e-06	5.094078e-09	9.470437e+00	3.322252e+02
2.610000e-06	1.255645e-06	4.967383e-09	8.963357e+00	3.242291e+02
2.620000e-06	1.184254e-06	4.842113e-09	8.453739e+00	3.160286e+02
2.630000e-06	1.112651e-06	4.719925e-09	7.942607e+00	3.076246e+02
2.640000e-06	1.040917e-06	4.587938e-09	7.430534e+00	2.990321e+02
2.650000e-06	9.690383e-07	4.449962e-09	6.917432e+00	2.902716e+02
2.660000e-06	8.969533e-07	4.313628e-09	6.402857e+00	2.813537e+02
2.670000e-06	8.246929e-07	4.182520e-09	5.887030e+00	2.722653e+02
2.680000e-06	7.522691e-07	4.047599e-09	5.370035e+00	2.629670e+02
2.690000e-06	6.796692e-07	3.898840e-09	4.851785e+00	2.534069e+02
2.700000e-06	6.069018e-07	3.746042e-09	4.332338e+00	2.435446e+02
2.710000e-06	5.339423e-07	3.591890e-09	3.811521e+00	2.333729e+02
2.720000e-06	4.608336e-07	3.435260e-09	3.289638e+00	2.229244e+02
2.730000e-06	3.876015e-07	3.272765e-09	2.766874e+00	2.122561e+02
2.740000e-06	3.142754e-07	3.104530e-09	2.243439e+00	2.014189e+02
2.750000e-06	2.409235e-07	2.940178e-09	1.719821e+00	1.904269e+02
2.760000e-06	1.675364e-07	2.777024e-09	1.195950e+00	1.792431e+02
2.770000e-06	9.411299e-08	2.605207e-09	6.718209e-01	1.677922e+02
2.780000e-06	2.066108e-08	2.421452e-09	1.474881e-01	1.559937e+02
2.790000e-06	-5.279747e-08	2.233043e-09	-3.768922e-01	1.438004e+02
2.800000e-06	-1.262398e-07	2.042982e-09	-9.011568e-01	1.312223e+02
2.810000e-06	-1.996546e-07	1.847472e-09	-1.425225e+00	1.183215e+02
2.820000e-06	-2.730239e-07	1.645916e-09	-1.948968e+00	1.051821e+02
2.830000e-06	-3.463301e-07	1.441771e-09	-2.472260e+00	9.186762e+01
2.840000e-06	-4.195613e-07	1.238647e-09	-2.995017e+00	7.839039e+01
2.850000e-06	-4.926804e-07	1.034418e-09	-3.516974e+00	6.470588e+01
2.860000e-06	-5.656768e-07	8.233554e-10	-4.038056e+00	5.073651e+01
2.870000e-06	-6.385419e-07	6.042180e-10	-4.558200e+00	3.641153e+01
2.880000e-06	-7.112283e-07	3.789393e-10	-5.077068e+00	2.170322e+01
2.890000e-06	-7.836783e-07	1.473147e-10	-5.594249e+00	6.641865e+00
2.900000e-06	-8.558920e-07	-8.746403e-11	-6.109743e+00	-8.696226e+00
2.910000e-06	-9.278956e-07	-3.257356e-10	-6.623737e+00	-2.421974e+01
2.920000e-06	-9.997157e-07	-5.652497e-10	-7.136421e+00	-3.985569e+01
2.930000e-06	-1.071388e-06	-8.033372e-10	-7.648053e+00	-5.556869e+01
2.940000e-06	-1.142923e-06	-1.042069e-09	-8.158702e+00	-7.135866e+01
2.950000e-06	-1.214255e-06	-1.284333e-09	-8.667896e+00	-8.724087e+01
2.960000e-06	-1.285200e-06	-1.531014e-09	-9.174334e+00	-1.032206e+02
2.970000e-06	-1.355628e-06	-1.777443e-09	-9.677083e+00	-1.192754e+02
2.980000e-06	-1.425476e-06	-2.022755e-09	-1.017569e+01	-1.353525e+02
2.990000e-06	-1.494688e-06	-2.268343e-09	-1.066976e+01	-1.513793e+02
3.000000e-06	-1.563256e-06	-2.512790e-09	-1.115923e+01	-1.672799e+02
3.010000e-06	-1.631282e-06	-2.753801e-09	-1.164483e+01	-1.829884e+02
3.020000e-06	-1.698923e-06	-2.990948e-09	-1.212768e+01	-1.984536e+02
3.030000e-06	-1.766181e-06	-3.222419e-09	-1.260780e+01	-2.136375e+02
3.040000e-06	-1.832947e-06	-3.448349e-09	-1.308440e+01	-2.285092e+02
3.050000e-06	-1.899170e-06	-3.670794e-09	-1.355713e+01	-2.430414e+02
3.060000e-06	-1.964897e-06	-3.888833e-09	-1.402632e+01	-2.572101e+02
3.070000e-06	-2.030131e-06	-4.101219e-09	-1.449199e+01	-2.709951e+02
3.080000e-06	-2.094722e-06	-4.309786e-09	-1.495307e+01	-2.843810e+02
3.090000e-06	-2.158693e-06	-4.514559e-09	-1.540972e+01	-2.973549e+02
3.100000e-06	-2.222188e-06	-4.710458e-09	-1.586298e+01	-3.099041e+02
3.110000e-06	-2.285138e-06	-4.894794e-09	-1.631234e+01	-3.220155e+02
3.120000e-06	-2.347341e-06	-5.069964e-09	-1.675638e+01	-3.336791e+02
3.130000e-06	-2.408623e-06	-5.239948e-09	-1.719384e+01	-3.448944e+02
3.140000e-06	-2.469066e-06	-5.405478e-09	-1.762531e+01	-3.556757e+02
3.150000e-06	-2.528884e-06	-5.565188e-09	-1.805231e+01	-3.660517e+02
3.160000e-06	-2.588117e-06	-5.718308e-09	-1.847514e+01	-3.760587e+02
3.170000e-06	-2.646685e-06	-5.866520e-09	-1.889323e+01	-3.857277e+02
3.180000e-06	-2.704533e-06	-6.011414e-09	-1.930618e+01	-3.950746e+02
3.190000e-06	-2.761672e-06	-6.150105e-09	-1.971406e+01	-4.040948e+02
3.200000e-06	-2.818088e-06	-6.281050e-09	-2.011678e+01	-4.127690e+02
3.210000e-06	-2.873814e-06	-6.406390e-09	-2.051458e+01	-4.210745e+02
3.220000e-06	-2.928792e-06	-6.528503e-09	-2.090704e+01	-4.289973e+02
3.230000e-06	-2.982628e-06	-6.647483e-09	-2.129134e+01	-4.365383e+02
3.240000e-06	-3.035229e-06	-6.759609e-09	-2.166683e+01	-4.437124e+02
3.250000e-06	-3.086915e-06	-6.865436e-09	-2.203579e+01	-4.505418e+02
3.260000e-06	-3.137777e-06	-6.967311e-09	-2.239887e+01	-4.570488e+02
3.270000e-06	-3.187656e-06	-7.064536e-09	-2.275492e+01	-4.632541e+02
3.280000e-06	-3.236473e-06	-7.157639e-09	-2.310340e+01	-4.691796e+02
3.290000e-06	-3.284115e-06	-7.245439e-09	-2.344350e+01	-4.748526e+02
3.300000e-06	-3.330639e-06	-7.329462e-09	-2.377560e+01	-4.803063e+02
3.310000e-06	-3.376266e-06	-7.412213e-09	-2.410131e+01	-4.855742e+02
3.320000e-06	-3.421016e-06	-7.492332e-09	-2.442076e+01	-4.906786e+02
3.330000e-06	-3.464978e-06	-7.568034e-09	-2.473457e+01	-4.956223e+02
3.340000e-06	-3.508213e-06	-7.640865e-09	-2.504320e+01	-5.003875e+02
3.350000e-06	-3.550583e-06	-7.712954e-09	-2.534566e+01	-5.049461e+02
3.360000e-06	-3.591957e-06	-7.781221e-09	-2.564100e+01	-5.092770e+02
3.370000e-06	-3.632353e-06	-7.844264e-09	-2.592937e+01	-5.133812e+02
3.380000e-06	-3.671881e-06	-7.903167e-09	-2.621154e+01	-5.172862e+02
3.390000e-06	-3.710267e-06	-7.960594e-09	-2.648556e+01	-5.210352e+02
3.400000e-06	-3.747200e-06	-8.019291e-09	-2.674920e+01	-5.246668e+02
3.410000e-06	-3.783010e-06	-8.076902e-09	-2.700483e+01	-5.281948e+02
3.420000e-06	-3.817864e-06	-8.130786e-09	-2.725363e+01	-5.316003e+02
3.430000e-06	-3.851663e-06	-8.181430e-09	-2.749491e+01	-5.348414e+02
3.440000e-06	-3.884411e-06	-8.228640e-09	-2.772867e+01	-5.378757e+02
3.450000e-06	-3.916184e-06	-8.272555e-09	-2.795549e+01	-5.406841e+02
3.460000e-06	-3.946864e-06	-8.313109e-09	-2.817449e+01	-5.432841e+02
3.470000e-06	-3.976138e-06	-8.350680e-09	-2.838347e+01	-5.457239e+02
3.480000e-06	-4.004181e-06	-8.388601e-09	-2.858365e+01	-5.480610e+02
3.490000e-06	-4.031262e-06	-8.427974e-09	-2.877697e+01	-5.503350e+02
3.500000e-06	-4.057219e-06	-8.467491e-09	-2.896226e+01	-5.525508e+02
3.510000e-06	-4.081988e-06	-8.502479e-09	-2.913907e+01	-5.546778e+02
3.520000e-06	-4.105814e-06	-8.533249e-09	-2.930915e+01	-5.566680e+02
3.530000e-06	-4.128598e-06	-8.560589e-09	-2.947179e+01	-5.584808e+02
3.540000e-06	-4.149951e-06	-8.585554e-09	-2.962422e+01	-5.601039e+02
3.550000e-06	-4.170043e-06	-8.609120e-09	-2.976765e+01	-5.615585e+02
3.560000e-06	-4.189135e-06	-8.629622e-09	-2.990393e+01	-5.628886e+02
3.570000e-06	-4.207144e-06	-8.651359e-09	-3.003249e+01	-5.641401e+02
3.580000e-06	-4.224057e-06	-8.674467e-09	-3.015322e+01	-5.653412e+02
3.590000e-06	-4.239924e-06	-8.694692e-09	-3.026649e+01	-5.664935e+02
3.600000e-06	-4.254555e-06	-8.711207e-09	-3.037093e+01	-5.675759e+02
3.610000e-06	-4.267650e-06	-8.724778e-09	-3.046441e+01	-5.685592e+02
3.620000e-06	-4.279295e-06	-8.737636e-09	-3.054753e+01	-5.694212e+02
3.630000e-06	-4.289627e-06	-8.749375e-09	-3.062129e+01	-5.701563e+02
3.640000e-06	-4.298735e-06	-8.757920e-09	-3.068631e+01	-5.707755e+02
3.650000e-06	-4.306830e-06	-8.764609e-09	-3.074409e+01	-5.712989e+02
3.660000e-06	-4.313777e-06	-8.770329e-09	-3.079368e+01	-5.717457e+02
3.670000e-06	-4.319227e-06	-8.776978e-09	-3.083259e+01	-5.721276e+02
3.680000e-06	-4.323324e-06	-8.783272e-09	-3.086184e+01	-5.724463e+02
3.690000e-06	-4.326294e-06	-8.787008e-09	-3.088303e+01	-5.726967e+02
3.700000e-06	-4.328132e-06	-8.789484e-09	-3.089616e+01	-5.728708e+02
3.710000e-06	-4.328829e-06	-8.791410e-09	-3.090113e+01	-5.729613e+02
