# Temperatura_=_20.0
# Concentracion g/m^3_=_10000.0
# C_Vs_to_Am_M_A/Vsm_=_65563218390.804596
# pendiente_HvsI_1/m_=_3716.3
# ordenada_HvsI_A/m_=_1297.0
# frecuencia_Hz_=_212870.83202446878

Tiempo_(s)	Campo_(V.s)	Magnetizacion_(V.s)	Campo_(kA/m)	Magnetizacion_(A/m)
0.000000e+00	-8.180338e-06	-1.138230e-08	-5.697608e+01	-7.444949e+02
1.000000e-08	-8.178678e-06	-1.137664e-08	-5.696453e+01	-7.444208e+02
2.000000e-08	-8.175442e-06	-1.137725e-08	-5.694198e+01	-7.442987e+02
3.000000e-08	-8.170857e-06	-1.137570e-08	-5.691005e+01	-7.441295e+02
4.000000e-08	-8.165020e-06	-1.137226e-08	-5.686939e+01	-7.439193e+02
5.000000e-08	-8.157922e-06	-1.136793e-08	-5.681996e+01	-7.436772e+02
6.000000e-08	-8.149590e-06	-1.136413e-08	-5.676192e+01	-7.434105e+02
7.000000e-08	-8.139717e-06	-1.135218e-08	-5.669316e+01	-7.431202e+02
8.000000e-08	-8.128106e-06	-1.132464e-08	-5.661229e+01	-7.427997e+02
9.000000e-08	-8.114759e-06	-1.134062e-08	-5.651933e+01	-7.424357e+02
1.000000e-07	-8.099409e-06	-1.136464e-08	-5.641241e+01	-7.420140e+02
1.100000e-07	-8.082151e-06	-1.134154e-08	-5.629221e+01	-7.415268e+02
1.200000e-07	-8.063460e-06	-1.134232e-08	-5.616203e+01	-7.409780e+02
1.300000e-07	-8.043810e-06	-1.129748e-08	-5.602517e+01	-7.403857e+02
1.400000e-07	-8.023297e-06	-1.123338e-08	-5.588230e+01	-7.397784e+02
1.500000e-07	-8.001564e-06	-1.135090e-08	-5.573093e+01	-7.391868e+02
1.600000e-07	-7.978601e-06	-1.127489e-08	-5.557099e+01	-7.386327e+02
1.700000e-07	-7.954392e-06	-1.119264e-08	-5.540237e+01	-7.381199e+02
1.800000e-07	-7.928443e-06	-1.132574e-08	-5.522163e+01	-7.376298e+02
1.900000e-07	-7.900956e-06	-1.124298e-08	-5.503019e+01	-7.371241e+02
2.000000e-07	-7.872419e-06	-1.122159e-08	-5.483143e+01	-7.365549e+02
2.100000e-07	-7.842674e-06	-1.129340e-08	-5.462426e+01	-7.358775e+02
2.200000e-07	-7.811620e-06	-1.118873e-08	-5.440796e+01	-7.350630e+02
2.300000e-07	-7.779203e-06	-1.117004e-08	-5.418218e+01	-7.341060e+02
2.400000e-07	-7.745267e-06	-1.120646e-08	-5.394582e+01	-7.330242e+02
2.500000e-07	-7.709878e-06	-1.114850e-08	-5.369933e+01	-7.318509e+02
2.600000e-07	-7.673140e-06	-1.114371e-08	-5.344345e+01	-7.306231e+02
2.700000e-07	-7.634957e-06	-1.111299e-08	-5.317751e+01	-7.293689e+02
2.800000e-07	-7.595460e-06	-1.109672e-08	-5.290241e+01	-7.280997e+02
2.900000e-07	-7.554714e-06	-1.108420e-08	-5.261861e+01	-7.268084e+02
3.000000e-07	-7.512408e-06	-1.106056e-08	-5.232395e+01	-7.254750e+02
3.100000e-07	-7.468479e-06	-1.103817e-08	-5.201798e+01	-7.240764e+02
3.200000e-07	-7.423169e-06	-1.101013e-08	-5.170240e+01	-7.225958e+02
3.300000e-07	-7.376561e-06	-1.102543e-08	-5.137777e+01	-7.210288e+02
3.400000e-07	-7.328642e-06	-1.097625e-08	-5.104402e+01	-7.193842e+02
3.500000e-07	-7.279110e-06	-1.093465e-08	-5.069903e+01	-7.176784e+02
3.600000e-07	-7.227757e-06	-1.091987e-08	-5.034136e+01	-7.159276e+02
3.700000e-07	-7.174918e-06	-1.087642e-08	-4.997333e+01	-7.141408e+02
3.800000e-07	-7.120752e-06	-1.086599e-08	-4.959606e+01	-7.123153e+02
3.900000e-07	-7.065336e-06	-1.083569e-08	-4.921009e+01	-7.104393e+02
4.000000e-07	-7.008704e-06	-1.079797e-08	-4.881565e+01	-7.084965e+02
4.100000e-07	-6.950714e-06	-1.077399e-08	-4.841175e+01	-7.064739e+02
4.200000e-07	-6.891442e-06	-1.074614e-08	-4.799892e+01	-7.043663e+02
4.300000e-07	-6.830944e-06	-1.071559e-08	-4.757755e+01	-7.021776e+02
4.400000e-07	-6.769198e-06	-1.066397e-08	-4.714749e+01	-6.999176e+02
4.500000e-07	-6.706352e-06	-1.062879e-08	-4.670977e+01	-6.975954e+02
4.600000e-07	-6.642534e-06	-1.059458e-08	-4.626528e+01	-6.952139e+02
4.700000e-07	-6.577602e-06	-1.055875e-08	-4.581302e+01	-6.927674e+02
4.800000e-07	-6.511316e-06	-1.051786e-08	-4.535134e+01	-6.902434e+02
4.900000e-07	-6.443784e-06	-1.046638e-08	-4.488098e+01	-6.876285e+02
5.000000e-07	-6.375181e-06	-1.043219e-08	-4.440316e+01	-6.849160e+02
5.100000e-07	-6.305573e-06	-1.039561e-08	-4.391834e+01	-6.821095e+02
5.200000e-07	-6.234994e-06	-1.034720e-08	-4.342676e+01	-6.792236e+02
5.300000e-07	-6.163419e-06	-1.029477e-08	-4.292824e+01	-6.762769e+02
5.400000e-07	-6.090759e-06	-1.024822e-08	-4.242216e+01	-6.732836e+02
5.500000e-07	-6.016882e-06	-1.020449e-08	-4.190761e+01	-6.702440e+02
5.600000e-07	-5.941827e-06	-1.015426e-08	-4.138485e+01	-6.671410e+02
5.700000e-07	-5.865635e-06	-1.009726e-08	-4.085417e+01	-6.639429e+02
5.800000e-07	-5.788293e-06	-1.004056e-08	-4.031548e+01	-6.606131e+02
5.900000e-07	-5.709842e-06	-9.991866e-09	-3.976907e+01	-6.571239e+02
6.000000e-07	-5.630271e-06	-9.941467e-09	-3.921486e+01	-6.534669e+02
6.100000e-07	-5.549532e-06	-9.878141e-09	-3.865251e+01	-6.496584e+02
6.200000e-07	-5.467634e-06	-9.811189e-09	-3.808209e+01	-6.457340e+02
6.300000e-07	-5.384792e-06	-9.751035e-09	-3.750510e+01	-6.417356e+02
6.400000e-07	-5.301174e-06	-9.692781e-09	-3.692270e+01	-6.376944e+02
6.500000e-07	-5.216758e-06	-9.629560e-09	-3.633474e+01	-6.336168e+02
6.600000e-07	-5.131520e-06	-9.556315e-09	-3.574105e+01	-6.294792e+02
6.700000e-07	-5.045385e-06	-9.486349e-09	-3.514113e+01	-6.252334e+02
6.800000e-07	-4.958399e-06	-9.425193e-09	-3.453527e+01	-6.208228e+02
6.900000e-07	-4.870630e-06	-9.357891e-09	-3.392396e+01	-6.162022e+02
7.000000e-07	-4.781936e-06	-9.280686e-09	-3.330621e+01	-6.113549e+02
7.100000e-07	-4.692256e-06	-9.201741e-09	-3.268158e+01	-6.062989e+02
7.200000e-07	-4.601669e-06	-9.130193e-09	-3.205064e+01	-6.010806e+02
7.300000e-07	-4.510213e-06	-9.052464e-09	-3.141365e+01	-5.957579e+02
7.400000e-07	-4.417897e-06	-8.961043e-09	-3.077067e+01	-5.903767e+02
7.500000e-07	-4.324748e-06	-8.866511e-09	-3.012189e+01	-5.849531e+02
7.600000e-07	-4.230871e-06	-8.778723e-09	-2.946804e+01	-5.794645e+02
7.700000e-07	-4.136350e-06	-8.696245e-09	-2.880969e+01	-5.738563e+02
7.800000e-07	-4.041130e-06	-8.607235e-09	-2.814648e+01	-5.680602e+02
7.900000e-07	-3.945197e-06	-8.513252e-09	-2.747831e+01	-5.620183e+02
8.000000e-07	-3.848527e-06	-8.419817e-09	-2.680500e+01	-5.557026e+02
8.100000e-07	-3.751096e-06	-8.324669e-09	-2.612640e+01	-5.491246e+02
8.200000e-07	-3.652949e-06	-8.220595e-09	-2.544280e+01	-5.423288e+02
8.300000e-07	-3.554107e-06	-8.105682e-09	-2.475437e+01	-5.353740e+02
8.400000e-07	-3.454644e-06	-7.991520e-09	-2.406161e+01	-5.283095e+02
8.500000e-07	-3.354635e-06	-7.884758e-09	-2.336505e+01	-5.211546e+02
8.600000e-07	-3.254043e-06	-7.777316e-09	-2.266443e+01	-5.138899e+02
8.700000e-07	-3.152895e-06	-7.661020e-09	-2.195992e+01	-5.064634e+02
8.800000e-07	-3.051275e-06	-7.539302e-09	-2.125214e+01	-4.988097e+02
8.900000e-07	-2.949253e-06	-7.420403e-09	-2.054156e+01	-4.908736e+02
9.000000e-07	-2.846834e-06	-7.300051e-09	-1.982821e+01	-4.826296e+02
9.100000e-07	-2.743970e-06	-7.167498e-09	-1.911176e+01	-4.740897e+02
9.200000e-07	-2.640644e-06	-7.026231e-09	-1.839210e+01	-4.652956e+02
9.300000e-07	-2.536897e-06	-6.887844e-09	-1.766950e+01	-4.562993e+02
9.400000e-07	-2.432691e-06	-6.751545e-09	-1.694370e+01	-4.471387e+02
9.500000e-07	-2.327897e-06	-6.608532e-09	-1.621381e+01	-4.378193e+02
9.600000e-07	-2.222545e-06	-6.458138e-09	-1.548003e+01	-4.283079e+02
9.700000e-07	-2.116787e-06	-6.306688e-09	-1.474343e+01	-4.185418e+02
9.800000e-07	-2.010704e-06	-6.156569e-09	-1.400456e+01	-4.084499e+02
9.900000e-07	-1.904260e-06	-6.002846e-09	-1.326318e+01	-3.979769e+02
1.000000e-06	-1.797421e-06	-5.839881e-09	-1.251904e+01	-3.871015e+02
1.010000e-06	-1.690249e-06	-5.668350e-09	-1.177259e+01	-3.758421e+02
1.020000e-06	-1.582757e-06	-5.490539e-09	-1.102391e+01	-3.642453e+02
1.030000e-06	-1.474938e-06	-5.307559e-09	-1.027295e+01	-3.523648e+02
1.040000e-06	-1.366827e-06	-5.119662e-09	-9.519957e+00	-3.402356e+02
1.050000e-06	-1.258390e-06	-4.926628e-09	-8.764691e+00	-3.278566e+02
1.060000e-06	-1.149647e-06	-4.734112e-09	-8.007299e+00	-3.151858e+02
1.070000e-06	-1.040650e-06	-4.540760e-09	-7.248133e+00	-3.021515e+02
1.080000e-06	-9.314551e-07	-4.341804e-09	-6.487588e+00	-2.886747e+02
1.090000e-06	-8.221408e-07	-4.133253e-09	-5.726214e+00	-2.746939e+02
1.100000e-06	-7.127010e-07	-3.913836e-09	-4.963966e+00	-2.601820e+02
1.110000e-06	-6.031376e-07	-3.686522e-09	-4.200856e+00	-2.451503e+02
1.120000e-06	-4.935251e-07	-3.449100e-09	-3.437404e+00	-2.296363e+02
1.130000e-06	-3.838400e-07	-3.201059e-09	-2.673447e+00	-2.136816e+02
1.140000e-06	-2.740645e-07	-2.946009e-09	-1.908860e+00	-1.973076e+02
1.150000e-06	-1.642736e-07	-2.687539e-09	-1.144166e+00	-1.804997e+02
1.160000e-06	-5.446187e-08	-2.427518e-09	-3.793271e-01	-1.632048e+02
1.170000e-06	5.532027e-08	-2.161503e-09	3.853059e-01	-1.453445e+02
1.180000e-06	1.650405e-07	-1.883249e-09	1.149508e+00	-1.268375e+02
1.190000e-06	2.747370e-07	-1.591022e-09	1.913544e+00	-1.076238e+02
1.200000e-06	3.843937e-07	-1.286193e-09	2.677304e+00	-8.768101e+01
1.210000e-06	4.939664e-07	-9.682305e-10	3.440478e+00	-6.702725e+01
1.220000e-06	6.034719e-07	-6.374740e-10	4.203184e+00	-4.571073e+01
1.230000e-06	7.128999e-07	-2.977835e-10	4.965350e+00	-2.379118e+01
1.240000e-06	8.221633e-07	4.745448e-11	5.726371e+00	-1.321775e+00
1.250000e-06	9.312228e-07	3.944721e-10	6.485970e+00	2.166016e+01
1.260000e-06	1.040056e-06	7.477691e-10	7.243994e+00	4.512902e+01
1.270000e-06	1.148666e-06	1.110873e-09	8.000461e+00	6.905453e+01
1.280000e-06	1.257032e-06	1.481742e-09	8.755232e+00	9.337936e+01
1.290000e-06	1.365151e-06	1.857549e-09	9.508283e+00	1.180001e+02
1.300000e-06	1.473007e-06	2.235427e-09	1.025950e+01	1.427600e+02
1.310000e-06	1.580537e-06	2.612341e-09	1.100844e+01	1.674581e+02
1.320000e-06	1.687774e-06	2.983208e-09	1.175535e+01	1.918730e+02
1.330000e-06	1.794809e-06	3.345295e-09	1.250085e+01	2.157939e+02
1.340000e-06	1.901576e-06	3.696541e-09	1.324448e+01	2.390504e+02
1.350000e-06	2.008023e-06	4.036997e-09	1.398589e+01	2.615300e+02
1.360000e-06	2.114125e-06	4.367206e-09	1.472489e+01	2.831800e+02
1.370000e-06	2.219746e-06	4.685750e-09	1.546054e+01	3.039934e+02
1.380000e-06	2.324871e-06	4.989862e-09	1.619273e+01	3.239862e+02
1.390000e-06	2.429514e-06	5.278499e-09	1.692158e+01	3.431734e+02
1.400000e-06	2.533771e-06	5.554442e-09	1.764772e+01	3.615545e+02
1.410000e-06	2.637641e-06	5.818462e-09	1.837118e+01	3.791109e+02
1.420000e-06	2.741067e-06	6.069500e-09	1.909154e+01	3.958157e+02
1.430000e-06	2.844040e-06	6.308488e-09	1.980875e+01	4.116512e+02
1.440000e-06	2.946554e-06	6.535967e-09	2.052276e+01	4.266245e+02
1.450000e-06	3.048579e-06	6.752254e-09	2.123337e+01	4.407758e+02
1.460000e-06	3.150045e-06	6.955482e-09	2.194008e+01	4.541740e+02
1.470000e-06	3.251006e-06	7.145838e-09	2.264327e+01	4.669029e+02
1.480000e-06	3.351506e-06	7.326696e-09	2.334325e+01	4.790419e+02
1.490000e-06	3.451448e-06	7.499169e-09	2.403935e+01	4.906486e+02
1.500000e-06	3.550693e-06	7.664580e-09	2.473059e+01	5.017504e+02
1.510000e-06	3.649274e-06	7.823497e-09	2.541721e+01	5.123478e+02
1.520000e-06	3.747188e-06	7.976701e-09	2.609918e+01	5.224265e+02
1.530000e-06	3.844264e-06	8.124702e-09	2.677532e+01	5.319748e+02
1.540000e-06	3.940473e-06	8.265206e-09	2.744541e+01	5.409985e+02
1.550000e-06	4.035949e-06	8.396659e-09	2.811040e+01	5.495280e+02
1.560000e-06	4.130747e-06	8.518814e-09	2.877067e+01	5.576143e+02
1.570000e-06	4.224896e-06	8.633332e-09	2.942642e+01	5.653182e+02
1.580000e-06	4.318320e-06	8.742188e-09	3.007711e+01	5.726945e+02
1.590000e-06	4.410949e-06	8.843787e-09	3.072228e+01	5.797802e+02
1.600000e-06	4.502851e-06	8.940728e-09	3.136238e+01	5.865895e+02
1.610000e-06	4.593996e-06	9.036027e-09	3.199720e+01	5.931176e+02
1.620000e-06	4.684279e-06	9.130087e-09	3.262602e+01	5.993523e+02
1.630000e-06	4.773619e-06	9.222067e-09	3.324828e+01	6.052874e+02
1.640000e-06	4.861922e-06	9.308535e-09	3.386330e+01	6.109324e+02
1.650000e-06	4.949316e-06	9.390922e-09	3.447200e+01	6.163164e+02
1.660000e-06	5.035954e-06	9.468646e-09	3.507544e+01	6.214825e+02
1.670000e-06	5.121720e-06	9.543085e-09	3.567280e+01	6.264775e+02
1.680000e-06	5.206623e-06	9.613534e-09	3.626415e+01	6.313396e+02
1.690000e-06	5.290720e-06	9.681440e-09	3.684989e+01	6.360892e+02
1.700000e-06	5.373991e-06	9.751309e-09	3.742987e+01	6.407267e+02
1.710000e-06	5.456276e-06	9.818609e-09	3.800299e+01	6.452370e+02
1.720000e-06	5.537504e-06	9.882655e-09	3.856874e+01	6.495992e+02
1.730000e-06	5.617794e-06	9.944357e-09	3.912796e+01	6.537965e+02
1.740000e-06	5.697118e-06	1.000631e-08	3.968045e+01	6.578238e+02
1.750000e-06	5.775394e-06	1.006665e-08	4.022564e+01	6.616893e+02
1.760000e-06	5.852682e-06	1.012291e-08	4.076396e+01	6.654104e+02
1.770000e-06	5.929031e-06	1.017567e-08	4.129572e+01	6.690066e+02
1.780000e-06	6.004376e-06	1.022593e-08	4.182050e+01	6.724919e+02
1.790000e-06	6.078472e-06	1.027689e-08	4.233658e+01	6.758707e+02
1.800000e-06	6.151235e-06	1.032662e-08	4.284337e+01	6.791376e+02
1.810000e-06	6.222890e-06	1.037316e-08	4.334245e+01	6.822818e+02
1.820000e-06	6.293541e-06	1.041783e-08	4.383454e+01	6.852939e+02
1.830000e-06	6.363138e-06	1.046233e-08	4.431928e+01	6.881712e+02
1.840000e-06	6.431664e-06	1.050317e-08	4.479656e+01	6.909201e+02
1.850000e-06	6.499141e-06	1.053879e-08	4.526654e+01	6.935549e+02
1.860000e-06	6.565363e-06	1.057422e-08	4.572778e+01	6.960928e+02
1.870000e-06	6.630202e-06	1.061228e-08	4.617938e+01	6.985488e+02
1.880000e-06	6.693891e-06	1.065153e-08	4.662298e+01	7.009311e+02
1.890000e-06	6.756522e-06	1.068858e-08	4.705920e+01	7.032407e+02
1.900000e-06	6.817991e-06	1.072491e-08	4.748733e+01	7.054728e+02
1.910000e-06	6.878416e-06	1.076071e-08	4.790819e+01	7.076212e+02
1.920000e-06	6.937833e-06	1.079165e-08	4.832203e+01	7.096827e+02
1.930000e-06	6.995864e-06	1.081730e-08	4.872622e+01	7.116584e+02
1.940000e-06	7.052326e-06	1.084181e-08	4.911948e+01	7.135541e+02
1.950000e-06	7.107525e-06	1.086990e-08	4.950394e+01	7.153772e+02
1.960000e-06	7.161492e-06	1.090080e-08	4.987982e+01	7.171328e+02
1.970000e-06	7.214053e-06	1.093032e-08	5.024591e+01	7.188221e+02
1.980000e-06	7.265099e-06	1.095710e-08	5.060144e+01	7.204413e+02
1.990000e-06	7.314468e-06	1.098144e-08	5.094530e+01	7.219851e+02
2.000000e-06	7.362352e-06	1.100419e-08	5.127881e+01	7.234496e+02
2.010000e-06	7.408981e-06	1.102342e-08	5.160358e+01	7.248367e+02
2.020000e-06	7.454363e-06	1.104023e-08	5.191967e+01	7.261547e+02
2.030000e-06	7.498636e-06	1.105826e-08	5.222803e+01	7.274173e+02
2.040000e-06	7.541712e-06	1.107792e-08	5.252806e+01	7.286396e+02
2.050000e-06	7.583231e-06	1.109973e-08	5.281724e+01	7.298323e+02
2.060000e-06	7.623291e-06	1.111862e-08	5.309625e+01	7.309988e+02
2.070000e-06	7.662124e-06	1.113675e-08	5.336672e+01	7.321330e+02
2.080000e-06	7.699691e-06	1.115632e-08	5.362838e+01	7.332220e+02
2.090000e-06	7.736044e-06	1.117509e-08	5.388158e+01	7.342509e+02
2.100000e-06	7.771244e-06	1.119245e-08	5.412674e+01	7.352080e+02
2.110000e-06	7.804893e-06	1.120454e-08	5.436111e+01	7.360897e+02
2.120000e-06	7.837003e-06	1.121407e-08	5.458476e+01	7.369013e+02
2.130000e-06	7.867901e-06	1.122268e-08	5.479996e+01	7.376556e+02
2.140000e-06	7.897500e-06	1.123163e-08	5.500612e+01	7.383686e+02
2.150000e-06	7.925884e-06	1.124252e-08	5.520381e+01	7.390545e+02
2.160000e-06	7.952985e-06	1.125340e-08	5.539257e+01	7.397215e+02
2.170000e-06	7.978422e-06	1.126629e-08	5.556974e+01	7.403709e+02
2.180000e-06	8.002299e-06	1.127992e-08	5.573604e+01	7.409980e+02
2.190000e-06	8.024890e-06	1.129024e-08	5.589339e+01	7.415953e+02
2.200000e-06	8.046168e-06	1.129839e-08	5.604159e+01	7.421555e+02
2.210000e-06	8.066214e-06	1.130466e-08	5.618121e+01	7.426736e+02
2.220000e-06	8.084828e-06	1.131067e-08	5.631086e+01	7.431478e+02
2.230000e-06	8.101859e-06	1.131541e-08	5.642948e+01	7.435781e+02
2.240000e-06	8.117459e-06	1.132014e-08	5.653813e+01	7.439646e+02
2.250000e-06	8.131591e-06	1.132621e-08	5.663657e+01	7.443063e+02
2.260000e-06	8.144221e-06	1.133240e-08	5.672453e+01	7.446012e+02
2.270000e-06	8.155233e-06	1.133797e-08	5.680123e+01	7.448475e+02
2.280000e-06	8.164505e-06	1.134152e-08	5.686581e+01	7.450455e+02
2.290000e-06	8.172211e-06	1.134415e-08	5.691948e+01	7.451985e+02
2.300000e-06	8.178521e-06	1.134452e-08	5.696343e+01	7.453127e+02
2.310000e-06	8.183460e-06	1.134405e-08	5.699783e+01	7.453949e+02
2.320000e-06	8.187121e-06	1.134551e-08	5.702333e+01	7.454503e+02
2.330000e-06	8.189257e-06	1.134829e-08	5.703821e+01	7.454800e+02
2.340000e-06	8.189730e-06	1.134960e-08	5.704150e+01	7.454800e+02
2.350000e-06	8.188845e-06	1.134884e-08	5.703534e+01	7.454431e+02
2.360000e-06	8.186658e-06	1.134506e-08	5.702011e+01	7.453619e+02
2.370000e-06	8.183253e-06	1.134051e-08	5.699639e+01	7.452325e+02
2.380000e-06	8.178614e-06	1.133855e-08	5.696408e+01	7.450566e+02
2.390000e-06	8.172348e-06	1.133650e-08	5.692043e+01	7.448410e+02
2.400000e-06	8.164579e-06	1.133451e-08	5.686633e+01	7.445948e+02
2.410000e-06	8.155630e-06	1.133820e-08	5.680400e+01	7.443246e+02
2.420000e-06	8.145433e-06	1.135587e-08	5.673297e+01	7.440304e+02
2.430000e-06	8.133822e-06	1.133942e-08	5.665211e+01	7.437042e+02
2.440000e-06	8.120227e-06	1.127922e-08	5.655742e+01	7.433323e+02
2.450000e-06	8.104338e-06	1.128635e-08	5.644675e+01	7.429011e+02
2.460000e-06	8.086568e-06	1.127755e-08	5.632298e+01	7.424040e+02
2.470000e-06	8.067627e-06	1.132768e-08	5.619105e+01	7.418471e+02
2.480000e-06	8.048168e-06	1.134837e-08	5.605553e+01	7.412505e+02
2.490000e-06	8.027748e-06	1.119479e-08	5.591330e+01	7.406437e+02
2.500000e-06	8.005493e-06	1.129664e-08	5.575829e+01	7.400566e+02
2.510000e-06	7.981843e-06	1.131343e-08	5.559357e+01	7.395090e+02
2.520000e-06	7.957021e-06	1.113853e-08	5.542068e+01	7.390013e+02
2.530000e-06	7.930614e-06	1.126296e-08	5.523676e+01	7.385116e+02
2.540000e-06	7.903026e-06	1.123230e-08	5.504461e+01	7.379995e+02
2.550000e-06	7.874147e-06	1.111978e-08	5.484346e+01	7.374166e+02
2.560000e-06	7.843609e-06	1.127269e-08	5.463077e+01	7.367199e+02
2.570000e-06	7.811754e-06	1.120746e-08	5.440890e+01	7.358837e+02
2.580000e-06	7.778546e-06	1.115093e-08	5.417760e+01	7.349063e+02
2.590000e-06	7.743989e-06	1.119231e-08	5.393691e+01	7.338083e+02
2.600000e-06	7.708355e-06	1.110237e-08	5.368872e+01	7.326246e+02
2.610000e-06	7.671244e-06	1.116537e-08	5.343024e+01	7.313913e+02
2.620000e-06	7.632466e-06	1.112191e-08	5.316016e+01	7.301346e+02
2.630000e-06	7.592227e-06	1.107498e-08	5.287989e+01	7.288629e+02
2.640000e-06	7.550728e-06	1.111228e-08	5.259085e+01	7.275667e+02
2.650000e-06	7.508088e-06	1.104792e-08	5.229386e+01	7.262249e+02
2.660000e-06	7.464116e-06	1.105754e-08	5.198760e+01	7.248148e+02
2.670000e-06	7.418746e-06	1.098117e-08	5.167160e+01	7.233210e+02
2.680000e-06	7.371903e-06	1.097408e-08	5.134533e+01	7.217416e+02
2.690000e-06	7.323702e-06	1.099167e-08	5.100961e+01	7.200866e+02
2.700000e-06	7.274187e-06	1.091807e-08	5.066474e+01	7.183731e+02
2.710000e-06	7.223278e-06	1.095304e-08	5.031016e+01	7.166166e+02
2.720000e-06	7.170955e-06	1.088565e-08	4.994573e+01	7.148243e+02
2.730000e-06	7.116953e-06	1.086440e-08	4.956961e+01	7.129921e+02
2.740000e-06	7.061418e-06	1.085623e-08	4.918280e+01	7.111071e+02
2.750000e-06	7.004675e-06	1.079377e-08	4.878759e+01	7.091530e+02
2.760000e-06	6.946732e-06	1.078751e-08	4.838401e+01	7.071177e+02
2.770000e-06	6.887651e-06	1.072518e-08	4.797252e+01	7.049974e+02
2.780000e-06	6.827375e-06	1.072237e-08	4.755270e+01	7.027973e+02
2.790000e-06	6.765829e-06	1.068326e-08	4.712402e+01	7.005274e+02
2.800000e-06	6.703036e-06	1.063985e-08	4.668667e+01	6.981963e+02
2.810000e-06	6.639057e-06	1.061184e-08	4.624106e+01	6.958056e+02
2.820000e-06	6.573934e-06	1.056588e-08	4.578748e+01	6.933483e+02
2.830000e-06	6.507657e-06	1.055359e-08	4.532586e+01	6.908114e+02
2.840000e-06	6.440291e-06	1.048608e-08	4.485665e+01	6.881821e+02
2.850000e-06	6.371792e-06	1.044621e-08	4.437956e+01	6.854548e+02
2.860000e-06	6.302126e-06	1.040881e-08	4.389433e+01	6.826353e+02
2.870000e-06	6.231236e-06	1.036909e-08	4.340058e+01	6.797390e+02
2.880000e-06	6.159219e-06	1.032609e-08	4.289899e+01	6.767846e+02
2.890000e-06	6.086212e-06	1.026627e-08	4.239049e+01	6.737847e+02
2.900000e-06	6.012239e-06	1.022928e-08	4.187527e+01	6.707371e+02
2.910000e-06	5.937175e-06	1.018547e-08	4.135245e+01	6.676221e+02
2.920000e-06	5.860747e-06	1.014751e-08	4.082013e+01	6.644064e+02
2.930000e-06	5.783055e-06	1.009012e-08	4.027900e+01	6.610541e+02
2.940000e-06	5.704222e-06	1.003243e-08	3.972993e+01	6.575396e+02
2.950000e-06	5.624348e-06	9.978421e-09	3.917360e+01	6.538582e+02
2.960000e-06	5.543537e-06	9.914771e-09	3.861076e+01	6.500297e+02
2.970000e-06	5.461832e-06	9.848547e-09	3.804168e+01	6.460915e+02
2.980000e-06	5.379257e-06	9.783797e-09	3.746654e+01	6.420852e+02
2.990000e-06	5.295748e-06	9.732457e-09	3.688491e+01	6.380388e+02
3.000000e-06	5.211217e-06	9.683259e-09	3.629615e+01	6.339544e+02
3.010000e-06	5.125647e-06	9.625190e-09	3.570015e+01	6.298040e+02
3.020000e-06	5.039108e-06	9.554701e-09	3.509741e+01	6.255369e+02
3.030000e-06	4.951571e-06	9.481664e-09	3.448771e+01	6.210971e+02
3.040000e-06	4.863095e-06	9.406111e-09	3.387148e+01	6.164428e+02
3.050000e-06	4.773788e-06	9.325178e-09	3.324945e+01	6.115621e+02
3.060000e-06	4.683672e-06	9.240552e-09	3.262180e+01	6.064782e+02
3.070000e-06	4.592839e-06	9.163893e-09	3.198914e+01	6.012406e+02
3.080000e-06	4.501340e-06	9.095342e-09	3.135185e+01	5.959067e+02
3.090000e-06	4.408965e-06	9.024515e-09	3.070846e+01	5.905190e+02
3.100000e-06	4.315570e-06	8.942526e-09	3.005796e+01	5.850879e+02
3.110000e-06	4.221338e-06	8.855901e-09	2.940163e+01	5.795854e+02
3.120000e-06	4.126385e-06	8.769045e-09	2.874029e+01	5.739533e+02
3.130000e-06	4.030712e-06	8.678961e-09	2.807393e+01	5.681235e+02
3.140000e-06	3.934330e-06	8.582755e-09	2.740262e+01	5.620413e+02
3.150000e-06	3.837334e-06	8.480616e-09	2.672705e+01	5.556846e+02
3.160000e-06	3.739795e-06	8.381926e-09	2.604769e+01	5.490704e+02
3.170000e-06	3.641700e-06	8.286329e-09	2.536446e+01	5.422469e+02
3.180000e-06	3.543045e-06	8.189516e-09	2.467732e+01	5.352730e+02
3.190000e-06	3.443844e-06	8.086263e-09	2.398639e+01	5.281946e+02
3.200000e-06	3.344102e-06	7.979660e-09	2.329168e+01	5.210254e+02
3.210000e-06	3.243772e-06	7.868813e-09	2.259288e+01	5.137403e+02
3.220000e-06	3.142807e-06	7.751478e-09	2.188966e+01	5.062838e+02
3.230000e-06	3.041283e-06	7.626796e-09	2.118255e+01	4.985907e+02
3.240000e-06	2.939242e-06	7.502245e-09	2.047183e+01	4.906090e+02
3.250000e-06	2.836640e-06	7.383269e-09	1.975721e+01	4.823190e+02
3.260000e-06	2.733581e-06	7.263309e-09	1.903940e+01	4.737377e+02
3.270000e-06	2.630004e-06	7.136118e-09	1.831799e+01	4.649101e+02
3.280000e-06	2.525867e-06	6.999720e-09	1.759267e+01	4.558873e+02
3.290000e-06	2.421290e-06	6.859596e-09	1.686430e+01	4.467034e+02
3.300000e-06	2.316297e-06	6.715556e-09	1.613301e+01	4.373581e+02
3.310000e-06	2.210929e-06	6.566557e-09	1.539913e+01	4.278129e+02
3.320000e-06	2.105214e-06	6.413466e-09	1.466282e+01	4.180024e+02
3.330000e-06	1.999132e-06	6.258888e-09	1.392396e+01	4.078561e+02
3.340000e-06	1.892682e-06	6.102276e-09	1.318254e+01	3.973231e+02
3.350000e-06	1.785911e-06	5.938951e-09	1.243887e+01	3.863880e+02
3.360000e-06	1.678863e-06	5.766660e-09	1.169329e+01	3.750745e+02
3.370000e-06	1.571550e-06	5.588085e-09	1.094585e+01	3.634319e+02
3.380000e-06	1.463971e-06	5.407110e-09	1.019656e+01	3.515125e+02
3.390000e-06	1.356151e-06	5.224282e-09	9.445598e+00	3.393469e+02
3.400000e-06	1.248086e-06	5.036131e-09	8.692925e+00	3.269277e+02
3.410000e-06	1.139759e-06	4.840409e-09	7.938423e+00	3.142073e+02
3.420000e-06	1.031191e-06	4.634950e-09	7.182251e+00	3.011115e+02
3.430000e-06	9.223812e-07	4.421148e-09	6.424389e+00	2.875623e+02
3.440000e-06	8.134106e-07	4.202714e-09	5.665408e+00	2.735025e+02
3.450000e-06	7.042903e-07	3.979383e-09	4.905384e+00	2.589110e+02
3.460000e-06	5.949890e-07	3.749976e-09	4.144101e+00	2.438042e+02
3.470000e-06	4.856036e-07	3.514434e-09	3.382231e+00	2.282216e+02
3.480000e-06	3.761621e-07	3.274050e-09	2.619970e+00	2.122034e+02
3.490000e-06	2.667255e-07	3.024339e-09	1.857744e+00	1.957662e+02
3.500000e-06	1.572839e-07	2.762592e-09	1.095483e+00	1.788894e+02
3.510000e-06	4.783812e-08	2.492108e-09	3.331927e-01	1.615150e+02
3.520000e-06	-6.159574e-08	2.213595e-09	-4.290146e-01	1.435626e+02
3.530000e-06	-1.710522e-07	1.926179e-09	-1.191379e+00	1.249525e+02
3.540000e-06	-2.804712e-07	1.630077e-09	-1.953483e+00	1.056298e+02
3.550000e-06	-3.897844e-07	1.326187e-09	-2.714850e+00	8.557826e+01
3.560000e-06	-4.989569e-07	1.012945e-09	-3.475237e+00	6.482146e+01
3.570000e-06	-6.079782e-07	6.885659e-10	-4.234571e+00	4.341062e+01
3.580000e-06	-7.168859e-07	3.529009e-10	-4.993113e+00	2.140550e+01
3.590000e-06	-8.256427e-07	6.087333e-12	-5.750604e+00	-1.142811e+00
3.600000e-06	-9.341101e-07	-3.495782e-10	-6.506081e+00	-2.419934e+01
3.610000e-06	-1.042326e-06	-7.121555e-10	-7.259802e+00	-4.773908e+01
3.620000e-06	-1.150404e-06	-1.080962e-09	-8.012566e+00	-7.172914e+01
3.630000e-06	-1.258267e-06	-1.454860e-09	-8.763835e+00	-9.610629e+01
3.640000e-06	-1.365874e-06	-1.831181e-09	-9.513319e+00	-1.207592e+02
3.650000e-06	-1.473277e-06	-2.207950e-09	-1.026138e+01	-1.455235e+02
3.660000e-06	-1.580468e-06	-2.583734e-09	-1.100797e+01	-1.701934e+02
3.670000e-06	-1.687464e-06	-2.957542e-09	-1.175319e+01	-1.945470e+02
3.680000e-06	-1.794238e-06	-3.325728e-09	-1.249688e+01	-2.183779e+02
3.690000e-06	-1.900723e-06	-3.683207e-09	-1.323855e+01	-2.415236e+02
3.700000e-06	-2.006885e-06	-4.026265e-09	-1.397796e+01	-2.638808e+02
3.710000e-06	-2.112671e-06	-4.354880e-09	-1.471476e+01	-2.854049e+02
3.720000e-06	-2.218193e-06	-4.671445e-09	-1.544972e+01	-3.060940e+02
3.730000e-06	-2.323485e-06	-4.975147e-09	-1.618308e+01	-3.259653e+02
3.740000e-06	-2.428386e-06	-5.265331e-09	-1.691372e+01	-3.450322e+02
3.750000e-06	-2.532821e-06	-5.544839e-09	-1.764111e+01	-3.632912e+02
3.760000e-06	-2.636677e-06	-5.813446e-09	-1.836447e+01	-3.807215e+02
3.770000e-06	-2.740033e-06	-6.071998e-09	-1.908434e+01	-3.972967e+02
3.780000e-06	-2.842943e-06	-6.316919e-09	-1.980111e+01	-4.130017e+02
3.790000e-06	-2.945386e-06	-6.545497e-09	-2.051463e+01	-4.278484e+02
3.800000e-06	-3.047311e-06	-6.757526e-09	-2.122453e+01	-4.418818e+02
3.810000e-06	-3.148572e-06	-6.957705e-09	-2.192981e+01	-4.551742e+02
3.820000e-06	-3.249157e-06	-7.150128e-09	-2.263039e+01	-4.678100e+02
3.830000e-06	-3.349107e-06	-7.333887e-09	-2.332654e+01	-4.798662e+02
3.840000e-06	-3.448496e-06	-7.512763e-09	-2.401879e+01	-4.913962e+02
3.850000e-06	-3.547307e-06	-7.685869e-09	-2.470700e+01	-5.024229e+02
3.860000e-06	-3.645500e-06	-7.850506e-09	-2.539092e+01	-5.129436e+02
3.870000e-06	-3.743123e-06	-8.003182e-09	-2.607086e+01	-5.229432e+02
3.880000e-06	-3.840157e-06	-8.143199e-09	-2.674671e+01	-5.324119e+02
3.890000e-06	-3.936585e-06	-8.272698e-09	-2.741833e+01	-5.413591e+02
3.900000e-06	-4.032371e-06	-8.396175e-09	-2.808548e+01	-5.498184e+02
3.910000e-06	-4.127485e-06	-8.515172e-09	-2.874795e+01	-5.578435e+02
3.920000e-06	-4.221866e-06	-8.635126e-09	-2.940531e+01	-5.654951e+02
3.930000e-06	-4.315410e-06	-8.753459e-09	-3.005685e+01	-5.728261e+02
3.940000e-06	-4.407922e-06	-8.864989e-09	-3.070119e+01	-5.798700e+02
3.950000e-06	-4.499494e-06	-8.970721e-09	-3.133899e+01	-5.866378e+02
3.960000e-06	-4.590273e-06	-9.070300e-09	-3.197127e+01	-5.931227e+02
3.970000e-06	-4.680235e-06	-9.163640e-09	-3.259785e+01	-5.993127e+02
3.980000e-06	-4.769398e-06	-9.252150e-09	-3.321888e+01	-6.052032e+02
3.990000e-06	-4.857732e-06	-9.338313e-09	-3.383412e+01	-6.108068e+02
4.000000e-06	-4.945325e-06	-9.419301e-09	-3.444421e+01	-6.161551e+02
4.010000e-06	-5.032120e-06	-9.495800e-09	-3.504874e+01	-6.212927e+02
4.020000e-06	-5.117953e-06	-9.572056e-09	-3.564656e+01	-6.262658e+02
4.030000e-06	-5.202706e-06	-9.648795e-09	-3.623687e+01	-6.311103e+02
4.040000e-06	-5.286439e-06	-9.723063e-09	-3.682007e+01	-6.358435e+02
4.050000e-06	-5.369353e-06	-9.794809e-09	-3.739756e+01	-6.404632e+02
4.060000e-06	-5.451475e-06	-9.865862e-09	-3.796955e+01	-6.449527e+02
4.070000e-06	-5.532742e-06	-9.935812e-09	-3.853557e+01	-6.492910e+02
4.080000e-06	-5.613118e-06	-1.000087e-08	-3.909539e+01	-6.534629e+02
4.090000e-06	-5.692585e-06	-1.006000e-08	-3.964887e+01	-6.574652e+02
4.100000e-06	-5.771070e-06	-1.011639e-08	-4.019552e+01	-6.613078e+02
4.110000e-06	-5.848310e-06	-1.017405e-08	-4.073350e+01	-6.650090e+02
4.120000e-06	-5.924268e-06	-1.023193e-08	-4.126255e+01	-6.685879e+02
4.130000e-06	-5.999134e-06	-1.028722e-08	-4.178399e+01	-6.720573e+02
4.140000e-06	-6.072940e-06	-1.034121e-08	-4.229805e+01	-6.754199e+02
4.150000e-06	-6.145743e-06	-1.039322e-08	-4.280513e+01	-6.786691e+02
4.160000e-06	-6.217572e-06	-1.044339e-08	-4.330541e+01	-6.817940e+02
4.170000e-06	-6.288273e-06	-1.049127e-08	-4.379784e+01	-6.847859e+02
4.180000e-06	-6.357678e-06	-1.053659e-08	-4.428125e+01	-6.876433e+02
4.190000e-06	-6.425799e-06	-1.057955e-08	-4.475572e+01	-6.903742e+02
4.200000e-06	-6.492879e-06	-1.062091e-08	-4.522293e+01	-6.929934e+02
4.210000e-06	-6.558947e-06	-1.066127e-08	-4.568310e+01	-6.955182e+02
4.220000e-06	-6.623886e-06	-1.069902e-08	-4.613539e+01	-6.979628e+02
4.230000e-06	-6.687772e-06	-1.073627e-08	-4.658036e+01	-7.003345e+02
4.240000e-06	-6.750568e-06	-1.077306e-08	-4.701773e+01	-7.026328e+02
4.250000e-06	-6.811957e-06	-1.080694e-08	-4.744531e+01	-7.048528e+02
4.260000e-06	-6.871917e-06	-1.083951e-08	-4.786293e+01	-7.069883e+02
4.270000e-06	-6.930738e-06	-1.087069e-08	-4.827262e+01	-7.090367e+02
4.280000e-06	-6.988400e-06	-1.090098e-08	-4.867423e+01	-7.110001e+02
4.290000e-06	-7.044799e-06	-1.093012e-08	-4.906705e+01	-7.128845e+02
4.300000e-06	-7.099984e-06	-1.095881e-08	-4.945142e+01	-7.146972e+02
4.310000e-06	-7.153712e-06	-1.098681e-08	-4.982563e+01	-7.164430e+02
4.320000e-06	-7.205789e-06	-1.101223e-08	-5.018835e+01	-7.181221e+02
4.330000e-06	-7.256408e-06	-1.103634e-08	-5.054091e+01	-7.197305e+02
4.340000e-06	-7.305643e-06	-1.105791e-08	-5.088383e+01	-7.212625e+02
4.350000e-06	-7.353280e-06	-1.107840e-08	-5.121562e+01	-7.227152e+02
4.360000e-06	-7.399481e-06	-1.109897e-08	-5.153742e+01	-7.240912e+02
4.370000e-06	-7.444534e-06	-1.111962e-08	-5.185121e+01	-7.254000e+02
4.380000e-06	-7.488466e-06	-1.114055e-08	-5.215720e+01	-7.266558e+02
4.390000e-06	-7.531323e-06	-1.116122e-08	-5.245569e+01	-7.278731e+02
4.400000e-06	-7.572986e-06	-1.118112e-08	-5.274588e+01	-7.290620e+02
4.410000e-06	-7.613445e-06	-1.119764e-08	-5.302767e+01	-7.302242e+02
4.420000e-06	-7.652769e-06	-1.121087e-08	-5.330157e+01	-7.313526e+02
4.430000e-06	-7.690537e-06	-1.122388e-08	-5.356462e+01	-7.324336e+02
4.440000e-06	-7.726669e-06	-1.123725e-08	-5.381628e+01	-7.334524e+02
4.450000e-06	-7.761612e-06	-1.125068e-08	-5.405966e+01	-7.343982e+02
4.460000e-06	-7.795312e-06	-1.126532e-08	-5.429438e+01	-7.352689e+02
4.470000e-06	-7.827694e-06	-1.128030e-08	-5.451992e+01	-7.360709e+02
4.480000e-06	-7.858886e-06	-1.129409e-08	-5.473717e+01	-7.368181e+02
4.490000e-06	-7.888502e-06	-1.130535e-08	-5.494345e+01	-7.375263e+02
4.500000e-06	-7.916553e-06	-1.131501e-08	-5.513882e+01	-7.382090e+02
4.510000e-06	-7.943385e-06	-1.132305e-08	-5.532571e+01	-7.388735e+02
4.520000e-06	-7.968849e-06	-1.132850e-08	-5.550307e+01	-7.395200e+02
4.530000e-06	-7.993041e-06	-1.133316e-08	-5.567157e+01	-7.401433e+02
4.540000e-06	-8.015926e-06	-1.133928e-08	-5.583096e+01	-7.407355e+02
4.550000e-06	-8.037141e-06	-1.134883e-08	-5.597872e+01	-7.412896e+02
4.560000e-06	-8.056862e-06	-1.135854e-08	-5.611607e+01	-7.418012e+02
4.570000e-06	-8.075307e-06	-1.136553e-08	-5.624455e+01	-7.422689e+02
4.580000e-06	-8.092411e-06	-1.137042e-08	-5.636368e+01	-7.426927e+02
4.590000e-06	-8.108214e-06	-1.137448e-08	-5.647374e+01	-7.430726e+02
4.600000e-06	-8.122391e-06	-1.137821e-08	-5.657249e+01	-7.434074e+02
4.610000e-06	-8.134778e-06	-1.138067e-08	-5.665876e+01	-7.436951e+02
4.620000e-06	-8.145586e-06	-1.138337e-08	-5.673404e+01	-7.439342e+02
4.630000e-06	-8.154913e-06	-1.138665e-08	-5.679900e+01	-7.441252e+02
4.640000e-06	-8.162912e-06	-1.138863e-08	-5.685472e+01	-7.442720e+02
4.650000e-06	-8.169509e-06	-1.138965e-08	-5.690066e+01	-7.443810e+02
4.660000e-06	-8.174416e-06	-1.139009e-08	-5.693484e+01	-7.444590e+02
4.670000e-06	-8.177838e-06	-1.139014e-08	-5.695868e+01	-7.445106e+02
4.680000e-06	-8.179967e-06	-1.138989e-08	-5.697350e+01	-7.445363e+02
4.690000e-06	-8.180717e-06	-1.138859e-08	-5.697872e+01	-7.445313e+02
