# Temperatura_=_20.0
# Concentracion g/m^3_=_10000.0
# C_Vs_to_Am_M_A/Vsm_=_65563218390.804596
# pendiente_HvsI_1/m_=_3716.3
# ordenada_HvsI_A/m_=_1297.0
# frecuencia_Hz_=_301041.744166819

Tiempo_(s)	Campo_(V.s)	Magnetizacion_(V.s)	Campo_(kA/m)	Magnetizacion_(A/m)
0.000000e+00	-3.508052e-06	-7.576889e-09	-2.347345e+01	-4.965738e+02
1.000000e-08	-3.507193e-06	-7.578150e-09	-2.346770e+01	-4.965561e+02
2.000000e-08	-3.505087e-06	-7.577421e-09	-2.345360e+01	-4.964209e+02
3.000000e-08	-3.501580e-06	-7.575320e-09	-2.343014e+01	-4.962211e+02
4.000000e-08	-3.496964e-06	-7.573056e-09	-2.339925e+01	-4.960093e+02
5.000000e-08	-3.491361e-06	-7.571419e-09	-2.336176e+01	-4.958038e+02
6.000000e-08	-3.484618e-06	-7.568807e-09	-2.331664e+01	-4.955669e+02
7.000000e-08	-3.476782e-06	-7.562073e-09	-2.326421e+01	-4.952148e+02
8.000000e-08	-3.467845e-06	-7.559908e-09	-2.320441e+01	-4.946607e+02
9.000000e-08	-3.457279e-06	-7.556516e-09	-2.313371e+01	-4.938700e+02
1.000000e-07	-3.444796e-06	-7.533182e-09	-2.305018e+01	-4.928899e+02
1.100000e-07	-3.430788e-06	-7.497553e-09	-2.295645e+01	-4.918310e+02
1.200000e-07	-3.415663e-06	-7.467991e-09	-2.285524e+01	-4.908071e+02
1.300000e-07	-3.399399e-06	-7.499569e-09	-2.274642e+01	-4.898677e+02
1.400000e-07	-3.381820e-06	-7.494920e-09	-2.262879e+01	-4.889667e+02
1.500000e-07	-3.363151e-06	-7.408150e-09	-2.250387e+01	-4.879899e+02
1.600000e-07	-3.343620e-06	-7.433780e-09	-2.237318e+01	-4.868256e+02
1.700000e-07	-3.323024e-06	-7.427744e-09	-2.223536e+01	-4.854341e+02
1.800000e-07	-3.301233e-06	-7.352948e-09	-2.208956e+01	-4.838716e+02
1.900000e-07	-3.278560e-06	-7.369459e-09	-2.193784e+01	-4.822531e+02
2.000000e-07	-3.254958e-06	-7.356709e-09	-2.177992e+01	-4.806777e+02
2.100000e-07	-3.229997e-06	-7.269640e-09	-2.161289e+01	-4.791660e+02
2.200000e-07	-3.203663e-06	-7.265238e-09	-2.143668e+01	-4.776465e+02
2.300000e-07	-3.176139e-06	-7.281302e-09	-2.125252e+01	-4.760000e+02
2.400000e-07	-3.147460e-06	-7.210555e-09	-2.106062e+01	-4.741292e+02
2.500000e-07	-3.117650e-06	-7.181139e-09	-2.086115e+01	-4.720099e+02
2.600000e-07	-3.086738e-06	-7.145996e-09	-2.065431e+01	-4.696922e+02
2.700000e-07	-3.054864e-06	-7.105271e-09	-2.044103e+01	-4.672563e+02
2.800000e-07	-3.022184e-06	-7.109852e-09	-2.022235e+01	-4.647573e+02
2.900000e-07	-2.988387e-06	-7.052103e-09	-1.999621e+01	-4.621946e+02
3.000000e-07	-2.953178e-06	-6.973441e-09	-1.976061e+01	-4.595267e+02
3.100000e-07	-2.916808e-06	-6.978007e-09	-1.951725e+01	-4.567131e+02
3.200000e-07	-2.879456e-06	-6.925450e-09	-1.926732e+01	-4.537543e+02
3.300000e-07	-2.841157e-06	-6.851196e-09	-1.901105e+01	-4.506977e+02
3.400000e-07	-2.801928e-06	-6.835184e-09	-1.874856e+01	-4.476077e+02
3.500000e-07	-2.761795e-06	-6.770592e-09	-1.848001e+01	-4.445188e+02
3.600000e-07	-2.720846e-06	-6.715257e-09	-1.820601e+01	-4.414059e+02
3.700000e-07	-2.678867e-06	-6.705040e-09	-1.792512e+01	-4.381907e+02
3.800000e-07	-2.635602e-06	-6.651941e-09	-1.763562e+01	-4.347818e+02
3.900000e-07	-2.591146e-06	-6.555199e-09	-1.733815e+01	-4.311250e+02
4.000000e-07	-2.545774e-06	-6.505611e-09	-1.703455e+01	-4.272330e+02
4.100000e-07	-2.499666e-06	-6.460511e-09	-1.672603e+01	-4.231797e+02
4.200000e-07	-2.452764e-06	-6.395336e-09	-1.641219e+01	-4.190621e+02
4.300000e-07	-2.404970e-06	-6.328267e-09	-1.609239e+01	-4.149529e+02
4.400000e-07	-2.356271e-06	-6.259034e-09	-1.576653e+01	-4.108664e+02
4.500000e-07	-2.306581e-06	-6.206288e-09	-1.543403e+01	-4.067545e+02
4.600000e-07	-2.255753e-06	-6.157173e-09	-1.509393e+01	-4.025319e+02
4.700000e-07	-2.203805e-06	-6.083503e-09	-1.474633e+01	-3.981163e+02
4.800000e-07	-2.150911e-06	-5.990754e-09	-1.439240e+01	-3.934641e+02
4.900000e-07	-2.097181e-06	-5.920083e-09	-1.403288e+01	-3.885857e+02
5.000000e-07	-2.042759e-06	-5.849760e-09	-1.366872e+01	-3.835361e+02
5.100000e-07	-1.987703e-06	-5.780292e-09	-1.330033e+01	-3.783857e+02
5.200000e-07	-1.932024e-06	-5.700421e-09	-1.292776e+01	-3.731869e+02
5.300000e-07	-1.875810e-06	-5.605683e-09	-1.255162e+01	-3.679520e+02
5.400000e-07	-1.819042e-06	-5.527347e-09	-1.217177e+01	-3.626514e+02
5.500000e-07	-1.761517e-06	-5.459663e-09	-1.178685e+01	-3.572328e+02
5.600000e-07	-1.703011e-06	-5.373325e-09	-1.139536e+01	-3.516486e+02
5.700000e-07	-1.643554e-06	-5.267500e-09	-1.099752e+01	-3.458760e+02
5.800000e-07	-1.583489e-06	-5.178164e-09	-1.059561e+01	-3.399202e+02
5.900000e-07	-1.523074e-06	-5.096815e-09	-1.019135e+01	-3.337994e+02
6.000000e-07	-1.462300e-06	-5.006952e-09	-9.784697e+00	-3.275256e+02
6.100000e-07	-1.401011e-06	-4.898377e-09	-9.374590e+00	-3.210931e+02
6.200000e-07	-1.339159e-06	-4.786053e-09	-8.960718e+00	-3.144856e+02
6.300000e-07	-1.276874e-06	-4.686909e-09	-8.543955e+00	-3.076935e+02
6.400000e-07	-1.214157e-06	-4.592379e-09	-8.124297e+00	-3.007297e+02
6.500000e-07	-1.151052e-06	-4.486165e-09	-7.702040e+00	-2.936285e+02
6.600000e-07	-1.087531e-06	-4.366124e-09	-7.276999e+00	-2.864255e+02
6.700000e-07	-1.023583e-06	-4.253443e-09	-6.849106e+00	-2.791308e+02
6.800000e-07	-9.593733e-07	-4.148606e-09	-6.419459e+00	-2.717147e+02
6.900000e-07	-8.949891e-07	-4.040165e-09	-5.988645e+00	-2.641170e+02
7.000000e-07	-8.304413e-07	-3.910516e-09	-5.556736e+00	-2.562798e+02
7.100000e-07	-7.657025e-07	-3.773249e-09	-5.123549e+00	-2.481819e+02
7.200000e-07	-7.007017e-07	-3.647787e-09	-4.688608e+00	-2.398557e+02
7.300000e-07	-6.353568e-07	-3.529055e-09	-4.251366e+00	-2.313712e+02
7.400000e-07	-5.696708e-07	-3.402019e-09	-3.811841e+00	-2.227971e+02
7.500000e-07	-5.037262e-07	-3.262114e-09	-3.370585e+00	-2.141592e+02
7.600000e-07	-4.374441e-07	-3.125757e-09	-2.927072e+00	-2.054194e+02
7.700000e-07	-3.707183e-07	-2.995557e-09	-2.480589e+00	-1.964902e+02
7.800000e-07	-3.037580e-07	-2.861795e-09	-2.032538e+00	-1.872745e+02
7.900000e-07	-2.367136e-07	-2.709543e-09	-1.583923e+00	-1.777106e+02
8.000000e-07	-1.695929e-07	-2.549031e-09	-1.134798e+00	-1.678001e+02
8.100000e-07	-1.024264e-07	-2.395267e-09	-6.853662e-01	-1.576039e+02
8.200000e-07	-3.515305e-08	-2.247634e-09	-2.352198e-01	-1.472116e+02
8.300000e-07	3.217424e-08	-2.093148e-09	2.152876e-01	-1.366996e+02
8.400000e-07	9.943022e-08	-1.925028e-09	6.653179e-01	-1.260969e+02
8.500000e-07	1.666019e-07	-1.756611e-09	1.114784e+00	-1.153753e+02
8.600000e-07	2.337385e-07	-1.593175e-09	1.564016e+00	-1.044636e+02
8.700000e-07	3.008005e-07	-1.428089e-09	2.012748e+00	-9.328049e+01
8.800000e-07	3.676092e-07	-1.249304e-09	2.459785e+00	-8.176979e+01
8.900000e-07	4.341562e-07	-1.061989e-09	2.905071e+00	-6.992270e+01
9.000000e-07	5.004159e-07	-8.752858e-10	3.348436e+00	-5.777823e+01
9.100000e-07	5.663161e-07	-6.924805e-10	3.789393e+00	-4.540243e+01
9.200000e-07	6.318323e-07	-5.059404e-10	4.227783e+00	-3.285726e+01
9.300000e-07	6.969467e-07	-3.083443e-10	4.663483e+00	-2.017518e+01
9.400000e-07	7.618302e-07	-1.074787e-10	5.097638e+00	-7.352447e+00
9.500000e-07	8.265119e-07	9.005374e-11	5.530443e+00	5.636595e+00
9.600000e-07	8.909949e-07	2.868716e-10	5.961919e+00	1.881382e+01
9.700000e-07	9.553186e-07	4.917814e-10	6.392328e+00	3.217682e+01
9.800000e-07	1.019436e-06	7.042748e-10	6.821356e+00	4.569610e+01
9.900000e-07	1.083248e-06	9.153446e-10	7.248343e+00	5.933000e+01
1.000000e-06	1.146639e-06	1.119824e-09	7.672511e+00	7.304501e+01
1.010000e-06	1.209595e-06	1.326022e-09	8.093766e+00	8.682478e+01
1.020000e-06	1.272138e-06	1.541066e-09	8.512264e+00	1.006601e+02
1.030000e-06	1.334354e-06	1.757869e-09	8.928572e+00	1.145270e+02
1.040000e-06	1.396194e-06	1.968027e-09	9.342360e+00	1.283714e+02
1.050000e-06	1.457497e-06	2.172721e-09	9.752556e+00	1.421162e+02
1.060000e-06	1.518290e-06	2.378729e-09	1.015934e+01	1.556904e+02
1.070000e-06	1.578730e-06	2.587172e-09	1.056376e+01	1.690623e+02
1.080000e-06	1.638848e-06	2.793946e-09	1.096603e+01	1.822526e+02
1.090000e-06	1.698416e-06	2.992089e-09	1.136462e+01	1.953122e+02
1.100000e-06	1.757102e-06	3.186001e-09	1.175731e+01	2.082754e+02
1.110000e-06	1.814764e-06	3.381276e-09	1.214314e+01	2.211167e+02
1.120000e-06	1.871583e-06	3.577967e-09	1.252333e+01	2.337410e+02
1.130000e-06	1.927832e-06	3.766625e-09	1.289971e+01	2.460192e+02
1.140000e-06	1.983563e-06	3.943009e-09	1.327262e+01	2.578485e+02
1.150000e-06	2.038654e-06	4.114602e-09	1.364126e+01	2.692038e+02
1.160000e-06	2.093060e-06	4.285366e-09	1.400530e+01	2.801461e+02
1.170000e-06	2.146759e-06	4.452799e-09	1.436462e+01	2.907822e+02
1.180000e-06	2.199656e-06	4.609630e-09	1.471857e+01	3.012004e+02
1.190000e-06	2.251667e-06	4.759764e-09	1.506659e+01	3.114197e+02
1.200000e-06	2.302656e-06	4.912355e-09	1.540777e+01	3.213817e+02
1.210000e-06	2.352480e-06	5.064991e-09	1.574116e+01	3.309875e+02
1.220000e-06	2.401251e-06	5.207521e-09	1.606750e+01	3.401536e+02
1.230000e-06	2.449182e-06	5.337027e-09	1.638822e+01	3.488544e+02
1.240000e-06	2.496360e-06	5.459398e-09	1.670391e+01	3.571279e+02
1.250000e-06	2.542741e-06	5.581911e-09	1.701425e+01	3.650490e+02
1.260000e-06	2.588211e-06	5.702736e-09	1.731851e+01	3.726902e+02
1.270000e-06	2.632888e-06	5.817065e-09	1.761746e+01	3.800936e+02
1.280000e-06	2.676831e-06	5.923135e-09	1.791149e+01	3.872658e+02
1.290000e-06	2.719678e-06	6.027903e-09	1.819819e+01	3.941897e+02
1.300000e-06	2.761265e-06	6.133893e-09	1.847647e+01	4.008405e+02
1.310000e-06	2.801814e-06	6.234149e-09	1.874779e+01	4.071946e+02
1.320000e-06	2.841424e-06	6.324953e-09	1.901284e+01	4.132317e+02
1.330000e-06	2.880109e-06	6.408429e-09	1.927169e+01	4.189371e+02
1.340000e-06	2.917871e-06	6.489637e-09	1.952436e+01	4.243086e+02
1.350000e-06	2.954716e-06	6.568740e-09	1.977091e+01	4.293654e+02
1.360000e-06	2.990642e-06	6.642606e-09	2.001130e+01	4.341508e+02
1.370000e-06	3.025386e-06	6.710176e-09	2.024378e+01	4.387219e+02
1.380000e-06	3.058796e-06	6.775748e-09	2.046734e+01	4.431292e+02
1.390000e-06	3.091116e-06	6.842553e-09	2.068360e+01	4.473960e+02
1.400000e-06	3.122498e-06	6.907457e-09	2.089358e+01	4.515105e+02
1.410000e-06	3.152881e-06	6.967746e-09	2.109689e+01	4.554365e+02
1.420000e-06	3.182239e-06	7.022433e-09	2.129333e+01	4.591340e+02
1.430000e-06	3.210626e-06	7.072651e-09	2.148328e+01	4.625802e+02
1.440000e-06	3.237889e-06	7.121752e-09	2.166570e+01	4.657780e+02
1.450000e-06	3.263750e-06	7.168485e-09	2.183875e+01	4.687514e+02
1.460000e-06	3.288309e-06	7.210906e-09	2.200308e+01	4.715346e+02
1.470000e-06	3.311737e-06	7.248844e-09	2.215984e+01	4.741617e+02
1.480000e-06	3.333968e-06	7.285299e-09	2.230860e+01	4.766610e+02
1.490000e-06	3.355085e-06	7.323080e-09	2.244989e+01	4.790518e+02
1.500000e-06	3.375208e-06	7.357808e-09	2.258454e+01	4.813407e+02
1.510000e-06	3.394198e-06	7.387182e-09	2.271162e+01	4.835168e+02
1.520000e-06	3.411980e-06	7.413108e-09	2.283060e+01	4.855516e+02
1.530000e-06	3.428580e-06	7.439512e-09	2.294168e+01	4.874084e+02
1.540000e-06	3.443882e-06	7.466096e-09	2.304407e+01	4.890588e+02
1.550000e-06	3.457882e-06	7.490464e-09	2.313774e+01	4.905002e+02
1.560000e-06	3.470613e-06	7.510298e-09	2.322293e+01	4.917609e+02
1.570000e-06	3.481928e-06	7.526799e-09	2.329864e+01	4.928894e+02
1.580000e-06	3.491730e-06	7.542988e-09	2.336423e+01	4.939323e+02
1.590000e-06	3.500192e-06	7.558048e-09	2.342085e+01	4.949148e+02
1.600000e-06	3.507509e-06	7.571919e-09	2.346981e+01	4.958339e+02
1.610000e-06	3.513637e-06	7.581899e-09	2.351081e+01	4.966677e+02
1.620000e-06	3.518629e-06	7.588986e-09	2.354422e+01	4.973906e+02
1.630000e-06	3.522541e-06	7.598059e-09	2.357040e+01	4.979843e+02
1.640000e-06	3.525090e-06	7.608181e-09	2.358745e+01	4.984373e+02
1.650000e-06	3.526188e-06	7.614307e-09	2.359480e+01	4.987410e+02
1.660000e-06	3.526082e-06	7.614374e-09	2.359409e+01	4.988890e+02
1.670000e-06	3.524906e-06	7.610976e-09	2.358622e+01	4.988865e+02
1.680000e-06	3.522655e-06	7.609107e-09	2.357116e+01	4.987619e+02
1.690000e-06	3.519393e-06	7.607643e-09	2.354933e+01	4.985666e+02
1.700000e-06	3.515061e-06	7.603935e-09	2.352035e+01	4.983547e+02
1.710000e-06	3.509309e-06	7.598685e-09	2.348186e+01	4.981496e+02
1.720000e-06	3.502254e-06	7.595151e-09	2.343465e+01	4.979199e+02
1.730000e-06	3.494251e-06	7.592848e-09	2.338110e+01	4.975850e+02
1.740000e-06	3.485213e-06	7.570198e-09	2.332062e+01	4.970558e+02
1.750000e-06	3.474737e-06	7.560413e-09	2.325052e+01	4.962900e+02
1.760000e-06	3.462153e-06	7.553709e-09	2.316632e+01	4.953259e+02
1.770000e-06	3.447490e-06	7.567091e-09	2.306820e+01	4.942698e+02
1.780000e-06	3.431885e-06	7.524669e-09	2.296379e+01	4.932385e+02
1.790000e-06	3.416042e-06	7.482977e-09	2.285778e+01	4.922909e+02
1.800000e-06	3.399280e-06	7.513821e-09	2.274562e+01	4.913909e+02
1.810000e-06	3.380977e-06	7.489988e-09	2.262315e+01	4.904286e+02
1.820000e-06	3.361734e-06	7.430925e-09	2.249438e+01	4.892883e+02
1.830000e-06	3.341690e-06	7.434309e-09	2.236027e+01	4.879204e+02
1.840000e-06	3.320009e-06	7.433639e-09	2.221519e+01	4.863715e+02
1.850000e-06	3.296844e-06	7.342837e-09	2.206019e+01	4.847536e+02
1.860000e-06	3.272780e-06	7.355768e-09	2.189917e+01	4.831713e+02
1.870000e-06	3.247582e-06	7.391432e-09	2.173056e+01	4.816550e+02
1.880000e-06	3.221181e-06	7.297929e-09	2.155390e+01	4.801422e+02
1.890000e-06	3.193737e-06	7.277588e-09	2.137027e+01	4.785151e+02
1.900000e-06	3.165007e-06	7.294593e-09	2.117803e+01	4.766713e+02
1.910000e-06	3.134980e-06	7.230006e-09	2.097710e+01	4.745777e+02
1.920000e-06	3.103798e-06	7.221242e-09	2.076846e+01	4.722778e+02
1.930000e-06	3.071439e-06	7.167117e-09	2.055194e+01	4.698514e+02
1.940000e-06	3.038176e-06	7.092738e-09	2.032936e+01	4.673585e+02
1.950000e-06	3.004082e-06	7.115898e-09	2.010123e+01	4.648045e+02
1.960000e-06	2.969048e-06	7.048254e-09	1.986681e+01	4.621506e+02
1.970000e-06	2.933127e-06	6.960414e-09	1.962645e+01	4.593538e+02
1.980000e-06	2.895914e-06	6.975355e-09	1.937744e+01	4.564093e+02
1.990000e-06	2.857231e-06	6.911542e-09	1.911861e+01	4.533604e+02
2.000000e-06	2.817581e-06	6.844220e-09	1.885330e+01	4.502717e+02
2.010000e-06	2.777102e-06	6.845275e-09	1.858243e+01	4.471830e+02
2.020000e-06	2.735653e-06	6.754497e-09	1.830509e+01	4.440761e+02
2.030000e-06	2.693250e-06	6.686878e-09	1.802135e+01	4.408767e+02
2.040000e-06	2.650087e-06	6.668257e-09	1.773254e+01	4.374926e+02
2.050000e-06	2.606258e-06	6.617177e-09	1.743927e+01	4.338633e+02
2.060000e-06	2.561434e-06	6.559239e-09	1.713934e+01	4.299942e+02
2.070000e-06	2.515510e-06	6.481483e-09	1.683204e+01	4.259538e+02
2.080000e-06	2.468765e-06	6.424327e-09	1.651926e+01	4.218391e+02
2.090000e-06	2.421195e-06	6.372404e-09	1.620095e+01	4.177275e+02
2.100000e-06	2.372607e-06	6.297806e-09	1.587584e+01	4.136402e+02
2.110000e-06	2.323054e-06	6.224606e-09	1.554426e+01	4.095351e+02
2.120000e-06	2.272707e-06	6.158369e-09	1.520737e+01	4.053290e+02
2.130000e-06	2.221590e-06	6.103559e-09	1.486533e+01	4.009374e+02
2.140000e-06	2.169535e-06	6.037981e-09	1.451702e+01	3.963114e+02
2.150000e-06	2.116333e-06	5.960641e-09	1.416103e+01	3.914555e+02
2.160000e-06	2.061992e-06	5.883361e-09	1.379741e+01	3.864211e+02
2.170000e-06	2.006872e-06	5.792946e-09	1.342859e+01	3.812788e+02
2.180000e-06	1.951257e-06	5.721735e-09	1.305646e+01	3.760842e+02
2.190000e-06	1.895026e-06	5.654275e-09	1.268019e+01	3.708542e+02
2.200000e-06	1.838108e-06	5.554942e-09	1.229934e+01	3.655633e+02
2.210000e-06	1.780574e-06	5.471776e-09	1.191437e+01	3.601603e+02
2.220000e-06	1.722395e-06	5.395362e-09	1.152507e+01	3.545957e+02
2.230000e-06	1.663624e-06	5.315260e-09	1.113181e+01	3.488438e+02
2.240000e-06	1.604468e-06	5.222670e-09	1.073598e+01	3.429071e+02
2.250000e-06	1.544950e-06	5.117402e-09	1.033773e+01	3.368036e+02
2.260000e-06	1.484901e-06	5.027316e-09	9.935928e+00	3.305464e+02
2.270000e-06	1.424146e-06	4.934042e-09	9.529393e+00	3.241320e+02
2.280000e-06	1.362590e-06	4.835129e-09	9.117503e+00	3.175442e+02
2.290000e-06	1.300241e-06	4.725696e-09	8.700308e+00	3.107721e+02
2.300000e-06	1.237333e-06	4.614183e-09	8.279374e+00	3.038256e+02
2.310000e-06	1.174114e-06	4.511304e-09	7.856355e+00	2.967376e+02
2.320000e-06	1.110627e-06	4.405112e-09	7.431543e+00	2.895447e+02
2.330000e-06	1.046854e-06	4.293748e-09	7.004819e+00	2.822609e+02
2.340000e-06	9.826913e-07	4.174679e-09	6.575487e+00	2.748606e+02
2.350000e-06	9.181791e-07	4.058142e-09	6.143816e+00	2.672858e+02
2.360000e-06	8.533568e-07	3.948622e-09	5.710070e+00	2.594765e+02
2.370000e-06	7.882129e-07	3.828844e-09	5.274173e+00	2.514063e+02
2.380000e-06	7.228455e-07	3.696771e-09	4.836779e+00	2.431019e+02
2.390000e-06	6.573076e-07	3.563250e-09	4.398245e+00	2.346309e+02
2.400000e-06	5.914775e-07	3.433707e-09	3.957756e+00	2.260646e+02
2.410000e-06	5.253450e-07	3.306395e-09	3.515244e+00	2.174345e+02
2.420000e-06	4.590696e-07	3.171655e-09	3.071775e+00	2.087095e+02
2.430000e-06	3.926962e-07	3.032111e-09	2.627650e+00	1.998058e+02
2.440000e-06	3.262437e-07	2.893010e-09	2.182996e+00	1.906250e+02
2.450000e-06	2.596609e-07	2.751100e-09	1.737471e+00	1.810999e+02
2.460000e-06	1.929206e-07	2.601845e-09	1.290890e+00	1.712248e+02
2.470000e-06	1.261182e-07	2.442275e-09	8.438952e-01	1.610554e+02
2.480000e-06	5.932487e-08	2.279194e-09	3.969608e-01	1.506802e+02
2.490000e-06	-7.470723e-09	2.119500e-09	-4.998889e-02	1.401789e+02
2.500000e-06	-7.429947e-08	1.961951e-09	-4.971604e-01	1.295867e+02
2.510000e-06	-1.411211e-07	1.799473e-09	-9.442842e-01	1.188810e+02
2.520000e-06	-2.078296e-07	1.631431e-09	-1.390651e+00	1.079940e+02
2.530000e-06	-2.744472e-07	1.461753e-09	-1.836410e+00	9.684371e+01
2.540000e-06	-3.409844e-07	1.290198e-09	-2.281631e+00	8.536979e+01
2.550000e-06	-4.073876e-07	1.112893e-09	-2.725954e+00	7.355793e+01
2.560000e-06	-4.735964e-07	9.263569e-10	-3.168978e+00	6.144271e+01
2.570000e-06	-5.395740e-07	7.351269e-10	-3.610454e+00	4.908873e+01
2.580000e-06	-6.053616e-07	5.431022e-10	-4.050659e+00	3.655982e+01
2.590000e-06	-6.709320e-07	3.524080e-10	-4.489411e+00	2.389233e+01
2.600000e-06	-7.363088e-07	1.576430e-10	-4.926867e+00	1.108603e+01
2.610000e-06	-8.015069e-07	-4.401882e-11	-5.363127e+00	-1.883537e+00
2.620000e-06	-8.664998e-07	-2.467977e-10	-5.798014e+00	-1.503986e+01
2.630000e-06	-9.311759e-07	-4.469216e-10	-6.230782e+00	-2.838365e+01
2.640000e-06	-9.954198e-07	-6.470837e-10	-6.660657e+00	-4.188781e+01
2.650000e-06	-1.059283e-06	-8.531630e-10	-7.087988e+00	-5.551100e+01
2.660000e-06	-1.122844e-06	-1.063123e-09	-7.513295e+00	-6.921806e+01
2.670000e-06	-1.186166e-06	-1.273171e-09	-7.936998e+00	-8.299097e+01
2.680000e-06	-1.249208e-06	-1.481731e-09	-8.358830e+00	-9.682070e+01
2.690000e-06	-1.311793e-06	-1.692974e-09	-8.777607e+00	-1.106859e+02
2.700000e-06	-1.373773e-06	-1.906636e-09	-9.192337e+00	-1.245359e+02
2.710000e-06	-1.435033e-06	-2.117446e-09	-9.602245e+00	-1.382949e+02
2.720000e-06	-1.495524e-06	-2.322888e-09	-1.000701e+01	-1.518894e+02
2.730000e-06	-1.555364e-06	-2.524092e-09	-1.040741e+01	-1.652825e+02
2.740000e-06	-1.614747e-06	-2.723977e-09	-1.080477e+01	-1.784897e+02
2.750000e-06	-1.673742e-06	-2.923982e-09	-1.119952e+01	-1.915606e+02
2.760000e-06	-1.732220e-06	-3.124636e-09	-1.159081e+01	-2.045338e+02
2.770000e-06	-1.790056e-06	-3.320825e-09	-1.197781e+01	-2.173912e+02
2.780000e-06	-1.847257e-06	-3.511018e-09	-1.236056e+01	-2.300446e+02
2.790000e-06	-1.903805e-06	-3.699674e-09	-1.273894e+01	-2.423654e+02
2.800000e-06	-1.959709e-06	-3.883845e-09	-1.311301e+01	-2.542453e+02
2.810000e-06	-2.015028e-06	-4.057117e-09	-1.348317e+01	-2.656495e+02
2.820000e-06	-2.069657e-06	-4.221521e-09	-1.384870e+01	-2.766309e+02
2.830000e-06	-2.123313e-06	-4.381365e-09	-1.420774e+01	-2.872944e+02
2.840000e-06	-2.175846e-06	-4.540271e-09	-1.455925e+01	-2.977332e+02
2.850000e-06	-2.227412e-06	-4.697755e-09	-1.490429e+01	-3.079751e+02
2.860000e-06	-2.278166e-06	-4.849507e-09	-1.524391e+01	-3.179689e+02
2.870000e-06	-2.328091e-06	-4.995023e-09	-1.557796e+01	-3.276172e+02
2.880000e-06	-2.377110e-06	-5.135289e-09	-1.590597e+01	-3.368326e+02
2.890000e-06	-2.425024e-06	-5.269522e-09	-1.622657e+01	-3.455820e+02
2.900000e-06	-2.471774e-06	-5.397135e-09	-1.653939e+01	-3.538977e+02
2.910000e-06	-2.517619e-06	-5.518839e-09	-1.684616e+01	-3.618524e+02
2.920000e-06	-2.562676e-06	-5.634596e-09	-1.714765e+01	-3.695207e+02
2.930000e-06	-2.606947e-06	-5.747346e-09	-1.744387e+01	-3.769483e+02
2.940000e-06	-2.650492e-06	-5.857160e-09	-1.773525e+01	-3.841455e+02
2.950000e-06	-2.693246e-06	-5.960210e-09	-1.802133e+01	-3.910968e+02
2.960000e-06	-2.735139e-06	-6.059173e-09	-1.830165e+01	-3.977778e+02
2.970000e-06	-2.776196e-06	-6.155574e-09	-1.857637e+01	-4.041643e+02
2.980000e-06	-2.816392e-06	-6.248102e-09	-1.884533e+01	-4.102359e+02
2.990000e-06	-2.855710e-06	-6.336120e-09	-1.910843e+01	-4.159770e+02
3.000000e-06	-2.893982e-06	-6.418748e-09	-1.936452e+01	-4.213835e+02
3.010000e-06	-2.930902e-06	-6.497902e-09	-1.961156e+01	-4.264720e+02
3.020000e-06	-2.966640e-06	-6.572207e-09	-1.985069e+01	-4.312834e+02
3.030000e-06	-3.001505e-06	-6.642920e-09	-2.008398e+01	-4.358745e+02
3.040000e-06	-3.035364e-06	-6.709414e-09	-2.031054e+01	-4.402973e+02
3.050000e-06	-3.068134e-06	-6.771915e-09	-2.052982e+01	-4.445788e+02
3.060000e-06	-3.099889e-06	-6.835176e-09	-2.074230e+01	-4.487107e+02
3.070000e-06	-3.130593e-06	-6.898060e-09	-2.094775e+01	-4.526586e+02
3.080000e-06	-3.160056e-06	-6.956024e-09	-2.114490e+01	-4.563818e+02
3.090000e-06	-3.188237e-06	-7.008962e-09	-2.133347e+01	-4.598550e+02
3.100000e-06	-3.215336e-06	-7.057332e-09	-2.151479e+01	-4.630782e+02
3.110000e-06	-3.241329e-06	-7.102646e-09	-2.168872e+01	-4.660737e+02
3.120000e-06	-3.266126e-06	-7.146638e-09	-2.185464e+01	-4.688753e+02
3.130000e-06	-3.289911e-06	-7.187517e-09	-2.201380e+01	-4.715173e+02
3.140000e-06	-3.312712e-06	-7.223834e-09	-2.216637e+01	-4.740289e+02
3.150000e-06	-3.334193e-06	-7.258782e-09	-2.231010e+01	-4.764304e+02
3.160000e-06	-3.354287e-06	-7.295735e-09	-2.244456e+01	-4.787300e+02
3.170000e-06	-3.373216e-06	-7.333262e-09	-2.257122e+01	-4.809190e+02
3.180000e-06	-3.391062e-06	-7.367884e-09	-2.269063e+01	-4.829704e+02
3.190000e-06	-3.407789e-06	-7.397050e-09	-2.280256e+01	-4.848476e+02
3.200000e-06	-3.423376e-06	-7.423365e-09	-2.290685e+01	-4.865205e+02
3.210000e-06	-3.437705e-06	-7.445649e-09	-2.300273e+01	-4.879831e+02
3.220000e-06	-3.450475e-06	-7.463985e-09	-2.308818e+01	-4.892607e+02
3.230000e-06	-3.461746e-06	-7.479248e-09	-2.316360e+01	-4.904006e+02
3.240000e-06	-3.471732e-06	-7.494027e-09	-2.323042e+01	-4.914506e+02
3.250000e-06	-3.480521e-06	-7.509385e-09	-2.328922e+01	-4.924390e+02
3.260000e-06	-3.488213e-06	-7.526531e-09	-2.334070e+01	-4.933654e+02
3.270000e-06	-3.494782e-06	-7.543832e-09	-2.338465e+01	-4.942092e+02
3.280000e-06	-3.499955e-06	-7.556800e-09	-2.341926e+01	-4.949448e+02
3.290000e-06	-3.503722e-06	-7.564272e-09	-2.344448e+01	-4.955525e+02
3.300000e-06	-3.506374e-06	-7.567979e-09	-2.346222e+01	-4.960208e+02
3.310000e-06	-3.507922e-06	-7.572410e-09	-2.347258e+01	-4.963405e+02
3.320000e-06	-3.508319e-06	-7.575661e-09	-2.347523e+01	-4.965049e+02
