# Temperatura_=_20.0
# Concentracion g/m^3_=_10000.0
# C_Vs_to_Am_M_A/Vsm_=_65563218390.804596
# pendiente_HvsI_1/m_=_3716.3
# ordenada_HvsI_A/m_=_1297.0
# frecuencia_Hz_=_212863.68598929126

Tiempo_(s)	Campo_(V.s)	Magnetizacion_(V.s)	Campo_(kA/m)	Magnetizacion_(A/m)
0.000000e+00	-4.378907e-06	-8.720420e-09	-3.099424e+01	-5.672964e+02
1.000000e-08	-4.377984e-06	-8.717979e-09	-3.098771e+01	-5.672330e+02
2.000000e-08	-4.376305e-06	-8.715895e-09	-3.097582e+01	-5.671615e+02
3.000000e-08	-4.373936e-06	-8.713679e-09	-3.095906e+01	-5.670890e+02
4.000000e-08	-4.370879e-06	-8.710187e-09	-3.093742e+01	-5.670051e+02
5.000000e-08	-4.367051e-06	-8.705396e-09	-3.091033e+01	-5.668841e+02
6.000000e-08	-4.362387e-06	-8.700391e-09	-3.087731e+01	-5.666952e+02
7.000000e-08	-4.356847e-06	-8.693131e-09	-3.083810e+01	-5.664146e+02
8.000000e-08	-4.350334e-06	-8.694431e-09	-3.079200e+01	-5.660373e+02
9.000000e-08	-4.342900e-06	-8.722245e-09	-3.073938e+01	-5.655819e+02
1.000000e-07	-4.334672e-06	-8.729145e-09	-3.068115e+01	-5.650872e+02
1.100000e-07	-4.325795e-06	-8.658045e-09	-3.061831e+01	-5.646005e+02
1.200000e-07	-4.316385e-06	-8.615129e-09	-3.055171e+01	-5.641624e+02
1.300000e-07	-4.306263e-06	-8.683213e-09	-3.048006e+01	-5.637931e+02
1.400000e-07	-4.295331e-06	-8.718890e-09	-3.040268e+01	-5.634849e+02
1.500000e-07	-4.283835e-06	-8.592496e-09	-3.032131e+01	-5.632050e+02
1.600000e-07	-4.271659e-06	-8.595873e-09	-3.023514e+01	-5.629063e+02
1.700000e-07	-4.258435e-06	-8.676168e-09	-3.014154e+01	-5.625430e+02
1.800000e-07	-4.244420e-06	-8.589690e-09	-3.004233e+01	-5.620852e+02
1.900000e-07	-4.229990e-06	-8.534421e-09	-2.994020e+01	-5.615264e+02
2.000000e-07	-4.214891e-06	-8.590886e-09	-2.983333e+01	-5.608821e+02
2.100000e-07	-4.198958e-06	-8.558725e-09	-2.972055e+01	-5.601804e+02
2.200000e-07	-4.182295e-06	-8.483335e-09	-2.960261e+01	-5.594475e+02
2.300000e-07	-4.164816e-06	-8.569597e-09	-2.947889e+01	-5.586949e+02
2.400000e-07	-4.146561e-06	-8.539961e-09	-2.934968e+01	-5.579129e+02
2.500000e-07	-4.127590e-06	-8.454179e-09	-2.921540e+01	-5.570726e+02
2.600000e-07	-4.107673e-06	-8.499158e-09	-2.907443e+01	-5.561364e+02
2.700000e-07	-4.086789e-06	-8.484174e-09	-2.892661e+01	-5.550710e+02
2.800000e-07	-4.065222e-06	-8.433126e-09	-2.877395e+01	-5.538602e+02
2.900000e-07	-4.042899e-06	-8.436272e-09	-2.861595e+01	-5.525106e+02
3.000000e-07	-4.019681e-06	-8.397980e-09	-2.845161e+01	-5.510487e+02
3.100000e-07	-3.995771e-06	-8.368045e-09	-2.828238e+01	-5.495122e+02
3.200000e-07	-3.971233e-06	-8.385160e-09	-2.810870e+01	-5.479363e+02
3.300000e-07	-3.945971e-06	-8.317138e-09	-2.792989e+01	-5.463431e+02
3.400000e-07	-3.919959e-06	-8.266304e-09	-2.774578e+01	-5.447363e+02
3.500000e-07	-3.893191e-06	-8.298797e-09	-2.755631e+01	-5.431031e+02
3.600000e-07	-3.865737e-06	-8.256229e-09	-2.736199e+01	-5.414228e+02
3.700000e-07	-3.837608e-06	-8.213837e-09	-2.716289e+01	-5.396766e+02
3.800000e-07	-3.808772e-06	-8.217204e-09	-2.695878e+01	-5.378565e+02
3.900000e-07	-3.779217e-06	-8.159509e-09	-2.674959e+01	-5.359675e+02
4.000000e-07	-3.748904e-06	-8.135742e-09	-2.653503e+01	-5.340249e+02
4.100000e-07	-3.717837e-06	-8.130474e-09	-2.631514e+01	-5.320459e+02
4.200000e-07	-3.686027e-06	-8.074474e-09	-2.608998e+01	-5.300419e+02
4.300000e-07	-3.653500e-06	-8.032505e-09	-2.585976e+01	-5.280123e+02
4.400000e-07	-3.620362e-06	-8.021244e-09	-2.562521e+01	-5.259445e+02
4.500000e-07	-3.586720e-06	-7.997879e-09	-2.538708e+01	-5.238191e+02
4.600000e-07	-3.552534e-06	-7.953516e-09	-2.514511e+01	-5.216183e+02
4.700000e-07	-3.517761e-06	-7.920261e-09	-2.489898e+01	-5.193328e+02
4.800000e-07	-3.482421e-06	-7.878260e-09	-2.464884e+01	-5.169659e+02
4.900000e-07	-3.446437e-06	-7.841840e-09	-2.439415e+01	-5.145314e+02
5.000000e-07	-3.409800e-06	-7.813359e-09	-2.413483e+01	-5.120473e+02
5.100000e-07	-3.372600e-06	-7.761152e-09	-2.387153e+01	-5.095273e+02
5.200000e-07	-3.334849e-06	-7.720944e-09	-2.360432e+01	-5.069745e+02
5.300000e-07	-3.296552e-06	-7.690745e-09	-2.333325e+01	-5.043791e+02
5.400000e-07	-3.257654e-06	-7.653977e-09	-2.305793e+01	-5.017222e+02
5.500000e-07	-3.218126e-06	-7.611508e-09	-2.277814e+01	-4.989834e+02
5.600000e-07	-3.178017e-06	-7.558121e-09	-2.249425e+01	-4.961485e+02
5.700000e-07	-3.137375e-06	-7.513556e-09	-2.220658e+01	-4.932152e+02
5.800000e-07	-3.096210e-06	-7.475601e-09	-2.191521e+01	-4.901932e+02
5.900000e-07	-3.054508e-06	-7.431555e-09	-2.162004e+01	-4.870999e+02
6.000000e-07	-3.012238e-06	-7.376645e-09	-2.132086e+01	-4.839519e+02
6.100000e-07	-2.969378e-06	-7.327090e-09	-2.101749e+01	-4.807579e+02
6.200000e-07	-2.926003e-06	-7.287725e-09	-2.071048e+01	-4.775148e+02
6.300000e-07	-2.882138e-06	-7.234348e-09	-2.040000e+01	-4.742091e+02
6.400000e-07	-2.837746e-06	-7.177185e-09	-2.008579e+01	-4.708230e+02
6.500000e-07	-2.792876e-06	-7.119661e-09	-1.976819e+01	-4.673430e+02
6.600000e-07	-2.747473e-06	-7.067195e-09	-1.944683e+01	-4.637657e+02
6.700000e-07	-2.701428e-06	-7.021958e-09	-1.912092e+01	-4.601004e+02
6.800000e-07	-2.654760e-06	-6.965650e-09	-1.879060e+01	-4.563653e+02
6.900000e-07	-2.607584e-06	-6.904650e-09	-1.845669e+01	-4.525794e+02
7.000000e-07	-2.559981e-06	-6.846460e-09	-1.811975e+01	-4.487541e+02
7.100000e-07	-2.511964e-06	-6.793599e-09	-1.777987e+01	-4.448869e+02
7.200000e-07	-2.463506e-06	-6.733958e-09	-1.743688e+01	-4.409614e+02
7.300000e-07	-2.414510e-06	-6.662586e-09	-1.709009e+01	-4.369521e+02
7.400000e-07	-2.365030e-06	-6.597491e-09	-1.673987e+01	-4.328340e+02
7.500000e-07	-2.315183e-06	-6.538657e-09	-1.638704e+01	-4.285918e+02
7.600000e-07	-2.264951e-06	-6.479171e-09	-1.603150e+01	-4.242252e+02
7.700000e-07	-2.214353e-06	-6.408312e-09	-1.567336e+01	-4.197483e+02
7.800000e-07	-2.163399e-06	-6.331612e-09	-1.531270e+01	-4.151831e+02
7.900000e-07	-2.112091e-06	-6.262981e-09	-1.494954e+01	-4.105496e+02
8.000000e-07	-2.060404e-06	-6.193381e-09	-1.458370e+01	-4.058571e+02
8.100000e-07	-2.008286e-06	-6.117626e-09	-1.421480e+01	-4.011000e+02
8.200000e-07	-1.955764e-06	-6.035589e-09	-1.384305e+01	-3.962594e+02
8.300000e-07	-1.902935e-06	-5.958008e-09	-1.346912e+01	-3.913117e+02
8.400000e-07	-1.849853e-06	-5.887537e-09	-1.309340e+01	-3.862376e+02
8.500000e-07	-1.796489e-06	-5.809521e-09	-1.271569e+01	-3.810311e+02
8.600000e-07	-1.742825e-06	-5.725618e-09	-1.233585e+01	-3.757017e+02
8.700000e-07	-1.688859e-06	-5.639000e-09	-1.195388e+01	-3.702702e+02
8.800000e-07	-1.634607e-06	-5.556235e-09	-1.156988e+01	-3.647598e+02
8.900000e-07	-1.580087e-06	-5.474020e-09	-1.118398e+01	-3.591855e+02
9.000000e-07	-1.525301e-06	-5.383824e-09	-1.079620e+01	-3.535462e+02
9.100000e-07	-1.470204e-06	-5.293364e-09	-1.040622e+01	-3.478242e+02
9.200000e-07	-1.414744e-06	-5.203726e-09	-1.001366e+01	-3.419908e+02
9.300000e-07	-1.358990e-06	-5.115761e-09	-9.619035e+00	-3.360168e+02
9.400000e-07	-1.302999e-06	-5.021971e-09	-9.222728e+00	-3.298838e+02
9.500000e-07	-1.246762e-06	-4.919837e-09	-8.824676e+00	-3.235906e+02
9.600000e-07	-1.190277e-06	-4.819314e-09	-8.424872e+00	-3.171529e+02
9.700000e-07	-1.133573e-06	-4.720949e-09	-8.023519e+00	-3.105957e+02
9.800000e-07	-1.076647e-06	-4.620771e-09	-7.620594e+00	-3.039419e+02
9.900000e-07	-1.019438e-06	-4.513754e-09	-7.215659e+00	-2.972011e+02
1.000000e-06	-9.619686e-07	-4.407054e-09	-6.808889e+00	-2.903645e+02
1.010000e-06	-9.043310e-07	-4.303129e-09	-6.400925e+00	-2.834064e+02
1.020000e-06	-8.465277e-07	-4.192296e-09	-5.991789e+00	-2.762942e+02
1.030000e-06	-7.885365e-07	-4.074987e-09	-5.581322e+00	-2.690005e+02
1.040000e-06	-7.304318e-07	-3.954364e-09	-5.170053e+00	-2.615147e+02
1.050000e-06	-6.722232e-07	-3.839114e-09	-4.758048e+00	-2.538469e+02
1.060000e-06	-6.138866e-07	-3.725142e-09	-4.345137e+00	-2.460237e+02
1.070000e-06	-5.554339e-07	-3.604747e-09	-3.931404e+00	-2.380775e+02
1.080000e-06	-4.968736e-07	-3.481072e-09	-3.516910e+00	-2.300317e+02
1.090000e-06	-4.382373e-07	-3.355173e-09	-3.101877e+00	-2.218901e+02
1.100000e-06	-3.795466e-07	-3.230074e-09	-2.686461e+00	-2.136330e+02
1.110000e-06	-3.207877e-07	-3.100039e-09	-2.270560e+00	-2.052230e+02
1.120000e-06	-2.619718e-07	-2.962876e-09	-1.854257e+00	-1.966181e+02
1.130000e-06	-2.031239e-07	-2.823826e-09	-1.437727e+00	-1.877863e+02
1.140000e-06	-1.442626e-07	-2.685373e-09	-1.021102e+00	-1.787182e+02
1.150000e-06	-8.539691e-08	-2.546920e-09	-6.044459e-01	-1.694291e+02
1.160000e-06	-2.651115e-08	-2.403126e-09	-1.876480e-01	-1.599539e+02
1.170000e-06	3.238315e-08	-2.255278e-09	2.292105e-01	-1.503322e+02
1.180000e-06	9.125933e-08	-2.107176e-09	6.459406e-01	-1.405935e+02
1.190000e-06	1.500982e-07	-1.958524e-09	1.062407e+00	-1.307453e+02
1.200000e-06	2.088925e-07	-1.807539e-09	1.478557e+00	-1.207703e+02
1.210000e-06	2.676402e-07	-1.648599e-09	1.894378e+00	-1.106328e+02
1.220000e-06	3.263429e-07	-1.486951e-09	2.309881e+00	-1.002928e+02
1.230000e-06	3.849715e-07	-1.326222e-09	2.724858e+00	-8.972028e+01
1.240000e-06	4.434958e-07	-1.163062e-09	3.139097e+00	-7.890627e+01
1.250000e-06	5.019126e-07	-9.951151e-10	3.552577e+00	-6.786468e+01
1.260000e-06	5.602490e-07	-8.219085e-10	3.965486e+00	-5.662537e+01
1.270000e-06	6.184975e-07	-6.486774e-10	4.377773e+00	-4.522133e+01
1.280000e-06	6.766051e-07	-4.733618e-10	4.789064e+00	-3.367548e+01
1.290000e-06	7.345555e-07	-2.909322e-10	5.199241e+00	-2.199262e+01
1.300000e-06	7.923631e-07	-1.036382e-10	5.608407e+00	-1.015996e+01
1.310000e-06	8.500573e-07	8.487602e-11	6.016772e+00	1.844078e+00
1.320000e-06	9.076181e-07	2.700439e-10	6.424191e+00	1.403651e+01
1.330000e-06	9.650397e-07	4.561153e-10	6.830626e+00	2.641746e+01
1.340000e-06	1.022277e-06	6.453385e-10	7.235755e+00	3.896407e+01
1.350000e-06	1.079287e-06	8.367280e-10	7.639274e+00	5.163348e+01
1.360000e-06	1.136084e-06	1.031685e-09	8.041288e+00	6.437351e+01
1.370000e-06	1.192661e-06	1.227519e-09	8.441748e+00	7.713707e+01
1.380000e-06	1.249032e-06	1.425954e-09	8.840743e+00	8.989413e+01
1.390000e-06	1.305202e-06	1.624822e-09	9.238321e+00	1.026365e+02
1.400000e-06	1.361175e-06	1.820919e-09	9.634499e+00	1.153730e+02
1.410000e-06	1.416927e-06	2.014540e-09	1.002912e+01	1.281178e+02
1.420000e-06	1.472414e-06	2.208602e-09	1.042186e+01	1.408749e+02
1.430000e-06	1.527546e-06	2.403881e-09	1.081209e+01	1.536275e+02
1.440000e-06	1.582295e-06	2.596643e-09	1.119961e+01	1.663344e+02
1.450000e-06	1.636728e-06	2.785904e-09	1.158489e+01	1.789367e+02
1.460000e-06	1.690900e-06	2.973598e-09	1.196832e+01	1.913715e+02
1.470000e-06	1.744800e-06	3.159309e-09	1.234983e+01	2.035883e+02
1.480000e-06	1.798409e-06	3.341693e-09	1.272928e+01	2.155596e+02
1.490000e-06	1.851709e-06	3.518960e-09	1.310654e+01	2.272846e+02
1.500000e-06	1.904695e-06	3.692824e-09	1.348158e+01	2.387821e+02
1.510000e-06	1.957392e-06	3.865455e-09	1.385457e+01	2.500760e+02
1.520000e-06	2.009786e-06	4.035952e-09	1.422542e+01	2.611806e+02
1.530000e-06	2.061775e-06	4.201613e-09	1.459340e+01	2.720900e+02
1.540000e-06	2.113274e-06	4.362059e-09	1.495791e+01	2.827762e+02
1.550000e-06	2.164350e-06	4.520269e-09	1.531944e+01	2.931973e+02
1.560000e-06	2.215062e-06	4.675424e-09	1.567838e+01	3.033118e+02
1.570000e-06	2.265401e-06	4.825479e-09	1.603468e+01	3.130927e+02
1.580000e-06	2.315359e-06	4.970257e-09	1.638829e+01	3.225375e+02
1.590000e-06	2.364949e-06	5.111404e-09	1.673929e+01	3.316679e+02
1.600000e-06	2.414143e-06	5.251613e-09	1.708749e+01	3.405208e+02
1.610000e-06	2.462815e-06	5.385685e-09	1.743200e+01	3.491339e+02
1.620000e-06	2.510941e-06	5.510388e-09	1.777263e+01	3.575313e+02
1.630000e-06	2.558627e-06	5.630220e-09	1.811016e+01	3.657148e+02
1.640000e-06	2.605913e-06	5.749973e-09	1.844485e+01	3.736649e+02
1.650000e-06	2.652760e-06	5.869847e-09	1.877644e+01	3.813497e+02
1.660000e-06	2.699111e-06	5.983329e-09	1.910452e+01	3.887393e+02
1.670000e-06	2.744901e-06	6.088313e-09	1.942862e+01	3.958191e+02
1.680000e-06	2.790102e-06	6.189984e-09	1.974856e+01	4.025973e+02
1.690000e-06	2.834784e-06	6.291340e-09	2.006482e+01	4.091031e+02
1.700000e-06	2.878991e-06	6.389005e-09	2.037772e+01	4.153778e+02
1.710000e-06	2.922706e-06	6.479318e-09	2.068714e+01	4.214616e+02
1.720000e-06	2.965966e-06	6.566026e-09	2.099334e+01	4.273813e+02
1.730000e-06	3.008782e-06	6.653736e-09	2.129639e+01	4.331452e+02
1.740000e-06	3.051035e-06	6.739794e-09	2.159546e+01	4.387450e+02
1.750000e-06	3.092658e-06	6.819112e-09	2.189008e+01	4.441647e+02
1.760000e-06	3.133732e-06	6.894480e-09	2.218080e+01	4.493924e+02
1.770000e-06	3.174291e-06	6.972288e-09	2.246788e+01	4.544292e+02
1.780000e-06	3.214328e-06	7.049709e-09	2.275126e+01	4.592919e+02
1.790000e-06	3.253828e-06	7.122670e-09	2.303085e+01	4.640086e+02
1.800000e-06	3.292686e-06	7.190500e-09	2.330589e+01	4.686084e+02
1.810000e-06	3.330910e-06	7.256142e-09	2.357644e+01	4.731104e+02
1.820000e-06	3.368563e-06	7.320434e-09	2.384295e+01	4.775163e+02
1.830000e-06	3.405680e-06	7.381122e-09	2.410567e+01	4.818102e+02
1.840000e-06	3.442289e-06	7.438500e-09	2.436479e+01	4.859649e+02
1.850000e-06	3.478284e-06	7.495547e-09	2.461957e+01	4.899543e+02
1.860000e-06	3.513582e-06	7.553631e-09	2.486941e+01	4.937640e+02
1.870000e-06	3.548226e-06	7.607888e-09	2.511462e+01	4.973986e+02
1.880000e-06	3.582278e-06	7.657553e-09	2.535564e+01	5.008809e+02
1.890000e-06	3.615799e-06	7.704968e-09	2.559290e+01	5.042443e+02
1.900000e-06	3.648726e-06	7.751171e-09	2.582596e+01	5.075206e+02
1.910000e-06	3.680948e-06	7.795859e-09	2.605404e+01	5.107286e+02
1.920000e-06	3.712484e-06	7.838087e-09	2.627725e+01	5.138683e+02
1.930000e-06	3.743372e-06	7.878711e-09	2.649588e+01	5.169215e+02
1.940000e-06	3.773560e-06	7.918820e-09	2.670955e+01	5.198599e+02
1.950000e-06	3.802953e-06	7.958567e-09	2.691759e+01	5.226569e+02
1.960000e-06	3.831604e-06	7.996542e-09	2.712039e+01	5.252975e+02
1.970000e-06	3.859592e-06	8.032035e-09	2.731849e+01	5.277846e+02
1.980000e-06	3.886926e-06	8.064665e-09	2.751197e+01	5.301369e+02
1.990000e-06	3.913581e-06	8.095746e-09	2.770063e+01	5.323822e+02
2.000000e-06	3.939494e-06	8.126110e-09	2.788405e+01	5.345468e+02
2.010000e-06	3.964716e-06	8.154916e-09	2.806257e+01	5.366474e+02
2.020000e-06	3.989305e-06	8.182711e-09	2.823661e+01	5.386863e+02
2.030000e-06	4.013254e-06	8.209735e-09	2.840612e+01	5.406540e+02
2.040000e-06	4.036507e-06	8.236429e-09	2.857071e+01	5.425359e+02
2.050000e-06	4.059006e-06	8.262961e-09	2.872996e+01	5.443198e+02
2.060000e-06	4.080770e-06	8.287568e-09	2.888400e+01	5.460032e+02
2.070000e-06	4.101794e-06	8.309486e-09	2.903282e+01	5.475940e+02
2.080000e-06	4.121962e-06	8.331054e-09	2.917557e+01	5.491078e+02
2.090000e-06	4.141239e-06	8.352941e-09	2.931201e+01	5.505609e+02
2.100000e-06	4.159779e-06	8.373859e-09	2.944324e+01	5.519639e+02
2.110000e-06	4.177690e-06	8.391933e-09	2.957002e+01	5.533178e+02
2.120000e-06	4.194941e-06	8.408765e-09	2.969212e+01	5.546142e+02
2.130000e-06	4.211385e-06	8.427608e-09	2.980851e+01	5.558407e+02
2.140000e-06	4.227071e-06	8.446149e-09	2.991953e+01	5.569872e+02
2.150000e-06	4.242082e-06	8.462073e-09	3.002579e+01	5.580516e+02
2.160000e-06	4.256389e-06	8.475251e-09	3.012705e+01	5.590414e+02
2.170000e-06	4.269935e-06	8.487362e-09	3.022293e+01	5.599713e+02
2.180000e-06	4.282704e-06	8.500141e-09	3.031331e+01	5.608571e+02
2.190000e-06	4.294754e-06	8.512754e-09	3.039860e+01	5.617092e+02
2.200000e-06	4.306119e-06	8.526107e-09	3.047905e+01	5.625283e+02
2.210000e-06	4.316754e-06	8.540016e-09	3.055432e+01	5.633053e+02
2.220000e-06	4.326536e-06	8.553712e-09	3.062356e+01	5.640257e+02
2.230000e-06	4.335526e-06	8.564180e-09	3.068719e+01	5.646763e+02
2.240000e-06	4.343843e-06	8.571011e-09	3.074606e+01	5.652513e+02
2.250000e-06	4.351467e-06	8.576891e-09	3.080002e+01	5.657547e+02
2.260000e-06	4.358305e-06	8.583347e-09	3.084842e+01	5.661992e+02
2.270000e-06	4.364328e-06	8.590835e-09	3.089106e+01	5.665995e+02
2.280000e-06	4.369543e-06	8.597442e-09	3.092796e+01	5.669657e+02
2.290000e-06	4.373905e-06	8.604281e-09	3.095884e+01	5.672984e+02
2.300000e-06	4.377392e-06	8.611649e-09	3.098352e+01	5.675875e+02
2.310000e-06	4.380075e-06	8.615501e-09	3.100251e+01	5.678174e+02
2.320000e-06	4.382028e-06	8.617290e-09	3.101633e+01	5.679738e+02
2.330000e-06	4.383226e-06	8.619746e-09	3.102481e+01	5.680519e+02
2.340000e-06	4.383591e-06	8.622789e-09	3.102740e+01	5.680605e+02
2.350000e-06	4.383174e-06	8.626762e-09	3.102445e+01	5.680196e+02
2.360000e-06	4.382080e-06	8.627337e-09	3.101670e+01	5.679538e+02
2.370000e-06	4.380289e-06	8.625201e-09	3.100402e+01	5.678821e+02
2.380000e-06	4.377685e-06	8.623849e-09	3.098559e+01	5.678090e+02
2.390000e-06	4.374304e-06	8.621399e-09	3.096166e+01	5.677213e+02
2.400000e-06	4.370234e-06	8.616690e-09	3.093286e+01	5.675920e+02
2.410000e-06	4.365423e-06	8.616950e-09	3.089880e+01	5.673904e+02
2.420000e-06	4.359816e-06	8.625542e-09	3.085911e+01	5.670950e+02
2.430000e-06	4.353349e-06	8.589097e-09	3.081334e+01	5.667042e+02
2.440000e-06	4.345819e-06	8.551295e-09	3.076005e+01	5.662400e+02
2.450000e-06	4.337093e-06	8.603571e-09	3.069828e+01	5.657434e+02
2.460000e-06	4.327705e-06	8.649845e-09	3.063183e+01	5.652617e+02
2.470000e-06	4.318208e-06	8.566617e-09	3.056461e+01	5.648333e+02
2.480000e-06	4.308145e-06	8.471201e-09	3.049339e+01	5.644742e+02
2.490000e-06	4.296925e-06	8.576293e-09	3.041397e+01	5.641728e+02
2.500000e-06	4.285100e-06	8.609985e-09	3.033027e+01	5.638932e+02
2.510000e-06	4.273014e-06	8.509542e-09	3.024472e+01	5.635874e+02
2.520000e-06	4.259889e-06	8.553847e-09	3.015183e+01	5.632113e+02
2.530000e-06	4.245742e-06	8.641071e-09	3.005169e+01	5.627381e+02
2.540000e-06	4.231186e-06	8.527401e-09	2.994867e+01	5.621649e+02
2.550000e-06	4.215922e-06	8.505982e-09	2.984062e+01	5.615101e+02
2.560000e-06	4.199663e-06	8.624819e-09	2.972554e+01	5.608022e+02
2.570000e-06	4.182730e-06	8.505971e-09	2.960569e+01	5.600660e+02
2.580000e-06	4.165078e-06	8.453191e-09	2.948075e+01	5.593101e+02
2.590000e-06	4.146594e-06	8.564409e-09	2.934991e+01	5.585215e+02
2.600000e-06	4.127560e-06	8.519328e-09	2.921519e+01	5.576693e+02
2.610000e-06	4.107723e-06	8.451443e-09	2.907478e+01	5.567154e+02
2.620000e-06	4.086855e-06	8.504106e-09	2.892708e+01	5.556287e+02
2.630000e-06	4.065349e-06	8.448993e-09	2.877485e+01	5.543960e+02
2.640000e-06	4.043094e-06	8.424475e-09	2.861733e+01	5.530274e+02
2.650000e-06	4.019919e-06	8.446765e-09	2.845330e+01	5.515518e+02
2.660000e-06	3.996058e-06	8.322241e-09	2.828441e+01	5.500073e+02
2.670000e-06	3.971471e-06	8.343312e-09	2.811038e+01	5.484277e+02
2.680000e-06	3.946108e-06	8.392765e-09	2.793086e+01	5.468327e+02
2.690000e-06	3.920063e-06	8.268051e-09	2.774651e+01	5.452229e+02
2.700000e-06	3.893295e-06	8.274901e-09	2.755705e+01	5.435840e+02
2.710000e-06	3.865897e-06	8.276508e-09	2.736312e+01	5.418948e+02
2.720000e-06	3.837819e-06	8.189543e-09	2.716438e+01	5.401377e+02
2.730000e-06	3.808836e-06	8.209073e-09	2.695924e+01	5.383065e+02
2.740000e-06	3.779152e-06	8.180632e-09	2.674913e+01	5.364083e+02
2.750000e-06	3.748865e-06	8.111250e-09	2.653476e+01	5.344591e+02
2.760000e-06	3.717759e-06	8.121684e-09	2.631459e+01	5.324759e+02
2.770000e-06	3.685873e-06	8.093170e-09	2.608889e+01	5.304683e+02
2.780000e-06	3.653345e-06	8.039981e-09	2.585866e+01	5.284340e+02
2.790000e-06	3.620245e-06	8.018138e-09	2.562438e+01	5.263587e+02
2.800000e-06	3.586612e-06	7.974490e-09	2.538632e+01	5.242230e+02
2.810000e-06	3.552281e-06	7.950563e-09	2.514332e+01	5.220097e+02
2.820000e-06	3.517236e-06	7.927537e-09	2.489527e+01	5.197114e+02
2.830000e-06	3.481627e-06	7.874799e-09	2.464323e+01	5.173332e+02
2.840000e-06	3.445469e-06	7.844699e-09	2.438730e+01	5.148901e+02
2.850000e-06	3.408783e-06	7.810492e-09	2.412763e+01	5.123999e+02
2.860000e-06	3.371544e-06	7.777911e-09	2.386405e+01	5.098751e+02
2.870000e-06	3.333642e-06	7.733523e-09	2.359578e+01	5.073167e+02
2.880000e-06	3.295115e-06	7.679639e-09	2.332308e+01	5.047134e+02
2.890000e-06	3.256064e-06	7.654890e-09	2.304667e+01	5.020454e+02
2.900000e-06	3.216506e-06	7.609474e-09	2.276668e+01	4.992928e+02
2.910000e-06	3.176431e-06	7.568987e-09	2.248303e+01	4.964429e+02
2.920000e-06	3.135754e-06	7.522082e-09	2.219511e+01	4.934953e+02
2.930000e-06	3.094428e-06	7.470002e-09	2.190260e+01	4.904614e+02
2.940000e-06	3.052560e-06	7.448734e-09	2.160626e+01	4.873589e+02
2.950000e-06	3.010209e-06	7.391241e-09	2.130649e+01	4.842037e+02
2.960000e-06	2.967345e-06	7.333214e-09	2.100310e+01	4.810027e+02
2.970000e-06	2.924006e-06	7.286593e-09	2.069634e+01	4.777512e+02
2.980000e-06	2.880152e-06	7.233563e-09	2.038594e+01	4.744345e+02
2.990000e-06	2.835710e-06	7.192725e-09	2.007137e+01	4.710350e+02
3.000000e-06	2.790700e-06	7.128196e-09	1.975279e+01	4.675402e+02
3.010000e-06	2.745134e-06	7.073331e-09	1.943027e+01	4.639488e+02
3.020000e-06	2.699066e-06	7.023403e-09	1.910420e+01	4.602717e+02
3.030000e-06	2.652480e-06	6.965508e-09	1.877446e+01	4.565278e+02
3.040000e-06	2.605258e-06	6.909066e-09	1.844022e+01	4.527355e+02
3.050000e-06	2.557444e-06	6.835241e-09	1.810179e+01	4.489043e+02
3.060000e-06	2.509180e-06	6.780310e-09	1.776017e+01	4.450297e+02
3.070000e-06	2.460523e-06	6.728566e-09	1.741578e+01	4.410933e+02
3.080000e-06	2.411466e-06	6.669240e-09	1.706855e+01	4.370690e+02
3.090000e-06	2.362002e-06	6.607416e-09	1.671843e+01	4.329329e+02
3.100000e-06	2.312133e-06	6.533417e-09	1.636546e+01	4.286717e+02
3.110000e-06	2.261842e-06	6.472993e-09	1.600949e+01	4.242873e+02
3.120000e-06	2.211082e-06	6.404667e-09	1.565021e+01	4.197956e+02
3.130000e-06	2.159895e-06	6.327541e-09	1.528791e+01	4.152190e+02
3.140000e-06	2.108362e-06	6.253982e-09	1.492315e+01	4.105763e+02
3.150000e-06	2.056490e-06	6.183246e-09	1.455600e+01	4.058749e+02
3.160000e-06	2.004303e-06	6.122524e-09	1.418661e+01	4.011066e+02
3.170000e-06	1.951805e-06	6.049542e-09	1.381502e+01	3.962514e+02
3.180000e-06	1.899008e-06	5.972117e-09	1.344133e+01	3.912856e+02
3.190000e-06	1.845940e-06	5.891680e-09	1.306570e+01	3.861916e+02
3.200000e-06	1.792554e-06	5.807458e-09	1.268784e+01	3.809657e+02
3.210000e-06	1.738801e-06	5.725177e-09	1.230737e+01	3.756194e+02
3.220000e-06	1.684669e-06	5.635833e-09	1.192422e+01	3.701746e+02
3.230000e-06	1.630240e-06	5.554557e-09	1.153896e+01	3.646540e+02
3.240000e-06	1.575584e-06	5.476290e-09	1.115211e+01	3.590703e+02
3.250000e-06	1.520700e-06	5.398359e-09	1.076363e+01	3.534200e+02
3.260000e-06	1.465573e-06	5.315946e-09	1.037344e+01	3.476832e+02
3.270000e-06	1.410190e-06	5.219020e-09	9.981433e+00	3.418304e+02
3.280000e-06	1.354561e-06	5.122364e-09	9.587689e+00	3.358333e+02
3.290000e-06	1.298674e-06	5.023937e-09	9.192113e+00	3.296759e+02
3.300000e-06	1.242524e-06	4.924864e-09	8.794684e+00	3.233596e+02
3.310000e-06	1.186110e-06	4.825205e-09	8.395380e+00	3.169022e+02
3.320000e-06	1.129431e-06	4.726044e-09	7.994199e+00	3.103292e+02
3.330000e-06	1.072490e-06	4.633619e-09	7.591169e+00	3.036621e+02
3.340000e-06	1.015287e-06	4.535274e-09	7.186283e+00	2.969080e+02
3.350000e-06	9.578549e-07	4.430458e-09	6.779771e+00	2.900550e+02
3.360000e-06	9.002453e-07	4.321443e-09	6.372006e+00	2.830758e+02
3.370000e-06	8.425098e-07	4.211230e-09	5.963350e+00	2.759377e+02
3.380000e-06	7.846378e-07	4.101636e-09	5.553728e+00	2.686154e+02
3.390000e-06	7.266178e-07	3.985019e-09	5.143057e+00	2.611011e+02
3.400000e-06	6.684792e-07	3.866575e-09	4.731548e+00	2.534079e+02
3.410000e-06	6.102307e-07	3.747583e-09	4.319261e+00	2.455642e+02
3.420000e-06	5.518602e-07	3.628779e-09	3.906109e+00	2.376019e+02
3.430000e-06	4.933721e-07	3.508400e-09	3.492126e+00	2.295420e+02
3.440000e-06	4.348225e-07	3.383645e-09	3.077707e+00	2.213848e+02
3.450000e-06	3.762372e-07	3.260655e-09	2.663036e+00	2.131074e+02
3.460000e-06	3.176067e-07	3.134841e-09	2.248045e+00	2.046707e+02
3.470000e-06	2.589432e-07	3.002801e-09	1.832820e+00	1.960333e+02
3.480000e-06	2.002541e-07	2.864559e-09	1.417414e+00	1.871660e+02
3.490000e-06	1.415107e-07	2.722521e-09	1.001623e+00	1.780631e+02
3.500000e-06	8.271167e-08	2.581832e-09	5.854397e-01	1.687435e+02
3.510000e-06	2.391095e-08	2.440296e-09	1.692435e-01	1.592438e+02
3.520000e-06	-3.487617e-08	2.297299e-09	-2.468562e-01	1.496030e+02
3.530000e-06	-9.363740e-08	2.150904e-09	-6.627728e-01	1.398480e+02
3.540000e-06	-1.523579e-07	2.002848e-09	-1.078401e+00	1.299824e+02
3.550000e-06	-2.110344e-07	1.853544e-09	-1.493718e+00	1.199855e+02
3.560000e-06	-2.696467e-07	1.697956e-09	-1.908580e+00	1.098201e+02
3.570000e-06	-3.282062e-07	1.538558e-09	-2.323069e+00	9.944664e+01
3.580000e-06	-3.867070e-07	1.375401e-09	-2.737142e+00	8.883783e+01
3.590000e-06	-4.451152e-07	1.209851e-09	-3.150560e+00	7.798823e+01
3.600000e-06	-5.034259e-07	1.043047e-09	-3.563288e+00	6.691478e+01
3.610000e-06	-5.616366e-07	8.738779e-10	-3.975307e+00	5.564872e+01
3.620000e-06	-6.197431e-07	7.049311e-10	-4.386590e+00	4.422228e+01
3.630000e-06	-6.777529e-07	5.331703e-10	-4.797188e+00	3.265599e+01
3.640000e-06	-7.356672e-07	3.587439e-10	-5.207109e+00	2.095176e+01
3.650000e-06	-7.934641e-07	1.793033e-10	-5.616201e+00	9.094764e+00
3.660000e-06	-8.511279e-07	-6.609811e-12	-6.024350e+00	-2.936801e+00
3.670000e-06	-9.086623e-07	-1.954162e-10	-6.431582e+00	-1.515810e+01
3.680000e-06	-9.660668e-07	-3.862669e-10	-6.837896e+00	-2.756597e+01
3.690000e-06	-1.023302e-06	-5.764402e-10	-7.243010e+00	-4.013418e+01
3.700000e-06	-1.080308e-06	-7.659593e-10	-7.646506e+00	-5.281760e+01
3.710000e-06	-1.137043e-06	-9.547472e-10	-8.048080e+00	-6.556391e+01
3.720000e-06	-1.193512e-06	-1.145204e-09	-8.447768e+00	-7.832795e+01
3.730000e-06	-1.249709e-06	-1.339460e-09	-8.845539e+00	-9.108287e+01
3.740000e-06	-1.305656e-06	-1.534477e-09	-9.241537e+00	-1.038235e+02
3.750000e-06	-1.361404e-06	-1.729941e-09	-9.636120e+00	-1.165606e+02
3.760000e-06	-1.416927e-06	-1.926899e-09	-1.002912e+01	-1.293074e+02
3.770000e-06	-1.472218e-06	-2.122943e-09	-1.042047e+01	-1.420656e+02
3.780000e-06	-1.527267e-06	-2.316514e-09	-1.081011e+01	-1.548146e+02
3.790000e-06	-1.582066e-06	-2.508303e-09	-1.119799e+01	-1.675098e+02
3.800000e-06	-1.636627e-06	-2.700944e-09	-1.158418e+01	-1.800909e+02
3.810000e-06	-1.690928e-06	-2.893211e-09	-1.196852e+01	-1.924959e+02
3.820000e-06	-1.744942e-06	-3.081303e-09	-1.235083e+01	-2.046769e+02
3.830000e-06	-1.798605e-06	-3.265503e-09	-1.273067e+01	-2.166108e+02
3.840000e-06	-1.851853e-06	-3.445221e-09	-1.310756e+01	-2.283003e+02
3.850000e-06	-1.904738e-06	-3.621543e-09	-1.348188e+01	-2.397658e+02
3.860000e-06	-1.957319e-06	-3.793545e-09	-1.385406e+01	-2.510309e+02
3.870000e-06	-2.009590e-06	-3.962328e-09	-1.422404e+01	-2.621072e+02
3.880000e-06	-2.061514e-06	-4.129556e-09	-1.459155e+01	-2.729854e+02
3.890000e-06	-2.113079e-06	-4.293421e-09	-1.495653e+01	-2.836348e+02
3.900000e-06	-2.164322e-06	-4.452815e-09	-1.531924e+01	-2.940124e+02
3.910000e-06	-2.215198e-06	-4.606358e-09	-1.567935e+01	-3.040781e+02
3.920000e-06	-2.265620e-06	-4.754195e-09	-1.603623e+01	-3.138082e+02
3.930000e-06	-2.315577e-06	-4.896038e-09	-1.638984e+01	-3.232040e+02
3.940000e-06	-2.365115e-06	-5.033767e-09	-1.674047e+01	-3.322903e+02
3.950000e-06	-2.414216e-06	-5.168407e-09	-1.708801e+01	-3.411050e+02
3.960000e-06	-2.462848e-06	-5.300503e-09	-1.743223e+01	-3.496848e+02
3.970000e-06	-2.511040e-06	-5.430360e-09	-1.777334e+01	-3.580506e+02
3.980000e-06	-2.558830e-06	-5.557215e-09	-1.811160e+01	-3.662009e+02
3.990000e-06	-2.606124e-06	-5.680707e-09	-1.844635e+01	-3.741134e+02
4.000000e-06	-2.652817e-06	-5.799337e-09	-1.877684e+01	-3.817556e+02
4.010000e-06	-2.698997e-06	-5.911487e-09	-1.910371e+01	-3.890992e+02
4.020000e-06	-2.744707e-06	-6.018670e-09	-1.942725e+01	-3.961328e+02
4.030000e-06	-2.789832e-06	-6.121010e-09	-1.974665e+01	-4.028678e+02
4.040000e-06	-2.834334e-06	-6.218414e-09	-2.006164e+01	-4.093363e+02
4.050000e-06	-2.878307e-06	-6.312987e-09	-2.037288e+01	-4.155801e+02
4.060000e-06	-2.921828e-06	-6.406904e-09	-2.068092e+01	-4.216380e+02
4.070000e-06	-2.964950e-06	-6.501026e-09	-2.098615e+01	-4.275344e+02
4.080000e-06	-3.007635e-06	-6.592911e-09	-2.128827e+01	-4.332746e+02
4.090000e-06	-3.049800e-06	-6.680463e-09	-2.158672e+01	-4.388484e+02
4.100000e-06	-3.091453e-06	-6.762710e-09	-2.188155e+01	-4.442399e+02
4.110000e-06	-3.132528e-06	-6.841423e-09	-2.217228e+01	-4.494386e+02
4.120000e-06	-3.172951e-06	-6.916783e-09	-2.245839e+01	-4.544479e+02
4.130000e-06	-3.212829e-06	-6.989255e-09	-2.274065e+01	-4.592868e+02
4.140000e-06	-3.252209e-06	-7.060613e-09	-2.301939e+01	-4.639843e+02
4.150000e-06	-3.291067e-06	-7.131020e-09	-2.329443e+01	-4.685686e+02
4.160000e-06	-3.329400e-06	-7.202459e-09	-2.356575e+01	-4.730566e+02
4.170000e-06	-3.367125e-06	-7.273359e-09	-2.383277e+01	-4.774472e+02
4.180000e-06	-3.404222e-06	-7.340945e-09	-2.409535e+01	-4.817221e+02
4.190000e-06	-3.440741e-06	-7.405983e-09	-2.435383e+01	-4.858536e+02
4.200000e-06	-3.476687e-06	-7.468772e-09	-2.460826e+01	-4.898166e+02
4.210000e-06	-3.512018e-06	-7.528591e-09	-2.485833e+01	-4.935993e+02
4.220000e-06	-3.546678e-06	-7.586204e-09	-2.510366e+01	-4.972093e+02
4.230000e-06	-3.580667e-06	-7.643057e-09	-2.534424e+01	-5.006716e+02
4.240000e-06	-3.614055e-06	-7.698363e-09	-2.558056e+01	-5.040201e+02
4.250000e-06	-3.646865e-06	-7.750804e-09	-2.581279e+01	-5.072854e+02
4.260000e-06	-3.679064e-06	-7.801398e-09	-2.604070e+01	-5.104837e+02
4.270000e-06	-3.710564e-06	-7.851827e-09	-2.626366e+01	-5.136120e+02
4.280000e-06	-3.741284e-06	-7.902227e-09	-2.648110e+01	-5.166500e+02
4.290000e-06	-3.771277e-06	-7.951443e-09	-2.669339e+01	-5.195688e+02
4.300000e-06	-3.800618e-06	-7.997733e-09	-2.690107e+01	-5.223429e+02
4.310000e-06	-3.829293e-06	-8.041146e-09	-2.710403e+01	-5.249599e+02
4.320000e-06	-3.857211e-06	-8.081807e-09	-2.730164e+01	-5.274253e+02
4.330000e-06	-3.884381e-06	-8.119233e-09	-2.749395e+01	-5.297598e+02
4.340000e-06	-3.910892e-06	-8.151796e-09	-2.768160e+01	-5.319915e+02
4.350000e-06	-3.936767e-06	-8.181655e-09	-2.786474e+01	-5.341459e+02
4.360000e-06	-3.961956e-06	-8.213817e-09	-2.804304e+01	-5.362374e+02
4.370000e-06	-3.986401e-06	-8.247196e-09	-2.821605e+01	-5.382665e+02
4.380000e-06	-4.010138e-06	-8.281072e-09	-2.838407e+01	-5.402224e+02
4.390000e-06	-4.033223e-06	-8.314271e-09	-2.854747e+01	-5.420902e+02
4.400000e-06	-4.055662e-06	-8.344078e-09	-2.870629e+01	-5.438591e+02
4.410000e-06	-4.077318e-06	-8.371450e-09	-2.885958e+01	-5.455279e+02
4.420000e-06	-4.098100e-06	-8.396641e-09	-2.900667e+01	-5.471061e+02
4.430000e-06	-4.118083e-06	-8.417977e-09	-2.914811e+01	-5.486098e+02
4.440000e-06	-4.137231e-06	-8.436699e-09	-2.928364e+01	-5.500550e+02
4.450000e-06	-4.155609e-06	-8.458192e-09	-2.941372e+01	-5.514509e+02
4.460000e-06	-4.173382e-06	-8.483061e-09	-2.953953e+01	-5.527969e+02
4.470000e-06	-4.190550e-06	-8.507875e-09	-2.966104e+01	-5.540837e+02
4.480000e-06	-4.207064e-06	-8.529937e-09	-2.977792e+01	-5.552988e+02
4.490000e-06	-4.222880e-06	-8.548913e-09	-2.988987e+01	-5.564329e+02
4.500000e-06	-4.237919e-06	-8.567518e-09	-2.999632e+01	-5.574855e+02
4.510000e-06	-4.252194e-06	-8.583748e-09	-3.009736e+01	-5.584653e+02
4.520000e-06	-4.265784e-06	-8.596341e-09	-3.019355e+01	-5.593877e+02
4.530000e-06	-4.278682e-06	-8.607489e-09	-3.028485e+01	-5.602680e+02
4.540000e-06	-4.290777e-06	-8.619946e-09	-3.037045e+01	-5.611155e+02
4.550000e-06	-4.302082e-06	-8.634341e-09	-3.045047e+01	-5.619291e+02
4.560000e-06	-4.312657e-06	-8.647291e-09	-3.052532e+01	-5.626987e+02
4.570000e-06	-4.322479e-06	-8.658417e-09	-3.059484e+01	-5.634094e+02
4.580000e-06	-4.331518e-06	-8.668375e-09	-3.065882e+01	-5.640488e+02
4.590000e-06	-4.339768e-06	-8.678843e-09	-3.071721e+01	-5.646126e+02
4.600000e-06	-4.347282e-06	-8.689778e-09	-3.077040e+01	-5.651063e+02
4.610000e-06	-4.354087e-06	-8.696321e-09	-3.081857e+01	-5.655433e+02
4.620000e-06	-4.360068e-06	-8.700198e-09	-3.086090e+01	-5.659381e+02
4.630000e-06	-4.365120e-06	-8.706070e-09	-3.089666e+01	-5.662996e+02
4.640000e-06	-4.369334e-06	-8.711470e-09	-3.092649e+01	-5.666267e+02
4.650000e-06	-4.372809e-06	-8.713380e-09	-3.095108e+01	-5.669080e+02
4.660000e-06	-4.375523e-06	-8.713379e-09	-3.097030e+01	-5.671277e+02
4.670000e-06	-4.377446e-06	-8.714738e-09	-3.098390e+01	-5.672724e+02
4.680000e-06	-4.378633e-06	-8.717767e-09	-3.099230e+01	-5.673393e+02
4.690000e-06	-4.379108e-06	-8.720095e-09	-3.099566e+01	-5.673390e+02
