# Temperatura_=_20.0
# Concentracion g/m^3_=_10000.0
# C_Vs_to_Am_M_A/Vsm_=_65563218390.804596
# pendiente_HvsI_1/m_=_3716.3
# ordenada_HvsI_A/m_=_1297.0
# frecuencia_Hz_=_212869.90636956363

Tiempo_(s)	Campo_(V.s)	Magnetizacion_(V.s)	Campo_(kA/m)	Magnetizacion_(A/m)
0.000000e+00	-4.375118e-06	-8.693764e-09	-3.099269e+01	-5.663852e+02
1.000000e-08	-4.374135e-06	-8.691040e-09	-3.098573e+01	-5.663492e+02
2.000000e-08	-4.372389e-06	-8.689268e-09	-3.097335e+01	-5.663143e+02
3.000000e-08	-4.369954e-06	-8.687332e-09	-3.095611e+01	-5.662760e+02
4.000000e-08	-4.366874e-06	-8.686688e-09	-3.093429e+01	-5.662119e+02
5.000000e-08	-4.363013e-06	-8.684188e-09	-3.090694e+01	-5.660877e+02
6.000000e-08	-4.358276e-06	-8.676666e-09	-3.087338e+01	-5.658704e+02
7.000000e-08	-4.352715e-06	-8.662245e-09	-3.083399e+01	-5.655424e+02
8.000000e-08	-4.346205e-06	-8.672705e-09	-3.078788e+01	-5.651121e+02
9.000000e-08	-4.338742e-06	-8.706254e-09	-3.073501e+01	-5.646159e+02
1.000000e-07	-4.330444e-06	-8.704081e-09	-3.067623e+01	-5.641104e+02
1.100000e-07	-4.321535e-06	-8.588784e-09	-3.061311e+01	-5.636567e+02
1.200000e-07	-4.312182e-06	-8.584811e-09	-3.054686e+01	-5.633007e+02
1.300000e-07	-4.302054e-06	-8.680738e-09	-3.047511e+01	-5.630580e+02
1.400000e-07	-4.291052e-06	-8.670044e-09	-3.039718e+01	-5.629069e+02
1.500000e-07	-4.279549e-06	-8.543423e-09	-3.031569e+01	-5.627929e+02
1.600000e-07	-4.267405e-06	-8.603776e-09	-3.022967e+01	-5.626436e+02
1.700000e-07	-4.254159e-06	-8.699873e-09	-3.013583e+01	-5.623891e+02
1.800000e-07	-4.240104e-06	-8.511685e-09	-3.003627e+01	-5.619806e+02
1.900000e-07	-4.225696e-06	-8.542953e-09	-2.993420e+01	-5.614020e+02
2.000000e-07	-4.210580e-06	-8.612094e-09	-2.982712e+01	-5.606701e+02
2.100000e-07	-4.194645e-06	-8.485600e-09	-2.971425e+01	-5.598244e+02
2.200000e-07	-4.177989e-06	-8.486491e-09	-2.959626e+01	-5.589109e+02
2.300000e-07	-4.160451e-06	-8.610686e-09	-2.947202e+01	-5.579653e+02
2.400000e-07	-4.142151e-06	-8.526780e-09	-2.934239e+01	-5.570019e+02
2.500000e-07	-4.123140e-06	-8.424757e-09	-2.920771e+01	-5.560115e+02
2.600000e-07	-4.103173e-06	-8.542599e-09	-2.906627e+01	-5.549679e+02
2.700000e-07	-4.082248e-06	-8.490660e-09	-2.891804e+01	-5.538413e+02
2.800000e-07	-4.060653e-06	-8.430668e-09	-2.876507e+01	-5.526100e+02
2.900000e-07	-4.038304e-06	-8.464015e-09	-2.860675e+01	-5.512693e+02
3.000000e-07	-4.015043e-06	-8.385684e-09	-2.844197e+01	-5.498320e+02
3.100000e-07	-3.991123e-06	-8.389990e-09	-2.827253e+01	-5.483221e+02
3.200000e-07	-3.966554e-06	-8.388617e-09	-2.809848e+01	-5.467644e+02
3.300000e-07	-3.941258e-06	-8.296051e-09	-2.791929e+01	-5.451746e+02
3.400000e-07	-3.915259e-06	-8.279606e-09	-2.773511e+01	-5.435547e+02
3.500000e-07	-3.888494e-06	-8.305780e-09	-2.754552e+01	-5.418934e+02
3.600000e-07	-3.861050e-06	-8.263928e-09	-2.735111e+01	-5.401736e+02
3.700000e-07	-3.832917e-06	-8.218642e-09	-2.715182e+01	-5.383812e+02
3.800000e-07	-3.804118e-06	-8.217526e-09	-2.694781e+01	-5.365128e+02
3.900000e-07	-3.774596e-06	-8.146242e-09	-2.673868e+01	-5.345778e+02
4.000000e-07	-3.744295e-06	-8.130957e-09	-2.652403e+01	-5.325947e+02
4.100000e-07	-3.713270e-06	-8.138219e-09	-2.630425e+01	-5.305834e+02
4.200000e-07	-3.681421e-06	-8.051275e-09	-2.607864e+01	-5.285559e+02
4.300000e-07	-3.648853e-06	-8.031932e-09	-2.584793e+01	-5.265105e+02
4.400000e-07	-3.615723e-06	-8.020117e-09	-2.561325e+01	-5.244320e+02
4.500000e-07	-3.582091e-06	-7.986320e-09	-2.537501e+01	-5.222969e+02
4.600000e-07	-3.547933e-06	-7.944414e-09	-2.513303e+01	-5.200828e+02
4.700000e-07	-3.513173e-06	-7.896837e-09	-2.488680e+01	-5.177775e+02
4.800000e-07	-3.477860e-06	-7.873290e-09	-2.463665e+01	-5.153840e+02
4.900000e-07	-3.441876e-06	-7.831983e-09	-2.438174e+01	-5.129190e+02
5.000000e-07	-3.405218e-06	-7.804580e-09	-2.412206e+01	-5.104058e+02
5.100000e-07	-3.368023e-06	-7.744910e-09	-2.385858e+01	-5.078646e+02
5.200000e-07	-3.330266e-06	-7.697751e-09	-2.359111e+01	-5.053033e+02
5.300000e-07	-3.291983e-06	-7.684311e-09	-2.331992e+01	-5.027139e+02
5.400000e-07	-3.253097e-06	-7.635304e-09	-2.304446e+01	-5.000751e+02
5.500000e-07	-3.213555e-06	-7.599757e-09	-2.276435e+01	-4.973603e+02
5.600000e-07	-3.173441e-06	-7.549134e-09	-2.248019e+01	-4.945481e+02
5.700000e-07	-3.132805e-06	-7.504372e-09	-2.219233e+01	-4.916308e+02
5.800000e-07	-3.091681e-06	-7.469899e-09	-2.190101e+01	-4.886172e+02
5.900000e-07	-3.050046e-06	-7.406558e-09	-2.160608e+01	-4.855288e+02
6.000000e-07	-3.007806e-06	-7.358980e-09	-2.130685e+01	-4.823908e+02
6.100000e-07	-2.964949e-06	-7.311996e-09	-2.100326e+01	-4.792212e+02
6.200000e-07	-2.921577e-06	-7.279215e-09	-2.069602e+01	-4.760232e+02
6.300000e-07	-2.877718e-06	-7.231645e-09	-2.038533e+01	-4.727834e+02
6.400000e-07	-2.833372e-06	-7.165733e-09	-2.007119e+01	-4.694764e+02
6.500000e-07	-2.788547e-06	-7.119362e-09	-1.975365e+01	-4.660752e+02
6.600000e-07	-2.743122e-06	-7.060344e-09	-1.943187e+01	-4.625616e+02
6.700000e-07	-2.697027e-06	-7.012857e-09	-1.910534e+01	-4.589336e+02
6.800000e-07	-2.650368e-06	-6.951508e-09	-1.877482e+01	-4.552056e+02
6.900000e-07	-2.603216e-06	-6.884662e-09	-1.844080e+01	-4.514030e+02
7.000000e-07	-2.555620e-06	-6.837008e-09	-1.810363e+01	-4.475511e+02
7.100000e-07	-2.507640e-06	-6.778023e-09	-1.776375e+01	-4.436643e+02
7.200000e-07	-2.459200e-06	-6.721009e-09	-1.742061e+01	-4.397401e+02
7.300000e-07	-2.410176e-06	-6.649788e-09	-1.707333e+01	-4.357585e+02
7.400000e-07	-2.360684e-06	-6.587977e-09	-1.672274e+01	-4.316899e+02
7.500000e-07	-2.310840e-06	-6.534095e-09	-1.636965e+01	-4.275056e+02
7.600000e-07	-2.260624e-06	-6.464040e-09	-1.601393e+01	-4.231888e+02
7.700000e-07	-2.210018e-06	-6.397745e-09	-1.565544e+01	-4.187400e+02
7.800000e-07	-2.159038e-06	-6.320960e-09	-1.529430e+01	-4.141767e+02
7.900000e-07	-2.107743e-06	-6.254167e-09	-1.493094e+01	-4.095253e+02
8.000000e-07	-2.056068e-06	-6.184793e-09	-1.456488e+01	-4.048100e+02
8.100000e-07	-2.003912e-06	-6.103951e-09	-1.419541e+01	-4.000429e+02
8.200000e-07	-1.951360e-06	-6.033000e-09	-1.382314e+01	-3.952191e+02
8.300000e-07	-1.898556e-06	-5.957163e-09	-1.344909e+01	-3.903184e+02
8.400000e-07	-1.845492e-06	-5.887387e-09	-1.307319e+01	-3.853135e+02
8.500000e-07	-1.792121e-06	-5.807395e-09	-1.269512e+01	-3.801810e+02
8.600000e-07	-1.738470e-06	-5.721061e-09	-1.231507e+01	-3.749106e+02
8.700000e-07	-1.684547e-06	-5.638407e-09	-1.193308e+01	-3.695091e+02
8.800000e-07	-1.630338e-06	-5.549887e-09	-1.154907e+01	-3.639969e+02
8.900000e-07	-1.575888e-06	-5.467807e-09	-1.116336e+01	-3.583998e+02
9.000000e-07	-1.521180e-06	-5.377140e-09	-1.077582e+01	-3.527374e+02
9.100000e-07	-1.466099e-06	-5.290349e-09	-1.038563e+01	-3.470150e+02
9.200000e-07	-1.410644e-06	-5.208659e-09	-9.992792e+00	-3.412204e+02
9.300000e-07	-1.354922e-06	-5.120020e-09	-9.598070e+00	-3.353280e+02
9.400000e-07	-1.298972e-06	-5.029833e-09	-9.201727e+00	-3.293080e+02
9.500000e-07	-1.242815e-06	-4.926037e-09	-8.803914e+00	-3.231366e+02
9.600000e-07	-1.186404e-06	-4.827525e-09	-8.404312e+00	-3.168044e+02
9.700000e-07	-1.129760e-06	-4.729104e-09	-8.003053e+00	-3.103176e+02
9.800000e-07	-1.072922e-06	-4.623832e-09	-7.600424e+00	-3.036937e+02
9.900000e-07	-1.015860e-06	-4.521446e-09	-7.196201e+00	-2.969523e+02
1.000000e-06	-9.585137e-07	-4.416814e-09	-6.789969e+00	-2.901056e+02
1.010000e-06	-9.009020e-07	-4.319359e-09	-6.381857e+00	-2.831518e+02
1.020000e-06	-8.430928e-07	-4.211320e-09	-5.972345e+00	-2.760754e+02
1.030000e-06	-7.851474e-07	-4.093166e-09	-5.561868e+00	-2.688526e+02
1.040000e-06	-7.271101e-07	-3.975323e-09	-5.150741e+00	-2.614615e+02
1.050000e-06	-6.689512e-07	-3.856433e-09	-4.738751e+00	-2.538906e+02
1.060000e-06	-6.106692e-07	-3.742684e-09	-4.325891e+00	-2.461444e+02
1.070000e-06	-5.522792e-07	-3.620423e-09	-3.912264e+00	-2.382409e+02
1.080000e-06	-4.937901e-07	-3.497054e-09	-3.497936e+00	-2.302046e+02
1.090000e-06	-4.351944e-07	-3.374567e-09	-3.082853e+00	-2.220556e+02
1.100000e-06	-3.765170e-07	-3.246923e-09	-2.667191e+00	-2.138001e+02
1.110000e-06	-3.177845e-07	-3.120154e-09	-2.251138e+00	-2.054260e+02
1.120000e-06	-2.589795e-07	-2.985138e-09	-1.834573e+00	-1.969056e+02
1.130000e-06	-2.001105e-07	-2.850872e-09	-1.417553e+00	-1.882044e+02
1.140000e-06	-1.412243e-07	-2.715381e-09	-1.000412e+00	-1.792925e+02
1.150000e-06	-8.230882e-08	-2.575225e-09	-5.830635e-01	-1.701549e+02
1.160000e-06	-2.337800e-08	-2.433358e-09	-1.656063e-01	-1.607960e+02
1.170000e-06	3.555178e-08	-2.284007e-09	2.518436e-01	-1.512371e+02
1.180000e-06	9.444463e-08	-2.137915e-09	6.690318e-01	-1.415078e+02
1.190000e-06	1.532862e-07	-1.990223e-09	1.085857e+00	-1.316347e+02
1.200000e-06	2.120862e-07	-1.837957e-09	1.502387e+00	-1.216314e+02
1.210000e-06	2.708140e-07	-1.680532e-09	1.918406e+00	-1.114942e+02
1.220000e-06	3.294714e-07	-1.519418e-09	2.333927e+00	-1.012042e+02
1.230000e-06	3.880294e-07	-1.360120e-09	2.748743e+00	-9.073521e+01
1.240000e-06	4.464817e-07	-1.193940e-09	3.162810e+00	-8.006420e+01
1.250000e-06	5.048292e-07	-1.023790e-09	3.576135e+00	-6.917976e+01
1.260000e-06	5.630846e-07	-8.525557e-10	3.988808e+00	-5.808594e+01
1.270000e-06	6.212515e-07	-6.799437e-10	4.400854e+00	-4.679984e+01
1.280000e-06	6.792983e-07	-5.077512e-10	4.812049e+00	-3.534445e+01
1.290000e-06	7.372169e-07	-3.290419e-10	5.222335e+00	-2.373984e+01
1.300000e-06	7.950159e-07	-1.478147e-10	5.631776e+00	-1.199646e+01
1.310000e-06	8.526804e-07	3.691745e-11	6.040262e+00	-1.132898e-01
1.320000e-06	9.101592e-07	2.227115e-10	6.447433e+00	1.191844e+01
1.330000e-06	9.674276e-07	4.085707e-10	6.853114e+00	2.410759e+01
1.340000e-06	1.024483e-06	6.002181e-10	7.257286e+00	3.645458e+01
1.350000e-06	1.081363e-06	7.919311e-10	7.660216e+00	4.894560e+01
1.360000e-06	1.138073e-06	9.862084e-10	8.061942e+00	6.155183e+01
1.370000e-06	1.194587e-06	1.179402e-09	8.462275e+00	7.423402e+01
1.380000e-06	1.250884e-06	1.372143e-09	8.861080e+00	8.695063e+01
1.390000e-06	1.306954e-06	1.567018e-09	9.258267e+00	9.966632e+01
1.400000e-06	1.362815e-06	1.760458e-09	9.653977e+00	1.123576e+02
1.410000e-06	1.418470e-06	1.955801e-09	1.004824e+01	1.250135e+02
1.420000e-06	1.473849e-06	2.150625e-09	1.044053e+01	1.376312e+02
1.430000e-06	1.528858e-06	2.345627e-09	1.083020e+01	1.502086e+02
1.440000e-06	1.583510e-06	2.536615e-09	1.121735e+01	1.627366e+02
1.450000e-06	1.637892e-06	2.721839e-09	1.160259e+01	1.751947e+02
1.460000e-06	1.692034e-06	2.907709e-09	1.198612e+01	1.875502e+02
1.470000e-06	1.745873e-06	3.090431e-09	1.236751e+01	1.997636e+02
1.480000e-06	1.799384e-06	3.271040e-09	1.274657e+01	2.117947e+02
1.490000e-06	1.852594e-06	3.450778e-09	1.312350e+01	2.236106e+02
1.500000e-06	1.905518e-06	3.630881e-09	1.349841e+01	2.351898e+02
1.510000e-06	1.958172e-06	3.809312e-09	1.387140e+01	2.465226e+02
1.520000e-06	2.010483e-06	3.979716e-09	1.424196e+01	2.576083e+02
1.530000e-06	2.062330e-06	4.143364e-09	1.460924e+01	2.684496e+02
1.540000e-06	2.113744e-06	4.301407e-09	1.497345e+01	2.790473e+02
1.550000e-06	2.164787e-06	4.456372e-09	1.533503e+01	2.893977e+02
1.560000e-06	2.215459e-06	4.608266e-09	1.569398e+01	2.994922e+02
1.570000e-06	2.265748e-06	4.756224e-09	1.605023e+01	3.093208e+02
1.580000e-06	2.315655e-06	4.904747e-09	1.640376e+01	3.188753e+02
1.590000e-06	2.365208e-06	5.052056e-09	1.675478e+01	3.281526e+02
1.600000e-06	2.414358e-06	5.195739e-09	1.710295e+01	3.371558e+02
1.610000e-06	2.462967e-06	5.330269e-09	1.744729e+01	3.458918e+02
1.620000e-06	2.511059e-06	5.454240e-09	1.778797e+01	3.543687e+02
1.630000e-06	2.558720e-06	5.573628e-09	1.812559e+01	3.625913e+02
1.640000e-06	2.605941e-06	5.691822e-09	1.846010e+01	3.705597e+02
1.650000e-06	2.652709e-06	5.809936e-09	1.879140e+01	3.782689e+02
1.660000e-06	2.698993e-06	5.924570e-09	1.911927e+01	3.857122e+02
1.670000e-06	2.744684e-06	6.035368e-09	1.944294e+01	3.928846e+02
1.680000e-06	2.789772e-06	6.143214e-09	1.976233e+01	3.997868e+02
1.690000e-06	2.834367e-06	6.245240e-09	2.007824e+01	4.064271e+02
1.700000e-06	2.878510e-06	6.342025e-09	2.039094e+01	4.128211e+02
1.710000e-06	2.922193e-06	6.434660e-09	2.070039e+01	4.189888e+02
1.720000e-06	2.965436e-06	6.524632e-09	2.100671e+01	4.249512e+02
1.730000e-06	3.008198e-06	6.611637e-09	2.130963e+01	4.307266e+02
1.740000e-06	3.050393e-06	6.694194e-09	2.160853e+01	4.363284e+02
1.750000e-06	3.091993e-06	6.775563e-09	2.190322e+01	4.417654e+02
1.760000e-06	3.133038e-06	6.855762e-09	2.219398e+01	4.470428e+02
1.770000e-06	3.173573e-06	6.933656e-09	2.248112e+01	4.521645e+02
1.780000e-06	3.213612e-06	7.009406e-09	2.276475e+01	4.571344e+02
1.790000e-06	3.253078e-06	7.083453e-09	2.304432e+01	4.619569e+02
1.800000e-06	3.291878e-06	7.155723e-09	2.331918e+01	4.666366e+02
1.810000e-06	3.330049e-06	7.223409e-09	2.358957e+01	4.711770e+02
1.820000e-06	3.367664e-06	7.286568e-09	2.385603e+01	4.755801e+02
1.830000e-06	3.404759e-06	7.346419e-09	2.411881e+01	4.798461e+02
1.840000e-06	3.441315e-06	7.405712e-09	2.437777e+01	4.839745e+02
1.850000e-06	3.477215e-06	7.465930e-09	2.463208e+01	4.879659e+02
1.860000e-06	3.512430e-06	7.523268e-09	2.488154e+01	4.918229e+02
1.870000e-06	3.547042e-06	7.578639e-09	2.512672e+01	4.955505e+02
1.880000e-06	3.581065e-06	7.633248e-09	2.536774e+01	4.991550e+02
1.890000e-06	3.614548e-06	7.686261e-09	2.560492e+01	5.026420e+02
1.900000e-06	3.647401e-06	7.735352e-09	2.583765e+01	5.060144e+02
1.910000e-06	3.679554e-06	7.779620e-09	2.606542e+01	5.092717e+02
1.920000e-06	3.711034e-06	7.823263e-09	2.628842e+01	5.124099e+02
1.930000e-06	3.741835e-06	7.866177e-09	2.650661e+01	5.154241e+02
1.940000e-06	3.771908e-06	7.907491e-09	2.671964e+01	5.183108e+02
1.950000e-06	3.801210e-06	7.946551e-09	2.692721e+01	5.210705e+02
1.960000e-06	3.829798e-06	7.984031e-09	2.712973e+01	5.237084e+02
1.970000e-06	3.857733e-06	8.022641e-09	2.732761e+01	5.262332e+02
1.980000e-06	3.885048e-06	8.060270e-09	2.752110e+01	5.286551e+02
1.990000e-06	3.911690e-06	8.095395e-09	2.770983e+01	5.309820e+02
2.000000e-06	3.937580e-06	8.127623e-09	2.789324e+01	5.332179e+02
2.010000e-06	3.962763e-06	8.157615e-09	2.807162e+01	5.353629e+02
2.020000e-06	3.987297e-06	8.185618e-09	2.824542e+01	5.374147e+02
2.030000e-06	4.011211e-06	8.209796e-09	2.841483e+01	5.393719e+02
2.040000e-06	4.034407e-06	8.233462e-09	2.857914e+01	5.412373e+02
2.050000e-06	4.056834e-06	8.259615e-09	2.873801e+01	5.430187e+02
2.060000e-06	4.078565e-06	8.286732e-09	2.889196e+01	5.447280e+02
2.070000e-06	4.099525e-06	8.311934e-09	2.904043e+01	5.463773e+02
2.080000e-06	4.119617e-06	8.335197e-09	2.918276e+01	5.479750e+02
2.090000e-06	4.138881e-06	8.358143e-09	2.931922e+01	5.495218e+02
2.100000e-06	4.157418e-06	8.378913e-09	2.945054e+01	5.510098e+02
2.110000e-06	4.175283e-06	8.396209e-09	2.957709e+01	5.524253e+02
2.120000e-06	4.192469e-06	8.412705e-09	2.969883e+01	5.537535e+02
2.130000e-06	4.208895e-06	8.430361e-09	2.981519e+01	5.549843e+02
2.140000e-06	4.224558e-06	8.448659e-09	2.992614e+01	5.561173e+02
2.150000e-06	4.239533e-06	8.465600e-09	3.003222e+01	5.571623e+02
2.160000e-06	4.253840e-06	8.480052e-09	3.013357e+01	5.581369e+02
2.170000e-06	4.267396e-06	8.493716e-09	3.022960e+01	5.590606e+02
2.180000e-06	4.280148e-06	8.506828e-09	3.031994e+01	5.599483e+02
2.190000e-06	4.292153e-06	8.517851e-09	3.040497e+01	5.608057e+02
2.200000e-06	4.303488e-06	8.528177e-09	3.048527e+01	5.616280e+02
2.210000e-06	4.314080e-06	8.538953e-09	3.056031e+01	5.624029e+02
2.220000e-06	4.323805e-06	8.551404e-09	3.062920e+01	5.631165e+02
2.230000e-06	4.332738e-06	8.563833e-09	3.069248e+01	5.637597e+02
2.240000e-06	4.340985e-06	8.574310e-09	3.075090e+01	5.643318e+02
2.250000e-06	4.348534e-06	8.583701e-09	3.080438e+01	5.648405e+02
2.260000e-06	4.355288e-06	8.592110e-09	3.085222e+01	5.652984e+02
2.270000e-06	4.361208e-06	8.598202e-09	3.089415e+01	5.657161e+02
2.280000e-06	4.366332e-06	8.601718e-09	3.093045e+01	5.660973e+02
2.290000e-06	4.370606e-06	8.606273e-09	3.096072e+01	5.664359e+02
2.300000e-06	4.374009e-06	8.612563e-09	3.098484e+01	5.667189e+02
2.310000e-06	4.376620e-06	8.616274e-09	3.100333e+01	5.669321e+02
2.320000e-06	4.378513e-06	8.617981e-09	3.101674e+01	5.670676e+02
2.330000e-06	4.379671e-06	8.620365e-09	3.102494e+01	5.671296e+02
2.340000e-06	4.380018e-06	8.625220e-09	3.102740e+01	5.671350e+02
2.350000e-06	4.379569e-06	8.630879e-09	3.102422e+01	5.671082e+02
2.360000e-06	4.378415e-06	8.630676e-09	3.101604e+01	5.670719e+02
2.370000e-06	4.376620e-06	8.626073e-09	3.100333e+01	5.670372e+02
2.380000e-06	4.374040e-06	8.623028e-09	3.098505e+01	5.669969e+02
2.390000e-06	4.370647e-06	8.620514e-09	3.096102e+01	5.669260e+02
2.400000e-06	4.366575e-06	8.615815e-09	3.093217e+01	5.667897e+02
2.410000e-06	4.361788e-06	8.619690e-09	3.089826e+01	5.665563e+02
2.420000e-06	4.356172e-06	8.625144e-09	3.085848e+01	5.662117e+02
2.430000e-06	4.349671e-06	8.567595e-09	3.081243e+01	5.657685e+02
2.440000e-06	4.342080e-06	8.537750e-09	3.075865e+01	5.652669e+02
2.450000e-06	4.333230e-06	8.641904e-09	3.069596e+01	5.647654e+02
2.460000e-06	4.323782e-06	8.652851e-09	3.062903e+01	5.643240e+02
2.470000e-06	4.314323e-06	8.549376e-09	3.056203e+01	5.639848e+02
2.480000e-06	4.304227e-06	8.476558e-09	3.049051e+01	5.637582e+02
2.490000e-06	4.292881e-06	8.626575e-09	3.041014e+01	5.636167e+02
2.500000e-06	4.281042e-06	8.608390e-09	3.032627e+01	5.635021e+02
2.510000e-06	4.269003e-06	8.492705e-09	3.024098e+01	5.633411e+02
2.520000e-06	4.255804e-06	8.645236e-09	3.014749e+01	5.630659e+02
2.530000e-06	4.241581e-06	8.663779e-09	3.004673e+01	5.626320e+02
2.540000e-06	4.227039e-06	8.495301e-09	2.994372e+01	5.620286e+02
2.550000e-06	4.211739e-06	8.565424e-09	2.983534e+01	5.612767e+02
2.560000e-06	4.195424e-06	8.666792e-09	2.971976e+01	5.604179e+02
2.570000e-06	4.178509e-06	8.427195e-09	2.959994e+01	5.594977e+02
2.580000e-06	4.160837e-06	8.462857e-09	2.947475e+01	5.585492e+02
2.590000e-06	4.142334e-06	8.594659e-09	2.934368e+01	5.575828e+02
2.600000e-06	4.123304e-06	8.444247e-09	2.920888e+01	5.565862e+02
2.610000e-06	4.103413e-06	8.428523e-09	2.906797e+01	5.555320e+02
2.620000e-06	4.082509e-06	8.487626e-09	2.891989e+01	5.543907e+02
2.630000e-06	4.061076e-06	8.404628e-09	2.876806e+01	5.531428e+02
2.640000e-06	4.038837e-06	8.400055e-09	2.861052e+01	5.517864e+02
2.650000e-06	4.015604e-06	8.400984e-09	2.844595e+01	5.503365e+02
2.660000e-06	3.991758e-06	8.284436e-09	2.827703e+01	5.488179e+02
2.670000e-06	3.967122e-06	8.343862e-09	2.810250e+01	5.472546e+02
2.680000e-06	3.941703e-06	8.376837e-09	2.792244e+01	5.456606e+02
2.690000e-06	3.915632e-06	8.206562e-09	2.773776e+01	5.440353e+02
2.700000e-06	3.888807e-06	8.262781e-09	2.754774e+01	5.423663e+02
2.710000e-06	3.861393e-06	8.250734e-09	2.735354e+01	5.406363e+02
2.720000e-06	3.833289e-06	8.142287e-09	2.715445e+01	5.388324e+02
2.730000e-06	3.804288e-06	8.216316e-09	2.694901e+01	5.369531e+02
2.740000e-06	3.774639e-06	8.136384e-09	2.673898e+01	5.350095e+02
2.750000e-06	3.744368e-06	8.082797e-09	2.652455e+01	5.330210e+02
2.760000e-06	3.713196e-06	8.102093e-09	2.630373e+01	5.310067e+02
2.770000e-06	3.681244e-06	8.039251e-09	2.607739e+01	5.289769e+02
2.780000e-06	3.648704e-06	8.011934e-09	2.584688e+01	5.269278e+02
2.790000e-06	3.615570e-06	7.973296e-09	2.561216e+01	5.248424e+02
2.800000e-06	3.581918e-06	7.951854e-09	2.537378e+01	5.226966e+02
2.810000e-06	3.547593e-06	7.928228e-09	2.513063e+01	5.204692e+02
2.820000e-06	3.512562e-06	7.885680e-09	2.488247e+01	5.181501e+02
2.830000e-06	3.476964e-06	7.848833e-09	2.463030e+01	5.157445e+02
2.840000e-06	3.440793e-06	7.797556e-09	2.437407e+01	5.132707e+02
2.850000e-06	3.404109e-06	7.782321e-09	2.411420e+01	5.107522e+02
2.860000e-06	3.366850e-06	7.742540e-09	2.385026e+01	5.082078e+02
2.870000e-06	3.328929e-06	7.685197e-09	2.358164e+01	5.056431e+02
2.880000e-06	3.290403e-06	7.649809e-09	2.330873e+01	5.030479e+02
2.890000e-06	3.251334e-06	7.611505e-09	2.303197e+01	5.003993e+02
2.900000e-06	3.211790e-06	7.571654e-09	2.275185e+01	4.976710e+02
2.910000e-06	3.171768e-06	7.525587e-09	2.246834e+01	4.948431e+02
2.920000e-06	3.131124e-06	7.482555e-09	2.218042e+01	4.919103e+02
2.930000e-06	3.089787e-06	7.440216e-09	2.188759e+01	4.888839e+02
2.940000e-06	3.047887e-06	7.407650e-09	2.159078e+01	4.857865e+02
2.950000e-06	3.005514e-06	7.346213e-09	2.129061e+01	4.826429e+02
2.960000e-06	2.962624e-06	7.278614e-09	2.098679e+01	4.794692e+02
2.970000e-06	2.919267e-06	7.239520e-09	2.067966e+01	4.762661e+02
2.980000e-06	2.875396e-06	7.188501e-09	2.036888e+01	4.730180e+02
2.990000e-06	2.830944e-06	7.146769e-09	2.005399e+01	4.696984e+02
3.000000e-06	2.785951e-06	7.091507e-09	1.973527e+01	4.662812e+02
3.010000e-06	2.740406e-06	7.035131e-09	1.941263e+01	4.627501e+02
3.020000e-06	2.694363e-06	6.990478e-09	1.908647e+01	4.591057e+02
3.030000e-06	2.647804e-06	6.923907e-09	1.875665e+01	4.553648e+02
3.040000e-06	2.600611e-06	6.863521e-09	1.842235e+01	4.515533e+02
3.050000e-06	2.552816e-06	6.794144e-09	1.808377e+01	4.476955e+02
3.060000e-06	2.504573e-06	6.741737e-09	1.774202e+01	4.438037e+02
3.070000e-06	2.455931e-06	6.697189e-09	1.739745e+01	4.398724e+02
3.080000e-06	2.406856e-06	6.629991e-09	1.704981e+01	4.358798e+02
3.090000e-06	2.357383e-06	6.570618e-09	1.669935e+01	4.317954e+02
3.100000e-06	2.307568e-06	6.500033e-09	1.634647e+01	4.275919e+02
3.110000e-06	2.257304e-06	6.438124e-09	1.599041e+01	4.232547e+02
3.120000e-06	2.206521e-06	6.369867e-09	1.563067e+01	4.187873e+02
3.130000e-06	2.155336e-06	6.288073e-09	1.526808e+01	4.142090e+02
3.140000e-06	2.103829e-06	6.224043e-09	1.490321e+01	4.095466e+02
3.150000e-06	2.051979e-06	6.152939e-09	1.453592e+01	4.048231e+02
3.160000e-06	1.999792e-06	6.088224e-09	1.416623e+01	4.000483e+02
3.170000e-06	1.947313e-06	6.015952e-09	1.379447e+01	3.952145e+02
3.180000e-06	1.894550e-06	5.938283e-09	1.342071e+01	3.902998e+02
3.190000e-06	1.841544e-06	5.867619e-09	1.304522e+01	3.852770e+02
3.200000e-06	1.788241e-06	5.781183e-09	1.266764e+01	3.801240e+02
3.210000e-06	1.734485e-06	5.700247e-09	1.228684e+01	3.748331e+02
3.220000e-06	1.680306e-06	5.614027e-09	1.190304e+01	3.694134e+02
3.230000e-06	1.625874e-06	5.529947e-09	1.151745e+01	3.638869e+02
3.240000e-06	1.571288e-06	5.454493e-09	1.113077e+01	3.582789e+02
3.250000e-06	1.516486e-06	5.370149e-09	1.074256e+01	3.526076e+02
3.260000e-06	1.461391e-06	5.288914e-09	1.035228e+01	3.468755e+02
3.270000e-06	1.406050e-06	5.195748e-09	9.960252e+00	3.410680e+02
3.280000e-06	1.350476e-06	5.103229e-09	9.566571e+00	3.351583e+02
3.290000e-06	1.294627e-06	5.011353e-09	9.170949e+00	3.291168e+02
3.300000e-06	1.238527e-06	4.909424e-09	8.773543e+00	3.229215e+02
3.310000e-06	1.182208e-06	4.814620e-09	8.374584e+00	3.165653e+02
3.320000e-06	1.125649e-06	4.716689e-09	7.973934e+00	3.100566e+02
3.330000e-06	1.068803e-06	4.623207e-09	7.571241e+00	3.034138e+02
3.340000e-06	1.011627e-06	4.524450e-09	7.166220e+00	2.966561e+02
3.350000e-06	9.541768e-07	4.416550e-09	6.759247e+00	2.897938e+02
3.360000e-06	8.965589e-07	4.314124e-09	6.351091e+00	2.828228e+02
3.370000e-06	8.388348e-07	4.204249e-09	5.942182e+00	2.757260e+02
3.380000e-06	7.810242e-07	4.094126e-09	5.532660e+00	2.684792e+02
3.390000e-06	7.230935e-07	3.978131e-09	5.122288e+00	2.610614e+02
3.400000e-06	6.650161e-07	3.860230e-09	4.710876e+00	2.534636e+02
3.410000e-06	6.067813e-07	3.747479e-09	4.298349e+00	2.456923e+02
3.420000e-06	5.484204e-07	3.628219e-09	3.884929e+00	2.377672e+02
3.430000e-06	4.899779e-07	3.510287e-09	3.470931e+00	2.297130e+02
3.440000e-06	4.314667e-07	3.386027e-09	3.056447e+00	2.215480e+02
3.450000e-06	3.729070e-07	3.262379e-09	2.641618e+00	2.132759e+02
3.460000e-06	3.143090e-07	3.138343e-09	2.226518e+00	2.048819e+02
3.470000e-06	2.556627e-07	3.004147e-09	1.811077e+00	1.963365e+02
3.480000e-06	1.969734e-07	2.869129e-09	1.395330e+00	1.876053e+02
3.490000e-06	1.382731e-07	2.727407e-09	9.795060e-01	1.786600e+02
3.500000e-06	7.955500e-08	2.589154e-09	5.635558e-01	1.694884e+02
3.510000e-06	2.083823e-08	2.450712e-09	1.476149e-01	1.600978e+02
3.520000e-06	-3.785638e-08	2.305676e-09	-2.681690e-01	1.505113e+02
3.530000e-06	-9.653169e-08	2.161712e-09	-6.838162e-01	1.407590e+02
3.540000e-06	-1.551926e-07	2.013360e-09	-1.099361e+00	1.308658e+02
3.550000e-06	-2.138124e-07	1.866772e-09	-1.514616e+00	1.208431e+02
3.560000e-06	-2.723703e-07	1.712322e-09	-1.929431e+00	1.106844e+02
3.570000e-06	-3.308604e-07	1.549879e-09	-2.343766e+00	1.003692e+02
3.580000e-06	-3.892909e-07	1.388634e-09	-2.757679e+00	8.987116e+01
3.590000e-06	-4.476816e-07	1.225066e-09	-3.171310e+00	7.916846e+01
3.600000e-06	-5.059797e-07	1.063466e-09	-3.584286e+00	6.825195e+01
3.610000e-06	-5.641597e-07	8.971769e-10	-3.996424e+00	5.712792e+01
3.620000e-06	-6.222546e-07	7.318884e-10	-4.407960e+00	4.581489e+01
3.630000e-06	-6.802410e-07	5.643169e-10	-4.818727e+00	3.433597e+01
3.640000e-06	-7.380875e-07	3.869742e-10	-5.228503e+00	2.271013e+01
3.650000e-06	-7.958376e-07	2.064874e-10	-5.637596e+00	1.094606e+01
3.660000e-06	-8.535076e-07	1.993457e-11	-6.046122e+00	-9.587675e-01
3.670000e-06	-9.110594e-07	-1.644663e-10	-6.453810e+00	-1.301370e+01
3.680000e-06	-9.684271e-07	-3.483351e-10	-6.860195e+00	-2.522684e+01
3.690000e-06	-1.025546e-06	-5.341137e-10	-7.264815e+00	-3.759674e+01
3.700000e-06	-1.082391e-06	-7.180683e-10	-7.667501e+00	-5.010725e+01
3.710000e-06	-1.138983e-06	-9.054251e-10	-8.068389e+00	-6.272758e+01
3.720000e-06	-1.195372e-06	-1.093842e-09	-8.467838e+00	-7.541755e+01
3.730000e-06	-1.251559e-06	-1.288687e-09	-8.865862e+00	-8.813607e+01
3.740000e-06	-1.307548e-06	-1.485153e-09	-9.262475e+00	-1.008493e+02
3.750000e-06	-1.363271e-06	-1.677972e-09	-9.657209e+00	-1.135357e+02
3.760000e-06	-1.418708e-06	-1.870977e-09	-1.004992e+01	-1.261860e+02
3.770000e-06	-1.473910e-06	-2.062093e-09	-1.044096e+01	-1.387979e+02
3.780000e-06	-1.528862e-06	-2.254437e-09	-1.083023e+01	-1.513688e+02
3.790000e-06	-1.583583e-06	-2.444396e-09	-1.121787e+01	-1.638880e+02
3.800000e-06	-1.638108e-06	-2.632856e-09	-1.160412e+01	-1.763330e+02
3.810000e-06	-1.692367e-06	-2.822620e-09	-1.198848e+01	-1.886699e+02
3.820000e-06	-1.746277e-06	-3.010868e-09	-1.237037e+01	-2.008584e+02
3.830000e-06	-1.799803e-06	-3.197233e-09	-1.274954e+01	-2.128592e+02
3.840000e-06	-1.852963e-06	-3.374951e-09	-1.312612e+01	-2.246407e+02
3.850000e-06	-1.905825e-06	-3.548620e-09	-1.350058e+01	-2.361833e+02
3.860000e-06	-1.958364e-06	-3.720951e-09	-1.387276e+01	-2.474790e+02
3.870000e-06	-2.010563e-06	-3.888366e-09	-1.424253e+01	-2.585279e+02
3.880000e-06	-2.062412e-06	-4.054740e-09	-1.460982e+01	-2.693327e+02
3.890000e-06	-2.113920e-06	-4.215924e-09	-1.497470e+01	-2.798937e+02
3.900000e-06	-2.165127e-06	-4.375691e-09	-1.533744e+01	-2.902064e+02
3.910000e-06	-2.215933e-06	-4.531576e-09	-1.569734e+01	-3.002617e+02
3.920000e-06	-2.266276e-06	-4.679382e-09	-1.605397e+01	-3.100496e+02
3.930000e-06	-2.316183e-06	-4.821001e-09	-1.640750e+01	-3.195626e+02
3.940000e-06	-2.365646e-06	-4.958047e-09	-1.675789e+01	-3.287986e+02
3.950000e-06	-2.414653e-06	-5.096234e-09	-1.710505e+01	-3.377612e+02
3.960000e-06	-2.463205e-06	-5.230156e-09	-1.744898e+01	-3.464579e+02
3.970000e-06	-2.511369e-06	-5.359191e-09	-1.779017e+01	-3.548965e+02
3.980000e-06	-2.559103e-06	-5.487107e-09	-1.812830e+01	-3.630811e+02
3.990000e-06	-2.606263e-06	-5.611287e-09	-1.846238e+01	-3.710110e+02
4.000000e-06	-2.652887e-06	-5.732514e-09	-1.879266e+01	-3.786809e+02
4.010000e-06	-2.699035e-06	-5.846063e-09	-1.911956e+01	-3.860838e+02
4.020000e-06	-2.744660e-06	-5.952630e-09	-1.944277e+01	-3.932155e+02
4.030000e-06	-2.789675e-06	-6.055360e-09	-1.976164e+01	-4.000777e+02
4.040000e-06	-2.834104e-06	-6.153416e-09	-2.007637e+01	-4.066799e+02
4.050000e-06	-2.878052e-06	-6.249076e-09	-2.038769e+01	-4.130387e+02
4.060000e-06	-2.921555e-06	-6.342197e-09	-2.069586e+01	-4.191744e+02
4.070000e-06	-2.964632e-06	-6.437292e-09	-2.100101e+01	-4.251077e+02
4.080000e-06	-3.007251e-06	-6.532283e-09	-2.130292e+01	-4.308563e+02
4.090000e-06	-3.049371e-06	-6.621974e-09	-2.160129e+01	-4.364330e+02
4.100000e-06	-3.090965e-06	-6.704550e-09	-2.189594e+01	-4.418458e+02
4.110000e-06	-3.131958e-06	-6.782188e-09	-2.218633e+01	-4.470997e+02
4.120000e-06	-3.172333e-06	-6.859534e-09	-2.247234e+01	-4.521984e+02
4.130000e-06	-3.212179e-06	-6.934478e-09	-2.275460e+01	-4.571459e+02
4.140000e-06	-3.251513e-06	-7.007713e-09	-2.303324e+01	-4.619468e+02
4.150000e-06	-3.290337e-06	-7.081012e-09	-2.330826e+01	-4.666054e+02
4.160000e-06	-3.328618e-06	-7.153648e-09	-2.357944e+01	-4.711252e+02
4.170000e-06	-3.366284e-06	-7.224081e-09	-2.384626e+01	-4.755078e+02
4.180000e-06	-3.403340e-06	-7.290225e-09	-2.410876e+01	-4.797532e+02
4.190000e-06	-3.439795e-06	-7.354098e-09	-2.436700e+01	-4.838611e+02
4.200000e-06	-3.475644e-06	-7.417890e-09	-2.462095e+01	-4.878321e+02
4.210000e-06	-3.510921e-06	-7.479748e-09	-2.487084e+01	-4.916694e+02
4.220000e-06	-3.545537e-06	-7.538960e-09	-2.511606e+01	-4.953781e+02
4.230000e-06	-3.579469e-06	-7.597700e-09	-2.535643e+01	-4.989647e+02
4.240000e-06	-3.612828e-06	-7.655314e-09	-2.559274e+01	-5.024344e+02
4.250000e-06	-3.645609e-06	-7.709045e-09	-2.582496e+01	-5.057898e+02
4.260000e-06	-3.677766e-06	-7.759099e-09	-2.605275e+01	-5.090296e+02
4.270000e-06	-3.709215e-06	-7.808205e-09	-2.627553e+01	-5.121495e+02
4.280000e-06	-3.739882e-06	-7.857678e-09	-2.649277e+01	-5.151448e+02
4.290000e-06	-3.769798e-06	-7.907186e-09	-2.670470e+01	-5.180123e+02
4.300000e-06	-3.799041e-06	-7.954169e-09	-2.691185e+01	-5.207533e+02
4.310000e-06	-3.827595e-06	-7.998735e-09	-2.711412e+01	-5.233736e+02
4.320000e-06	-3.855401e-06	-8.041425e-09	-2.731109e+01	-5.258825e+02
4.330000e-06	-3.882515e-06	-8.081124e-09	-2.750316e+01	-5.282897e+02
4.340000e-06	-3.908996e-06	-8.115370e-09	-2.769075e+01	-5.306028e+02
4.350000e-06	-3.934836e-06	-8.145391e-09	-2.787379e+01	-5.328253e+02
4.360000e-06	-3.959963e-06	-8.175753e-09	-2.805180e+01	-5.349565e+02
4.370000e-06	-3.984324e-06	-8.209658e-09	-2.822436e+01	-5.369941e+02
4.380000e-06	-4.007966e-06	-8.246330e-09	-2.839184e+01	-5.389373e+02
4.390000e-06	-4.030947e-06	-8.281613e-09	-2.855464e+01	-5.407895e+02
4.400000e-06	-4.053302e-06	-8.314626e-09	-2.871299e+01	-5.425594e+02
4.410000e-06	-4.074893e-06	-8.343448e-09	-2.886594e+01	-5.442589e+02
4.420000e-06	-4.095632e-06	-8.368527e-09	-2.901285e+01	-5.459002e+02
4.430000e-06	-4.115582e-06	-8.391186e-09	-2.915417e+01	-5.474904e+02
4.440000e-06	-4.134718e-06	-8.411928e-09	-2.928973e+01	-5.490291e+02
4.450000e-06	-4.153104e-06	-8.433802e-09	-2.941998e+01	-5.505073e+02
4.460000e-06	-4.170839e-06	-8.458948e-09	-2.954561e+01	-5.519106e+02
4.470000e-06	-4.187942e-06	-8.484271e-09	-2.966677e+01	-5.532246e+02
4.480000e-06	-4.204403e-06	-8.506797e-09	-2.978337e+01	-5.544406e+02
4.490000e-06	-4.220183e-06	-8.525904e-09	-2.989515e+01	-5.555596e+02
4.500000e-06	-4.235177e-06	-8.543270e-09	-3.000137e+01	-5.565928e+02
4.510000e-06	-4.249404e-06	-8.559811e-09	-3.010215e+01	-5.575586e+02
4.520000e-06	-4.262947e-06	-8.573855e-09	-3.019809e+01	-5.584762e+02
4.530000e-06	-4.275771e-06	-8.585735e-09	-3.028893e+01	-5.593593e+02
4.540000e-06	-4.287771e-06	-8.598090e-09	-3.037394e+01	-5.602121e+02
4.550000e-06	-4.298989e-06	-8.612652e-09	-3.045340e+01	-5.610281e+02
4.560000e-06	-4.309502e-06	-8.625667e-09	-3.052788e+01	-5.617947e+02
4.570000e-06	-4.319300e-06	-8.635626e-09	-3.059728e+01	-5.624982e+02
4.580000e-06	-4.328334e-06	-8.645841e-09	-3.066128e+01	-5.631306e+02
4.590000e-06	-4.336580e-06	-8.655751e-09	-3.071969e+01	-5.636925e+02
4.600000e-06	-4.344055e-06	-8.664244e-09	-3.077265e+01	-5.641929e+02
4.610000e-06	-4.350766e-06	-8.670346e-09	-3.082018e+01	-5.646442e+02
4.620000e-06	-4.356681e-06	-8.674860e-09	-3.086209e+01	-5.650565e+02
4.630000e-06	-4.361701e-06	-8.680539e-09	-3.089765e+01	-5.654319e+02
4.640000e-06	-4.365893e-06	-8.685752e-09	-3.092734e+01	-5.657632e+02
4.650000e-06	-4.369356e-06	-8.688810e-09	-3.095187e+01	-5.660366e+02
4.660000e-06	-4.372007e-06	-8.691131e-09	-3.097065e+01	-5.662384e+02
4.670000e-06	-4.373836e-06	-8.692971e-09	-3.098361e+01	-5.663623e+02
4.680000e-06	-4.374959e-06	-8.694509e-09	-3.099156e+01	-5.664146e+02
4.690000e-06	-4.375373e-06	-8.695559e-09	-3.099450e+01	-5.664135e+02
