# Temperatura_=_20.0
# Concentracion g/m^3_=_10000.0
# C_Vs_to_Am_M_A/Vsm_=_65563218390.804596
# pendiente_HvsI_1/m_=_3716.3
# ordenada_HvsI_A/m_=_1297.0
# frecuencia_Hz_=_81232.10551931562

Tiempo_(s)	Campo_(V.s)	Magnetizacion_(V.s)	Campo_(kA/m)	Magnetizacion_(A/m)
0.000000e+00	-7.582412e-06	-1.092149e-08	-5.695596e+01	-7.161890e+02
1.000000e-08	-7.582470e-06	-1.092338e-08	-5.695640e+01	-7.163361e+02
2.000000e-08	-7.582442e-06	-1.093316e-08	-5.695619e+01	-7.164716e+02
3.000000e-08	-7.582158e-06	-1.094053e-08	-5.695405e+01	-7.165919e+02
4.000000e-08	-7.581817e-06	-1.092667e-08	-5.695149e+01	-7.166933e+02
5.000000e-08	-7.581389e-06	-1.085921e-08	-5.694828e+01	-7.167724e+02
6.000000e-08	-7.580803e-06	-1.074540e-08	-5.694387e+01	-7.168265e+02
7.000000e-08	-7.580096e-06	-1.073408e-08	-5.693856e+01	-7.168531e+02
8.000000e-08	-7.579202e-06	-1.083938e-08	-5.693185e+01	-7.168509e+02
9.000000e-08	-7.577958e-06	-1.104077e-08	-5.692250e+01	-7.168192e+02
1.000000e-07	-7.576474e-06	-1.118506e-08	-5.691135e+01	-7.167582e+02
1.100000e-07	-7.574709e-06	-1.135068e-08	-5.689810e+01	-7.166690e+02
1.200000e-07	-7.572766e-06	-1.140369e-08	-5.688350e+01	-7.165538e+02
1.300000e-07	-7.570648e-06	-1.119182e-08	-5.686760e+01	-7.164151e+02
1.400000e-07	-7.568358e-06	-1.099620e-08	-5.685039e+01	-7.162567e+02
1.500000e-07	-7.565695e-06	-1.088341e-08	-5.683039e+01	-7.160823e+02
1.600000e-07	-7.562516e-06	-1.078521e-08	-5.680651e+01	-7.158963e+02
1.700000e-07	-7.559054e-06	-1.065681e-08	-5.678050e+01	-7.157033e+02
1.800000e-07	-7.555223e-06	-1.071207e-08	-5.675173e+01	-7.155075e+02
1.900000e-07	-7.551176e-06	-1.079999e-08	-5.672133e+01	-7.153131e+02
2.000000e-07	-7.546994e-06	-1.091218e-08	-5.668991e+01	-7.151237e+02
2.100000e-07	-7.542696e-06	-1.101802e-08	-5.665763e+01	-7.149422e+02
2.200000e-07	-7.538333e-06	-1.100224e-08	-5.662486e+01	-7.147707e+02
2.300000e-07	-7.533916e-06	-1.100419e-08	-5.659168e+01	-7.146106e+02
2.400000e-07	-7.529444e-06	-1.098033e-08	-5.655808e+01	-7.144620e+02
2.500000e-07	-7.524871e-06	-1.105746e-08	-5.652374e+01	-7.143244e+02
2.600000e-07	-7.520072e-06	-1.102607e-08	-5.648769e+01	-7.141960e+02
2.700000e-07	-7.515123e-06	-1.092176e-08	-5.645051e+01	-7.140744e+02
2.800000e-07	-7.509959e-06	-1.094487e-08	-5.641172e+01	-7.139565e+02
2.900000e-07	-7.504570e-06	-1.093339e-08	-5.637124e+01	-7.138383e+02
3.000000e-07	-7.499011e-06	-1.089063e-08	-5.632949e+01	-7.137159e+02
3.100000e-07	-7.493176e-06	-1.081392e-08	-5.628566e+01	-7.135850e+02
3.200000e-07	-7.487100e-06	-1.092527e-08	-5.624001e+01	-7.134415e+02
3.300000e-07	-7.480799e-06	-1.097814e-08	-5.619269e+01	-7.132813e+02
3.400000e-07	-7.474418e-06	-1.094062e-08	-5.614476e+01	-7.131011e+02
3.500000e-07	-7.467799e-06	-1.096443e-08	-5.609503e+01	-7.128983e+02
3.600000e-07	-7.460896e-06	-1.086136e-08	-5.604318e+01	-7.126708e+02
3.700000e-07	-7.453921e-06	-1.082411e-08	-5.599079e+01	-7.124177e+02
3.800000e-07	-7.446644e-06	-1.086195e-08	-5.593613e+01	-7.121388e+02
3.900000e-07	-7.439131e-06	-1.090359e-08	-5.587969e+01	-7.118350e+02
4.000000e-07	-7.431470e-06	-1.085233e-08	-5.582215e+01	-7.115081e+02
4.100000e-07	-7.423683e-06	-1.084935e-08	-5.576366e+01	-7.111607e+02
4.200000e-07	-7.415785e-06	-1.094264e-08	-5.570432e+01	-7.107961e+02
4.300000e-07	-7.407631e-06	-1.092032e-08	-5.564307e+01	-7.104180e+02
4.400000e-07	-7.399354e-06	-1.087580e-08	-5.558090e+01	-7.100305e+02
4.500000e-07	-7.390973e-06	-1.081273e-08	-5.551795e+01	-7.096378e+02
4.600000e-07	-7.382460e-06	-1.079959e-08	-5.545401e+01	-7.092440e+02
4.700000e-07	-7.373882e-06	-1.082756e-08	-5.538957e+01	-7.088529e+02
4.800000e-07	-7.365198e-06	-1.082763e-08	-5.532434e+01	-7.084677e+02
4.900000e-07	-7.356336e-06	-1.080515e-08	-5.525777e+01	-7.080910e+02
5.000000e-07	-7.347302e-06	-1.077490e-08	-5.518991e+01	-7.077249e+02
5.100000e-07	-7.338140e-06	-1.083348e-08	-5.512109e+01	-7.073703e+02
5.200000e-07	-7.328603e-06	-1.084003e-08	-5.504945e+01	-7.070274e+02
5.300000e-07	-7.318649e-06	-1.080277e-08	-5.497468e+01	-7.066955e+02
5.400000e-07	-7.308371e-06	-1.077745e-08	-5.489747e+01	-7.063731e+02
5.500000e-07	-7.297730e-06	-1.076556e-08	-5.481755e+01	-7.060580e+02
5.600000e-07	-7.286758e-06	-1.080239e-08	-5.473513e+01	-7.057475e+02
5.700000e-07	-7.275532e-06	-1.079327e-08	-5.465081e+01	-7.054383e+02
5.800000e-07	-7.264093e-06	-1.076356e-08	-5.456488e+01	-7.051271e+02
5.900000e-07	-7.252291e-06	-1.074606e-08	-5.447623e+01	-7.048103e+02
6.000000e-07	-7.240222e-06	-1.078552e-08	-5.438557e+01	-7.044846e+02
6.100000e-07	-7.227975e-06	-1.079693e-08	-5.429358e+01	-7.041469e+02
6.200000e-07	-7.215705e-06	-1.075130e-08	-5.420141e+01	-7.037947e+02
6.300000e-07	-7.203351e-06	-1.073845e-08	-5.410861e+01	-7.034258e+02
6.400000e-07	-7.190796e-06	-1.072256e-08	-5.401431e+01	-7.030389e+02
6.500000e-07	-7.178047e-06	-1.073632e-08	-5.391854e+01	-7.026331e+02
6.600000e-07	-7.165117e-06	-1.072381e-08	-5.382141e+01	-7.022085e+02
6.700000e-07	-7.152026e-06	-1.068841e-08	-5.372308e+01	-7.017656e+02
6.800000e-07	-7.138569e-06	-1.068453e-08	-5.362199e+01	-7.013056e+02
6.900000e-07	-7.124881e-06	-1.070537e-08	-5.351917e+01	-7.008302e+02
7.000000e-07	-7.111016e-06	-1.073042e-08	-5.341502e+01	-7.003412e+02
7.100000e-07	-7.096950e-06	-1.070826e-08	-5.330937e+01	-6.998410e+02
7.200000e-07	-7.082749e-06	-1.070340e-08	-5.320270e+01	-6.993318e+02
7.300000e-07	-7.068343e-06	-1.070196e-08	-5.309448e+01	-6.988157e+02
7.400000e-07	-7.053762e-06	-1.069168e-08	-5.298496e+01	-6.982947e+02
7.500000e-07	-7.039147e-06	-1.066582e-08	-5.287518e+01	-6.977703e+02
7.600000e-07	-7.024421e-06	-1.061747e-08	-5.276456e+01	-6.972438e+02
7.700000e-07	-7.009196e-06	-1.061271e-08	-5.265020e+01	-6.967158e+02
7.800000e-07	-6.993671e-06	-1.061746e-08	-5.253358e+01	-6.961865e+02
7.900000e-07	-6.977982e-06	-1.062971e-08	-5.241573e+01	-6.956554e+02
8.000000e-07	-6.961877e-06	-1.062684e-08	-5.229476e+01	-6.951217e+02
8.100000e-07	-6.945417e-06	-1.061927e-08	-5.217112e+01	-6.945842e+02
8.200000e-07	-6.928870e-06	-1.062273e-08	-5.204682e+01	-6.940412e+02
8.300000e-07	-6.912141e-06	-1.060352e-08	-5.192116e+01	-6.934909e+02
8.400000e-07	-6.895127e-06	-1.058337e-08	-5.179336e+01	-6.929316e+02
8.500000e-07	-6.877868e-06	-1.054445e-08	-5.166372e+01	-6.923613e+02
8.600000e-07	-6.860386e-06	-1.052966e-08	-5.153240e+01	-6.917785e+02
8.700000e-07	-6.842826e-06	-1.053688e-08	-5.140049e+01	-6.911818e+02
8.800000e-07	-6.825128e-06	-1.054304e-08	-5.126755e+01	-6.905703e+02
8.900000e-07	-6.807359e-06	-1.054892e-08	-5.113408e+01	-6.899434e+02
9.000000e-07	-6.789494e-06	-1.053425e-08	-5.099988e+01	-6.893013e+02
9.100000e-07	-6.771474e-06	-1.052624e-08	-5.086453e+01	-6.886443e+02
9.200000e-07	-6.753287e-06	-1.050159e-08	-5.072791e+01	-6.879735e+02
9.300000e-07	-6.734932e-06	-1.047014e-08	-5.059004e+01	-6.872903e+02
9.400000e-07	-6.716503e-06	-1.043765e-08	-5.045161e+01	-6.865965e+02
9.500000e-07	-6.697798e-06	-1.041870e-08	-5.031110e+01	-6.858940e+02
9.600000e-07	-6.678709e-06	-1.042541e-08	-5.016772e+01	-6.851850e+02
9.700000e-07	-6.659522e-06	-1.042152e-08	-5.002359e+01	-6.844716e+02
9.800000e-07	-6.640259e-06	-1.042287e-08	-4.987889e+01	-6.837557e+02
9.900000e-07	-6.620847e-06	-1.041385e-08	-4.973308e+01	-6.830391e+02
1.000000e-06	-6.601157e-06	-1.040215e-08	-4.958518e+01	-6.823231e+02
1.010000e-06	-6.581308e-06	-1.038660e-08	-4.943608e+01	-6.816086e+02
1.020000e-06	-6.561456e-06	-1.036281e-08	-4.928696e+01	-6.808960e+02
1.030000e-06	-6.541352e-06	-1.035016e-08	-4.913595e+01	-6.801850e+02
1.040000e-06	-6.521048e-06	-1.033303e-08	-4.898343e+01	-6.794751e+02
1.050000e-06	-6.500697e-06	-1.032471e-08	-4.883056e+01	-6.787649e+02
1.060000e-06	-6.480264e-06	-1.031178e-08	-4.867708e+01	-6.780527e+02
1.070000e-06	-6.459795e-06	-1.030052e-08	-4.852333e+01	-6.773366e+02
1.080000e-06	-6.439274e-06	-1.029250e-08	-4.836918e+01	-6.766142e+02
1.090000e-06	-6.418584e-06	-1.027579e-08	-4.821376e+01	-6.758830e+02
1.100000e-06	-6.397792e-06	-1.025995e-08	-4.805758e+01	-6.751407e+02
1.110000e-06	-6.376845e-06	-1.023724e-08	-4.790024e+01	-6.743849e+02
1.120000e-06	-6.355622e-06	-1.022680e-08	-4.774082e+01	-6.736136e+02
1.130000e-06	-6.334384e-06	-1.021584e-08	-4.758129e+01	-6.728250e+02
1.140000e-06	-6.313058e-06	-1.020394e-08	-4.742109e+01	-6.720180e+02
1.150000e-06	-6.291411e-06	-1.019431e-08	-4.725849e+01	-6.711919e+02
1.160000e-06	-6.269578e-06	-1.018192e-08	-4.709449e+01	-6.703463e+02
1.170000e-06	-6.247639e-06	-1.017589e-08	-4.692970e+01	-6.694819e+02
1.180000e-06	-6.225607e-06	-1.016068e-08	-4.676420e+01	-6.685994e+02
1.190000e-06	-6.203411e-06	-1.014729e-08	-4.659747e+01	-6.677002e+02
1.200000e-06	-6.180972e-06	-1.012947e-08	-4.642892e+01	-6.667861e+02
1.210000e-06	-6.158330e-06	-1.010926e-08	-4.625884e+01	-6.658592e+02
1.220000e-06	-6.135559e-06	-1.009680e-08	-4.608780e+01	-6.649215e+02
1.230000e-06	-6.112684e-06	-1.007916e-08	-4.591596e+01	-6.639753e+02
1.240000e-06	-6.089661e-06	-1.006331e-08	-4.574303e+01	-6.630228e+02
1.250000e-06	-6.066509e-06	-1.004264e-08	-4.556912e+01	-6.620658e+02
1.260000e-06	-6.043073e-06	-1.002263e-08	-4.539308e+01	-6.611060e+02
1.270000e-06	-6.019438e-06	-1.000950e-08	-4.521555e+01	-6.601444e+02
1.280000e-06	-5.995831e-06	-9.996704e-09	-4.503822e+01	-6.591817e+02
1.290000e-06	-5.971981e-06	-9.982583e-09	-4.485906e+01	-6.582182e+02
1.300000e-06	-5.947936e-06	-9.967769e-09	-4.467845e+01	-6.572535e+02
1.310000e-06	-5.923867e-06	-9.960774e-09	-4.449765e+01	-6.562867e+02
1.320000e-06	-5.899586e-06	-9.950291e-09	-4.431527e+01	-6.553165e+02
1.330000e-06	-5.875227e-06	-9.934401e-09	-4.413229e+01	-6.543412e+02
1.340000e-06	-5.850881e-06	-9.911822e-09	-4.394941e+01	-6.533588e+02
1.350000e-06	-5.826388e-06	-9.885517e-09	-4.376543e+01	-6.523672e+02
1.360000e-06	-5.801693e-06	-9.867101e-09	-4.357993e+01	-6.513641e+02
1.370000e-06	-5.776842e-06	-9.851353e-09	-4.339326e+01	-6.503473e+02
1.380000e-06	-5.752035e-06	-9.836404e-09	-4.320692e+01	-6.493148e+02
1.390000e-06	-5.727177e-06	-9.821885e-09	-4.302020e+01	-6.482648e+02
1.400000e-06	-5.702003e-06	-9.810383e-09	-4.283110e+01	-6.471960e+02
1.410000e-06	-5.676500e-06	-9.794183e-09	-4.263953e+01	-6.461072e+02
1.420000e-06	-5.650790e-06	-9.769879e-09	-4.244641e+01	-6.449979e+02
1.430000e-06	-5.624876e-06	-9.741901e-09	-4.225176e+01	-6.438681e+02
1.440000e-06	-5.598753e-06	-9.716028e-09	-4.205553e+01	-6.427179e+02
1.450000e-06	-5.572538e-06	-9.701112e-09	-4.185862e+01	-6.415481e+02
1.460000e-06	-5.545999e-06	-9.688303e-09	-4.165927e+01	-6.403599e+02
1.470000e-06	-5.519087e-06	-9.678497e-09	-4.145711e+01	-6.391546e+02
1.480000e-06	-5.492019e-06	-9.667487e-09	-4.125379e+01	-6.379337e+02
1.490000e-06	-5.464788e-06	-9.649376e-09	-4.104924e+01	-6.366989e+02
1.500000e-06	-5.437388e-06	-9.626747e-09	-4.084342e+01	-6.354518e+02
1.510000e-06	-5.409781e-06	-9.599781e-09	-4.063605e+01	-6.341939e+02
1.520000e-06	-5.381972e-06	-9.574729e-09	-4.042716e+01	-6.329267e+02
1.530000e-06	-5.354078e-06	-9.547932e-09	-4.021763e+01	-6.316512e+02
1.540000e-06	-5.326080e-06	-9.525096e-09	-4.000733e+01	-6.303682e+02
1.550000e-06	-5.297866e-06	-9.505818e-09	-3.979539e+01	-6.290783e+02
1.560000e-06	-5.269587e-06	-9.488526e-09	-3.958297e+01	-6.277815e+02
1.570000e-06	-5.241309e-06	-9.471752e-09	-3.937056e+01	-6.264776e+02
1.580000e-06	-5.212914e-06	-9.450925e-09	-3.915726e+01	-6.251662e+02
1.590000e-06	-5.184445e-06	-9.432009e-09	-3.894341e+01	-6.238463e+02
1.600000e-06	-5.155908e-06	-9.412831e-09	-3.872906e+01	-6.225171e+02
1.610000e-06	-5.127225e-06	-9.394920e-09	-3.851361e+01	-6.211773e+02
1.620000e-06	-5.098465e-06	-9.375607e-09	-3.829757e+01	-6.198257e+02
1.630000e-06	-5.069574e-06	-9.353670e-09	-3.808055e+01	-6.184612e+02
1.640000e-06	-5.040575e-06	-9.332285e-09	-3.786272e+01	-6.170825e+02
1.650000e-06	-5.011566e-06	-9.312376e-09	-3.764482e+01	-6.156887e+02
1.660000e-06	-4.982531e-06	-9.293256e-09	-3.742673e+01	-6.142789e+02
1.670000e-06	-4.953394e-06	-9.270446e-09	-3.720786e+01	-6.128526e+02
1.680000e-06	-4.923885e-06	-9.246110e-09	-3.698620e+01	-6.114092e+02
1.690000e-06	-4.894185e-06	-9.220097e-09	-3.676311e+01	-6.099488e+02
1.700000e-06	-4.864366e-06	-9.195383e-09	-3.653912e+01	-6.084713e+02
1.710000e-06	-4.834358e-06	-9.176190e-09	-3.631371e+01	-6.069771e+02
1.720000e-06	-4.804304e-06	-9.155752e-09	-3.608795e+01	-6.054665e+02
1.730000e-06	-4.774122e-06	-9.131192e-09	-3.586124e+01	-6.039401e+02
1.740000e-06	-4.743792e-06	-9.103962e-09	-3.563341e+01	-6.023985e+02
1.750000e-06	-4.713446e-06	-9.081485e-09	-3.540547e+01	-6.008422e+02
1.760000e-06	-4.683054e-06	-9.063864e-09	-3.517717e+01	-5.992718e+02
1.770000e-06	-4.652494e-06	-9.043621e-09	-3.494762e+01	-5.976877e+02
1.780000e-06	-4.621944e-06	-9.022492e-09	-3.471815e+01	-5.960903e+02
1.790000e-06	-4.591331e-06	-9.001878e-09	-3.448819e+01	-5.944795e+02
1.800000e-06	-4.560493e-06	-8.978104e-09	-3.425655e+01	-5.928554e+02
1.810000e-06	-4.529530e-06	-8.947136e-09	-3.402396e+01	-5.912178e+02
1.820000e-06	-4.498553e-06	-8.913882e-09	-3.379128e+01	-5.895661e+02
1.830000e-06	-4.467461e-06	-8.884593e-09	-3.355773e+01	-5.879000e+02
1.840000e-06	-4.436280e-06	-8.861273e-09	-3.332351e+01	-5.862187e+02
1.850000e-06	-4.405034e-06	-8.841092e-09	-3.308880e+01	-5.845214e+02
1.860000e-06	-4.373592e-06	-8.816960e-09	-3.285263e+01	-5.828075e+02
1.870000e-06	-4.341964e-06	-8.791768e-09	-3.261505e+01	-5.810762e+02
1.880000e-06	-4.310174e-06	-8.765398e-09	-3.237625e+01	-5.793268e+02
1.890000e-06	-4.278264e-06	-8.738302e-09	-3.213656e+01	-5.775588e+02
1.900000e-06	-4.246220e-06	-8.714317e-09	-3.189586e+01	-5.757717e+02
1.910000e-06	-4.214167e-06	-8.686625e-09	-3.165509e+01	-5.739654e+02
1.920000e-06	-4.182115e-06	-8.654378e-09	-3.141433e+01	-5.721396e+02
1.930000e-06	-4.149979e-06	-8.621365e-09	-3.117293e+01	-5.702946e+02
1.940000e-06	-4.117742e-06	-8.595222e-09	-3.093078e+01	-5.684304e+02
1.950000e-06	-4.085420e-06	-8.572095e-09	-3.068799e+01	-5.665475e+02
1.960000e-06	-4.053031e-06	-8.548587e-09	-3.044470e+01	-5.646463e+02
1.970000e-06	-4.020569e-06	-8.521703e-09	-3.020086e+01	-5.627273e+02
1.980000e-06	-3.988037e-06	-8.490113e-09	-2.995649e+01	-5.607909e+02
1.990000e-06	-3.955294e-06	-8.458160e-09	-2.971054e+01	-5.588378e+02
2.000000e-06	-3.922498e-06	-8.423461e-09	-2.946419e+01	-5.568682e+02
2.010000e-06	-3.889745e-06	-8.388380e-09	-2.921817e+01	-5.548825e+02
2.020000e-06	-3.856927e-06	-8.354315e-09	-2.897165e+01	-5.528806e+02
2.030000e-06	-3.824026e-06	-8.326000e-09	-2.872451e+01	-5.508627e+02
2.040000e-06	-3.790962e-06	-8.297921e-09	-2.847615e+01	-5.488283e+02
2.050000e-06	-3.757719e-06	-8.266513e-09	-2.822644e+01	-5.467772e+02
2.060000e-06	-3.724371e-06	-8.233886e-09	-2.797595e+01	-5.447086e+02
2.070000e-06	-3.690923e-06	-8.198593e-09	-2.772469e+01	-5.426219e+02
2.080000e-06	-3.657314e-06	-8.168465e-09	-2.747224e+01	-5.405161e+02
2.090000e-06	-3.623635e-06	-8.137724e-09	-2.721925e+01	-5.383903e+02
2.100000e-06	-3.589811e-06	-8.104986e-09	-2.696519e+01	-5.362434e+02
2.110000e-06	-3.555743e-06	-8.071558e-09	-2.670928e+01	-5.340746e+02
2.120000e-06	-3.521728e-06	-8.036047e-09	-2.645377e+01	-5.318827e+02
2.130000e-06	-3.487662e-06	-8.005362e-09	-2.619788e+01	-5.296670e+02
2.140000e-06	-3.453236e-06	-7.971720e-09	-2.593929e+01	-5.274266e+02
2.150000e-06	-3.418628e-06	-7.935464e-09	-2.567933e+01	-5.251609e+02
2.160000e-06	-3.383847e-06	-7.897032e-09	-2.541807e+01	-5.228694e+02
2.170000e-06	-3.348975e-06	-7.860060e-09	-2.515612e+01	-5.205518e+02
2.180000e-06	-3.314117e-06	-7.828261e-09	-2.489428e+01	-5.182076e+02
2.190000e-06	-3.279069e-06	-7.796570e-09	-2.463102e+01	-5.158370e+02
2.200000e-06	-3.243779e-06	-7.761955e-09	-2.436593e+01	-5.134397e+02
2.210000e-06	-3.208370e-06	-7.723782e-09	-2.409995e+01	-5.110157e+02
2.220000e-06	-3.172982e-06	-7.688822e-09	-2.383414e+01	-5.085652e+02
2.230000e-06	-3.137543e-06	-7.653587e-09	-2.356793e+01	-5.060880e+02
2.240000e-06	-3.101916e-06	-7.614540e-09	-2.330032e+01	-5.035841e+02
2.250000e-06	-3.066197e-06	-7.573386e-09	-2.303201e+01	-5.010533e+02
2.260000e-06	-3.030415e-06	-7.534838e-09	-2.276323e+01	-4.984952e+02
2.270000e-06	-2.994511e-06	-7.499724e-09	-2.249353e+01	-4.959095e+02
2.280000e-06	-2.958443e-06	-7.461943e-09	-2.222261e+01	-4.932957e+02
2.290000e-06	-2.922426e-06	-7.420621e-09	-2.195206e+01	-4.906529e+02
2.300000e-06	-2.886462e-06	-7.375662e-09	-2.168192e+01	-4.879806e+02
2.310000e-06	-2.850314e-06	-7.330867e-09	-2.141039e+01	-4.852777e+02
2.320000e-06	-2.814148e-06	-7.286985e-09	-2.113872e+01	-4.825435e+02
2.330000e-06	-2.777960e-06	-7.240012e-09	-2.086689e+01	-4.797771e+02
2.340000e-06	-2.741636e-06	-7.193086e-09	-2.059404e+01	-4.769777e+02
2.350000e-06	-2.705241e-06	-7.146911e-09	-2.032066e+01	-4.741445e+02
2.360000e-06	-2.668845e-06	-7.102059e-09	-2.004726e+01	-4.712771e+02
2.370000e-06	-2.632455e-06	-7.058434e-09	-1.977392e+01	-4.683750e+02
2.380000e-06	-2.595998e-06	-7.012786e-09	-1.950007e+01	-4.654382e+02
2.390000e-06	-2.559441e-06	-6.966791e-09	-1.922547e+01	-4.624668e+02
2.400000e-06	-2.522844e-06	-6.921219e-09	-1.895057e+01	-4.594610e+02
2.410000e-06	-2.486163e-06	-6.876474e-09	-1.867503e+01	-4.564215e+02
2.420000e-06	-2.449478e-06	-6.830426e-09	-1.839947e+01	-4.533490e+02
2.430000e-06	-2.412848e-06	-6.780533e-09	-1.812432e+01	-4.502444e+02
2.440000e-06	-2.376169e-06	-6.728089e-09	-1.784880e+01	-4.471087e+02
2.450000e-06	-2.339408e-06	-6.675877e-09	-1.757267e+01	-4.439432e+02
2.460000e-06	-2.302517e-06	-6.622257e-09	-1.729556e+01	-4.407488e+02
2.470000e-06	-2.265605e-06	-6.569979e-09	-1.701829e+01	-4.375267e+02
2.480000e-06	-2.228725e-06	-6.521358e-09	-1.674127e+01	-4.342776e+02
2.490000e-06	-2.191765e-06	-6.471214e-09	-1.646364e+01	-4.310023e+02
2.500000e-06	-2.154696e-06	-6.418667e-09	-1.618519e+01	-4.277013e+02
2.510000e-06	-2.117595e-06	-6.363816e-09	-1.590651e+01	-4.243747e+02
2.520000e-06	-2.080469e-06	-6.308537e-09	-1.562763e+01	-4.210224e+02
2.530000e-06	-2.043264e-06	-6.257408e-09	-1.534816e+01	-4.176439e+02
2.540000e-06	-2.006102e-06	-6.206528e-09	-1.506901e+01	-4.142385e+02
2.550000e-06	-1.968973e-06	-6.152836e-09	-1.479011e+01	-4.108051e+02
2.560000e-06	-1.931744e-06	-6.100661e-09	-1.451047e+01	-4.073423e+02
2.570000e-06	-1.894397e-06	-6.049530e-09	-1.422993e+01	-4.038487e+02
2.580000e-06	-1.856972e-06	-5.998045e-09	-1.394881e+01	-4.003227e+02
2.590000e-06	-1.819406e-06	-5.941868e-09	-1.366663e+01	-3.967624e+02
2.600000e-06	-1.781823e-06	-5.879422e-09	-1.338432e+01	-3.931660e+02
2.610000e-06	-1.744290e-06	-5.818591e-09	-1.310239e+01	-3.895320e+02
2.620000e-06	-1.706721e-06	-5.759935e-09	-1.282019e+01	-3.858586e+02
2.630000e-06	-1.669179e-06	-5.697090e-09	-1.253818e+01	-3.821445e+02
2.640000e-06	-1.631596e-06	-5.632806e-09	-1.225588e+01	-3.783884e+02
2.650000e-06	-1.593810e-06	-5.571376e-09	-1.197204e+01	-3.745893e+02
2.660000e-06	-1.556082e-06	-5.513132e-09	-1.168865e+01	-3.707465e+02
2.670000e-06	-1.518431e-06	-5.454932e-09	-1.140583e+01	-3.668593e+02
2.680000e-06	-1.480547e-06	-5.395318e-09	-1.112126e+01	-3.629275e+02
2.690000e-06	-1.442639e-06	-5.335199e-09	-1.083651e+01	-3.589509e+02
2.700000e-06	-1.404702e-06	-5.271557e-09	-1.055154e+01	-3.549296e+02
2.710000e-06	-1.366611e-06	-5.207688e-09	-1.026542e+01	-3.508636e+02
2.720000e-06	-1.328504e-06	-5.141516e-09	-9.979173e+00	-3.467531e+02
2.730000e-06	-1.290450e-06	-5.073772e-09	-9.693332e+00	-3.425981e+02
2.740000e-06	-1.252377e-06	-5.012114e-09	-9.407340e+00	-3.383986e+02
2.750000e-06	-1.214201e-06	-4.947324e-09	-9.120582e+00	-3.341545e+02
2.760000e-06	-1.176019e-06	-4.878977e-09	-8.833767e+00	-3.298655e+02
2.770000e-06	-1.137862e-06	-4.805465e-09	-8.547148e+00	-3.255312e+02
2.780000e-06	-1.099698e-06	-4.724659e-09	-8.260479e+00	-3.211508e+02
2.790000e-06	-1.061519e-06	-4.649275e-09	-7.973697e+00	-3.167234e+02
2.800000e-06	-1.023235e-06	-4.577360e-09	-7.686118e+00	-3.122481e+02
2.810000e-06	-9.849721e-07	-4.513551e-09	-7.398705e+00	-3.077236e+02
2.820000e-06	-9.465983e-07	-4.455033e-09	-7.110457e+00	-3.031486e+02
2.830000e-06	-9.081944e-07	-4.393405e-09	-6.821983e+00	-2.985217e+02
2.840000e-06	-8.698740e-07	-4.328016e-09	-6.534136e+00	-2.938417e+02
2.850000e-06	-8.314377e-07	-4.252058e-09	-6.245418e+00	-2.891073e+02
2.860000e-06	-7.930029e-07	-4.170393e-09	-5.956712e+00	-2.843173e+02
2.870000e-06	-7.545406e-07	-4.084072e-09	-5.667798e+00	-2.794709e+02
2.880000e-06	-7.159875e-07	-4.000872e-09	-5.378203e+00	-2.745672e+02
2.890000e-06	-6.775610e-07	-3.925541e-09	-5.089559e+00	-2.696058e+02
2.900000e-06	-6.391464e-07	-3.856278e-09	-4.801005e+00	-2.645865e+02
2.910000e-06	-6.006224e-07	-3.783825e-09	-4.511628e+00	-2.595092e+02
2.920000e-06	-5.621572e-07	-3.706302e-09	-4.222694e+00	-2.543742e+02
2.930000e-06	-5.237218e-07	-3.627532e-09	-3.933983e+00	-2.491819e+02
2.940000e-06	-4.852552e-07	-3.541299e-09	-3.645038e+00	-2.439328e+02
2.950000e-06	-4.467254e-07	-3.455765e-09	-3.355617e+00	-2.386273e+02
2.960000e-06	-4.082608e-07	-3.367845e-09	-3.066687e+00	-2.332661e+02
2.970000e-06	-3.699166e-07	-3.289923e-09	-2.778661e+00	-2.278494e+02
2.980000e-06	-3.314049e-07	-3.218220e-09	-2.489377e+00	-2.223775e+02
2.990000e-06	-2.928254e-07	-3.139861e-09	-2.199584e+00	-2.168503e+02
3.000000e-06	-2.542928e-07	-3.058192e-09	-1.910143e+00	-2.112673e+02
3.010000e-06	-2.157038e-07	-2.968468e-09	-1.620279e+00	-2.056277e+02
3.020000e-06	-1.771017e-07	-2.881673e-09	-1.330315e+00	-1.999301e+02
3.030000e-06	-1.385841e-07	-2.792269e-09	-1.040987e+00	-1.941729e+02
3.040000e-06	-1.000997e-07	-2.706439e-09	-7.519080e-01	-1.883540e+02
3.050000e-06	-6.150673e-08	-2.625096e-09	-4.620133e-01	-1.824706e+02
3.060000e-06	-2.289277e-08	-2.539042e-09	-1.719611e-01	-1.765200e+02
3.070000e-06	1.566153e-08	-2.451618e-09	1.176429e-01	-1.704989e+02
3.080000e-06	5.421351e-08	-2.356506e-09	4.072296e-01	-1.644039e+02
3.090000e-06	9.278131e-08	-2.260477e-09	6.969351e-01	-1.582316e+02
3.100000e-06	1.313603e-07	-2.157549e-09	9.867243e-01	-1.519784e+02
3.110000e-06	1.699491e-07	-2.055306e-09	1.276588e+00	-1.456411e+02
3.120000e-06	2.085283e-07	-1.961386e-09	1.566379e+00	-1.392165e+02
3.130000e-06	2.470672e-07	-1.870748e-09	1.855867e+00	-1.327019e+02
3.140000e-06	2.855671e-07	-1.782115e-09	2.145063e+00	-1.260948e+02
3.150000e-06	3.240725e-07	-1.683519e-09	2.434300e+00	-1.193935e+02
3.160000e-06	3.625407e-07	-1.584922e-09	2.723257e+00	-1.125966e+02
3.170000e-06	4.010175e-07	-1.482687e-09	3.012279e+00	-1.057034e+02
3.180000e-06	4.394977e-07	-1.375662e-09	3.301326e+00	-9.871367e+01
3.190000e-06	4.779174e-07	-1.266188e-09	3.589919e+00	-9.162781e+01
3.200000e-06	5.162954e-07	-1.153823e-09	3.878199e+00	-8.444673e+01
3.210000e-06	5.547737e-07	-1.046319e-09	4.167232e+00	-7.717180e+01
3.220000e-06	5.932228e-07	-9.327711e-10	4.456046e+00	-6.980481e+01
3.230000e-06	6.315560e-07	-8.184269e-10	4.743989e+00	-6.234786e+01
3.240000e-06	6.699393e-07	-7.051824e-10	5.032309e+00	-5.480330e+01
3.250000e-06	7.082707e-07	-5.927407e-10	5.320238e+00	-4.717364e+01
3.260000e-06	7.465971e-07	-4.774902e-10	5.608130e+00	-3.946146e+01
3.270000e-06	7.849532e-07	-3.569824e-10	5.896245e+00	-3.166940e+01
3.280000e-06	8.232517e-07	-2.388662e-10	6.183928e+00	-2.380004e+01
3.290000e-06	8.615179e-07	-1.168550e-10	6.471368e+00	-1.585590e+01
3.300000e-06	8.997810e-07	9.077974e-12	6.758785e+00	-7.839437e+00
3.310000e-06	9.380562e-07	1.402086e-10	7.046292e+00	2.469714e-01
3.320000e-06	9.764001e-07	2.660331e-10	7.334316e+00	8.400994e+00
3.330000e-06	1.014683e-06	3.843106e-10	7.621882e+00	1.662030e+01
3.340000e-06	1.052927e-06	5.071194e-10	7.909155e+00	2.490250e+01
3.350000e-06	1.091234e-06	6.309387e-10	8.196903e+00	3.324508e+01
3.360000e-06	1.129495e-06	7.570150e-10	8.484300e+00	4.164531e+01
3.370000e-06	1.167668e-06	8.837526e-10	8.771043e+00	5.010015e+01
3.380000e-06	1.205856e-06	1.015312e-09	9.057893e+00	5.860620e+01
3.390000e-06	1.244025e-06	1.150966e-09	9.344604e+00	6.715961e+01
3.400000e-06	1.281964e-06	1.287473e-09	9.629584e+00	7.575599e+01
3.410000e-06	1.319786e-06	1.424059e-09	9.913689e+00	8.439040e+01
3.420000e-06	1.357582e-06	1.556037e-09	1.019759e+01	9.305727e+01
3.430000e-06	1.395374e-06	1.686339e-09	1.048147e+01	1.017504e+02
3.440000e-06	1.433208e-06	1.810905e-09	1.076567e+01	1.104631e+02
3.450000e-06	1.471045e-06	1.935138e-09	1.104988e+01	1.191880e+02
3.460000e-06	1.508763e-06	2.062248e-09	1.133321e+01	1.279172e+02
3.470000e-06	1.546338e-06	2.194587e-09	1.161546e+01	1.366424e+02
3.480000e-06	1.583950e-06	2.333139e-09	1.189798e+01	1.453549e+02
3.490000e-06	1.621639e-06	2.470785e-09	1.218109e+01	1.540459e+02
3.500000e-06	1.659258e-06	2.605691e-09	1.246366e+01	1.627062e+02
3.510000e-06	1.696847e-06	2.734981e-09	1.274601e+01	1.713267e+02
3.520000e-06	1.734344e-06	2.860632e-09	1.302768e+01	1.798986e+02
3.530000e-06	1.771711e-06	2.982696e-09	1.330837e+01	1.884128e+02
3.540000e-06	1.809054e-06	3.105984e-09	1.358887e+01	1.968611e+02
3.550000e-06	1.846380e-06	3.234570e-09	1.386925e+01	2.052354e+02
3.560000e-06	1.883689e-06	3.364729e-09	1.414950e+01	2.135280e+02
3.570000e-06	1.920967e-06	3.495023e-09	1.442951e+01	2.217319e+02
3.580000e-06	1.958179e-06	3.620686e-09	1.470903e+01	2.298408e+02
3.590000e-06	1.995330e-06	3.742705e-09	1.498810e+01	2.378489e+02
3.600000e-06	2.032464e-06	3.857784e-09	1.526704e+01	2.457512e+02
3.610000e-06	2.069465e-06	3.964815e-09	1.554497e+01	2.535431e+02
3.620000e-06	2.106478e-06	4.073465e-09	1.582300e+01	2.612210e+02
3.630000e-06	2.143611e-06	4.187680e-09	1.610193e+01	2.687817e+02
3.640000e-06	2.180645e-06	4.305558e-09	1.638011e+01	2.762228e+02
3.650000e-06	2.217572e-06	4.419916e-09	1.665749e+01	2.835423e+02
3.660000e-06	2.254448e-06	4.527861e-09	1.693449e+01	2.907390e+02
3.670000e-06	2.291259e-06	4.631525e-09	1.721100e+01	2.978120e+02
3.680000e-06	2.328007e-06	4.732640e-09	1.748703e+01	3.047609e+02
3.690000e-06	2.364700e-06	4.831457e-09	1.776266e+01	3.115859e+02
3.700000e-06	2.401305e-06	4.929161e-09	1.803761e+01	3.182874e+02
3.710000e-06	2.437927e-06	5.026878e-09	1.831270e+01	3.248663e+02
3.720000e-06	2.474579e-06	5.128006e-09	1.858802e+01	3.313239e+02
3.730000e-06	2.511163e-06	5.230792e-09	1.886282e+01	3.376617e+02
3.740000e-06	2.547692e-06	5.326727e-09	1.913721e+01	3.438815e+02
3.750000e-06	2.584185e-06	5.413019e-09	1.941134e+01	3.499855e+02
3.760000e-06	2.620692e-06	5.495069e-09	1.968556e+01	3.559761e+02
3.770000e-06	2.657104e-06	5.578594e-09	1.995907e+01	3.618559e+02
3.780000e-06	2.693414e-06	5.660898e-09	2.023182e+01	3.676277e+02
3.790000e-06	2.729703e-06	5.744857e-09	2.050441e+01	3.732944e+02
3.800000e-06	2.765927e-06	5.832365e-09	2.077651e+01	3.788591e+02
3.810000e-06	2.802129e-06	5.916051e-09	2.104844e+01	3.843250e+02
3.820000e-06	2.838308e-06	5.996505e-09	2.132020e+01	3.896951e+02
3.830000e-06	2.874475e-06	6.075138e-09	2.159188e+01	3.949726e+02
3.840000e-06	2.910628e-06	6.153093e-09	2.186344e+01	4.001607e+02
3.850000e-06	2.946682e-06	6.232027e-09	2.213426e+01	4.052622e+02
3.860000e-06	2.982676e-06	6.310918e-09	2.240464e+01	4.102800e+02
3.870000e-06	3.018499e-06	6.388669e-09	2.267372e+01	4.152167e+02
3.880000e-06	3.054172e-06	6.464172e-09	2.294168e+01	4.200747e+02
3.890000e-06	3.089780e-06	6.536615e-09	2.320916e+01	4.248561e+02
3.900000e-06	3.125256e-06	6.606258e-09	2.347563e+01	4.295629e+02
3.910000e-06	3.160690e-06	6.672623e-09	2.374180e+01	4.341967e+02
3.920000e-06	3.196032e-06	6.735513e-09	2.400728e+01	4.387588e+02
3.930000e-06	3.231099e-06	6.800112e-09	2.427069e+01	4.432504e+02
3.940000e-06	3.266150e-06	6.868412e-09	2.453398e+01	4.476724e+02
3.950000e-06	3.301195e-06	6.937181e-09	2.479722e+01	4.520257e+02
3.960000e-06	3.335982e-06	7.004205e-09	2.505853e+01	4.563109e+02
3.970000e-06	3.370560e-06	7.069457e-09	2.531826e+01	4.605285e+02
3.980000e-06	3.404996e-06	7.134140e-09	2.557693e+01	4.646791e+02
3.990000e-06	3.439349e-06	7.196748e-09	2.583497e+01	4.687633e+02
4.000000e-06	3.473648e-06	7.252702e-09	2.609261e+01	4.727816e+02
4.010000e-06	3.507772e-06	7.306373e-09	2.634894e+01	4.767348e+02
4.020000e-06	3.541734e-06	7.363341e-09	2.660405e+01	4.806238e+02
4.030000e-06	3.575703e-06	7.426441e-09	2.685921e+01	4.844493e+02
4.040000e-06	3.609444e-06	7.491797e-09	2.711266e+01	4.882127e+02
4.050000e-06	3.642857e-06	7.549531e-09	2.736364e+01	4.919150e+02
4.060000e-06	3.676116e-06	7.598751e-09	2.761347e+01	4.955576e+02
4.070000e-06	3.709327e-06	7.643448e-09	2.786294e+01	4.991420e+02
4.080000e-06	3.742605e-06	7.688895e-09	2.811291e+01	5.026696e+02
4.090000e-06	3.775854e-06	7.734647e-09	2.836266e+01	5.061420e+02
4.100000e-06	3.808956e-06	7.781637e-09	2.861131e+01	5.095606e+02
4.110000e-06	3.841878e-06	7.835400e-09	2.885861e+01	5.129267e+02
4.120000e-06	3.874643e-06	7.893723e-09	2.910473e+01	5.162418e+02
4.130000e-06	3.907336e-06	7.950167e-09	2.935030e+01	5.195068e+02
4.140000e-06	3.939969e-06	7.997833e-09	2.959543e+01	5.227227e+02
4.150000e-06	3.972545e-06	8.038311e-09	2.984013e+01	5.258901e+02
4.160000e-06	4.005141e-06	8.078245e-09	3.008497e+01	5.290097e+02
4.170000e-06	4.037662e-06	8.122201e-09	3.032925e+01	5.320815e+02
4.180000e-06	4.070054e-06	8.167899e-09	3.057257e+01	5.351058e+02
4.190000e-06	4.102389e-06	8.212871e-09	3.081546e+01	5.380822e+02
4.200000e-06	4.134572e-06	8.259061e-09	3.105720e+01	5.410106e+02
4.210000e-06	4.166616e-06	8.301163e-09	3.129790e+01	5.438906e+02
4.220000e-06	4.198642e-06	8.338104e-09	3.153847e+01	5.467217e+02
4.230000e-06	4.230642e-06	8.374248e-09	3.177884e+01	5.495035e+02
4.240000e-06	4.262480e-06	8.410603e-09	3.201800e+01	5.522357e+02
4.250000e-06	4.294165e-06	8.445595e-09	3.225600e+01	5.549179e+02
4.260000e-06	4.325727e-06	8.484533e-09	3.249308e+01	5.575501e+02
4.270000e-06	4.357203e-06	8.526209e-09	3.272951e+01	5.601324e+02
4.280000e-06	4.388643e-06	8.565429e-09	3.296568e+01	5.626652e+02
4.290000e-06	4.420051e-06	8.602688e-09	3.320161e+01	5.651490e+02
4.300000e-06	4.451386e-06	8.636865e-09	3.343698e+01	5.675848e+02
4.310000e-06	4.482525e-06	8.671640e-09	3.367089e+01	5.699736e+02
4.320000e-06	4.513454e-06	8.705674e-09	3.390321e+01	5.723168e+02
4.330000e-06	4.544399e-06	8.738720e-09	3.413565e+01	5.746159e+02
4.340000e-06	4.575271e-06	8.771944e-09	3.436755e+01	5.768726e+02
4.350000e-06	4.605903e-06	8.802642e-09	3.459765e+01	5.790889e+02
4.360000e-06	4.636398e-06	8.832629e-09	3.482672e+01	5.812664e+02
4.370000e-06	4.666765e-06	8.860345e-09	3.505482e+01	5.834072e+02
4.380000e-06	4.697046e-06	8.886233e-09	3.528228e+01	5.855130e+02
4.390000e-06	4.727324e-06	8.914008e-09	3.550972e+01	5.875855e+02
4.400000e-06	4.757580e-06	8.941333e-09	3.573698e+01	5.896263e+02
4.410000e-06	4.787630e-06	8.970116e-09	3.596271e+01	5.916367e+02
4.420000e-06	4.817507e-06	9.007456e-09	3.618713e+01	5.936179e+02
4.430000e-06	4.847342e-06	9.041148e-09	3.641124e+01	5.955707e+02
4.440000e-06	4.877082e-06	9.067852e-09	3.663463e+01	5.974959e+02
4.450000e-06	4.906662e-06	9.091686e-09	3.685683e+01	5.993939e+02
4.460000e-06	4.936025e-06	9.110989e-09	3.707739e+01	6.012648e+02
4.470000e-06	4.965312e-06	9.132360e-09	3.729738e+01	6.031089e+02
4.480000e-06	4.994498e-06	9.151961e-09	3.751662e+01	6.049259e+02
4.490000e-06	5.023473e-06	9.177448e-09	3.773427e+01	6.067157e+02
4.500000e-06	5.052296e-06	9.208653e-09	3.795077e+01	6.084780e+02
4.510000e-06	5.081025e-06	9.243802e-09	3.816657e+01	6.102127e+02
4.520000e-06	5.109696e-06	9.275416e-09	3.838193e+01	6.119195e+02
4.530000e-06	5.138377e-06	9.292833e-09	3.859737e+01	6.135984e+02
4.540000e-06	5.167073e-06	9.308113e-09	3.881293e+01	6.152492e+02
4.550000e-06	5.195608e-06	9.318312e-09	3.902727e+01	6.168723e+02
4.560000e-06	5.224056e-06	9.328658e-09	3.924096e+01	6.184678e+02
4.570000e-06	5.252471e-06	9.345970e-09	3.945440e+01	6.200364e+02
4.580000e-06	5.280743e-06	9.374236e-09	3.966677e+01	6.215787e+02
4.590000e-06	5.308929e-06	9.410427e-09	3.987849e+01	6.230955e+02
4.600000e-06	5.336943e-06	9.442699e-09	4.008892e+01	6.245878e+02
4.610000e-06	5.364870e-06	9.471474e-09	4.029870e+01	6.260567e+02
4.620000e-06	5.392737e-06	9.492370e-09	4.050803e+01	6.275034e+02
4.630000e-06	5.420323e-06	9.508680e-09	4.071524e+01	6.289292e+02
4.640000e-06	5.447708e-06	9.516568e-09	4.092094e+01	6.303353e+02
4.650000e-06	5.474947e-06	9.525395e-09	4.112555e+01	6.317231e+02
4.660000e-06	5.502044e-06	9.541578e-09	4.132909e+01	6.330936e+02
4.670000e-06	5.528906e-06	9.561278e-09	4.153087e+01	6.344481e+02
4.680000e-06	5.555485e-06	9.592403e-09	4.173052e+01	6.357875e+02
4.690000e-06	5.581712e-06	9.620072e-09	4.192752e+01	6.371128e+02
4.700000e-06	5.607605e-06	9.647098e-09	4.212202e+01	6.384247e+02
4.710000e-06	5.633490e-06	9.670174e-09	4.231646e+01	6.397238e+02
4.720000e-06	5.659186e-06	9.687358e-09	4.250948e+01	6.410105e+02
4.730000e-06	5.684538e-06	9.698408e-09	4.269991e+01	6.422851e+02
4.740000e-06	5.709708e-06	9.697763e-09	4.288898e+01	6.435477e+02
4.750000e-06	5.734738e-06	9.705427e-09	4.307699e+01	6.447983e+02
4.760000e-06	5.759655e-06	9.719954e-09	4.326416e+01	6.460367e+02
4.770000e-06	5.784438e-06	9.745948e-09	4.345032e+01	6.472627e+02
4.780000e-06	5.809057e-06	9.776361e-09	4.363525e+01	6.484758e+02
4.790000e-06	5.833512e-06	9.810163e-09	4.381894e+01	6.496757e+02
4.800000e-06	5.857869e-06	9.846272e-09	4.400191e+01	6.508617e+02
4.810000e-06	5.882190e-06	9.864977e-09	4.418459e+01	6.520333e+02
4.820000e-06	5.906483e-06	9.878162e-09	4.436707e+01	6.531898e+02
4.830000e-06	5.930606e-06	9.878858e-09	4.454827e+01	6.543306e+02
4.840000e-06	5.954459e-06	9.879355e-09	4.472745e+01	6.554551e+02
4.850000e-06	5.978232e-06	9.886362e-09	4.490602e+01	6.565626e+02
4.860000e-06	6.001914e-06	9.894336e-09	4.508391e+01	6.576525e+02
4.870000e-06	6.025401e-06	9.920470e-09	4.526034e+01	6.587241e+02
4.880000e-06	6.048761e-06	9.949772e-09	4.543580e+01	6.597770e+02
4.890000e-06	6.071860e-06	9.983361e-09	4.560932e+01	6.608107e+02
4.900000e-06	6.094812e-06	1.000905e-08	4.578172e+01	6.618247e+02
4.910000e-06	6.117637e-06	1.002344e-08	4.595317e+01	6.628187e+02
4.920000e-06	6.140261e-06	1.003334e-08	4.612311e+01	6.637926e+02
4.930000e-06	6.162761e-06	1.003578e-08	4.629213e+01	6.647463e+02
4.940000e-06	6.185108e-06	1.004223e-08	4.645999e+01	6.656797e+02
4.950000e-06	6.207347e-06	1.004422e-08	4.662704e+01	6.665932e+02
4.960000e-06	6.229502e-06	1.005336e-08	4.679346e+01	6.674870e+02
4.970000e-06	6.251446e-06	1.007263e-08	4.695829e+01	6.683615e+02
4.980000e-06	6.273290e-06	1.009758e-08	4.712237e+01	6.692174e+02
4.990000e-06	6.295021e-06	1.012436e-08	4.728561e+01	6.700554e+02
5.000000e-06	6.316428e-06	1.014336e-08	4.744641e+01	6.708763e+02
5.010000e-06	6.337729e-06	1.015812e-08	4.760641e+01	6.716810e+02
5.020000e-06	6.358928e-06	1.016363e-08	4.776565e+01	6.724705e+02
5.030000e-06	6.379900e-06	1.016479e-08	4.792318e+01	6.732458e+02
5.040000e-06	6.400654e-06	1.016322e-08	4.807908e+01	6.740079e+02
5.050000e-06	6.421322e-06	1.016619e-08	4.823433e+01	6.747579e+02
5.060000e-06	6.441944e-06	1.018108e-08	4.838924e+01	6.754967e+02
5.070000e-06	6.462534e-06	1.019896e-08	4.854390e+01	6.762252e+02
5.080000e-06	6.483027e-06	1.022222e-08	4.869783e+01	6.769441e+02
5.090000e-06	6.503388e-06	1.024534e-08	4.885077e+01	6.776541e+02
5.100000e-06	6.523676e-06	1.026471e-08	4.900317e+01	6.783557e+02
5.110000e-06	6.543773e-06	1.027427e-08	4.915413e+01	6.790492e+02
5.120000e-06	6.563645e-06	1.027947e-08	4.930340e+01	6.797348e+02
5.130000e-06	6.583403e-06	1.028453e-08	4.945182e+01	6.804126e+02
5.140000e-06	6.603199e-06	1.028664e-08	4.960052e+01	6.810825e+02
5.150000e-06	6.622912e-06	1.029725e-08	4.974859e+01	6.817444e+02
5.160000e-06	6.642423e-06	1.030696e-08	4.989515e+01	6.823981e+02
5.170000e-06	6.661618e-06	1.032245e-08	5.003933e+01	6.830432e+02
5.180000e-06	6.680435e-06	1.033701e-08	5.018068e+01	6.836796e+02
5.190000e-06	6.698999e-06	1.034424e-08	5.032012e+01	6.843070e+02
5.200000e-06	6.717301e-06	1.035148e-08	5.045760e+01	6.849252e+02
5.210000e-06	6.735489e-06	1.035465e-08	5.059422e+01	6.855343e+02
5.220000e-06	6.753690e-06	1.036763e-08	5.073094e+01	6.861341e+02
5.230000e-06	6.771663e-06	1.038019e-08	5.086594e+01	6.867251e+02
5.240000e-06	6.789420e-06	1.039631e-08	5.099933e+01	6.873074e+02
5.250000e-06	6.807078e-06	1.041011e-08	5.113197e+01	6.878816e+02
5.260000e-06	6.824644e-06	1.041727e-08	5.126392e+01	6.884483e+02
5.270000e-06	6.842045e-06	1.042319e-08	5.139462e+01	6.890082e+02
5.280000e-06	6.859272e-06	1.041857e-08	5.152403e+01	6.895623e+02
5.290000e-06	6.876436e-06	1.041953e-08	5.165296e+01	6.901112e+02
5.300000e-06	6.893506e-06	1.042277e-08	5.178118e+01	6.906558e+02
5.310000e-06	6.910330e-06	1.043727e-08	5.190756e+01	6.911971e+02
5.320000e-06	6.926865e-06	1.045845e-08	5.203176e+01	6.917357e+02
5.330000e-06	6.943276e-06	1.047469e-08	5.215504e+01	6.922723e+02
5.340000e-06	6.959350e-06	1.048702e-08	5.227577e+01	6.928073e+02
5.350000e-06	6.974992e-06	1.048508e-08	5.239327e+01	6.933411e+02
5.360000e-06	6.990476e-06	1.048138e-08	5.250958e+01	6.938736e+02
5.370000e-06	7.005876e-06	1.047765e-08	5.262526e+01	6.944049e+02
5.380000e-06	7.021079e-06	1.048377e-08	5.273946e+01	6.949347e+02
5.390000e-06	7.035975e-06	1.049718e-08	5.285135e+01	6.954624e+02
5.400000e-06	7.050533e-06	1.051271e-08	5.296071e+01	6.959875e+02
5.410000e-06	7.064952e-06	1.053243e-08	5.306902e+01	6.965091e+02
5.420000e-06	7.079362e-06	1.054334e-08	5.317726e+01	6.970265e+02
5.430000e-06	7.093617e-06	1.054871e-08	5.328433e+01	6.975388e+02
5.440000e-06	7.107653e-06	1.054557e-08	5.338977e+01	6.980452e+02
5.450000e-06	7.121508e-06	1.054337e-08	5.349384e+01	6.985449e+02
5.460000e-06	7.135090e-06	1.054464e-08	5.359586e+01	6.990373e+02
5.470000e-06	7.148463e-06	1.054702e-08	5.369632e+01	6.995218e+02
5.480000e-06	7.161727e-06	1.055622e-08	5.379595e+01	6.999982e+02
5.490000e-06	7.174689e-06	1.056906e-08	5.389331e+01	7.004662e+02
5.500000e-06	7.187413e-06	1.058854e-08	5.398889e+01	7.009259e+02
5.510000e-06	7.200022e-06	1.060178e-08	5.408360e+01	7.013776e+02
5.520000e-06	7.212467e-06	1.060742e-08	5.417709e+01	7.018215e+02
5.530000e-06	7.224758e-06	1.060698e-08	5.426941e+01	7.022581e+02
5.540000e-06	7.236950e-06	1.060586e-08	5.436099e+01	7.026881e+02
5.550000e-06	7.249004e-06	1.061527e-08	5.445153e+01	7.031120e+02
5.560000e-06	7.260992e-06	1.062528e-08	5.454158e+01	7.035304e+02
5.570000e-06	7.272801e-06	1.063909e-08	5.463029e+01	7.039439e+02
5.580000e-06	7.284270e-06	1.065423e-08	5.471644e+01	7.043528e+02
5.590000e-06	7.295457e-06	1.066764e-08	5.480047e+01	7.047573e+02
5.600000e-06	7.306226e-06	1.067752e-08	5.488136e+01	7.051575e+02
5.610000e-06	7.316541e-06	1.067905e-08	5.495885e+01	7.055532e+02
5.620000e-06	7.326548e-06	1.067671e-08	5.503401e+01	7.059441e+02
5.630000e-06	7.336301e-06	1.067500e-08	5.510727e+01	7.063296e+02
5.640000e-06	7.345796e-06	1.067961e-08	5.517860e+01	7.067089e+02
5.650000e-06	7.354931e-06	1.068748e-08	5.524721e+01	7.070810e+02
5.660000e-06	7.363818e-06	1.069725e-08	5.531397e+01	7.074451e+02
5.670000e-06	7.372606e-06	1.070786e-08	5.537998e+01	7.078000e+02
5.680000e-06	7.381292e-06	1.071589e-08	5.544523e+01	7.081447e+02
5.690000e-06	7.389867e-06	1.072339e-08	5.550964e+01	7.084784e+02
5.700000e-06	7.398251e-06	1.072948e-08	5.557262e+01	7.088002e+02
5.710000e-06	7.406542e-06	1.073605e-08	5.563490e+01	7.091096e+02
5.720000e-06	7.414841e-06	1.074118e-08	5.569723e+01	7.094062e+02
5.730000e-06	7.423035e-06	1.074548e-08	5.575879e+01	7.096900e+02
5.740000e-06	7.430960e-06	1.075015e-08	5.581832e+01	7.099613e+02
5.750000e-06	7.438634e-06	1.075407e-08	5.587596e+01	7.102206e+02
5.760000e-06	7.446240e-06	1.075974e-08	5.593310e+01	7.104688e+02
5.770000e-06	7.453613e-06	1.076370e-08	5.598847e+01	7.107070e+02
5.780000e-06	7.460658e-06	1.076687e-08	5.604140e+01	7.109363e+02
5.790000e-06	7.467558e-06	1.076742e-08	5.609323e+01	7.111583e+02
5.800000e-06	7.474310e-06	1.077094e-08	5.614395e+01	7.113743e+02
5.810000e-06	7.481065e-06	1.077554e-08	5.619469e+01	7.115857e+02
5.820000e-06	7.487660e-06	1.077524e-08	5.624422e+01	7.117940e+02
5.830000e-06	7.493905e-06	1.077787e-08	5.629113e+01	7.120002e+02
5.840000e-06	7.499984e-06	1.078453e-08	5.633679e+01	7.122053e+02
5.850000e-06	7.505924e-06	1.079646e-08	5.638141e+01	7.124099e+02
5.860000e-06	7.511646e-06	1.080854e-08	5.642439e+01	7.126143e+02
5.870000e-06	7.517183e-06	1.081610e-08	5.646599e+01	7.128185e+02
5.880000e-06	7.522503e-06	1.082015e-08	5.650595e+01	7.130221e+02
5.890000e-06	7.527542e-06	1.082002e-08	5.654380e+01	7.132246e+02
5.900000e-06	7.532394e-06	1.081830e-08	5.658024e+01	7.134251e+02
5.910000e-06	7.537128e-06	1.081501e-08	5.661581e+01	7.136225e+02
5.920000e-06	7.541761e-06	1.081391e-08	5.665061e+01	7.138157e+02
5.930000e-06	7.546265e-06	1.081816e-08	5.668444e+01	7.140036e+02
5.940000e-06	7.550673e-06	1.082344e-08	5.671755e+01	7.141850e+02
5.950000e-06	7.555011e-06	1.082606e-08	5.675013e+01	7.143593e+02
5.960000e-06	7.559231e-06	1.082917e-08	5.678183e+01	7.145256e+02
5.970000e-06	7.563328e-06	1.083677e-08	5.681261e+01	7.146836e+02
5.980000e-06	7.567190e-06	1.084278e-08	5.684162e+01	7.148335e+02
5.990000e-06	7.570844e-06	1.084491e-08	5.686906e+01	7.149757e+02
6.000000e-06	7.574251e-06	1.084741e-08	5.689466e+01	7.151109e+02
6.010000e-06	7.577317e-06	1.085464e-08	5.691769e+01	7.152403e+02
6.020000e-06	7.580062e-06	1.086308e-08	5.693831e+01	7.153654e+02
6.030000e-06	7.582559e-06	1.086350e-08	5.695706e+01	7.154880e+02
6.040000e-06	7.584855e-06	1.086184e-08	5.697431e+01	7.156097e+02
6.050000e-06	7.586715e-06	1.086420e-08	5.698828e+01	7.157325e+02
6.060000e-06	7.588290e-06	1.086732e-08	5.700012e+01	7.158581e+02
6.070000e-06	7.589698e-06	1.086806e-08	5.701069e+01	7.159878e+02
6.080000e-06	7.590729e-06	1.086734e-08	5.701843e+01	7.161230e+02
6.090000e-06	7.591492e-06	1.086854e-08	5.702416e+01	7.162642e+02
6.100000e-06	7.592143e-06	1.086921e-08	5.702906e+01	7.164114e+02
6.110000e-06	7.592736e-06	1.087011e-08	5.703351e+01	7.165643e+02
6.120000e-06	7.593174e-06	1.087212e-08	5.703680e+01	7.167217e+02
6.130000e-06	7.593395e-06	1.087942e-08	5.703846e+01	7.168817e+02
6.140000e-06	7.593594e-06	1.088972e-08	5.703995e+01	7.170420e+02
6.150000e-06	7.593800e-06	1.089360e-08	5.704150e+01	7.171997e+02
6.160000e-06	7.593794e-06	1.089285e-08	5.704146e+01	7.173514e+02
6.170000e-06	7.593531e-06	1.089133e-08	5.703948e+01	7.174934e+02
6.180000e-06	7.593086e-06	1.089737e-08	5.703614e+01	7.176221e+02
6.190000e-06	7.592447e-06	1.092287e-08	5.703134e+01	7.177336e+02
6.200000e-06	7.591510e-06	1.098446e-08	5.702430e+01	7.178245e+02
6.210000e-06	7.590406e-06	1.106355e-08	5.701601e+01	7.178916e+02
6.220000e-06	7.589139e-06	1.104476e-08	5.700649e+01	7.179324e+02
6.230000e-06	7.587749e-06	1.096427e-08	5.699605e+01	7.179450e+02
6.240000e-06	7.586304e-06	1.085129e-08	5.698520e+01	7.179284e+02
6.250000e-06	7.584578e-06	1.072144e-08	5.697223e+01	7.178822e+02
6.260000e-06	7.582608e-06	1.060034e-08	5.695743e+01	7.178071e+02
6.270000e-06	7.580392e-06	1.058965e-08	5.694078e+01	7.177049e+02
6.280000e-06	7.577808e-06	1.081735e-08	5.692138e+01	7.175778e+02
6.290000e-06	7.575058e-06	1.091256e-08	5.690072e+01	7.174290e+02
6.300000e-06	7.572258e-06	1.092620e-08	5.687969e+01	7.172623e+02
6.310000e-06	7.569318e-06	1.102731e-08	5.685760e+01	7.170818e+02
6.320000e-06	7.566301e-06	1.106150e-08	5.683494e+01	7.168920e+02
6.330000e-06	7.563204e-06	1.098131e-08	5.681168e+01	7.166973e+02
6.340000e-06	7.559911e-06	1.082453e-08	5.678694e+01	7.165020e+02
6.350000e-06	7.556461e-06	1.077391e-08	5.676103e+01	7.163099e+02
6.360000e-06	7.552919e-06	1.076865e-08	5.673442e+01	7.161244e+02
6.370000e-06	7.549296e-06	1.081162e-08	5.670721e+01	7.159479e+02
6.380000e-06	7.545648e-06	1.087876e-08	5.667981e+01	7.157823e+02
6.390000e-06	7.541806e-06	1.086549e-08	5.665094e+01	7.156282e+02
6.400000e-06	7.537764e-06	1.079429e-08	5.662058e+01	7.154855e+02
6.410000e-06	7.533446e-06	1.077386e-08	5.658814e+01	7.153530e+02
6.420000e-06	7.528696e-06	1.085020e-08	5.655247e+01	7.152286e+02
6.430000e-06	7.523690e-06	1.084890e-08	5.651486e+01	7.151095e+02
6.440000e-06	7.518560e-06	1.080643e-08	5.647633e+01	7.149922e+02
6.450000e-06	7.513105e-06	1.083912e-08	5.643535e+01	7.148727e+02
6.460000e-06	7.507229e-06	1.088675e-08	5.639121e+01	7.147469e+02
6.470000e-06	7.501137e-06	1.087171e-08	5.634546e+01	7.146104e+02
6.480000e-06	7.494708e-06	1.078859e-08	5.629717e+01	7.144592e+02
6.490000e-06	7.487933e-06	1.075336e-08	5.624627e+01	7.142897e+02
6.500000e-06	7.480913e-06	1.078810e-08	5.619354e+01	7.140987e+02
6.510000e-06	7.473706e-06	1.084678e-08	5.613941e+01	7.138840e+02
6.520000e-06	7.466435e-06	1.087240e-08	5.608479e+01	7.136440e+02
6.530000e-06	7.459012e-06	1.083272e-08	5.602903e+01	7.133782e+02
6.540000e-06	7.451486e-06	1.080720e-08	5.597249e+01	7.130869e+02
6.550000e-06	7.443879e-06	1.080203e-08	5.591536e+01	7.127716e+02
6.560000e-06	7.436056e-06	1.079201e-08	5.585659e+01	7.124343e+02
6.570000e-06	7.428091e-06	1.074120e-08	5.579677e+01	7.120781e+02
6.580000e-06	7.419989e-06	1.071975e-08	5.573591e+01	7.117065e+02
6.590000e-06	7.411723e-06	1.077702e-08	5.567382e+01	7.113235e+02
6.600000e-06	7.403291e-06	1.082737e-08	5.561048e+01	7.109331e+02
6.610000e-06	7.394562e-06	1.082276e-08	5.554490e+01	7.105396e+02
6.620000e-06	7.385621e-06	1.077201e-08	5.547774e+01	7.101469e+02
6.630000e-06	7.376494e-06	1.075280e-08	5.540919e+01	7.097586e+02
6.640000e-06	7.367168e-06	1.076015e-08	5.533914e+01	7.093776e+02
6.650000e-06	7.357674e-06	1.076229e-08	5.526782e+01	7.090063e+02
6.660000e-06	7.348070e-06	1.074756e-08	5.519568e+01	7.086461e+02
6.670000e-06	7.338393e-06	1.072993e-08	5.512299e+01	7.082977e+02
6.680000e-06	7.328604e-06	1.075813e-08	5.504946e+01	7.079606e+02
6.690000e-06	7.318599e-06	1.078060e-08	5.497430e+01	7.076340e+02
6.700000e-06	7.308322e-06	1.076260e-08	5.489711e+01	7.073158e+02
6.710000e-06	7.297781e-06	1.071999e-08	5.481793e+01	7.070036e+02
6.720000e-06	7.286951e-06	1.070057e-08	5.473658e+01	7.066944e+02
6.730000e-06	7.275895e-06	1.072078e-08	5.465353e+01	7.063849e+02
6.740000e-06	7.264813e-06	1.072296e-08	5.457029e+01	7.060715e+02
6.750000e-06	7.253663e-06	1.070766e-08	5.448653e+01	7.057509e+02
6.760000e-06	7.242181e-06	1.069655e-08	5.440029e+01	7.054198e+02
6.770000e-06	7.230397e-06	1.071629e-08	5.431176e+01	7.050754e+02
6.780000e-06	7.218455e-06	1.073051e-08	5.422206e+01	7.047154e+02
6.790000e-06	7.206367e-06	1.070668e-08	5.413126e+01	7.043378e+02
6.800000e-06	7.194101e-06	1.068093e-08	5.403913e+01	7.039418e+02
6.810000e-06	7.181529e-06	1.067433e-08	5.394469e+01	7.035268e+02
6.820000e-06	7.168534e-06	1.068989e-08	5.384708e+01	7.030932e+02
6.830000e-06	7.155200e-06	1.068490e-08	5.374692e+01	7.026419e+02
6.840000e-06	7.141536e-06	1.066500e-08	5.364428e+01	7.021741e+02
6.850000e-06	7.127840e-06	1.065525e-08	5.354140e+01	7.016919e+02
6.860000e-06	7.113957e-06	1.065577e-08	5.343712e+01	7.011973e+02
6.870000e-06	7.099492e-06	1.065350e-08	5.332846e+01	7.006926e+02
6.880000e-06	7.084764e-06	1.063166e-08	5.321784e+01	7.001799e+02
6.890000e-06	7.069875e-06	1.061616e-08	5.310599e+01	6.996613e+02
6.900000e-06	7.054697e-06	1.061261e-08	5.299198e+01	6.991387e+02
6.910000e-06	7.039397e-06	1.062223e-08	5.287705e+01	6.986134e+02
6.920000e-06	7.024100e-06	1.062446e-08	5.276215e+01	6.980864e+02
6.930000e-06	7.008621e-06	1.060711e-08	5.264587e+01	6.975580e+02
6.940000e-06	6.992976e-06	1.059802e-08	5.252836e+01	6.970281e+02
6.950000e-06	6.977259e-06	1.059376e-08	5.241030e+01	6.964961e+02
6.960000e-06	6.961450e-06	1.058777e-08	5.229155e+01	6.959609e+02
6.970000e-06	6.945640e-06	1.056508e-08	5.217279e+01	6.954211e+02
6.980000e-06	6.929541e-06	1.054322e-08	5.205186e+01	6.948750e+02
6.990000e-06	6.913098e-06	1.054083e-08	5.192835e+01	6.943206e+02
7.000000e-06	6.896548e-06	1.054128e-08	5.180403e+01	6.937563e+02
7.010000e-06	6.879725e-06	1.053547e-08	5.167766e+01	6.931802e+02
7.020000e-06	6.862658e-06	1.051860e-08	5.154946e+01	6.925908e+02
7.030000e-06	6.845563e-06	1.051081e-08	5.142105e+01	6.919870e+02
7.040000e-06	6.828368e-06	1.050711e-08	5.129189e+01	6.913681e+02
7.050000e-06	6.810967e-06	1.049863e-08	5.116119e+01	6.907338e+02
7.060000e-06	6.793378e-06	1.048225e-08	5.102906e+01	6.900844e+02
7.070000e-06	6.775694e-06	1.046384e-08	5.089623e+01	6.894207e+02
7.080000e-06	6.757882e-06	1.045843e-08	5.076243e+01	6.887437e+02
7.090000e-06	6.739974e-06	1.045534e-08	5.062791e+01	6.880552e+02
7.100000e-06	6.721893e-06	1.045271e-08	5.049210e+01	6.873570e+02
7.110000e-06	6.703503e-06	1.044019e-08	5.035396e+01	6.866513e+02
7.120000e-06	6.685052e-06	1.042663e-08	5.021536e+01	6.859401e+02
7.130000e-06	6.666453e-06	1.042005e-08	5.007565e+01	6.852254e+02
7.140000e-06	6.647604e-06	1.040959e-08	4.993407e+01	6.845092e+02
7.150000e-06	6.628519e-06	1.039552e-08	4.979071e+01	6.837930e+02
7.160000e-06	6.609186e-06	1.037575e-08	4.964549e+01	6.830779e+02
7.170000e-06	6.589756e-06	1.036584e-08	4.949954e+01	6.823646e+02
7.180000e-06	6.570296e-06	1.035972e-08	4.935336e+01	6.816531e+02
7.190000e-06	6.550778e-06	1.034788e-08	4.920675e+01	6.809431e+02
7.200000e-06	6.531207e-06	1.033397e-08	4.905974e+01	6.802334e+02
7.210000e-06	6.511610e-06	1.032552e-08	4.891254e+01	6.795227e+02
7.220000e-06	6.491836e-06	1.032805e-08	4.876400e+01	6.788091e+02
7.230000e-06	6.471902e-06	1.032590e-08	4.861426e+01	6.780904e+02
7.240000e-06	6.451892e-06	1.031818e-08	4.846396e+01	6.773642e+02
7.250000e-06	6.431683e-06	1.030468e-08	4.831216e+01	6.766280e+02
7.260000e-06	6.411258e-06	1.029226e-08	4.815873e+01	6.758794e+02
7.270000e-06	6.390651e-06	1.028267e-08	4.800394e+01	6.751163e+02
7.280000e-06	6.369800e-06	1.026628e-08	4.784731e+01	6.743368e+02
7.290000e-06	6.348619e-06	1.024803e-08	4.768822e+01	6.735394e+02
7.300000e-06	6.327087e-06	1.023447e-08	4.752647e+01	6.727231e+02
7.310000e-06	6.305286e-06	1.022990e-08	4.736272e+01	6.718875e+02
7.320000e-06	6.283154e-06	1.022374e-08	4.719647e+01	6.710327e+02
7.330000e-06	6.260607e-06	1.020782e-08	4.702711e+01	6.701593e+02
7.340000e-06	6.237861e-06	1.018811e-08	4.685625e+01	6.692686e+02
7.350000e-06	6.214981e-06	1.017108e-08	4.668438e+01	6.683619e+02
7.360000e-06	6.191890e-06	1.016044e-08	4.651093e+01	6.674414e+02
7.370000e-06	6.168660e-06	1.014551e-08	4.633644e+01	6.665090e+02
7.380000e-06	6.145358e-06	1.013280e-08	4.616140e+01	6.655671e+02
7.390000e-06	6.121966e-06	1.012587e-08	4.598569e+01	6.646177e+02
7.400000e-06	6.098476e-06	1.011688e-08	4.580924e+01	6.636630e+02
7.410000e-06	6.074883e-06	1.010651e-08	4.563202e+01	6.627047e+02
7.420000e-06	6.051205e-06	1.008933e-08	4.545416e+01	6.617441e+02
7.430000e-06	6.027407e-06	1.007069e-08	4.527540e+01	6.607822e+02
7.440000e-06	6.003507e-06	1.005373e-08	4.509587e+01	6.598193e+02
7.450000e-06	5.979557e-06	1.003611e-08	4.491597e+01	6.588556e+02
7.460000e-06	5.955511e-06	1.001742e-08	4.473535e+01	6.578902e+02
7.470000e-06	5.931370e-06	1.000263e-08	4.455401e+01	6.569221e+02
7.480000e-06	5.906981e-06	9.991784e-09	4.437081e+01	6.559498e+02
7.490000e-06	5.882304e-06	9.978853e-09	4.418545e+01	6.549715e+02
7.500000e-06	5.857510e-06	9.964376e-09	4.399921e+01	6.539850e+02
7.510000e-06	5.832741e-06	9.946757e-09	4.381315e+01	6.529882e+02
7.520000e-06	5.807825e-06	9.932200e-09	4.362599e+01	6.519787e+02
7.530000e-06	5.782657e-06	9.922784e-09	4.343694e+01	6.509546e+02
7.540000e-06	5.757304e-06	9.911264e-09	4.324650e+01	6.499138e+02
7.550000e-06	5.731763e-06	9.892691e-09	4.305465e+01	6.488548e+02
7.560000e-06	5.706091e-06	9.871048e-09	4.286181e+01	6.477763e+02
7.570000e-06	5.680295e-06	9.854770e-09	4.266804e+01	6.466776e+02
7.580000e-06	5.654433e-06	9.841461e-09	4.247378e+01	6.455583e+02
7.590000e-06	5.628434e-06	9.827819e-09	4.227848e+01	6.444184e+02
7.600000e-06	5.602316e-06	9.812762e-09	4.208229e+01	6.432586e+02
7.610000e-06	5.576079e-06	9.796985e-09	4.188521e+01	6.420797e+02
7.620000e-06	5.549637e-06	9.779800e-09	4.168659e+01	6.408830e+02
7.630000e-06	5.523102e-06	9.759819e-09	4.148727e+01	6.396699e+02
7.640000e-06	5.496387e-06	9.736696e-09	4.128660e+01	6.384421e+02
7.650000e-06	5.469471e-06	9.716124e-09	4.108442e+01	6.372012e+02
7.660000e-06	5.442460e-06	9.700045e-09	4.088152e+01	6.359487e+02
7.670000e-06	5.415324e-06	9.681500e-09	4.067769e+01	6.346863e+02
7.680000e-06	5.388118e-06	9.662550e-09	4.047332e+01	6.334151e+02
7.690000e-06	5.360795e-06	9.643463e-09	4.026809e+01	6.321360e+02
7.700000e-06	5.333337e-06	9.624130e-09	4.006183e+01	6.308498e+02
7.710000e-06	5.305822e-06	9.604204e-09	3.985515e+01	6.295567e+02
7.720000e-06	5.278259e-06	9.585748e-09	3.964811e+01	6.282566e+02
7.730000e-06	5.250636e-06	9.572703e-09	3.944062e+01	6.269493e+02
7.740000e-06	5.222911e-06	9.556494e-09	3.923236e+01	6.256340e+02
7.750000e-06	5.195027e-06	9.536475e-09	3.902291e+01	6.243098e+02
7.760000e-06	5.167060e-06	9.513414e-09	3.881283e+01	6.229757e+02
7.770000e-06	5.139003e-06	9.487749e-09	3.860207e+01	6.216304e+02
7.780000e-06	5.110793e-06	9.464969e-09	3.839017e+01	6.202728e+02
7.790000e-06	5.082459e-06	9.439919e-09	3.817734e+01	6.189015e+02
7.800000e-06	5.054046e-06	9.419379e-09	3.796391e+01	6.175157e+02
7.810000e-06	5.025453e-06	9.399972e-09	3.774913e+01	6.161142e+02
7.820000e-06	4.996568e-06	9.382464e-09	3.753216e+01	6.146965e+02
7.830000e-06	4.967541e-06	9.365802e-09	3.731412e+01	6.132619e+02
7.840000e-06	4.938266e-06	9.345915e-09	3.709422e+01	6.118103e+02
7.850000e-06	4.908648e-06	9.328460e-09	3.687174e+01	6.103415e+02
7.860000e-06	4.878802e-06	9.304184e-09	3.664756e+01	6.088559e+02
7.870000e-06	4.848916e-06	9.280465e-09	3.642306e+01	6.073537e+02
7.880000e-06	4.818868e-06	9.256186e-09	3.619735e+01	6.058353e+02
7.890000e-06	4.788619e-06	9.229188e-09	3.597014e+01	6.043015e+02
7.900000e-06	4.758235e-06	9.204516e-09	3.574191e+01	6.027527e+02
7.910000e-06	4.727547e-06	9.179866e-09	3.551139e+01	6.011896e+02
7.920000e-06	4.696613e-06	9.156502e-09	3.527903e+01	5.996125e+02
7.930000e-06	4.665632e-06	9.132179e-09	3.504631e+01	5.980220e+02
7.940000e-06	4.634489e-06	9.110496e-09	3.481237e+01	5.964181e+02
7.950000e-06	4.603158e-06	9.090146e-09	3.457703e+01	5.948010e+02
7.960000e-06	4.571798e-06	9.063745e-09	3.434147e+01	5.931704e+02
7.970000e-06	4.540325e-06	9.035623e-09	3.410506e+01	5.915260e+02
7.980000e-06	4.508753e-06	9.006366e-09	3.386790e+01	5.898675e+02
7.990000e-06	4.477116e-06	8.981104e-09	3.363026e+01	5.881941e+02
8.000000e-06	4.445414e-06	8.959175e-09	3.339213e+01	5.865051e+02
8.010000e-06	4.413657e-06	8.934320e-09	3.315358e+01	5.847999e+02
8.020000e-06	4.381875e-06	8.907524e-09	3.291484e+01	5.830776e+02
8.030000e-06	4.349970e-06	8.881372e-09	3.267519e+01	5.813376e+02
8.040000e-06	4.317868e-06	8.858289e-09	3.243405e+01	5.795792e+02
8.050000e-06	4.285708e-06	8.833167e-09	3.219247e+01	5.778020e+02
8.060000e-06	4.253567e-06	8.804399e-09	3.195105e+01	5.760055e+02
8.070000e-06	4.221373e-06	8.773145e-09	3.170922e+01	5.741897e+02
8.080000e-06	4.189067e-06	8.741841e-09	3.146655e+01	5.723545e+02
8.090000e-06	4.156721e-06	8.709432e-09	3.122358e+01	5.705001e+02
8.100000e-06	4.124257e-06	8.676090e-09	3.097972e+01	5.686268e+02
8.110000e-06	4.091695e-06	8.646127e-09	3.073513e+01	5.667349e+02
8.120000e-06	4.059066e-06	8.618996e-09	3.049003e+01	5.648250e+02
8.130000e-06	4.026188e-06	8.594353e-09	3.024307e+01	5.628975e+02
8.140000e-06	3.993113e-06	8.568716e-09	2.999462e+01	5.609530e+02
8.150000e-06	3.959955e-06	8.540267e-09	2.974555e+01	5.589918e+02
8.160000e-06	3.926712e-06	8.511636e-09	2.949585e+01	5.570144e+02
8.170000e-06	3.893328e-06	8.482374e-09	2.924508e+01	5.550208e+02
8.180000e-06	3.859876e-06	8.452571e-09	2.899380e+01	5.530112e+02
8.190000e-06	3.826253e-06	8.422846e-09	2.874124e+01	5.509853e+02
8.200000e-06	3.792505e-06	8.390725e-09	2.848773e+01	5.489429e+02
8.210000e-06	3.758765e-06	8.359860e-09	2.823429e+01	5.468834e+02
8.220000e-06	3.724931e-06	8.329051e-09	2.798015e+01	5.448061e+02
8.230000e-06	3.691025e-06	8.294221e-09	2.772546e+01	5.427102e+02
8.240000e-06	3.657072e-06	8.257259e-09	2.747042e+01	5.405947e+02
8.250000e-06	3.622967e-06	8.218461e-09	2.721424e+01	5.384588e+02
8.260000e-06	3.588726e-06	8.183554e-09	2.695703e+01	5.363013e+02
8.270000e-06	3.554495e-06	8.152786e-09	2.669990e+01	5.341213e+02
8.280000e-06	3.520170e-06	8.124183e-09	2.644207e+01	5.319179e+02
8.290000e-06	3.485736e-06	8.092660e-09	2.618341e+01	5.296901e+02
8.300000e-06	3.451300e-06	8.063658e-09	2.592474e+01	5.274374e+02
8.310000e-06	3.416748e-06	8.037601e-09	2.566520e+01	5.251591e+02
8.320000e-06	3.382063e-06	8.008191e-09	2.540467e+01	5.228548e+02
8.330000e-06	3.347302e-06	7.973020e-09	2.514356e+01	5.205242e+02
8.340000e-06	3.312478e-06	7.934563e-09	2.488197e+01	5.181671e+02
8.350000e-06	3.277498e-06	7.897501e-09	2.461922e+01	5.157833e+02
8.360000e-06	3.242464e-06	7.856835e-09	2.435606e+01	5.133730e+02
8.370000e-06	3.207371e-06	7.818504e-09	2.409245e+01	5.109360e+02
8.380000e-06	3.172192e-06	7.780866e-09	2.382820e+01	5.084724e+02
8.390000e-06	3.136950e-06	7.744113e-09	2.356348e+01	5.059821e+02
8.400000e-06	3.101564e-06	7.709213e-09	2.329767e+01	5.034650e+02
8.410000e-06	3.066219e-06	7.671466e-09	2.303218e+01	5.009208e+02
8.420000e-06	3.030918e-06	7.630237e-09	2.276701e+01	4.983493e+02
8.430000e-06	2.995464e-06	7.585109e-09	2.250070e+01	4.957498e+02
8.440000e-06	2.959877e-06	7.542011e-09	2.223338e+01	4.931219e+02
8.450000e-06	2.924391e-06	7.501397e-09	2.196682e+01	4.904647e+02
8.460000e-06	2.888869e-06	7.462091e-09	2.170000e+01	4.877774e+02
8.470000e-06	2.853217e-06	7.424898e-09	2.143219e+01	4.850592e+02
8.480000e-06	2.817576e-06	7.390164e-09	2.116447e+01	4.823093e+02
8.490000e-06	2.781908e-06	7.354289e-09	2.089655e+01	4.795267e+02
8.500000e-06	2.746103e-06	7.310700e-09	2.062760e+01	4.767107e+02
8.510000e-06	2.710254e-06	7.267022e-09	2.035832e+01	4.738607e+02
8.520000e-06	2.674435e-06	7.223822e-09	2.008925e+01	4.709763e+02
8.530000e-06	2.638599e-06	7.178391e-09	1.982007e+01	4.680571e+02
8.540000e-06	2.602754e-06	7.133430e-09	1.955082e+01	4.651032e+02
8.550000e-06	2.566754e-06	7.088801e-09	1.928040e+01	4.621148e+02
8.560000e-06	2.530605e-06	7.045961e-09	1.900887e+01	4.590923e+02
8.570000e-06	2.494389e-06	7.001008e-09	1.873683e+01	4.560364e+02
8.580000e-06	2.458165e-06	6.954613e-09	1.846472e+01	4.529480e+02
8.590000e-06	2.421821e-06	6.907549e-09	1.819172e+01	4.498280e+02
8.600000e-06	2.385420e-06	6.860241e-09	1.791829e+01	4.466775e+02
8.610000e-06	2.349068e-06	6.812489e-09	1.764524e+01	4.434977e+02
8.620000e-06	2.312664e-06	6.761639e-09	1.737178e+01	4.402895e+02
8.630000e-06	2.276128e-06	6.710651e-09	1.709734e+01	4.370541e+02
8.640000e-06	2.239493e-06	6.663023e-09	1.682215e+01	4.337921e+02
8.650000e-06	2.202801e-06	6.618629e-09	1.654654e+01	4.305041e+02
8.660000e-06	2.166014e-06	6.568222e-09	1.627021e+01	4.271906e+02
8.670000e-06	2.129268e-06	6.512424e-09	1.599418e+01	4.238514e+02
8.680000e-06	2.092433e-06	6.457172e-09	1.571750e+01	4.204863e+02
8.690000e-06	2.055487e-06	6.402259e-09	1.543997e+01	4.170947e+02
8.700000e-06	2.018413e-06	6.350070e-09	1.516148e+01	4.136757e+02
8.710000e-06	1.981196e-06	6.299127e-09	1.488193e+01	4.102280e+02
8.720000e-06	1.943904e-06	6.251438e-09	1.460181e+01	4.067503e+02
8.730000e-06	1.906571e-06	6.205258e-09	1.432137e+01	4.032409e+02
8.740000e-06	1.869261e-06	6.158096e-09	1.404112e+01	3.996982e+02
8.750000e-06	1.831848e-06	6.107757e-09	1.376009e+01	3.961204e+02
8.760000e-06	1.794310e-06	6.053051e-09	1.347812e+01	3.925056e+02
8.770000e-06	1.756706e-06	5.998149e-09	1.319565e+01	3.888524e+02
8.780000e-06	1.719025e-06	5.943521e-09	1.291261e+01	3.851591e+02
8.790000e-06	1.681262e-06	5.889889e-09	1.262895e+01	3.814243e+02
8.800000e-06	1.643313e-06	5.834919e-09	1.234389e+01	3.776471e+02
8.810000e-06	1.605397e-06	5.777990e-09	1.205908e+01	3.738264e+02
8.820000e-06	1.567461e-06	5.720420e-09	1.177412e+01	3.699617e+02
8.830000e-06	1.529319e-06	5.663368e-09	1.148762e+01	3.660525e+02
8.840000e-06	1.491054e-06	5.606909e-09	1.120018e+01	3.620986e+02
8.850000e-06	1.452704e-06	5.546676e-09	1.091212e+01	3.580999e+02
8.860000e-06	1.414472e-06	5.482948e-09	1.062493e+01	3.540565e+02
8.870000e-06	1.376179e-06	5.420386e-09	1.033729e+01	3.499685e+02
8.880000e-06	1.337775e-06	5.358043e-09	1.004881e+01	3.458359e+02
8.890000e-06	1.299356e-06	5.296780e-09	9.760227e+00	3.416589e+02
8.900000e-06	1.260863e-06	5.236679e-09	9.471087e+00	3.374374e+02
8.910000e-06	1.222316e-06	5.173825e-09	9.181538e+00	3.331712e+02
8.920000e-06	1.183761e-06	5.114268e-09	8.891925e+00	3.288598e+02
8.930000e-06	1.145159e-06	5.052091e-09	8.601960e+00	3.245028e+02
8.940000e-06	1.106455e-06	4.985911e-09	8.311235e+00	3.200993e+02
8.950000e-06	1.067780e-06	4.921183e-09	8.020726e+00	3.156483e+02
8.960000e-06	1.029074e-06	4.854833e-09	7.729984e+00	3.111488e+02
8.970000e-06	9.902930e-07	4.793371e-09	7.438674e+00	3.065995e+02
8.980000e-06	9.515379e-07	4.726675e-09	7.147561e+00	3.019990e+02
8.990000e-06	9.128164e-07	4.651053e-09	6.856701e+00	2.973459e+02
9.000000e-06	8.739129e-07	4.571690e-09	6.564475e+00	2.926391e+02
9.010000e-06	8.348516e-07	4.490141e-09	6.271062e+00	2.878773e+02
9.020000e-06	7.958414e-07	4.413802e-09	5.978033e+00	2.830594e+02
9.030000e-06	7.569527e-07	4.338365e-09	5.685918e+00	2.781847e+02
9.040000e-06	7.181169e-07	4.267117e-09	5.394198e+00	2.732525e+02
9.050000e-06	6.792235e-07	4.199423e-09	5.102047e+00	2.682624e+02
9.060000e-06	6.404277e-07	4.127860e-09	4.810629e+00	2.632143e+02
9.070000e-06	6.016172e-07	4.048493e-09	4.519101e+00	2.581084e+02
9.080000e-06	5.627988e-07	3.961821e-09	4.227513e+00	2.529449e+02
9.090000e-06	5.238080e-07	3.878037e-09	3.934630e+00	2.477244e+02
9.100000e-06	4.846705e-07	3.797806e-09	3.640646e+00	2.424472e+02
9.110000e-06	4.455139e-07	3.719102e-09	3.346517e+00	2.371141e+02
9.120000e-06	4.064340e-07	3.639307e-09	3.052965e+00	2.317253e+02
9.130000e-06	3.674361e-07	3.558942e-09	2.760029e+00	2.262813e+02
9.140000e-06	3.282640e-07	3.477938e-09	2.465784e+00	2.207820e+02
9.150000e-06	2.890763e-07	3.391925e-09	2.171422e+00	2.152273e+02
9.160000e-06	2.499872e-07	3.301197e-09	1.877801e+00	2.096163e+02
9.170000e-06	2.109608e-07	3.205555e-09	1.584651e+00	2.039482e+02
9.180000e-06	1.719779e-07	3.113421e-09	1.291827e+00	1.982213e+02
9.190000e-06	1.329841e-07	3.024566e-09	9.989222e-01	1.924337e+02
9.200000e-06	9.391941e-08	2.933920e-09	7.054839e-01	1.865832e+02
9.210000e-06	5.493880e-08	2.843769e-09	4.126777e-01	1.806668e+02
9.220000e-06	1.600143e-08	2.755277e-09	1.201961e-01	1.746816e+02
9.230000e-06	-2.299785e-08	2.665937e-09	-1.727504e-01	1.686243e+02
9.240000e-06	-6.198911e-08	2.568249e-09	-4.656367e-01	1.624913e+02
9.250000e-06	-1.009487e-07	2.468283e-09	-7.582850e-01	1.562792e+02
9.260000e-06	-1.397877e-07	2.369841e-09	-1.050028e+00	1.499846e+02
9.270000e-06	-1.786156e-07	2.273726e-09	-1.341687e+00	1.436043e+02
9.280000e-06	-2.175365e-07	2.174965e-09	-1.634044e+00	1.371352e+02
9.290000e-06	-2.564819e-07	2.070171e-09	-1.926587e+00	1.305749e+02
9.300000e-06	-2.954784e-07	1.966398e-09	-2.219513e+00	1.239212e+02
9.310000e-06	-3.345107e-07	1.860689e-09	-2.512707e+00	1.171725e+02
9.320000e-06	-3.735125e-07	1.751511e-09	-2.805672e+00	1.103277e+02
9.330000e-06	-4.124109e-07	1.640633e-09	-3.097861e+00	1.033865e+02
9.340000e-06	-4.512879e-07	1.531722e-09	-3.389889e+00	9.634883e+01
9.350000e-06	-4.903305e-07	1.424502e-09	-3.683161e+00	8.921546e+01
9.360000e-06	-5.294565e-07	1.314405e-09	-3.977059e+00	8.198750e+01
9.370000e-06	-5.684993e-07	1.202644e-09	-4.270333e+00	7.466655e+01
9.380000e-06	-6.074026e-07	1.089910e-09	-4.562559e+00	6.725455e+01
9.390000e-06	-6.462358e-07	9.754540e-10	-4.854257e+00	5.975373e+01
9.400000e-06	-6.851262e-07	8.569863e-10	-5.146386e+00	5.216655e+01
9.410000e-06	-7.240367e-07	7.388994e-10	-5.438666e+00	4.449554e+01
9.420000e-06	-7.627764e-07	6.259650e-10	-5.729662e+00	3.674335e+01
9.430000e-06	-8.014760e-07	5.136791e-10	-6.020358e+00	2.891256e+01
9.440000e-06	-8.403203e-07	3.960285e-10	-6.312140e+00	2.100574e+01
9.450000e-06	-8.791526e-07	2.697506e-10	-6.603833e+00	1.302539e+01
9.460000e-06	-9.179252e-07	1.422928e-10	-6.895077e+00	4.973909e+00
9.470000e-06	-9.567045e-07	1.478017e-11	-7.186370e+00	-3.146350e+00
9.480000e-06	-9.954025e-07	-1.137669e-10	-7.477054e+00	-1.133306e+01
9.490000e-06	-1.034106e-06	-2.419506e-10	-7.767776e+00	-1.958387e+01
9.500000e-06	-1.072869e-06	-3.688105e-10	-8.058948e+00	-2.789634e+01
9.510000e-06	-1.111520e-06	-4.883979e-10	-8.349278e+00	-3.626786e+01
9.520000e-06	-1.150104e-06	-6.038585e-10	-8.639105e+00	-4.469554e+01
9.530000e-06	-1.188634e-06	-7.263912e-10	-8.928528e+00	-5.317620e+01
9.540000e-06	-1.227101e-06	-8.585090e-10	-9.217480e+00	-6.170619e+01
9.550000e-06	-1.265469e-06	-9.919761e-10	-9.505682e+00	-7.028143e+01
9.560000e-06	-1.303762e-06	-1.124133e-09	-9.793326e+00	-7.889723e+01
9.570000e-06	-1.342001e-06	-1.258672e-09	-1.008056e+01	-8.754835e+01
9.580000e-06	-1.380300e-06	-1.395139e-09	-1.036825e+01	-9.622894e+01
9.590000e-06	-1.418621e-06	-1.530300e-09	-1.065610e+01	-1.049325e+02
9.600000e-06	-1.456754e-06	-1.661141e-09	-1.094253e+01	-1.136520e+02
9.610000e-06	-1.494857e-06	-1.789223e-09	-1.122875e+01	-1.223798e+02
9.620000e-06	-1.532936e-06	-1.917391e-09	-1.151478e+01	-1.311078e+02
9.630000e-06	-1.570979e-06	-2.047454e-09	-1.180055e+01	-1.398275e+02
9.640000e-06	-1.608949e-06	-2.178965e-09	-1.208576e+01	-1.485302e+02
9.650000e-06	-1.646762e-06	-2.311858e-09	-1.236980e+01	-1.572067e+02
9.660000e-06	-1.684518e-06	-2.448140e-09	-1.265340e+01	-1.658480e+02
9.670000e-06	-1.722368e-06	-2.582700e-09	-1.293772e+01	-1.744450e+02
9.680000e-06	-1.760157e-06	-2.715060e-09	-1.322157e+01	-1.829889e+02
9.690000e-06	-1.797620e-06	-2.844683e-09	-1.350298e+01	-1.914710e+02
9.700000e-06	-1.835034e-06	-2.972860e-09	-1.378402e+01	-1.998830e+02
9.710000e-06	-1.872473e-06	-3.101709e-09	-1.406525e+01	-2.082171e+02
9.720000e-06	-1.909696e-06	-3.224622e-09	-1.434485e+01	-2.164659e+02
9.730000e-06	-1.946798e-06	-3.348096e-09	-1.462355e+01	-2.246229e+02
9.740000e-06	-1.983852e-06	-3.473140e-09	-1.490188e+01	-2.326818e+02
9.750000e-06	-2.020907e-06	-3.601927e-09	-1.518022e+01	-2.406373e+02
9.760000e-06	-2.057901e-06	-3.731361e-09	-1.545810e+01	-2.484847e+02
9.770000e-06	-2.094673e-06	-3.853619e-09	-1.573432e+01	-2.562198e+02
9.780000e-06	-2.131351e-06	-3.974046e-09	-1.600983e+01	-2.638392e+02
9.790000e-06	-2.167948e-06	-4.088602e-09	-1.628473e+01	-2.713401e+02
9.800000e-06	-2.204546e-06	-4.199695e-09	-1.655964e+01	-2.787204e+02
9.810000e-06	-2.241117e-06	-4.305999e-09	-1.683435e+01	-2.859784e+02
9.820000e-06	-2.277673e-06	-4.408188e-09	-1.710894e+01	-2.931131e+02
9.830000e-06	-2.314122e-06	-4.514576e-09	-1.738273e+01	-3.001238e+02
9.840000e-06	-2.350308e-06	-4.623613e-09	-1.765455e+01	-3.070104e+02
9.850000e-06	-2.386462e-06	-4.734473e-09	-1.792612e+01	-3.137733e+02
9.860000e-06	-2.422506e-06	-4.840616e-09	-1.819687e+01	-3.204132e+02
9.870000e-06	-2.458517e-06	-4.942943e-09	-1.846737e+01	-3.269310e+02
9.880000e-06	-2.494639e-06	-5.040494e-09	-1.873870e+01	-3.333282e+02
9.890000e-06	-2.530641e-06	-5.136386e-09	-1.900914e+01	-3.396065e+02
9.900000e-06	-2.566488e-06	-5.235065e-09	-1.927840e+01	-3.457679e+02
9.910000e-06	-2.602254e-06	-5.330052e-09	-1.954707e+01	-3.518147e+02
9.920000e-06	-2.638023e-06	-5.425877e-09	-1.981574e+01	-3.577493e+02
9.930000e-06	-2.673846e-06	-5.517299e-09	-2.008483e+01	-3.635745e+02
9.940000e-06	-2.709590e-06	-5.606398e-09	-2.035333e+01	-3.692931e+02
9.950000e-06	-2.745234e-06	-5.695501e-09	-2.062107e+01	-3.749082e+02
9.960000e-06	-2.780861e-06	-5.780453e-09	-2.088868e+01	-3.804228e+02
9.970000e-06	-2.816491e-06	-5.862594e-09	-2.115632e+01	-3.858401e+02
9.980000e-06	-2.852057e-06	-5.942648e-09	-2.142348e+01	-3.911633e+02
9.990000e-06	-2.887580e-06	-6.021849e-09	-2.169031e+01	-3.963955e+02
1.000000e-05	-2.923034e-06	-6.098104e-09	-2.195663e+01	-4.015396e+02
1.001000e-05	-2.958412e-06	-6.174436e-09	-2.222237e+01	-4.065987e+02
1.002000e-05	-2.993840e-06	-6.253454e-09	-2.248850e+01	-4.115754e+02
1.003000e-05	-3.029187e-06	-6.331471e-09	-2.275401e+01	-4.164722e+02
1.004000e-05	-3.064495e-06	-6.405169e-09	-2.301923e+01	-4.212915e+02
1.005000e-05	-3.099842e-06	-6.477158e-09	-2.328474e+01	-4.260351e+02
1.006000e-05	-3.135132e-06	-6.552088e-09	-2.354982e+01	-4.307050e+02
1.007000e-05	-3.170333e-06	-6.626532e-09	-2.381424e+01	-4.353025e+02
1.008000e-05	-3.205398e-06	-6.696004e-09	-2.407763e+01	-4.398290e+02
1.009000e-05	-3.240271e-06	-6.759622e-09	-2.433959e+01	-4.442854e+02
1.010000e-05	-3.275110e-06	-6.824831e-09	-2.460128e+01	-4.486728e+02
1.011000e-05	-3.309919e-06	-6.892920e-09	-2.486275e+01	-4.529917e+02
1.012000e-05	-3.344544e-06	-6.957821e-09	-2.512284e+01	-4.572427e+02
1.013000e-05	-3.379095e-06	-7.021288e-09	-2.538237e+01	-4.614265e+02
1.014000e-05	-3.413602e-06	-7.081783e-09	-2.564157e+01	-4.655436e+02
1.015000e-05	-3.448002e-06	-7.141873e-09	-2.589997e+01	-4.695945e+02
1.016000e-05	-3.482249e-06	-7.203953e-09	-2.615722e+01	-4.735800e+02
1.017000e-05	-3.516413e-06	-7.266143e-09	-2.641385e+01	-4.775007e+02
1.018000e-05	-3.550644e-06	-7.326477e-09	-2.667098e+01	-4.813576e+02
1.019000e-05	-3.584757e-06	-7.384866e-09	-2.692722e+01	-4.851516e+02
1.020000e-05	-3.618667e-06	-7.441934e-09	-2.718194e+01	-4.888840e+02
1.021000e-05	-3.652527e-06	-7.496769e-09	-2.743628e+01	-4.925561e+02
1.022000e-05	-3.686346e-06	-7.552315e-09	-2.769032e+01	-4.961692e+02
1.023000e-05	-3.720120e-06	-7.610059e-09	-2.794401e+01	-4.997247e+02
1.024000e-05	-3.753769e-06	-7.669598e-09	-2.819677e+01	-5.032243e+02
1.025000e-05	-3.787211e-06	-7.727938e-09	-2.844797e+01	-5.066693e+02
1.026000e-05	-3.820559e-06	-7.784011e-09	-2.869847e+01	-5.100613e+02
1.027000e-05	-3.853808e-06	-7.840320e-09	-2.894822e+01	-5.134015e+02
1.028000e-05	-3.887053e-06	-7.894384e-09	-2.919794e+01	-5.166911e+02
1.029000e-05	-3.920294e-06	-7.943186e-09	-2.944764e+01	-5.199312e+02
1.030000e-05	-3.953275e-06	-7.988453e-09	-2.969537e+01	-5.231226e+02
1.031000e-05	-3.986070e-06	-8.035180e-09	-2.994172e+01	-5.262658e+02
1.032000e-05	-4.018863e-06	-8.085001e-09	-3.018805e+01	-5.293613e+02
1.033000e-05	-4.051594e-06	-8.135011e-09	-3.043391e+01	-5.324091e+02
1.034000e-05	-4.084121e-06	-8.183061e-09	-3.067824e+01	-5.354092e+02
1.035000e-05	-4.116518e-06	-8.230717e-09	-3.092159e+01	-5.383614e+02
1.036000e-05	-4.148953e-06	-8.280033e-09	-3.116523e+01	-5.412654e+02
1.037000e-05	-4.181235e-06	-8.329640e-09	-3.140772e+01	-5.441208e+02
1.038000e-05	-4.213314e-06	-8.374606e-09	-3.164868e+01	-5.469270e+02
1.039000e-05	-4.245371e-06	-8.416002e-09	-3.188948e+01	-5.496838e+02
1.040000e-05	-4.277321e-06	-8.462528e-09	-3.212948e+01	-5.523908e+02
1.041000e-05	-4.309149e-06	-8.513055e-09	-3.236856e+01	-5.550477e+02
1.042000e-05	-4.340859e-06	-8.556669e-09	-3.260675e+01	-5.576547e+02
1.043000e-05	-4.372524e-06	-8.592542e-09	-3.284460e+01	-5.602120e+02
1.044000e-05	-4.404178e-06	-8.627461e-09	-3.308238e+01	-5.627199e+02
1.045000e-05	-4.435705e-06	-8.665737e-09	-3.331919e+01	-5.651793e+02
1.046000e-05	-4.467161e-06	-8.706461e-09	-3.355548e+01	-5.675912e+02
1.047000e-05	-4.498566e-06	-8.744397e-09	-3.379138e+01	-5.699568e+02
1.048000e-05	-4.529917e-06	-8.781232e-09	-3.402687e+01	-5.722775e+02
1.049000e-05	-4.561177e-06	-8.820297e-09	-3.426168e+01	-5.745549e+02
1.050000e-05	-4.592252e-06	-8.859189e-09	-3.449511e+01	-5.767910e+02
1.051000e-05	-4.623177e-06	-8.893255e-09	-3.472740e+01	-5.789874e+02
1.052000e-05	-4.654046e-06	-8.925520e-09	-3.495928e+01	-5.811461e+02
1.053000e-05	-4.684706e-06	-8.962035e-09	-3.518958e+01	-5.832689e+02
1.054000e-05	-4.715132e-06	-9.001432e-09	-3.541813e+01	-5.853576e+02
1.055000e-05	-4.745473e-06	-9.037302e-09	-3.564604e+01	-5.874138e+02
1.056000e-05	-4.775741e-06	-9.067429e-09	-3.587340e+01	-5.894390e+02
1.057000e-05	-4.806000e-06	-9.098993e-09	-3.610070e+01	-5.914344e+02
1.058000e-05	-4.836073e-06	-9.131046e-09	-3.632659e+01	-5.934011e+02
1.059000e-05	-4.865675e-06	-9.160107e-09	-3.654895e+01	-5.953398e+02
1.060000e-05	-4.894942e-06	-9.189081e-09	-3.676879e+01	-5.972511e+02
1.061000e-05	-4.924215e-06	-9.220038e-09	-3.698868e+01	-5.991353e+02
1.062000e-05	-4.953394e-06	-9.253685e-09	-3.720786e+01	-6.009925e+02
1.063000e-05	-4.982281e-06	-9.284293e-09	-3.742484e+01	-6.028228e+02
1.064000e-05	-5.011004e-06	-9.308962e-09	-3.764060e+01	-6.046260e+02
1.065000e-05	-5.039507e-06	-9.335795e-09	-3.785470e+01	-6.064019e+02
1.066000e-05	-5.067801e-06	-9.367611e-09	-3.806724e+01	-6.081502e+02
1.067000e-05	-5.096047e-06	-9.399871e-09	-3.827941e+01	-6.098707e+02
1.068000e-05	-5.124130e-06	-9.427965e-09	-3.849036e+01	-6.115633e+02
1.069000e-05	-5.152068e-06	-9.454699e-09	-3.870022e+01	-6.132278e+02
1.070000e-05	-5.179895e-06	-9.483666e-09	-3.890924e+01	-6.148645e+02
1.071000e-05	-5.207631e-06	-9.511692e-09	-3.911759e+01	-6.164735e+02
1.072000e-05	-5.235295e-06	-9.536031e-09	-3.932538e+01	-6.180553e+02
1.073000e-05	-5.262837e-06	-9.558699e-09	-3.953227e+01	-6.196104e+02
1.074000e-05	-5.290252e-06	-9.585725e-09	-3.973820e+01	-6.211395e+02
1.075000e-05	-5.317629e-06	-9.612461e-09	-3.994385e+01	-6.226437e+02
1.076000e-05	-5.344988e-06	-9.633037e-09	-4.014935e+01	-6.241239e+02
1.077000e-05	-5.372227e-06	-9.652007e-09	-4.035396e+01	-6.255813e+02
1.078000e-05	-5.399348e-06	-9.674149e-09	-4.055768e+01	-6.270172e+02
1.079000e-05	-5.426380e-06	-9.701588e-09	-4.076073e+01	-6.284328e+02
1.080000e-05	-5.453245e-06	-9.725160e-09	-4.096253e+01	-6.298293e+02
1.081000e-05	-5.479968e-06	-9.743266e-09	-4.116327e+01	-6.312080e+02
1.082000e-05	-5.506595e-06	-9.763640e-09	-4.136328e+01	-6.325702e+02
1.083000e-05	-5.533054e-06	-9.783023e-09	-4.156203e+01	-6.339167e+02
1.084000e-05	-5.559394e-06	-9.805638e-09	-4.175988e+01	-6.352488e+02
1.085000e-05	-5.585570e-06	-9.825521e-09	-4.195651e+01	-6.365670e+02
1.086000e-05	-5.611582e-06	-9.848915e-09	-4.215190e+01	-6.378722e+02
1.087000e-05	-5.637463e-06	-9.880460e-09	-4.234631e+01	-6.391648e+02
1.088000e-05	-5.663120e-06	-9.906542e-09	-4.253903e+01	-6.404452e+02
1.089000e-05	-5.688595e-06	-9.927679e-09	-4.273038e+01	-6.417135e+02
1.090000e-05	-5.714025e-06	-9.937485e-09	-4.292140e+01	-6.429699e+02
1.091000e-05	-5.739301e-06	-9.946603e-09	-4.311127e+01	-6.442142e+02
1.092000e-05	-5.764245e-06	-9.953153e-09	-4.329864e+01	-6.454462e+02
1.093000e-05	-5.789167e-06	-9.960334e-09	-4.348584e+01	-6.466655e+02
1.094000e-05	-5.814009e-06	-9.980802e-09	-4.367244e+01	-6.478718e+02
1.095000e-05	-5.838699e-06	-1.001064e-08	-4.385791e+01	-6.490646e+02
1.096000e-05	-5.863225e-06	-1.005168e-08	-4.404213e+01	-6.502432e+02
1.097000e-05	-5.887484e-06	-1.008247e-08	-4.422435e+01	-6.514071e+02
1.098000e-05	-5.911678e-06	-1.009604e-08	-4.440609e+01	-6.525556e+02
1.099000e-05	-5.935778e-06	-1.010247e-08	-4.458712e+01	-6.536881e+02
1.100000e-05	-5.959697e-06	-1.011038e-08	-4.476679e+01	-6.548040e+02
1.101000e-05	-5.983461e-06	-1.012409e-08	-4.494529e+01	-6.559025e+02
1.102000e-05	-6.007147e-06	-1.013692e-08	-4.512322e+01	-6.569831e+02
1.103000e-05	-6.030773e-06	-1.015627e-08	-4.530068e+01	-6.580451e+02
1.104000e-05	-6.054335e-06	-1.018549e-08	-4.547767e+01	-6.590882e+02
1.105000e-05	-6.077768e-06	-1.021217e-08	-4.565369e+01	-6.601118e+02
1.106000e-05	-6.101108e-06	-1.022664e-08	-4.582901e+01	-6.611156e+02
1.107000e-05	-6.124344e-06	-1.023087e-08	-4.600355e+01	-6.620994e+02
1.108000e-05	-6.147408e-06	-1.023529e-08	-4.617680e+01	-6.630629e+02
1.109000e-05	-6.170354e-06	-1.024300e-08	-4.634916e+01	-6.640062e+02
1.110000e-05	-6.193093e-06	-1.025659e-08	-4.651997e+01	-6.649294e+02
1.111000e-05	-6.215669e-06	-1.027618e-08	-4.668955e+01	-6.658327e+02
1.112000e-05	-6.238135e-06	-1.029787e-08	-4.685831e+01	-6.667166e+02
1.113000e-05	-6.260367e-06	-1.031566e-08	-4.702530e+01	-6.675815e+02
1.114000e-05	-6.282238e-06	-1.032765e-08	-4.718959e+01	-6.684281e+02
1.115000e-05	-6.303789e-06	-1.033596e-08	-4.735147e+01	-6.692572e+02
1.116000e-05	-6.325068e-06	-1.034083e-08	-4.751131e+01	-6.700696e+02
1.117000e-05	-6.345989e-06	-1.034924e-08	-4.766846e+01	-6.708663e+02
1.118000e-05	-6.366725e-06	-1.036100e-08	-4.782422e+01	-6.716483e+02
1.119000e-05	-6.387301e-06	-1.037572e-08	-4.797877e+01	-6.724167e+02
1.120000e-05	-6.407564e-06	-1.039480e-08	-4.813099e+01	-6.731724e+02
1.121000e-05	-6.427606e-06	-1.041277e-08	-4.828153e+01	-6.739164e+02
1.122000e-05	-6.447514e-06	-1.042291e-08	-4.843107e+01	-6.746497e+02
1.123000e-05	-6.467253e-06	-1.042477e-08	-4.857934e+01	-6.753731e+02
1.124000e-05	-6.486917e-06	-1.042342e-08	-4.872705e+01	-6.760872e+02
1.125000e-05	-6.506569e-06	-1.042491e-08	-4.887467e+01	-6.767927e+02
1.126000e-05	-6.526181e-06	-1.043400e-08	-4.902199e+01	-6.774899e+02
1.127000e-05	-6.545705e-06	-1.044771e-08	-4.916864e+01	-6.781792e+02
1.128000e-05	-6.565026e-06	-1.046181e-08	-4.931378e+01	-6.788607e+02
1.129000e-05	-6.584291e-06	-1.047439e-08	-4.945849e+01	-6.795343e+02
1.130000e-05	-6.603516e-06	-1.048678e-08	-4.960290e+01	-6.802000e+02
1.131000e-05	-6.622630e-06	-1.049888e-08	-4.974648e+01	-6.808576e+02
1.132000e-05	-6.641576e-06	-1.050611e-08	-4.988879e+01	-6.815068e+02
1.133000e-05	-6.660227e-06	-1.051101e-08	-5.002889e+01	-6.821473e+02
1.134000e-05	-6.678595e-06	-1.051745e-08	-5.016686e+01	-6.827790e+02
1.135000e-05	-6.696809e-06	-1.052605e-08	-5.030368e+01	-6.834016e+02
1.136000e-05	-6.714882e-06	-1.053525e-08	-5.043943e+01	-6.840149e+02
1.137000e-05	-6.732723e-06	-1.054256e-08	-5.057344e+01	-6.846191e+02
1.138000e-05	-6.750471e-06	-1.055281e-08	-5.070676e+01	-6.852142e+02
1.139000e-05	-6.768142e-06	-1.056571e-08	-5.083950e+01	-6.858006e+02
1.140000e-05	-6.785640e-06	-1.057604e-08	-5.097093e+01	-6.863785e+02
1.141000e-05	-6.802943e-06	-1.058497e-08	-5.110091e+01	-6.869486e+02
1.142000e-05	-6.820024e-06	-1.058957e-08	-5.122921e+01	-6.875116e+02
1.143000e-05	-6.836958e-06	-1.059273e-08	-5.135642e+01	-6.880682e+02
1.144000e-05	-6.853790e-06	-1.059804e-08	-5.148285e+01	-6.886194e+02
1.145000e-05	-6.870445e-06	-1.060758e-08	-5.160795e+01	-6.891658e+02
1.146000e-05	-6.886910e-06	-1.061967e-08	-5.173164e+01	-6.897084e+02
1.147000e-05	-6.903190e-06	-1.062998e-08	-5.185393e+01	-6.902480e+02
1.148000e-05	-6.919244e-06	-1.064124e-08	-5.197452e+01	-6.907853e+02
1.149000e-05	-6.935126e-06	-1.065172e-08	-5.209381e+01	-6.913208e+02
1.150000e-05	-6.950917e-06	-1.066187e-08	-5.221243e+01	-6.918549e+02
1.151000e-05	-6.966636e-06	-1.067018e-08	-5.233051e+01	-6.923878e+02
1.152000e-05	-6.982304e-06	-1.067461e-08	-5.244820e+01	-6.929195e+02
1.153000e-05	-6.997876e-06	-1.067985e-08	-5.256516e+01	-6.934499e+02
1.154000e-05	-7.013318e-06	-1.068610e-08	-5.268116e+01	-6.939784e+02
1.155000e-05	-7.028613e-06	-1.069206e-08	-5.279605e+01	-6.945047e+02
1.156000e-05	-7.043715e-06	-1.069942e-08	-5.290949e+01	-6.950279e+02
1.157000e-05	-7.058658e-06	-1.071033e-08	-5.302173e+01	-6.955472e+02
1.158000e-05	-7.073250e-06	-1.072143e-08	-5.313135e+01	-6.960619e+02
1.159000e-05	-7.087563e-06	-1.073091e-08	-5.323886e+01	-6.965711e+02
1.160000e-05	-7.101533e-06	-1.073947e-08	-5.334380e+01	-6.970740e+02
1.161000e-05	-7.115165e-06	-1.074716e-08	-5.344619e+01	-6.975699e+02
1.162000e-05	-7.128545e-06	-1.075299e-08	-5.354670e+01	-6.980582e+02
1.163000e-05	-7.141567e-06	-1.075759e-08	-5.364452e+01	-6.985384e+02
1.164000e-05	-7.154243e-06	-1.076413e-08	-5.373973e+01	-6.990104e+02
1.165000e-05	-7.166603e-06	-1.077126e-08	-5.383257e+01	-6.994740e+02
1.166000e-05	-7.178786e-06	-1.077978e-08	-5.392409e+01	-6.999294e+02
1.167000e-05	-7.190785e-06	-1.078694e-08	-5.401422e+01	-7.003768e+02
1.168000e-05	-7.202688e-06	-1.079107e-08	-5.410363e+01	-7.008168e+02
1.169000e-05	-7.214381e-06	-1.079718e-08	-5.419146e+01	-7.012498e+02
1.170000e-05	-7.225928e-06	-1.080368e-08	-5.427820e+01	-7.016764e+02
1.171000e-05	-7.237498e-06	-1.080684e-08	-5.436511e+01	-7.020973e+02
1.172000e-05	-7.248870e-06	-1.080869e-08	-5.445053e+01	-7.025129e+02
1.173000e-05	-7.259995e-06	-1.080997e-08	-5.453409e+01	-7.029238e+02
1.174000e-05	-7.270959e-06	-1.081117e-08	-5.461645e+01	-7.033302e+02
1.175000e-05	-7.281653e-06	-1.081660e-08	-5.469678e+01	-7.037323e+02
1.176000e-05	-7.292157e-06	-1.082370e-08	-5.477569e+01	-7.041301e+02
1.177000e-05	-7.302427e-06	-1.083150e-08	-5.485283e+01	-7.045232e+02
1.178000e-05	-7.312430e-06	-1.083965e-08	-5.492796e+01	-7.049113e+02
1.179000e-05	-7.322273e-06	-1.084808e-08	-5.500191e+01	-7.052935e+02
1.180000e-05	-7.331981e-06	-1.085468e-08	-5.507483e+01	-7.056691e+02
1.181000e-05	-7.341577e-06	-1.085247e-08	-5.514690e+01	-7.060371e+02
1.182000e-05	-7.350999e-06	-1.084631e-08	-5.521768e+01	-7.063964e+02
1.183000e-05	-7.360249e-06	-1.084333e-08	-5.528716e+01	-7.067461e+02
1.184000e-05	-7.369435e-06	-1.084679e-08	-5.535616e+01	-7.070852e+02
1.185000e-05	-7.378469e-06	-1.085213e-08	-5.542402e+01	-7.074128e+02
1.186000e-05	-7.387258e-06	-1.085774e-08	-5.549004e+01	-7.077282e+02
1.187000e-05	-7.395914e-06	-1.086740e-08	-5.555506e+01	-7.080309e+02
1.188000e-05	-7.404182e-06	-1.087414e-08	-5.561717e+01	-7.083209e+02
1.189000e-05	-7.412179e-06	-1.087382e-08	-5.567724e+01	-7.085982e+02
1.190000e-05	-7.420166e-06	-1.086860e-08	-5.573724e+01	-7.088631e+02
1.191000e-05	-7.427995e-06	-1.086517e-08	-5.579604e+01	-7.091165e+02
1.192000e-05	-7.435649e-06	-1.086664e-08	-5.585354e+01	-7.093593e+02
1.193000e-05	-7.443255e-06	-1.087013e-08	-5.591067e+01	-7.095926e+02
1.194000e-05	-7.450818e-06	-1.087820e-08	-5.596748e+01	-7.098179e+02
1.195000e-05	-7.458182e-06	-1.088639e-08	-5.602279e+01	-7.100364e+02
1.196000e-05	-7.465311e-06	-1.089278e-08	-5.607635e+01	-7.102497e+02
1.197000e-05	-7.472289e-06	-1.089607e-08	-5.612876e+01	-7.104592e+02
1.198000e-05	-7.479139e-06	-1.089646e-08	-5.618022e+01	-7.106661e+02
1.199000e-05	-7.485883e-06	-1.089895e-08	-5.623087e+01	-7.108714e+02
1.200000e-05	-7.492354e-06	-1.089768e-08	-5.627948e+01	-7.110759e+02
1.201000e-05	-7.498396e-06	-1.089527e-08	-5.632487e+01	-7.112801e+02
1.202000e-05	-7.503999e-06	-1.089274e-08	-5.636695e+01	-7.114842e+02
1.203000e-05	-7.509342e-06	-1.089012e-08	-5.640709e+01	-7.116879e+02
1.204000e-05	-7.514557e-06	-1.088723e-08	-5.644626e+01	-7.118908e+02
1.205000e-05	-7.519365e-06	-1.088519e-08	-5.648238e+01	-7.120922e+02
1.206000e-05	-7.523827e-06	-1.089145e-08	-5.651589e+01	-7.122910e+02
1.207000e-05	-7.528151e-06	-1.090025e-08	-5.654837e+01	-7.124862e+02
1.208000e-05	-7.532257e-06	-1.091323e-08	-5.657922e+01	-7.126766e+02
1.209000e-05	-7.536137e-06	-1.092345e-08	-5.660836e+01	-7.128612e+02
1.210000e-05	-7.539903e-06	-1.092372e-08	-5.663665e+01	-7.130389e+02
1.211000e-05	-7.543566e-06	-1.092011e-08	-5.666416e+01	-7.132090e+02
1.212000e-05	-7.547104e-06	-1.091183e-08	-5.669074e+01	-7.133709e+02
1.213000e-05	-7.550562e-06	-1.090252e-08	-5.671671e+01	-7.135246e+02
1.214000e-05	-7.553872e-06	-1.089884e-08	-5.674158e+01	-7.136703e+02
1.215000e-05	-7.556932e-06	-1.090565e-08	-5.676457e+01	-7.138086e+02
1.216000e-05	-7.559850e-06	-1.091847e-08	-5.678648e+01	-7.139405e+02
1.217000e-05	-7.562679e-06	-1.092976e-08	-5.680773e+01	-7.140674e+02
1.218000e-05	-7.565369e-06	-1.093581e-08	-5.682794e+01	-7.141907e+02
1.219000e-05	-7.567824e-06	-1.093275e-08	-5.684638e+01	-7.143124e+02
1.220000e-05	-7.570051e-06	-1.092581e-08	-5.686311e+01	-7.144342e+02
1.221000e-05	-7.572053e-06	-1.091841e-08	-5.687815e+01	-7.145579e+02
1.222000e-05	-7.573864e-06	-1.091553e-08	-5.689175e+01	-7.146852e+02
1.223000e-05	-7.575532e-06	-1.091794e-08	-5.690428e+01	-7.148173e+02
1.224000e-05	-7.577001e-06	-1.092546e-08	-5.691532e+01	-7.149551e+02
1.225000e-05	-7.578398e-06	-1.093787e-08	-5.692581e+01	-7.150991e+02
1.226000e-05	-7.579695e-06	-1.094480e-08	-5.693555e+01	-7.152491e+02
1.227000e-05	-7.580574e-06	-1.094653e-08	-5.694215e+01	-7.154041e+02
1.228000e-05	-7.581242e-06	-1.094481e-08	-5.694717e+01	-7.155629e+02
1.229000e-05	-7.581912e-06	-1.094040e-08	-5.695220e+01	-7.157231e+02
1.230000e-05	-7.582301e-06	-1.093502e-08	-5.695513e+01	-7.158822e+02
1.231000e-05	-7.582421e-06	-1.092785e-08	-5.695603e+01	-7.160371e+02
