# Temperatura_=_20.0
# Concentracion g/m^3_=_10000.0
# C_Vs_to_Am_M_A/Vsm_=_65563218390.804596
# pendiente_HvsI_1/m_=_3716.3
# ordenada_HvsI_A/m_=_1297.0
# frecuencia_Hz_=_81232.29830752932

Tiempo_(s)	Campo_(V.s)	Magnetizacion_(V.s)	Campo_(kA/m)	Magnetizacion_(A/m)
0.000000e+00	-7.594668e-06	-1.092984e-08	-5.696506e+01	-7.122467e+02
1.000000e-08	-7.594699e-06	-1.093020e-08	-5.696529e+01	-7.122257e+02
2.000000e-08	-7.594624e-06	-1.093955e-08	-5.696473e+01	-7.122204e+02
3.000000e-08	-7.594310e-06	-1.095234e-08	-5.696237e+01	-7.122320e+02
4.000000e-08	-7.593864e-06	-1.095380e-08	-5.695903e+01	-7.122613e+02
5.000000e-08	-7.593379e-06	-1.092497e-08	-5.695539e+01	-7.123087e+02
6.000000e-08	-7.592806e-06	-1.083233e-08	-5.695109e+01	-7.123742e+02
7.000000e-08	-7.592146e-06	-1.077006e-08	-5.694614e+01	-7.124572e+02
8.000000e-08	-7.591348e-06	-1.071530e-08	-5.694016e+01	-7.125568e+02
9.000000e-08	-7.590188e-06	-1.090944e-08	-5.693146e+01	-7.126719e+02
1.000000e-07	-7.588630e-06	-1.123812e-08	-5.691977e+01	-7.128007e+02
1.100000e-07	-7.586838e-06	-1.119874e-08	-5.690633e+01	-7.129412e+02
1.200000e-07	-7.584886e-06	-1.096179e-08	-5.689169e+01	-7.130913e+02
1.300000e-07	-7.582723e-06	-1.105003e-08	-5.687547e+01	-7.132484e+02
1.400000e-07	-7.580386e-06	-1.112146e-08	-5.685794e+01	-7.134100e+02
1.500000e-07	-7.577861e-06	-1.094227e-08	-5.683900e+01	-7.135732e+02
1.600000e-07	-7.574936e-06	-1.079153e-08	-5.681706e+01	-7.137351e+02
1.700000e-07	-7.571669e-06	-1.074866e-08	-5.679255e+01	-7.138929e+02
1.800000e-07	-7.568013e-06	-1.075190e-08	-5.676513e+01	-7.140436e+02
1.900000e-07	-7.564059e-06	-1.070856e-08	-5.673547e+01	-7.141844e+02
2.000000e-07	-7.559984e-06	-1.086577e-08	-5.670490e+01	-7.143123e+02
2.100000e-07	-7.555720e-06	-1.095410e-08	-5.667293e+01	-7.144246e+02
2.200000e-07	-7.551290e-06	-1.084811e-08	-5.663970e+01	-7.145186e+02
2.300000e-07	-7.546783e-06	-1.096128e-08	-5.660589e+01	-7.145919e+02
2.400000e-07	-7.542193e-06	-1.111733e-08	-5.657146e+01	-7.146420e+02
2.500000e-07	-7.537456e-06	-1.104972e-08	-5.653593e+01	-7.146668e+02
2.600000e-07	-7.532607e-06	-1.084720e-08	-5.649956e+01	-7.146643e+02
2.700000e-07	-7.527665e-06	-1.094328e-08	-5.646249e+01	-7.146327e+02
2.800000e-07	-7.522610e-06	-1.111676e-08	-5.642457e+01	-7.145705e+02
2.900000e-07	-7.517435e-06	-1.083662e-08	-5.638576e+01	-7.144765e+02
3.000000e-07	-7.511959e-06	-1.076403e-08	-5.634469e+01	-7.143498e+02
3.100000e-07	-7.506195e-06	-1.089032e-08	-5.630145e+01	-7.141897e+02
3.200000e-07	-7.500344e-06	-1.087537e-08	-5.625757e+01	-7.139961e+02
3.300000e-07	-7.494245e-06	-1.092783e-08	-5.621182e+01	-7.137691e+02
3.400000e-07	-7.487879e-06	-1.104366e-08	-5.616407e+01	-7.135092e+02
3.500000e-07	-7.481231e-06	-1.088349e-08	-5.611421e+01	-7.132174e+02
3.600000e-07	-7.474478e-06	-1.070591e-08	-5.606355e+01	-7.128949e+02
3.700000e-07	-7.467773e-06	-1.094713e-08	-5.601326e+01	-7.125434e+02
3.800000e-07	-7.460881e-06	-1.098018e-08	-5.596157e+01	-7.121651e+02
3.900000e-07	-7.453634e-06	-1.074754e-08	-5.590721e+01	-7.117622e+02
4.000000e-07	-7.446002e-06	-1.074479e-08	-5.584997e+01	-7.113373e+02
4.100000e-07	-7.438281e-06	-1.090064e-08	-5.579206e+01	-7.108933e+02
4.200000e-07	-7.430452e-06	-1.091989e-08	-5.573333e+01	-7.104332e+02
4.300000e-07	-7.422423e-06	-1.082348e-08	-5.567310e+01	-7.099601e+02
4.400000e-07	-7.414230e-06	-1.081189e-08	-5.561166e+01	-7.094768e+02
4.500000e-07	-7.405802e-06	-1.074948e-08	-5.554844e+01	-7.089865e+02
4.600000e-07	-7.397323e-06	-1.080276e-08	-5.548484e+01	-7.084919e+02
4.700000e-07	-7.388791e-06	-1.086470e-08	-5.542084e+01	-7.079957e+02
4.800000e-07	-7.379993e-06	-1.072964e-08	-5.535486e+01	-7.075000e+02
4.900000e-07	-7.371032e-06	-1.068514e-08	-5.528764e+01	-7.070069e+02
5.000000e-07	-7.361946e-06	-1.075419e-08	-5.521949e+01	-7.065178e+02
5.100000e-07	-7.352677e-06	-1.080940e-08	-5.514996e+01	-7.060341e+02
5.200000e-07	-7.343121e-06	-1.075114e-08	-5.507829e+01	-7.055563e+02
5.300000e-07	-7.333127e-06	-1.070374e-08	-5.500333e+01	-7.050850e+02
5.400000e-07	-7.322776e-06	-1.070389e-08	-5.492569e+01	-7.046200e+02
5.500000e-07	-7.312256e-06	-1.074439e-08	-5.484678e+01	-7.041611e+02
5.600000e-07	-7.301425e-06	-1.079083e-08	-5.476555e+01	-7.037076e+02
5.700000e-07	-7.290203e-06	-1.068693e-08	-5.468137e+01	-7.032587e+02
5.800000e-07	-7.278848e-06	-1.065149e-08	-5.459620e+01	-7.028136e+02
5.900000e-07	-7.267255e-06	-1.070633e-08	-5.450925e+01	-7.023711e+02
6.000000e-07	-7.255343e-06	-1.073253e-08	-5.441990e+01	-7.019303e+02
6.100000e-07	-7.243150e-06	-1.070114e-08	-5.432844e+01	-7.014904e+02
6.200000e-07	-7.230801e-06	-1.064674e-08	-5.423582e+01	-7.010504e+02
6.300000e-07	-7.218469e-06	-1.065875e-08	-5.414331e+01	-7.006100e+02
6.400000e-07	-7.205959e-06	-1.068222e-08	-5.404949e+01	-7.001686e+02
6.500000e-07	-7.193153e-06	-1.070425e-08	-5.395343e+01	-6.997263e+02
6.600000e-07	-7.180116e-06	-1.064255e-08	-5.385565e+01	-6.992832e+02
6.700000e-07	-7.166834e-06	-1.059985e-08	-5.375602e+01	-6.988396e+02
6.800000e-07	-7.153363e-06	-1.064708e-08	-5.365498e+01	-6.983961e+02
6.900000e-07	-7.139766e-06	-1.066529e-08	-5.355299e+01	-6.979535e+02
7.000000e-07	-7.125973e-06	-1.064050e-08	-5.344954e+01	-6.975126e+02
7.100000e-07	-7.111889e-06	-1.058656e-08	-5.334390e+01	-6.970742e+02
7.200000e-07	-7.097584e-06	-1.061068e-08	-5.323660e+01	-6.966392e+02
7.300000e-07	-7.083155e-06	-1.064464e-08	-5.312837e+01	-6.962081e+02
7.400000e-07	-7.068504e-06	-1.063157e-08	-5.301848e+01	-6.957816e+02
7.500000e-07	-7.053721e-06	-1.059063e-08	-5.290760e+01	-6.953600e+02
7.600000e-07	-7.038809e-06	-1.056033e-08	-5.279575e+01	-6.949431e+02
7.700000e-07	-7.023530e-06	-1.059722e-08	-5.268115e+01	-6.945306e+02
7.800000e-07	-7.007775e-06	-1.059544e-08	-5.256297e+01	-6.941219e+02
7.900000e-07	-6.991798e-06	-1.057535e-08	-5.244314e+01	-6.937160e+02
8.000000e-07	-6.975805e-06	-1.054284e-08	-5.232318e+01	-6.933115e+02
8.100000e-07	-6.959516e-06	-1.054276e-08	-5.220099e+01	-6.929069e+02
8.200000e-07	-6.943075e-06	-1.057763e-08	-5.207768e+01	-6.925001e+02
8.300000e-07	-6.926403e-06	-1.056298e-08	-5.195263e+01	-6.920893e+02
8.400000e-07	-6.909427e-06	-1.054171e-08	-5.182529e+01	-6.916722e+02
8.500000e-07	-6.892212e-06	-1.051666e-08	-5.169617e+01	-6.912466e+02
8.600000e-07	-6.874843e-06	-1.053799e-08	-5.156590e+01	-6.908106e+02
8.700000e-07	-6.857466e-06	-1.054586e-08	-5.143556e+01	-6.903620e+02
8.800000e-07	-6.839841e-06	-1.051119e-08	-5.130335e+01	-6.898990e+02
8.900000e-07	-6.821998e-06	-1.049196e-08	-5.116952e+01	-6.894201e+02
9.000000e-07	-6.804030e-06	-1.048606e-08	-5.103475e+01	-6.889240e+02
9.100000e-07	-6.786048e-06	-1.050471e-08	-5.089987e+01	-6.884099e+02
9.200000e-07	-6.767950e-06	-1.048592e-08	-5.076412e+01	-6.878769e+02
9.300000e-07	-6.749639e-06	-1.046016e-08	-5.062678e+01	-6.873250e+02
9.400000e-07	-6.731208e-06	-1.044593e-08	-5.048854e+01	-6.867541e+02
9.500000e-07	-6.712462e-06	-1.044609e-08	-5.034793e+01	-6.861645e+02
9.600000e-07	-6.693542e-06	-1.045083e-08	-5.020601e+01	-6.855568e+02
9.700000e-07	-6.674677e-06	-1.041778e-08	-5.006452e+01	-6.849316e+02
9.800000e-07	-6.655662e-06	-1.040045e-08	-4.992189e+01	-6.842897e+02
9.900000e-07	-6.636302e-06	-1.038882e-08	-4.977668e+01	-6.836319e+02
1.000000e-06	-6.616608e-06	-1.039039e-08	-4.962896e+01	-6.829590e+02
1.010000e-06	-6.596731e-06	-1.038110e-08	-4.947987e+01	-6.822717e+02
1.020000e-06	-6.576645e-06	-1.035432e-08	-4.932921e+01	-6.815706e+02
1.030000e-06	-6.556495e-06	-1.035043e-08	-4.917808e+01	-6.808560e+02
1.040000e-06	-6.536310e-06	-1.034460e-08	-4.902667e+01	-6.801281e+02
1.050000e-06	-6.515999e-06	-1.033906e-08	-4.887433e+01	-6.793868e+02
1.060000e-06	-6.495577e-06	-1.030932e-08	-4.872115e+01	-6.786320e+02
1.070000e-06	-6.475064e-06	-1.028906e-08	-4.856728e+01	-6.778633e+02
1.080000e-06	-6.454432e-06	-1.028292e-08	-4.841254e+01	-6.770800e+02
1.090000e-06	-6.433720e-06	-1.026836e-08	-4.825718e+01	-6.762817e+02
1.100000e-06	-6.412948e-06	-1.025037e-08	-4.810137e+01	-6.754677e+02
1.110000e-06	-6.392007e-06	-1.022227e-08	-4.794430e+01	-6.746375e+02
1.120000e-06	-6.370865e-06	-1.022034e-08	-4.778572e+01	-6.737904e+02
1.130000e-06	-6.349669e-06	-1.022042e-08	-4.762674e+01	-6.729263e+02
1.140000e-06	-6.328281e-06	-1.021427e-08	-4.746632e+01	-6.720450e+02
1.150000e-06	-6.306597e-06	-1.019602e-08	-4.730367e+01	-6.711468e+02
1.160000e-06	-6.284851e-06	-1.017407e-08	-4.714056e+01	-6.702319e+02
1.170000e-06	-6.262862e-06	-1.016904e-08	-4.697563e+01	-6.693012e+02
1.180000e-06	-6.240768e-06	-1.015327e-08	-4.680991e+01	-6.683557e+02
1.190000e-06	-6.218623e-06	-1.013946e-08	-4.664381e+01	-6.673967e+02
1.200000e-06	-6.196133e-06	-1.011732e-08	-4.647512e+01	-6.664259e+02
1.210000e-06	-6.173391e-06	-1.009760e-08	-4.630454e+01	-6.654448e+02
1.220000e-06	-6.150552e-06	-1.009127e-08	-4.613323e+01	-6.644555e+02
1.230000e-06	-6.127716e-06	-1.007609e-08	-4.596195e+01	-6.634598e+02
1.240000e-06	-6.104751e-06	-1.006155e-08	-4.578969e+01	-6.624597e+02
1.250000e-06	-6.081588e-06	-1.004095e-08	-4.561595e+01	-6.614571e+02
1.260000e-06	-6.058224e-06	-1.002656e-08	-4.544071e+01	-6.604537e+02
1.270000e-06	-6.034609e-06	-1.001541e-08	-4.526358e+01	-6.594509e+02
1.280000e-06	-6.010960e-06	-9.993436e-09	-4.508619e+01	-6.584499e+02
1.290000e-06	-5.987088e-06	-9.973332e-09	-4.490714e+01	-6.574518e+02
1.300000e-06	-5.962980e-06	-9.960792e-09	-4.472631e+01	-6.564569e+02
1.310000e-06	-5.938737e-06	-9.965462e-09	-4.454448e+01	-6.554656e+02
1.320000e-06	-5.914392e-06	-9.967871e-09	-4.436187e+01	-6.544777e+02
1.330000e-06	-5.890126e-06	-9.958195e-09	-4.417986e+01	-6.534928e+02
1.340000e-06	-5.865647e-06	-9.939094e-09	-4.399625e+01	-6.525101e+02
1.350000e-06	-5.840976e-06	-9.910405e-09	-4.381120e+01	-6.515287e+02
1.360000e-06	-5.816312e-06	-9.887779e-09	-4.362621e+01	-6.505474e+02
1.370000e-06	-5.791500e-06	-9.865435e-09	-4.344010e+01	-6.495650e+02
1.380000e-06	-5.766610e-06	-9.852382e-09	-4.325341e+01	-6.485802e+02
1.390000e-06	-5.741670e-06	-9.843847e-09	-4.306634e+01	-6.475914e+02
1.400000e-06	-5.716527e-06	-9.837044e-09	-4.287776e+01	-6.465976e+02
1.410000e-06	-5.691237e-06	-9.830820e-09	-4.268806e+01	-6.455974e+02
1.420000e-06	-5.665667e-06	-9.808043e-09	-4.249627e+01	-6.445897e+02
1.430000e-06	-5.639806e-06	-9.781891e-09	-4.230229e+01	-6.435736e+02
1.440000e-06	-5.613608e-06	-9.755372e-09	-4.210580e+01	-6.425484e+02
1.450000e-06	-5.587091e-06	-9.744479e-09	-4.190690e+01	-6.415132e+02
1.460000e-06	-5.560347e-06	-9.734400e-09	-4.170630e+01	-6.404675e+02
1.470000e-06	-5.533482e-06	-9.721582e-09	-4.150479e+01	-6.394109e+02
1.480000e-06	-5.506593e-06	-9.714689e-09	-4.130311e+01	-6.383430e+02
1.490000e-06	-5.479397e-06	-9.703216e-09	-4.109912e+01	-6.372632e+02
1.500000e-06	-5.451916e-06	-9.686416e-09	-4.089299e+01	-6.361711e+02
1.510000e-06	-5.424336e-06	-9.652828e-09	-4.068613e+01	-6.350663e+02
1.520000e-06	-5.396617e-06	-9.624350e-09	-4.047822e+01	-6.339478e+02
1.530000e-06	-5.368617e-06	-9.604706e-09	-4.026820e+01	-6.328150e+02
1.540000e-06	-5.340473e-06	-9.591654e-09	-4.005710e+01	-6.316668e+02
1.550000e-06	-5.312302e-06	-9.576858e-09	-3.984580e+01	-6.305019e+02
1.560000e-06	-5.284038e-06	-9.557781e-09	-3.963380e+01	-6.293189e+02
1.570000e-06	-5.255650e-06	-9.546561e-09	-3.942087e+01	-6.281163e+02
1.580000e-06	-5.227168e-06	-9.530192e-09	-3.920724e+01	-6.268923e+02
1.590000e-06	-5.198639e-06	-9.510080e-09	-3.899325e+01	-6.256452e+02
1.600000e-06	-5.169977e-06	-9.487184e-09	-3.877827e+01	-6.243731e+02
1.610000e-06	-5.141279e-06	-9.466589e-09	-3.856301e+01	-6.230742e+02
1.620000e-06	-5.112594e-06	-9.449367e-09	-3.834785e+01	-6.217468e+02
1.630000e-06	-5.083806e-06	-9.428776e-09	-3.813192e+01	-6.203894e+02
1.640000e-06	-5.054887e-06	-9.409107e-09	-3.791501e+01	-6.190008e+02
1.650000e-06	-5.025841e-06	-9.387063e-09	-3.769715e+01	-6.175798e+02
1.660000e-06	-4.996712e-06	-9.368059e-09	-3.747866e+01	-6.161259e+02
1.670000e-06	-4.967415e-06	-9.347540e-09	-3.725892e+01	-6.146387e+02
1.680000e-06	-4.937898e-06	-9.319030e-09	-3.703752e+01	-6.131184e+02
1.690000e-06	-4.908220e-06	-9.286579e-09	-3.681492e+01	-6.115655e+02
1.700000e-06	-4.878442e-06	-9.252902e-09	-3.659156e+01	-6.099807e+02
1.710000e-06	-4.848590e-06	-9.224947e-09	-3.636765e+01	-6.083655e+02
1.720000e-06	-4.818688e-06	-9.196065e-09	-3.614337e+01	-6.067214e+02
1.730000e-06	-4.788604e-06	-9.169702e-09	-3.591771e+01	-6.050501e+02
1.740000e-06	-4.758365e-06	-9.145362e-09	-3.569090e+01	-6.033538e+02
1.750000e-06	-4.728086e-06	-9.124121e-09	-3.546379e+01	-6.016347e+02
1.760000e-06	-4.697681e-06	-9.105279e-09	-3.523573e+01	-5.998948e+02
1.770000e-06	-4.667161e-06	-9.080294e-09	-3.500681e+01	-5.981366e+02
1.780000e-06	-4.636554e-06	-9.054295e-09	-3.477724e+01	-5.963620e+02
1.790000e-06	-4.605842e-06	-9.023135e-09	-3.454688e+01	-5.945732e+02
1.800000e-06	-4.574942e-06	-8.987708e-09	-3.431511e+01	-5.927718e+02
1.810000e-06	-4.544032e-06	-8.949032e-09	-3.408326e+01	-5.909595e+02
1.820000e-06	-4.513086e-06	-8.911964e-09	-3.385114e+01	-5.891376e+02
1.830000e-06	-4.481997e-06	-8.884567e-09	-3.361796e+01	-5.873072e+02
1.840000e-06	-4.450843e-06	-8.862487e-09	-3.338428e+01	-5.854689e+02
1.850000e-06	-4.419571e-06	-8.844755e-09	-3.314972e+01	-5.836234e+02
1.860000e-06	-4.388234e-06	-8.824489e-09	-3.291467e+01	-5.817710e+02
1.870000e-06	-4.356750e-06	-8.799765e-09	-3.267853e+01	-5.799119e+02
1.880000e-06	-4.325077e-06	-8.770771e-09	-3.244095e+01	-5.780459e+02
1.890000e-06	-4.293255e-06	-8.737270e-09	-3.220227e+01	-5.761730e+02
1.900000e-06	-4.261360e-06	-8.704101e-09	-3.196303e+01	-5.742930e+02
1.910000e-06	-4.229367e-06	-8.671002e-09	-3.172306e+01	-5.724058e+02
1.920000e-06	-4.197198e-06	-8.640824e-09	-3.148178e+01	-5.705112e+02
1.930000e-06	-4.164996e-06	-8.611002e-09	-3.124024e+01	-5.686092e+02
1.940000e-06	-4.132686e-06	-8.590348e-09	-3.099789e+01	-5.666995e+02
1.950000e-06	-4.100201e-06	-8.576473e-09	-3.075423e+01	-5.647824e+02
1.960000e-06	-4.067663e-06	-8.555539e-09	-3.051018e+01	-5.628579e+02
1.970000e-06	-4.035161e-06	-8.524098e-09	-3.026639e+01	-5.609263e+02
1.980000e-06	-4.002623e-06	-8.486022e-09	-3.002234e+01	-5.589876e+02
1.990000e-06	-3.969908e-06	-8.448863e-09	-2.977695e+01	-5.570421e+02
2.000000e-06	-3.937178e-06	-8.414177e-09	-2.953145e+01	-5.550900e+02
2.010000e-06	-3.904449e-06	-8.382749e-09	-2.928596e+01	-5.531314e+02
2.020000e-06	-3.871606e-06	-8.355274e-09	-2.903962e+01	-5.511663e+02
2.030000e-06	-3.838657e-06	-8.335372e-09	-2.879248e+01	-5.491944e+02
2.040000e-06	-3.805566e-06	-8.312668e-09	-2.854427e+01	-5.472155e+02
2.050000e-06	-3.772255e-06	-8.280354e-09	-2.829442e+01	-5.452289e+02
2.060000e-06	-3.738855e-06	-8.245387e-09	-2.804390e+01	-5.432339e+02
2.070000e-06	-3.705393e-06	-8.209875e-09	-2.779291e+01	-5.412293e+02
2.080000e-06	-3.671742e-06	-8.180168e-09	-2.754051e+01	-5.392140e+02
2.090000e-06	-3.637987e-06	-8.151424e-09	-2.728732e+01	-5.371863e+02
2.100000e-06	-3.604185e-06	-8.119943e-09	-2.703378e+01	-5.351445e+02
2.110000e-06	-3.570224e-06	-8.087382e-09	-2.677905e+01	-5.330869e+02
2.120000e-06	-3.536175e-06	-8.056014e-09	-2.652366e+01	-5.310112e+02
2.130000e-06	-3.501986e-06	-8.029204e-09	-2.626722e+01	-5.289156e+02
2.140000e-06	-3.467502e-06	-7.993988e-09	-2.600857e+01	-5.267978e+02
2.150000e-06	-3.432890e-06	-7.958558e-09	-2.574896e+01	-5.246557e+02
2.160000e-06	-3.398207e-06	-7.925603e-09	-2.548881e+01	-5.224873e+02
2.170000e-06	-3.363291e-06	-7.895054e-09	-2.522692e+01	-5.202907e+02
2.180000e-06	-3.328358e-06	-7.866653e-09	-2.496490e+01	-5.180639e+02
2.190000e-06	-3.293274e-06	-7.835252e-09	-2.470174e+01	-5.158054e+02
2.200000e-06	-3.257861e-06	-7.802809e-09	-2.443613e+01	-5.135138e+02
2.210000e-06	-3.222424e-06	-7.763964e-09	-2.417032e+01	-5.111878e+02
2.220000e-06	-3.186869e-06	-7.723536e-09	-2.390364e+01	-5.088262e+02
2.230000e-06	-3.151202e-06	-7.680515e-09	-2.363611e+01	-5.064284e+02
2.240000e-06	-3.115485e-06	-7.636986e-09	-2.336821e+01	-5.039936e+02
2.250000e-06	-3.079690e-06	-7.599124e-09	-2.309972e+01	-5.015212e+02
2.260000e-06	-3.043823e-06	-7.560061e-09	-2.283070e+01	-4.990109e+02
2.270000e-06	-3.007868e-06	-7.522743e-09	-2.256101e+01	-4.964625e+02
2.280000e-06	-2.971842e-06	-7.483772e-09	-2.229079e+01	-4.938758e+02
2.290000e-06	-2.935702e-06	-7.441752e-09	-2.201972e+01	-4.912505e+02
2.300000e-06	-2.899587e-06	-7.399418e-09	-2.174883e+01	-4.885867e+02
2.310000e-06	-2.863425e-06	-7.352970e-09	-2.147759e+01	-4.858844e+02
2.320000e-06	-2.827150e-06	-7.306915e-09	-2.120550e+01	-4.831433e+02
2.330000e-06	-2.790894e-06	-7.257906e-09	-2.093356e+01	-4.803636e+02
2.340000e-06	-2.754610e-06	-7.208561e-09	-2.066140e+01	-4.775452e+02
2.350000e-06	-2.718265e-06	-7.161985e-09	-2.038880e+01	-4.746882e+02
2.360000e-06	-2.681832e-06	-7.117549e-09	-2.011552e+01	-4.717925e+02
2.370000e-06	-2.645339e-06	-7.075097e-09	-1.984180e+01	-4.688583e+02
2.380000e-06	-2.608804e-06	-7.029259e-09	-1.956776e+01	-4.658858e+02
2.390000e-06	-2.572260e-06	-6.980975e-09	-1.929366e+01	-4.628753e+02
2.400000e-06	-2.535678e-06	-6.934377e-09	-1.901927e+01	-4.598272e+02
2.410000e-06	-2.499140e-06	-6.890201e-09	-1.874521e+01	-4.567419e+02
2.420000e-06	-2.462496e-06	-6.838999e-09	-1.847035e+01	-4.536202e+02
2.430000e-06	-2.425696e-06	-6.779383e-09	-1.819433e+01	-4.504629e+02
2.440000e-06	-2.388900e-06	-6.723375e-09	-1.791834e+01	-4.472708e+02
2.450000e-06	-2.352107e-06	-6.670306e-09	-1.764237e+01	-4.440452e+02
2.460000e-06	-2.315309e-06	-6.618924e-09	-1.736636e+01	-4.407873e+02
2.470000e-06	-2.278448e-06	-6.568650e-09	-1.708988e+01	-4.374982e+02
2.480000e-06	-2.241480e-06	-6.520367e-09	-1.681259e+01	-4.341795e+02
2.490000e-06	-2.204426e-06	-6.477703e-09	-1.653466e+01	-4.308325e+02
2.500000e-06	-2.167382e-06	-6.433762e-09	-1.625681e+01	-4.274587e+02
2.510000e-06	-2.130379e-06	-6.376753e-09	-1.597926e+01	-4.240594e+02
2.520000e-06	-2.093337e-06	-6.312748e-09	-1.570142e+01	-4.206359e+02
2.530000e-06	-2.056189e-06	-6.254071e-09	-1.542279e+01	-4.171895e+02
2.540000e-06	-2.019051e-06	-6.198867e-09	-1.514423e+01	-4.137211e+02
2.550000e-06	-1.981749e-06	-6.143557e-09	-1.486443e+01	-4.102318e+02
2.560000e-06	-1.944261e-06	-6.091125e-09	-1.458325e+01	-4.067223e+02
2.570000e-06	-1.906860e-06	-6.044301e-09	-1.430272e+01	-4.031930e+02
2.580000e-06	-1.869504e-06	-5.999067e-09	-1.402253e+01	-3.996442e+02
2.590000e-06	-1.832031e-06	-5.945910e-09	-1.374145e+01	-3.960761e+02
2.600000e-06	-1.794472e-06	-5.881050e-09	-1.345974e+01	-3.924886e+02
2.610000e-06	-1.756955e-06	-5.817635e-09	-1.317833e+01	-3.888813e+02
2.620000e-06	-1.719357e-06	-5.759484e-09	-1.289632e+01	-3.852537e+02
2.630000e-06	-1.681578e-06	-5.698112e-09	-1.261296e+01	-3.816052e+02
2.640000e-06	-1.643803e-06	-5.637232e-09	-1.232961e+01	-3.779349e+02
2.650000e-06	-1.606091e-06	-5.581222e-09	-1.204675e+01	-3.742419e+02
2.660000e-06	-1.568284e-06	-5.527865e-09	-1.176317e+01	-3.705249e+02
2.670000e-06	-1.530379e-06	-5.476211e-09	-1.147886e+01	-3.667828e+02
2.680000e-06	-1.492463e-06	-5.419365e-09	-1.119447e+01	-3.630142e+02
2.690000e-06	-1.454569e-06	-5.356586e-09	-1.091023e+01	-3.592175e+02
2.700000e-06	-1.416560e-06	-5.293644e-09	-1.062514e+01	-3.553911e+02
2.710000e-06	-1.378523e-06	-5.227184e-09	-1.033984e+01	-3.515333e+02
2.720000e-06	-1.340464e-06	-5.162333e-09	-1.005437e+01	-3.476421e+02
2.730000e-06	-1.302309e-06	-5.096798e-09	-9.768183e+00	-3.437157e+02
2.740000e-06	-1.264193e-06	-5.039245e-09	-9.482286e+00	-3.397517e+02
2.750000e-06	-1.226055e-06	-4.987986e-09	-9.196228e+00	-3.357479e+02
2.760000e-06	-1.187944e-06	-4.930385e-09	-8.910372e+00	-3.317019e+02
2.770000e-06	-1.149807e-06	-4.867970e-09	-8.624317e+00	-3.276111e+02
2.780000e-06	-1.111530e-06	-4.789388e-09	-8.337210e+00	-3.234728e+02
2.790000e-06	-1.073272e-06	-4.713977e-09	-8.050253e+00	-3.192842e+02
2.800000e-06	-1.035002e-06	-4.637316e-09	-7.763203e+00	-3.150425e+02
2.810000e-06	-9.966143e-07	-4.568111e-09	-7.475270e+00	-3.107447e+02
2.820000e-06	-9.581581e-07	-4.516049e-09	-7.186823e+00	-3.063880e+02
2.830000e-06	-9.196666e-07	-4.458348e-09	-6.898111e+00	-3.019696e+02
2.840000e-06	-8.811492e-07	-4.402772e-09	-6.609205e+00	-2.974867e+02
2.850000e-06	-8.426465e-07	-4.334795e-09	-6.320409e+00	-2.929368e+02
2.860000e-06	-8.042373e-07	-4.260204e-09	-6.032314e+00	-2.883174e+02
2.870000e-06	-7.657921e-07	-4.175012e-09	-5.743950e+00	-2.836264e+02
2.880000e-06	-7.272220e-07	-4.082009e-09	-5.454649e+00	-2.788620e+02
2.890000e-06	-6.886376e-07	-4.003098e-09	-5.165240e+00	-2.740226e+02
2.900000e-06	-6.501338e-07	-3.930961e-09	-4.876436e+00	-2.691070e+02
2.910000e-06	-6.116342e-07	-3.865987e-09	-4.587663e+00	-2.641144e+02
2.920000e-06	-5.730791e-07	-3.790666e-09	-4.298474e+00	-2.590442e+02
2.930000e-06	-5.345303e-07	-3.713458e-09	-4.009333e+00	-2.538963e+02
2.940000e-06	-4.959308e-07	-3.633097e-09	-3.719811e+00	-2.486707e+02
2.950000e-06	-4.572737e-07	-3.542772e-09	-3.429857e+00	-2.433680e+02
2.960000e-06	-4.185838e-07	-3.456319e-09	-3.139657e+00	-2.379885e+02
2.970000e-06	-3.799609e-07	-3.371214e-09	-2.849959e+00	-2.325331e+02
2.980000e-06	-3.414624e-07	-3.299990e-09	-2.561195e+00	-2.270025e+02
2.990000e-06	-3.027890e-07	-3.225520e-09	-2.271119e+00	-2.213975e+02
3.000000e-06	-2.640275e-07	-3.142455e-09	-1.980382e+00	-2.157190e+02
3.010000e-06	-2.253618e-07	-3.054121e-09	-1.690363e+00	-2.099676e+02
3.020000e-06	-1.867897e-07	-2.956351e-09	-1.401047e+00	-2.041437e+02
3.030000e-06	-1.482534e-07	-2.862290e-09	-1.111999e+00	-1.982476e+02
3.040000e-06	-1.096364e-07	-2.765860e-09	-8.223457e-01	-1.922793e+02
3.050000e-06	-7.108589e-08	-2.678522e-09	-5.331915e-01	-1.862385e+02
3.060000e-06	-3.264618e-08	-2.593416e-09	-2.448681e-01	-1.801248e+02
3.070000e-06	5.871916e-09	-2.504338e-09	4.404328e-02	-1.739372e+02
3.080000e-06	4.446737e-08	-2.413880e-09	3.335349e-01	-1.676748e+02
3.090000e-06	8.305418e-08	-2.316218e-09	6.229615e-01	-1.613363e+02
3.100000e-06	1.217223e-07	-2.220173e-09	9.129981e-01	-1.549204e+02
3.110000e-06	1.603282e-07	-2.117939e-09	1.202568e+00	-1.484256e+02
3.120000e-06	1.989304e-07	-2.018130e-09	1.492111e+00	-1.418505e+02
3.130000e-06	2.375199e-07	-1.921074e-09	1.781557e+00	-1.351936e+02
3.140000e-06	2.761066e-07	-1.823901e-09	2.070983e+00	-1.284536e+02
3.150000e-06	3.147088e-07	-1.724341e-09	2.360525e+00	-1.216297e+02
3.160000e-06	3.532370e-07	-1.619129e-09	2.649513e+00	-1.147208e+02
3.170000e-06	3.917953e-07	-1.519411e-09	2.938725e+00	-1.077266e+02
3.180000e-06	4.302190e-07	-1.418664e-09	3.226928e+00	-1.006469e+02
3.190000e-06	4.685592e-07	-1.315196e-09	3.514505e+00	-9.348189e+01
3.200000e-06	5.070417e-07	-1.204356e-09	3.803150e+00	-8.623232e+01
3.210000e-06	5.455951e-07	-1.090327e-09	4.092326e+00	-7.889917e+01
3.220000e-06	5.840748e-07	-9.723684e-10	4.380950e+00	-7.148387e+01
3.230000e-06	6.225207e-07	-8.503800e-10	4.669319e+00	-6.398816e+01
3.240000e-06	6.610170e-07	-7.330231e-10	4.958067e+00	-5.641412e+01
3.250000e-06	6.995614e-07	-6.160770e-10	5.247176e+00	-4.876409e+01
3.260000e-06	7.380560e-07	-5.063572e-10	5.535910e+00	-4.104062e+01
3.270000e-06	7.764407e-07	-3.959591e-10	5.823821e+00	-3.324645e+01
3.280000e-06	8.148825e-07	-2.859136e-10	6.112161e+00	-2.538441e+01
3.290000e-06	8.533466e-07	-1.734408e-10	6.400667e+00	-1.745742e+01
3.300000e-06	8.917468e-07	-4.987244e-11	6.688694e+00	-9.468415e+00
3.310000e-06	9.300509e-07	7.651740e-11	6.976000e+00	-1.420360e+00
3.320000e-06	9.682966e-07	2.078188e-10	7.262868e+00	6.683806e+00
3.330000e-06	1.006685e-06	3.342263e-10	7.550808e+00	1.484116e+01
3.340000e-06	1.045102e-06	4.618827e-10	7.838961e+00	2.304881e+01
3.350000e-06	1.083427e-06	5.854117e-10	8.126420e+00	3.130384e+01
3.360000e-06	1.121601e-06	7.012747e-10	8.412757e+00	3.960331e+01
3.370000e-06	1.159681e-06	8.202907e-10	8.698380e+00	4.794424e+01
3.380000e-06	1.197840e-06	9.419481e-10	8.984596e+00	5.632353e+01
3.390000e-06	1.236046e-06	1.076061e-09	9.271170e+00	6.473794e+01
3.400000e-06	1.274230e-06	1.215321e-09	9.557576e+00	7.318405e+01
3.410000e-06	1.312207e-06	1.354675e-09	9.842423e+00	8.165819e+01
3.420000e-06	1.350072e-06	1.488705e-09	1.012644e+01	9.015644e+01
3.430000e-06	1.387899e-06	1.616466e-09	1.041017e+01	9.867457e+01
3.440000e-06	1.425694e-06	1.743324e-09	1.069365e+01	1.072080e+02
3.450000e-06	1.463564e-06	1.862939e-09	1.097771e+01	1.157519e+02
3.460000e-06	1.501323e-06	1.981276e-09	1.126092e+01	1.243011e+02
3.470000e-06	1.539084e-06	2.103423e-09	1.154416e+01	1.328499e+02
3.480000e-06	1.576881e-06	2.236920e-09	1.182766e+01	1.413927e+02
3.490000e-06	1.614607e-06	2.376917e-09	1.211063e+01	1.499231e+02
3.500000e-06	1.652198e-06	2.511901e-09	1.239259e+01	1.584351e+02
3.510000e-06	1.689746e-06	2.642003e-09	1.267422e+01	1.669220e+02
3.520000e-06	1.727369e-06	2.767367e-09	1.295642e+01	1.753772e+02
3.530000e-06	1.764960e-06	2.891815e-09	1.323837e+01	1.837941e+02
3.540000e-06	1.802459e-06	3.011699e-09	1.351964e+01	1.921660e+02
3.550000e-06	1.839765e-06	3.132213e-09	1.379946e+01	2.004863e+02
3.560000e-06	1.877002e-06	3.252281e-09	1.407876e+01	2.087485e+02
3.570000e-06	1.914275e-06	3.376420e-09	1.435833e+01	2.169464e+02
3.580000e-06	1.951549e-06	3.503780e-09	1.463792e+01	2.250738e+02
3.590000e-06	1.988758e-06	3.626213e-09	1.491701e+01	2.331248e+02
3.600000e-06	2.025905e-06	3.751343e-09	1.519563e+01	2.410941e+02
3.610000e-06	2.062986e-06	3.872535e-09	1.547377e+01	2.489762e+02
3.620000e-06	2.100017e-06	3.988262e-09	1.575153e+01	2.567664e+02
3.630000e-06	2.137076e-06	4.101671e-09	1.602949e+01	2.644601e+02
3.640000e-06	2.174081e-06	4.214602e-09	1.630705e+01	2.720532e+02
3.650000e-06	2.211011e-06	4.327006e-09	1.658405e+01	2.795419e+02
3.660000e-06	2.247872e-06	4.434194e-09	1.686053e+01	2.869227e+02
3.670000e-06	2.284731e-06	4.543672e-09	1.713700e+01	2.941927e+02
3.680000e-06	2.321517e-06	4.655151e-09	1.741292e+01	3.013491e+02
3.690000e-06	2.358175e-06	4.766289e-09	1.768788e+01	3.083898e+02
3.700000e-06	2.394839e-06	4.873062e-09	1.796289e+01	3.153129e+02
3.710000e-06	2.431580e-06	4.974912e-09	1.823846e+01	3.221168e+02
3.720000e-06	2.468218e-06	5.078177e-09	1.851328e+01	3.288004e+02
3.730000e-06	2.504701e-06	5.175494e-09	1.878693e+01	3.353631e+02
3.740000e-06	2.541227e-06	5.268379e-09	1.906089e+01	3.418045e+02
3.750000e-06	2.577752e-06	5.357917e-09	1.933486e+01	3.481247e+02
3.760000e-06	2.614263e-06	5.447339e-09	1.960871e+01	3.543242e+02
3.770000e-06	2.650796e-06	5.540335e-09	1.988273e+01	3.604037e+02
3.780000e-06	2.687244e-06	5.630317e-09	2.015612e+01	3.663645e+02
3.790000e-06	2.723653e-06	5.720023e-09	2.042921e+01	3.722082e+02
3.800000e-06	2.760044e-06	5.805762e-09	2.070216e+01	3.779365e+02
3.810000e-06	2.796329e-06	5.890674e-09	2.097433e+01	3.835516e+02
3.820000e-06	2.832565e-06	5.977911e-09	2.124612e+01	3.890559e+02
3.830000e-06	2.868757e-06	6.063266e-09	2.151759e+01	3.944519e+02
3.840000e-06	2.904872e-06	6.147273e-09	2.178847e+01	3.997424e+02
3.850000e-06	2.940913e-06	6.223146e-09	2.205881e+01	4.049301e+02
3.860000e-06	2.976908e-06	6.296848e-09	2.232879e+01	4.100181e+02
3.870000e-06	3.012779e-06	6.369078e-09	2.259785e+01	4.150090e+02
3.880000e-06	3.048576e-06	6.439052e-09	2.286635e+01	4.199058e+02
3.890000e-06	3.084387e-06	6.508687e-09	2.313495e+01	4.247111e+02
3.900000e-06	3.120064e-06	6.579336e-09	2.340256e+01	4.294275e+02
3.910000e-06	3.155569e-06	6.653668e-09	2.366886e+01	4.340574e+02
3.920000e-06	3.191086e-06	6.723882e-09	2.393526e+01	4.386030e+02
3.930000e-06	3.226464e-06	6.789992e-09	2.420063e+01	4.430664e+02
3.940000e-06	3.261511e-06	6.852833e-09	2.446350e+01	4.474493e+02
3.950000e-06	3.296387e-06	6.913341e-09	2.472509e+01	4.517535e+02
3.960000e-06	3.331236e-06	6.975578e-09	2.498649e+01	4.559804e+02
3.970000e-06	3.365997e-06	7.038273e-09	2.524721e+01	4.601314e+02
3.980000e-06	3.400725e-06	7.103492e-09	2.550770e+01	4.642078e+02
3.990000e-06	3.435330e-06	7.167043e-09	2.576726e+01	4.682108e+02
4.000000e-06	3.469586e-06	7.229667e-09	2.602420e+01	4.721416e+02
4.010000e-06	3.503736e-06	7.292921e-09	2.628035e+01	4.760014e+02
4.020000e-06	3.537823e-06	7.347868e-09	2.653602e+01	4.797917e+02
4.030000e-06	3.571743e-06	7.397892e-09	2.679045e+01	4.835138e+02
4.040000e-06	3.605546e-06	7.447910e-09	2.704399e+01	4.871693e+02
4.050000e-06	3.639126e-06	7.500532e-09	2.729587e+01	4.907600e+02
4.060000e-06	3.672526e-06	7.552775e-09	2.754639e+01	4.942877e+02
4.070000e-06	3.705897e-06	7.598945e-09	2.779669e+01	4.977544e+02
4.080000e-06	3.739155e-06	7.645030e-09	2.804615e+01	5.011624e+02
4.090000e-06	3.772287e-06	7.697467e-09	2.829466e+01	5.045140e+02
4.100000e-06	3.805261e-06	7.751124e-09	2.854199e+01	5.078114e+02
4.110000e-06	3.838089e-06	7.801130e-09	2.878822e+01	5.110573e+02
4.120000e-06	3.870901e-06	7.849462e-09	2.903433e+01	5.142539e+02
4.130000e-06	3.903688e-06	7.894776e-09	2.928026e+01	5.174036e+02
4.140000e-06	3.936522e-06	7.939135e-09	2.952653e+01	5.205087e+02
4.150000e-06	3.969260e-06	7.983148e-09	2.977209e+01	5.235713e+02
4.160000e-06	4.001838e-06	8.026377e-09	3.001644e+01	5.265934e+02
4.170000e-06	4.034305e-06	8.070806e-09	3.025997e+01	5.295765e+02
4.180000e-06	4.066717e-06	8.114864e-09	3.050308e+01	5.325221e+02
4.190000e-06	4.099117e-06	8.159687e-09	3.074610e+01	5.354314e+02
4.200000e-06	4.131350e-06	8.202006e-09	3.098787e+01	5.383053e+02
4.210000e-06	4.163537e-06	8.240514e-09	3.122930e+01	5.411442e+02
4.220000e-06	4.195673e-06	8.279248e-09	3.147034e+01	5.439486e+02
4.230000e-06	4.227736e-06	8.317939e-09	3.171083e+01	5.467185e+02
4.240000e-06	4.259747e-06	8.354703e-09	3.195094e+01	5.494539e+02
4.250000e-06	4.291605e-06	8.395209e-09	3.218989e+01	5.521545e+02
4.260000e-06	4.323260e-06	8.439027e-09	3.242732e+01	5.548198e+02
4.270000e-06	4.354776e-06	8.479384e-09	3.266372e+01	5.574495e+02
4.280000e-06	4.386255e-06	8.519300e-09	3.289983e+01	5.600431e+02
4.290000e-06	4.417633e-06	8.558425e-09	3.313518e+01	5.626000e+02
4.300000e-06	4.448848e-06	8.596523e-09	3.336932e+01	5.651198e+02
4.310000e-06	4.479827e-06	8.635758e-09	3.360168e+01	5.676023e+02
4.320000e-06	4.510759e-06	8.670206e-09	3.383369e+01	5.700472e+02
4.330000e-06	4.541664e-06	8.700898e-09	3.406550e+01	5.724542e+02
4.340000e-06	4.572395e-06	8.735500e-09	3.429600e+01	5.748236e+02
4.350000e-06	4.603021e-06	8.771882e-09	3.452572e+01	5.771552e+02
4.360000e-06	4.633532e-06	8.805551e-09	3.475457e+01	5.794494e+02
4.370000e-06	4.663957e-06	8.835855e-09	3.498278e+01	5.817064e+02
4.380000e-06	4.694290e-06	8.863458e-09	3.521030e+01	5.839265e+02
4.390000e-06	4.724580e-06	8.894164e-09	3.543749e+01	5.861102e+02
4.400000e-06	4.754941e-06	8.925062e-09	3.566522e+01	5.882577e+02
4.410000e-06	4.785159e-06	8.952796e-09	3.589187e+01	5.903694e+02
4.420000e-06	4.815158e-06	8.983859e-09	3.611689e+01	5.924455e+02
4.430000e-06	4.845114e-06	9.015492e-09	3.634157e+01	5.944864e+02
4.440000e-06	4.874829e-06	9.046691e-09	3.656446e+01	5.964920e+02
4.450000e-06	4.904317e-06	9.076592e-09	3.678564e+01	5.984625e+02
4.460000e-06	4.933785e-06	9.105349e-09	3.700667e+01	6.003977e+02
4.470000e-06	4.963200e-06	9.133611e-09	3.722730e+01	6.022977e+02
4.480000e-06	4.992571e-06	9.156429e-09	3.744760e+01	6.041620e+02
4.490000e-06	5.021783e-06	9.177106e-09	3.766671e+01	6.059906e+02
4.500000e-06	5.050816e-06	9.197242e-09	3.788448e+01	6.077832e+02
4.510000e-06	5.079722e-06	9.217994e-09	3.810129e+01	6.095395e+02
4.520000e-06	5.108507e-06	9.241053e-09	3.831720e+01	6.112594e+02
4.530000e-06	5.137270e-06	9.267562e-09	3.853294e+01	6.129428e+02
4.540000e-06	5.165944e-06	9.294632e-09	3.874802e+01	6.145896e+02
4.550000e-06	5.194544e-06	9.316479e-09	3.896254e+01	6.162001e+02
4.560000e-06	5.223096e-06	9.335695e-09	3.917670e+01	6.177745e+02
4.570000e-06	5.251545e-06	9.354955e-09	3.939008e+01	6.193133e+02
4.580000e-06	5.279910e-06	9.376051e-09	3.960283e+01	6.208172e+02
4.590000e-06	5.308162e-06	9.395174e-09	3.981474e+01	6.222869e+02
4.600000e-06	5.336355e-06	9.411470e-09	4.002621e+01	6.237234e+02
4.610000e-06	5.364583e-06	9.432605e-09	4.023794e+01	6.251278e+02
4.620000e-06	5.392694e-06	9.458737e-09	4.044879e+01	6.265014e+02
4.630000e-06	5.420472e-06	9.485674e-09	4.065715e+01	6.278456e+02
4.640000e-06	5.448113e-06	9.503085e-09	4.086447e+01	6.291616e+02
4.650000e-06	5.475737e-06	9.516232e-09	4.107167e+01	6.304511e+02
4.660000e-06	5.502943e-06	9.534929e-09	4.127573e+01	6.317155e+02
4.670000e-06	5.529643e-06	9.550270e-09	4.147600e+01	6.329562e+02
4.680000e-06	5.556117e-06	9.566371e-09	4.167457e+01	6.341747e+02
4.690000e-06	5.582447e-06	9.578461e-09	4.187206e+01	6.353724e+02
4.700000e-06	5.608619e-06	9.595485e-09	4.206837e+01	6.365505e+02
4.710000e-06	5.634439e-06	9.620972e-09	4.226204e+01	6.377104e+02
4.720000e-06	5.660026e-06	9.639007e-09	4.245396e+01	6.388532e+02
4.730000e-06	5.685580e-06	9.655442e-09	4.264563e+01	6.399801e+02
4.740000e-06	5.710892e-06	9.666182e-09	4.283549e+01	6.410919e+02
4.750000e-06	5.736019e-06	9.678419e-09	4.302395e+01	6.421899e+02
4.760000e-06	5.761023e-06	9.688333e-09	4.321150e+01	6.432747e+02
4.770000e-06	5.785741e-06	9.698199e-09	4.339691e+01	6.443475e+02
4.780000e-06	5.810347e-06	9.718718e-09	4.358147e+01	6.454091e+02
4.790000e-06	5.834914e-06	9.743749e-09	4.376573e+01	6.464604e+02
4.800000e-06	5.859382e-06	9.771359e-09	4.394926e+01	6.475022e+02
4.810000e-06	5.883821e-06	9.788614e-09	4.413257e+01	6.485356e+02
4.820000e-06	5.908127e-06	9.802072e-09	4.431488e+01	6.495613e+02
4.830000e-06	5.932255e-06	9.810712e-09	4.449586e+01	6.505804e+02
4.840000e-06	5.956195e-06	9.816012e-09	4.467542e+01	6.515937e+02
4.850000e-06	5.979973e-06	9.824695e-09	4.485378e+01	6.526022e+02
4.860000e-06	6.003612e-06	9.832350e-09	4.503109e+01	6.536066e+02
4.870000e-06	6.027052e-06	9.856298e-09	4.520689e+01	6.546078e+02
4.880000e-06	6.050307e-06	9.886575e-09	4.538132e+01	6.556065e+02
4.890000e-06	6.073527e-06	9.910769e-09	4.555549e+01	6.566031e+02
4.900000e-06	6.096551e-06	9.928922e-09	4.572819e+01	6.575983e+02
4.910000e-06	6.119349e-06	9.939918e-09	4.589919e+01	6.585923e+02
4.920000e-06	6.142088e-06	9.950362e-09	4.606974e+01	6.595854e+02
4.930000e-06	6.164712e-06	9.956619e-09	4.623944e+01	6.605774e+02
4.940000e-06	6.187221e-06	9.964090e-09	4.640827e+01	6.615682e+02
4.950000e-06	6.209637e-06	9.978672e-09	4.657641e+01	6.625576e+02
4.960000e-06	6.231829e-06	1.000113e-08	4.674286e+01	6.635450e+02
4.970000e-06	6.253831e-06	1.002281e-08	4.690789e+01	6.645298e+02
4.980000e-06	6.275701e-06	1.004101e-08	4.707193e+01	6.655112e+02
4.990000e-06	6.297399e-06	1.006064e-08	4.723468e+01	6.664885e+02
5.000000e-06	6.318943e-06	1.007569e-08	4.739627e+01	6.674607e+02
5.010000e-06	6.340295e-06	1.008603e-08	4.755643e+01	6.684268e+02
5.020000e-06	6.361442e-06	1.009234e-08	4.771504e+01	6.693858e+02
5.030000e-06	6.382371e-06	1.010035e-08	4.787203e+01	6.703368e+02
5.040000e-06	6.403187e-06	1.011268e-08	4.802816e+01	6.712789e+02
5.050000e-06	6.423895e-06	1.012874e-08	4.818348e+01	6.722110e+02
5.060000e-06	6.444553e-06	1.014919e-08	4.833844e+01	6.731324e+02
5.070000e-06	6.465174e-06	1.016868e-08	4.849310e+01	6.740423e+02
5.080000e-06	6.485679e-06	1.018764e-08	4.864690e+01	6.749399e+02
5.090000e-06	6.506071e-06	1.020465e-08	4.879986e+01	6.758246e+02
5.100000e-06	6.526436e-06	1.021766e-08	4.895261e+01	6.766957e+02
5.110000e-06	6.546698e-06	1.022402e-08	4.910459e+01	6.775528e+02
5.120000e-06	6.566799e-06	1.022899e-08	4.925536e+01	6.783953e+02
5.130000e-06	6.586836e-06	1.024060e-08	4.940565e+01	6.792226e+02
5.140000e-06	6.606746e-06	1.025643e-08	4.955499e+01	6.800344e+02
5.150000e-06	6.626325e-06	1.027134e-08	4.970185e+01	6.808300e+02
5.160000e-06	6.645670e-06	1.028436e-08	4.984695e+01	6.816091e+02
5.170000e-06	6.664764e-06	1.029844e-08	4.999016e+01	6.823710e+02
5.180000e-06	6.683648e-06	1.031273e-08	5.013181e+01	6.831154e+02
5.190000e-06	6.702495e-06	1.032312e-08	5.027317e+01	6.838415e+02
5.200000e-06	6.721046e-06	1.032827e-08	5.041232e+01	6.845490e+02
5.210000e-06	6.739361e-06	1.033067e-08	5.054969e+01	6.852373e+02
5.220000e-06	6.757556e-06	1.033854e-08	5.068616e+01	6.859059e+02
5.230000e-06	6.775539e-06	1.034860e-08	5.082105e+01	6.865545e+02
5.240000e-06	6.793472e-06	1.035619e-08	5.095556e+01	6.871828e+02
5.250000e-06	6.811463e-06	1.036456e-08	5.109050e+01	6.877906e+02
5.260000e-06	6.829236e-06	1.037346e-08	5.122381e+01	6.883778e+02
5.270000e-06	6.846789e-06	1.038120e-08	5.135547e+01	6.889446e+02
5.280000e-06	6.864310e-06	1.038526e-08	5.148689e+01	6.894913e+02
5.290000e-06	6.881603e-06	1.038906e-08	5.161660e+01	6.900183e+02
5.300000e-06	6.898708e-06	1.039132e-08	5.174490e+01	6.905264e+02
5.310000e-06	6.915460e-06	1.039766e-08	5.187055e+01	6.910164e+02
5.320000e-06	6.932049e-06	1.040834e-08	5.199498e+01	6.914894e+02
5.330000e-06	6.948696e-06	1.041933e-08	5.211984e+01	6.919466e+02
5.340000e-06	6.964898e-06	1.043098e-08	5.224137e+01	6.923894e+02
5.350000e-06	6.980704e-06	1.043732e-08	5.235993e+01	6.928193e+02
5.360000e-06	6.996333e-06	1.044347e-08	5.247715e+01	6.932379e+02
5.370000e-06	7.011660e-06	1.045099e-08	5.259211e+01	6.936468e+02
5.380000e-06	7.026773e-06	1.046097e-08	5.270547e+01	6.940476e+02
5.390000e-06	7.041821e-06	1.046821e-08	5.281834e+01	6.944420e+02
5.400000e-06	7.056643e-06	1.046964e-08	5.292951e+01	6.948316e+02
5.410000e-06	7.071221e-06	1.047268e-08	5.303886e+01	6.952179e+02
5.420000e-06	7.085598e-06	1.047397e-08	5.314669e+01	6.956022e+02
5.430000e-06	7.099824e-06	1.047673e-08	5.325340e+01	6.959858e+02
5.440000e-06	7.113963e-06	1.048078e-08	5.335945e+01	6.963699e+02
5.450000e-06	7.127930e-06	1.048744e-08	5.346421e+01	6.967554e+02
5.460000e-06	7.141603e-06	1.049973e-08	5.356677e+01	6.971432e+02
5.470000e-06	7.155094e-06	1.050962e-08	5.366797e+01	6.975340e+02
5.480000e-06	7.168257e-06	1.051473e-08	5.376669e+01	6.979284e+02
5.490000e-06	7.181137e-06	1.051715e-08	5.386331e+01	6.983267e+02
5.500000e-06	7.194170e-06	1.052313e-08	5.396106e+01	6.987295e+02
5.510000e-06	7.207095e-06	1.053163e-08	5.405801e+01	6.991369e+02
5.520000e-06	7.219679e-06	1.053799e-08	5.415239e+01	6.995491e+02
5.530000e-06	7.232160e-06	1.054555e-08	5.424601e+01	6.999663e+02
5.540000e-06	7.244487e-06	1.055652e-08	5.433847e+01	7.003885e+02
5.550000e-06	7.256595e-06	1.056966e-08	5.442929e+01	7.008157e+02
5.560000e-06	7.268418e-06	1.057926e-08	5.451797e+01	7.012479e+02
5.570000e-06	7.279970e-06	1.058862e-08	5.460462e+01	7.016850e+02
5.580000e-06	7.291405e-06	1.060054e-08	5.469039e+01	7.021268e+02
5.590000e-06	7.302638e-06	1.061083e-08	5.477464e+01	7.025731e+02
5.600000e-06	7.313458e-06	1.061943e-08	5.485580e+01	7.030235e+02
5.610000e-06	7.323867e-06	1.062528e-08	5.493387e+01	7.034775e+02
5.620000e-06	7.333949e-06	1.062889e-08	5.500949e+01	7.039346e+02
5.630000e-06	7.343667e-06	1.063412e-08	5.508239e+01	7.043941e+02
5.640000e-06	7.353099e-06	1.064376e-08	5.515313e+01	7.048550e+02
5.650000e-06	7.362300e-06	1.065716e-08	5.522214e+01	7.053164e+02
5.660000e-06	7.371385e-06	1.067155e-08	5.529029e+01	7.057770e+02
5.670000e-06	7.380301e-06	1.068399e-08	5.535717e+01	7.062355e+02
5.680000e-06	7.389038e-06	1.069205e-08	5.542270e+01	7.066906e+02
5.690000e-06	7.397721e-06	1.069833e-08	5.548783e+01	7.071407e+02
5.700000e-06	7.406247e-06	1.070548e-08	5.555178e+01	7.075842e+02
5.710000e-06	7.414646e-06	1.071270e-08	5.561478e+01	7.080195e+02
5.720000e-06	7.422990e-06	1.071847e-08	5.567736e+01	7.084450e+02
5.730000e-06	7.431123e-06	1.072489e-08	5.573837e+01	7.088591e+02
5.740000e-06	7.439030e-06	1.073486e-08	5.579767e+01	7.092603e+02
5.750000e-06	7.446808e-06	1.074492e-08	5.585601e+01	7.096473e+02
5.760000e-06	7.454454e-06	1.075081e-08	5.591336e+01	7.100190e+02
5.770000e-06	7.461975e-06	1.075129e-08	5.596977e+01	7.103743e+02
5.780000e-06	7.469331e-06	1.075099e-08	5.602495e+01	7.107126e+02
5.790000e-06	7.476318e-06	1.075460e-08	5.607736e+01	7.110333e+02
5.800000e-06	7.483149e-06	1.075942e-08	5.612860e+01	7.113362e+02
5.810000e-06	7.489913e-06	1.076332e-08	5.617933e+01	7.116211e+02
5.820000e-06	7.496475e-06	1.076366e-08	5.622855e+01	7.118883e+02
5.830000e-06	7.502889e-06	1.076484e-08	5.627666e+01	7.121380e+02
5.840000e-06	7.509061e-06	1.077328e-08	5.632295e+01	7.123708e+02
5.850000e-06	7.515066e-06	1.078179e-08	5.636799e+01	7.125873e+02
5.860000e-06	7.520866e-06	1.078873e-08	5.641150e+01	7.127881e+02
5.870000e-06	7.526464e-06	1.079796e-08	5.645348e+01	7.129738e+02
5.880000e-06	7.531857e-06	1.080382e-08	5.649394e+01	7.131453e+02
5.890000e-06	7.537009e-06	1.080457e-08	5.653258e+01	7.133029e+02
5.900000e-06	7.541852e-06	1.079709e-08	5.656890e+01	7.134473e+02
5.910000e-06	7.546510e-06	1.078821e-08	5.660384e+01	7.135787e+02
5.920000e-06	7.551136e-06	1.078318e-08	5.663854e+01	7.136976e+02
5.930000e-06	7.555667e-06	1.078123e-08	5.667253e+01	7.138038e+02
5.940000e-06	7.560147e-06	1.078771e-08	5.670613e+01	7.138975e+02
5.950000e-06	7.564597e-06	1.079487e-08	5.673951e+01	7.139785e+02
5.960000e-06	7.568906e-06	1.080299e-08	5.677183e+01	7.140466e+02
5.970000e-06	7.573081e-06	1.081126e-08	5.680315e+01	7.141016e+02
5.980000e-06	7.577153e-06	1.081530e-08	5.683368e+01	7.141432e+02
5.990000e-06	7.580870e-06	1.081234e-08	5.686157e+01	7.141713e+02
6.000000e-06	7.584324e-06	1.080444e-08	5.688747e+01	7.141858e+02
6.010000e-06	7.587565e-06	1.079981e-08	5.691178e+01	7.141868e+02
6.020000e-06	7.590387e-06	1.079738e-08	5.693295e+01	7.141747e+02
6.030000e-06	7.592864e-06	1.080031e-08	5.695153e+01	7.141500e+02
6.040000e-06	7.595155e-06	1.080487e-08	5.696871e+01	7.141136e+02
6.050000e-06	7.597178e-06	1.081094e-08	5.698388e+01	7.140665e+02
6.060000e-06	7.598842e-06	1.081508e-08	5.699637e+01	7.140102e+02
6.070000e-06	7.600108e-06	1.080929e-08	5.700586e+01	7.139464e+02
6.080000e-06	7.601117e-06	1.080433e-08	5.701343e+01	7.138770e+02
6.090000e-06	7.602060e-06	1.079997e-08	5.702050e+01	7.138043e+02
6.100000e-06	7.602870e-06	1.079610e-08	5.702658e+01	7.137306e+02
6.110000e-06	7.603518e-06	1.079031e-08	5.703144e+01	7.136584e+02
6.120000e-06	7.604038e-06	1.078863e-08	5.703534e+01	7.135901e+02
6.130000e-06	7.604466e-06	1.079620e-08	5.703855e+01	7.135284e+02
6.140000e-06	7.604731e-06	1.080640e-08	5.704054e+01	7.134757e+02
6.150000e-06	7.604829e-06	1.081382e-08	5.704127e+01	7.134341e+02
6.160000e-06	7.604859e-06	1.081280e-08	5.704150e+01	7.134058e+02
6.170000e-06	7.604776e-06	1.081314e-08	5.704088e+01	7.133924e+02
6.180000e-06	7.604512e-06	1.081432e-08	5.703890e+01	7.133954e+02
6.190000e-06	7.603936e-06	1.082094e-08	5.703457e+01	7.134157e+02
6.200000e-06	7.603059e-06	1.084298e-08	5.702800e+01	7.134540e+02
6.210000e-06	7.602045e-06	1.091129e-08	5.702039e+01	7.135104e+02
6.220000e-06	7.600843e-06	1.094095e-08	5.701137e+01	7.135847e+02
6.230000e-06	7.599536e-06	1.096523e-08	5.700157e+01	7.136761e+02
6.240000e-06	7.598104e-06	1.085861e-08	5.699083e+01	7.137836e+02
6.250000e-06	7.596327e-06	1.052466e-08	5.697750e+01	7.139057e+02
6.260000e-06	7.594269e-06	1.064231e-08	5.696207e+01	7.140406e+02
6.270000e-06	7.591986e-06	1.086781e-08	5.694494e+01	7.141861e+02
6.280000e-06	7.589500e-06	1.068887e-08	5.692629e+01	7.143400e+02
6.290000e-06	7.586916e-06	1.064421e-08	5.690691e+01	7.144996e+02
6.300000e-06	7.584124e-06	1.102229e-08	5.688597e+01	7.146623e+02
6.310000e-06	7.581139e-06	1.119936e-08	5.686358e+01	7.148252e+02
6.320000e-06	7.578069e-06	1.101093e-08	5.684056e+01	7.149854e+02
6.330000e-06	7.574862e-06	1.103938e-08	5.681650e+01	7.151400e+02
6.340000e-06	7.571466e-06	1.103327e-08	5.679103e+01	7.152860e+02
6.350000e-06	7.568064e-06	1.084088e-08	5.676551e+01	7.154206e+02
6.360000e-06	7.564655e-06	1.078203e-08	5.673994e+01	7.155410e+02
6.370000e-06	7.561098e-06	1.102424e-08	5.671326e+01	7.156445e+02
6.380000e-06	7.557415e-06	1.104419e-08	5.668564e+01	7.157284e+02
6.390000e-06	7.553535e-06	1.074422e-08	5.665653e+01	7.157904e+02
6.400000e-06	7.549483e-06	1.079893e-08	5.662614e+01	7.158281e+02
6.410000e-06	7.545247e-06	1.105779e-08	5.659437e+01	7.158394e+02
6.420000e-06	7.540837e-06	1.102289e-08	5.656129e+01	7.158225e+02
6.430000e-06	7.536127e-06	1.079021e-08	5.652596e+01	7.157757e+02
6.440000e-06	7.530922e-06	1.087215e-08	5.648692e+01	7.156977e+02
6.450000e-06	7.525412e-06	1.108867e-08	5.644560e+01	7.155874e+02
6.460000e-06	7.519636e-06	1.098794e-08	5.640227e+01	7.154440e+02
6.470000e-06	7.513545e-06	1.089067e-08	5.635658e+01	7.152671e+02
6.480000e-06	7.507145e-06	1.090259e-08	5.630858e+01	7.150567e+02
6.490000e-06	7.500499e-06	1.090746e-08	5.625873e+01	7.148131e+02
6.500000e-06	7.493632e-06	1.091897e-08	5.620722e+01	7.145371e+02
6.510000e-06	7.486492e-06	1.094967e-08	5.615367e+01	7.142297e+02
6.520000e-06	7.479198e-06	1.092278e-08	5.609896e+01	7.138924e+02
6.530000e-06	7.471748e-06	1.086340e-08	5.604308e+01	7.135272e+02
6.540000e-06	7.464175e-06	1.093538e-08	5.598627e+01	7.131362e+02
6.550000e-06	7.456530e-06	1.095119e-08	5.592893e+01	7.127219e+02
6.560000e-06	7.448745e-06	1.087094e-08	5.587054e+01	7.122871e+02
6.570000e-06	7.440777e-06	1.083505e-08	5.581077e+01	7.118346e+02
6.580000e-06	7.432617e-06	1.084183e-08	5.574957e+01	7.113676e+02
6.590000e-06	7.424344e-06	1.088894e-08	5.568752e+01	7.108889e+02
6.600000e-06	7.416055e-06	1.090916e-08	5.562535e+01	7.104018e+02
6.610000e-06	7.407446e-06	1.087720e-08	5.556077e+01	7.099090e+02
6.620000e-06	7.398555e-06	1.081228e-08	5.549408e+01	7.094132e+02
6.630000e-06	7.389484e-06	1.084688e-08	5.542604e+01	7.089169e+02
6.640000e-06	7.380192e-06	1.089809e-08	5.535634e+01	7.084222e+02
6.650000e-06	7.370784e-06	1.082568e-08	5.528578e+01	7.079309e+02
6.660000e-06	7.361105e-06	1.077600e-08	5.521318e+01	7.074443e+02
6.670000e-06	7.351194e-06	1.079629e-08	5.513884e+01	7.069635e+02
6.680000e-06	7.341292e-06	1.084449e-08	5.506457e+01	7.064889e+02
6.690000e-06	7.331306e-06	1.082779e-08	5.498967e+01	7.060207e+02
6.700000e-06	7.320983e-06	1.077235e-08	5.491224e+01	7.055587e+02
6.710000e-06	7.310374e-06	1.075918e-08	5.483267e+01	7.051026e+02
6.720000e-06	7.299585e-06	1.078454e-08	5.475174e+01	7.046515e+02
6.730000e-06	7.288666e-06	1.079288e-08	5.466984e+01	7.042046e+02
6.740000e-06	7.277563e-06	1.073690e-08	5.458656e+01	7.037608e+02
6.750000e-06	7.266215e-06	1.072527e-08	5.450145e+01	7.033193e+02
6.760000e-06	7.254642e-06	1.074234e-08	5.441464e+01	7.028790e+02
6.770000e-06	7.243008e-06	1.074930e-08	5.432738e+01	7.024390e+02
6.780000e-06	7.231195e-06	1.075368e-08	5.423877e+01	7.019989e+02
6.790000e-06	7.219079e-06	1.072780e-08	5.414790e+01	7.015579e+02
6.800000e-06	7.206811e-06	1.070808e-08	5.405587e+01	7.011160e+02
6.810000e-06	7.194261e-06	1.071296e-08	5.396174e+01	7.006732e+02
6.820000e-06	7.181395e-06	1.072779e-08	5.386524e+01	7.002298e+02
6.830000e-06	7.168279e-06	1.069949e-08	5.376686e+01	6.997861e+02
6.840000e-06	7.154908e-06	1.066630e-08	5.366657e+01	6.993429e+02
6.850000e-06	7.141359e-06	1.067475e-08	5.356494e+01	6.989010e+02
6.860000e-06	7.127534e-06	1.069291e-08	5.346124e+01	6.984612e+02
6.870000e-06	7.113416e-06	1.068449e-08	5.335535e+01	6.980244e+02
6.880000e-06	7.098949e-06	1.064118e-08	5.324684e+01	6.975912e+02
6.890000e-06	7.084169e-06	1.063415e-08	5.313598e+01	6.971624e+02
6.900000e-06	7.069192e-06	1.064771e-08	5.302364e+01	6.967382e+02
6.910000e-06	7.054045e-06	1.064619e-08	5.291003e+01	6.963189e+02
6.920000e-06	7.038748e-06	1.063410e-08	5.279529e+01	6.959042e+02
6.930000e-06	7.023276e-06	1.062308e-08	5.267924e+01	6.954937e+02
6.940000e-06	7.007726e-06	1.063491e-08	5.256260e+01	6.950865e+02
6.950000e-06	6.992092e-06	1.063252e-08	5.244534e+01	6.946815e+02
6.960000e-06	6.976299e-06	1.061788e-08	5.232688e+01	6.942771e+02
6.970000e-06	6.960303e-06	1.059325e-08	5.220690e+01	6.938716e+02
6.980000e-06	6.944207e-06	1.057406e-08	5.208617e+01	6.934630e+02
6.990000e-06	6.928065e-06	1.057353e-08	5.196510e+01	6.930492e+02
7.000000e-06	6.911684e-06	1.057240e-08	5.184223e+01	6.926281e+02
7.010000e-06	6.895061e-06	1.056722e-08	5.171754e+01	6.921976e+02
7.020000e-06	6.878307e-06	1.055275e-08	5.159188e+01	6.917554e+02
7.030000e-06	6.861262e-06	1.055461e-08	5.146403e+01	6.912998e+02
7.040000e-06	6.844028e-06	1.056070e-08	5.133476e+01	6.908290e+02
7.050000e-06	6.826714e-06	1.055373e-08	5.120489e+01	6.903416e+02
7.060000e-06	6.809228e-06	1.053626e-08	5.107374e+01	6.898365e+02
7.070000e-06	6.791587e-06	1.051827e-08	5.094142e+01	6.893130e+02
7.080000e-06	6.773860e-06	1.051795e-08	5.080845e+01	6.887705e+02
7.090000e-06	6.756037e-06	1.051191e-08	5.067477e+01	6.882090e+02
7.100000e-06	6.737904e-06	1.050209e-08	5.053876e+01	6.876287e+02
7.110000e-06	6.719578e-06	1.049272e-08	5.040130e+01	6.870299e+02
7.120000e-06	6.701075e-06	1.048652e-08	5.026252e+01	6.864133e+02
7.130000e-06	6.682415e-06	1.048254e-08	5.012255e+01	6.857796e+02
7.140000e-06	6.663606e-06	1.046920e-08	4.998148e+01	6.851296e+02
7.150000e-06	6.644524e-06	1.045434e-08	4.983835e+01	6.844641e+02
7.160000e-06	6.625384e-06	1.043697e-08	4.969479e+01	6.837839e+02
7.170000e-06	6.606112e-06	1.043033e-08	4.955023e+01	6.830896e+02
7.180000e-06	6.586715e-06	1.042368e-08	4.940474e+01	6.823817e+02
7.190000e-06	6.567323e-06	1.040995e-08	4.925929e+01	6.816604e+02
7.200000e-06	6.547821e-06	1.039857e-08	4.911301e+01	6.809257e+02
7.210000e-06	6.528168e-06	1.039064e-08	4.896560e+01	6.801777e+02
7.220000e-06	6.508439e-06	1.039354e-08	4.881762e+01	6.794159e+02
7.230000e-06	6.488631e-06	1.038652e-08	4.866905e+01	6.786400e+02
7.240000e-06	6.468648e-06	1.036951e-08	4.851916e+01	6.778492e+02
7.250000e-06	6.448489e-06	1.035058e-08	4.836796e+01	6.770431e+02
7.260000e-06	6.428093e-06	1.033380e-08	4.821497e+01	6.762210e+02
7.270000e-06	6.407470e-06	1.032309e-08	4.806028e+01	6.753824e+02
7.280000e-06	6.386624e-06	1.030746e-08	4.790393e+01	6.745268e+02
7.290000e-06	6.365512e-06	1.029321e-08	4.774557e+01	6.736540e+02
7.300000e-06	6.344151e-06	1.028565e-08	4.758535e+01	6.727642e+02
7.310000e-06	6.322594e-06	1.027977e-08	4.742366e+01	6.718575e+02
7.320000e-06	6.300675e-06	1.026886e-08	4.725925e+01	6.709345e+02
7.330000e-06	6.278486e-06	1.025128e-08	4.709282e+01	6.699962e+02
7.340000e-06	6.256016e-06	1.023488e-08	4.692428e+01	6.690438e+02
7.350000e-06	6.233210e-06	1.021899e-08	4.675322e+01	6.680786e+02
7.360000e-06	6.210210e-06	1.019760e-08	4.658070e+01	6.671024e+02
7.370000e-06	6.187058e-06	1.017787e-08	4.640705e+01	6.661169e+02
7.380000e-06	6.163813e-06	1.016090e-08	4.623270e+01	6.651241e+02
7.390000e-06	6.140417e-06	1.015023e-08	4.605721e+01	6.641259e+02
7.400000e-06	6.116917e-06	1.014522e-08	4.588095e+01	6.631243e+02
7.410000e-06	6.093397e-06	1.013727e-08	4.570453e+01	6.621211e+02
7.420000e-06	6.069793e-06	1.012618e-08	4.552749e+01	6.611177e+02
7.430000e-06	6.046053e-06	1.010894e-08	4.534942e+01	6.601157e+02
7.440000e-06	6.022301e-06	1.008530e-08	4.517126e+01	6.591160e+02
7.450000e-06	5.998362e-06	1.005100e-08	4.499170e+01	6.581194e+02
7.460000e-06	5.974175e-06	1.001665e-08	4.481029e+01	6.571262e+02
7.470000e-06	5.949992e-06	9.997514e-09	4.462890e+01	6.561366e+02
7.480000e-06	5.925622e-06	9.993537e-09	4.444610e+01	6.551502e+02
7.490000e-06	5.900998e-06	9.993016e-09	4.426141e+01	6.541665e+02
7.500000e-06	5.876217e-06	9.985380e-09	4.407554e+01	6.531845e+02
7.510000e-06	5.851255e-06	9.976608e-09	4.388830e+01	6.522033e+02
7.520000e-06	5.826228e-06	9.964050e-09	4.370059e+01	6.512216e+02
7.530000e-06	5.801111e-06	9.942313e-09	4.351219e+01	6.502381e+02
7.540000e-06	5.775898e-06	9.913272e-09	4.332307e+01	6.492514e+02
7.550000e-06	5.750520e-06	9.886103e-09	4.313272e+01	6.482602e+02
7.560000e-06	5.724955e-06	9.870215e-09	4.294097e+01	6.472633e+02
7.570000e-06	5.699258e-06	9.864077e-09	4.274822e+01	6.462594e+02
7.580000e-06	5.673399e-06	9.861745e-09	4.255426e+01	6.452476e+02
7.590000e-06	5.647361e-06	9.859067e-09	4.235896e+01	6.442270e+02
7.600000e-06	5.621136e-06	9.853255e-09	4.216226e+01	6.431968e+02
7.610000e-06	5.594806e-06	9.834348e-09	4.196476e+01	6.421564e+02
7.620000e-06	5.568346e-06	9.806700e-09	4.176630e+01	6.411053e+02
7.630000e-06	5.541704e-06	9.779365e-09	4.156646e+01	6.400430e+02
7.640000e-06	5.514917e-06	9.755722e-09	4.136555e+01	6.389692e+02
7.650000e-06	5.487953e-06	9.741009e-09	4.116330e+01	6.378833e+02
7.660000e-06	5.460813e-06	9.731057e-09	4.095973e+01	6.367848e+02
7.670000e-06	5.433579e-06	9.726233e-09	4.075545e+01	6.356732e+02
7.680000e-06	5.406280e-06	9.718604e-09	4.055070e+01	6.345477e+02
7.690000e-06	5.378889e-06	9.702323e-09	4.034525e+01	6.334073e+02
7.700000e-06	5.351481e-06	9.683127e-09	4.013966e+01	6.322508e+02
7.710000e-06	5.324022e-06	9.654907e-09	3.993371e+01	6.310770e+02
7.720000e-06	5.296379e-06	9.627090e-09	3.972637e+01	6.298844e+02
7.730000e-06	5.268673e-06	9.606075e-09	3.951855e+01	6.286713e+02
7.740000e-06	5.240964e-06	9.591114e-09	3.931071e+01	6.274359e+02
7.750000e-06	5.213168e-06	9.575615e-09	3.910223e+01	6.261764e+02
7.760000e-06	5.185259e-06	9.557905e-09	3.889289e+01	6.248911e+02
7.770000e-06	5.157239e-06	9.542581e-09	3.868272e+01	6.235781e+02
7.780000e-06	5.129064e-06	9.523304e-09	3.847139e+01	6.222359e+02
7.790000e-06	5.100647e-06	9.500889e-09	3.825824e+01	6.208630e+02
7.800000e-06	5.072055e-06	9.475782e-09	3.804379e+01	6.194582e+02
7.810000e-06	5.043226e-06	9.453209e-09	3.782755e+01	6.180208e+02
7.820000e-06	5.014188e-06	9.430976e-09	3.760975e+01	6.165502e+02
7.830000e-06	4.985170e-06	9.408722e-09	3.739209e+01	6.150464e+02
7.840000e-06	4.955832e-06	9.389966e-09	3.717204e+01	6.135096e+02
7.850000e-06	4.926324e-06	9.370815e-09	3.695070e+01	6.119406e+02
7.860000e-06	4.896809e-06	9.349824e-09	3.672932e+01	6.103404e+02
7.870000e-06	4.866927e-06	9.324732e-09	3.650519e+01	6.087105e+02
7.880000e-06	4.836759e-06	9.298608e-09	3.627891e+01	6.070525e+02
7.890000e-06	4.806386e-06	9.271186e-09	3.605109e+01	6.053684e+02
7.900000e-06	4.775742e-06	9.237931e-09	3.582124e+01	6.036604e+02
7.910000e-06	4.744834e-06	9.208101e-09	3.558941e+01	6.019305e+02
7.920000e-06	4.713842e-06	9.181288e-09	3.535695e+01	6.001812e+02
7.930000e-06	4.682869e-06	9.153783e-09	3.512463e+01	5.984145e+02
7.940000e-06	4.651842e-06	9.127970e-09	3.489191e+01	5.966325e+02
7.950000e-06	4.620605e-06	9.106972e-09	3.465761e+01	5.948371e+02
7.960000e-06	4.589256e-06	9.084966e-09	3.442247e+01	5.930300e+02
7.970000e-06	4.557894e-06	9.059943e-09	3.418724e+01	5.912128e+02
7.980000e-06	4.526372e-06	9.031670e-09	3.395080e+01	5.893864e+02
7.990000e-06	4.494844e-06	9.000651e-09	3.371432e+01	5.875519e+02
8.000000e-06	4.463301e-06	8.971274e-09	3.347773e+01	5.857100e+02
8.010000e-06	4.431593e-06	8.942223e-09	3.323989e+01	5.838610e+02
8.020000e-06	4.399780e-06	8.914533e-09	3.300128e+01	5.820051e+02
8.030000e-06	4.367817e-06	8.886801e-09	3.276154e+01	5.801425e+02
8.040000e-06	4.335794e-06	8.860618e-09	3.252134e+01	5.782730e+02
8.050000e-06	4.303729e-06	8.830440e-09	3.228083e+01	5.763966e+02
8.060000e-06	4.271440e-06	8.795830e-09	3.203864e+01	5.745130e+02
8.070000e-06	4.239100e-06	8.761489e-09	3.179607e+01	5.726221e+02
8.080000e-06	4.206644e-06	8.731152e-09	3.155263e+01	5.707237e+02
8.090000e-06	4.174045e-06	8.705158e-09	3.130812e+01	5.688178e+02
8.100000e-06	4.141415e-06	8.677343e-09	3.106336e+01	5.669044e+02
8.110000e-06	4.108606e-06	8.650998e-09	3.081728e+01	5.649835e+02
8.120000e-06	4.075660e-06	8.624355e-09	3.057016e+01	5.630554e+02
8.130000e-06	4.042673e-06	8.595382e-09	3.032273e+01	5.611201e+02
8.140000e-06	4.009601e-06	8.563701e-09	3.007467e+01	5.591779e+02
8.150000e-06	3.976452e-06	8.529052e-09	2.982603e+01	5.572291e+02
8.160000e-06	3.943286e-06	8.498296e-09	2.957727e+01	5.552737e+02
8.170000e-06	3.910025e-06	8.471708e-09	2.932779e+01	5.533118e+02
8.180000e-06	3.876641e-06	8.448801e-09	2.907739e+01	5.513433e+02
8.190000e-06	3.843104e-06	8.426120e-09	2.882584e+01	5.493679e+02
8.200000e-06	3.809330e-06	8.395130e-09	2.857251e+01	5.473852e+02
8.210000e-06	3.775522e-06	8.362340e-09	2.831893e+01	5.453945e+02
8.220000e-06	3.741707e-06	8.326074e-09	2.806529e+01	5.433948e+02
8.230000e-06	3.707663e-06	8.287978e-09	2.780994e+01	5.413849e+02
8.240000e-06	3.673640e-06	8.252922e-09	2.755474e+01	5.393636e+02
8.250000e-06	3.639677e-06	8.219296e-09	2.729999e+01	5.373290e+02
8.260000e-06	3.605571e-06	8.191077e-09	2.704418e+01	5.352795e+02
8.270000e-06	3.571269e-06	8.165177e-09	2.678689e+01	5.332131e+02
8.280000e-06	3.536908e-06	8.142700e-09	2.652916e+01	5.311277e+02
8.290000e-06	3.502516e-06	8.117038e-09	2.627120e+01	5.290212e+02
8.300000e-06	3.467959e-06	8.086953e-09	2.601200e+01	5.268915e+02
8.310000e-06	3.433286e-06	8.059876e-09	2.575193e+01	5.247364e+02
8.320000e-06	3.398540e-06	8.029192e-09	2.549131e+01	5.225541e+02
8.330000e-06	3.363702e-06	7.992655e-09	2.523000e+01	5.203425e+02
8.340000e-06	3.328814e-06	7.954056e-09	2.496832e+01	5.181001e+02
8.350000e-06	3.293831e-06	7.918902e-09	2.470592e+01	5.158251e+02
8.360000e-06	3.258783e-06	7.884924e-09	2.444304e+01	5.135164e+02
8.370000e-06	3.223731e-06	7.851595e-09	2.418013e+01	5.111727e+02
8.380000e-06	3.188618e-06	7.819957e-09	2.391676e+01	5.087931e+02
8.390000e-06	3.153483e-06	7.785551e-09	2.365322e+01	5.063767e+02
8.400000e-06	3.118304e-06	7.753914e-09	2.338935e+01	5.039231e+02
8.410000e-06	3.082993e-06	7.716717e-09	2.312450e+01	5.014318e+02
8.420000e-06	3.047678e-06	7.671006e-09	2.285961e+01	4.989025e+02
8.430000e-06	3.012306e-06	7.622301e-09	2.259430e+01	4.963349e+02
8.440000e-06	2.976788e-06	7.575619e-09	2.232789e+01	4.937288e+02
8.450000e-06	2.941292e-06	7.539735e-09	2.206165e+01	4.910843e+02
8.460000e-06	2.905756e-06	7.505999e-09	2.179510e+01	4.884012e+02
8.470000e-06	2.870198e-06	7.471978e-09	2.152840e+01	4.856794e+02
8.480000e-06	2.834659e-06	7.440963e-09	2.126183e+01	4.829190e+02
8.490000e-06	2.799049e-06	7.406410e-09	2.099473e+01	4.801199e+02
8.500000e-06	2.763360e-06	7.363675e-09	2.072704e+01	4.772821e+02
8.510000e-06	2.727650e-06	7.313021e-09	2.045919e+01	4.744057e+02
8.520000e-06	2.691861e-06	7.261389e-09	2.019075e+01	4.714907e+02
8.530000e-06	2.655917e-06	7.212132e-09	1.992114e+01	4.685373e+02
8.540000e-06	2.619868e-06	7.167442e-09	1.965076e+01	4.655457e+02
8.550000e-06	2.583812e-06	7.126334e-09	1.938031e+01	4.625163e+02
8.560000e-06	2.547824e-06	7.084497e-09	1.911037e+01	4.594495e+02
8.570000e-06	2.511760e-06	7.044896e-09	1.883987e+01	4.563458e+02
8.580000e-06	2.475588e-06	7.003205e-09	1.856855e+01	4.532062e+02
8.590000e-06	2.439219e-06	6.957566e-09	1.829577e+01	4.500313e+02
8.600000e-06	2.402781e-06	6.903889e-09	1.802245e+01	4.468223e+02
8.610000e-06	2.366514e-06	6.843881e-09	1.775043e+01	4.435803e+02
8.620000e-06	2.330057e-06	6.789138e-09	1.747698e+01	4.403066e+02
8.630000e-06	2.293371e-06	6.732861e-09	1.720181e+01	4.370025e+02
8.640000e-06	2.256742e-06	6.682322e-09	1.692707e+01	4.336694e+02
8.650000e-06	2.219930e-06	6.638755e-09	1.665095e+01	4.303088e+02
8.660000e-06	2.182861e-06	6.594302e-09	1.637291e+01	4.269220e+02
8.670000e-06	2.145767e-06	6.546866e-09	1.609468e+01	4.235104e+02
8.680000e-06	2.108652e-06	6.491597e-09	1.581629e+01	4.200752e+02
8.690000e-06	2.071365e-06	6.432468e-09	1.553662e+01	4.166177e+02
8.700000e-06	2.033885e-06	6.370861e-09	1.525549e+01	4.131387e+02
8.710000e-06	1.996452e-06	6.311226e-09	1.497472e+01	4.096392e+02
8.720000e-06	1.959158e-06	6.256749e-09	1.469499e+01	4.061197e+02
8.730000e-06	1.921817e-06	6.209938e-09	1.441491e+01	4.025806e+02
8.740000e-06	1.884378e-06	6.170011e-09	1.413409e+01	3.990221e+02
8.750000e-06	1.846749e-06	6.125082e-09	1.385185e+01	3.954443e+02
8.760000e-06	1.809017e-06	6.072893e-09	1.356883e+01	3.918468e+02
8.770000e-06	1.771255e-06	6.017397e-09	1.328559e+01	3.882294e+02
8.780000e-06	1.733262e-06	5.961024e-09	1.300062e+01	3.845914e+02
8.790000e-06	1.695324e-06	5.903255e-09	1.271606e+01	3.809321e+02
8.800000e-06	1.657320e-06	5.841778e-09	1.243100e+01	3.772505e+02
8.810000e-06	1.619231e-06	5.783419e-09	1.214531e+01	3.735456e+02
8.820000e-06	1.581214e-06	5.730116e-09	1.186016e+01	3.698162e+02
8.830000e-06	1.543083e-06	5.679371e-09	1.157415e+01	3.660610e+02
8.840000e-06	1.504875e-06	5.626617e-09	1.128756e+01	3.622784e+02
8.850000e-06	1.466562e-06	5.571676e-09	1.100019e+01	3.584671e+02
8.860000e-06	1.428192e-06	5.516117e-09	1.071239e+01	3.546252e+02
8.870000e-06	1.389706e-06	5.457766e-09	1.042372e+01	3.507509e+02
8.880000e-06	1.351186e-06	5.398270e-09	1.013479e+01	3.468423e+02
8.890000e-06	1.312697e-06	5.336798e-09	9.846101e+00	3.428973e+02
8.900000e-06	1.274246e-06	5.275604e-09	9.557694e+00	3.389137e+02
8.910000e-06	1.235776e-06	5.217641e-09	9.269142e+00	3.348891e+02
8.920000e-06	1.197066e-06	5.163173e-09	8.978790e+00	3.308209e+02
8.930000e-06	1.158334e-06	5.106345e-09	8.688274e+00	3.267067e+02
8.940000e-06	1.119699e-06	5.047976e-09	8.398488e+00	3.225435e+02
8.950000e-06	1.081045e-06	4.991455e-09	8.108555e+00	3.183287e+02
8.960000e-06	1.042295e-06	4.928317e-09	7.817904e+00	3.140592e+02
8.970000e-06	1.003512e-06	4.861046e-09	7.527011e+00	3.097323e+02
8.980000e-06	9.647185e-07	4.793285e-09	7.236030e+00	3.053451e+02
8.990000e-06	9.257780e-07	4.724959e-09	6.943951e+00	3.008947e+02
9.000000e-06	8.868877e-07	4.654888e-09	6.652248e+00	2.963786e+02
9.010000e-06	8.479970e-07	4.579110e-09	6.360541e+00	2.917941e+02
9.020000e-06	8.090179e-07	4.508042e-09	6.068172e+00	2.871391e+02
9.030000e-06	7.700407e-07	4.443617e-09	5.775817e+00	2.824116e+02
9.040000e-06	7.311029e-07	4.376762e-09	5.483758e+00	2.776098e+02
9.050000e-06	6.921943e-07	4.304532e-09	5.191918e+00	2.727324e+02
9.060000e-06	6.532447e-07	4.227239e-09	4.899770e+00	2.677784e+02
9.070000e-06	6.142396e-07	4.152289e-09	4.607205e+00	2.627470e+02
9.080000e-06	5.753034e-07	4.075624e-09	4.315158e+00	2.576379e+02
9.090000e-06	5.363600e-07	3.992561e-09	4.023057e+00	2.524511e+02
9.100000e-06	4.972628e-07	3.906182e-09	3.729801e+00	2.471868e+02
9.110000e-06	4.581383e-07	3.820686e-09	3.436342e+00	2.418455e+02
9.120000e-06	4.189659e-07	3.741324e-09	3.142523e+00	2.364279e+02
9.130000e-06	3.797137e-07	3.660161e-09	2.848106e+00	2.309348e+02
9.140000e-06	3.404973e-07	3.570433e-09	2.553956e+00	2.253669e+02
9.150000e-06	3.014375e-07	3.481370e-09	2.260982e+00	2.197250e+02
9.160000e-06	2.625114e-07	3.393639e-09	1.969010e+00	2.140099e+02
9.170000e-06	2.236120e-07	3.303312e-09	1.677239e+00	2.082222e+02
9.180000e-06	1.846124e-07	3.211330e-09	1.384715e+00	2.023621e+02
9.190000e-06	1.454753e-07	3.119832e-09	1.091162e+00	1.964299e+02
9.200000e-06	1.063158e-07	3.031804e-09	7.974390e-01	1.904254e+02
9.210000e-06	6.720752e-08	2.941841e-09	5.041011e-01	1.843481e+02
9.220000e-06	2.813183e-08	2.847863e-09	2.110075e-01	1.781975e+02
9.230000e-06	-1.097217e-08	2.751252e-09	-8.229858e-02	1.719726e+02
9.240000e-06	-5.012570e-08	2.650323e-09	-3.759761e-01	1.656723e+02
9.250000e-06	-8.925778e-08	2.545135e-09	-6.694927e-01	1.592953e+02
9.260000e-06	-1.284221e-07	2.438748e-09	-9.632513e-01	1.528400e+02
9.270000e-06	-1.674907e-07	2.336268e-09	-1.256292e+00	1.463052e+02
9.280000e-06	-2.065558e-07	2.238398e-09	-1.549306e+00	1.396893e+02
9.290000e-06	-2.457139e-07	2.134781e-09	-1.843018e+00	1.329910e+02
9.300000e-06	-2.847940e-07	2.025034e-09	-2.136145e+00	1.262091e+02
9.310000e-06	-3.237313e-07	1.917431e-09	-2.428200e+00	1.193427e+02
9.320000e-06	-3.627154e-07	1.810874e-09	-2.720607e+00	1.123912e+02
9.330000e-06	-4.017552e-07	1.701094e-09	-3.013431e+00	1.053542e+02
9.340000e-06	-4.407183e-07	1.587886e-09	-3.305680e+00	9.823171e+01
9.350000e-06	-4.798208e-07	1.475511e-09	-3.598975e+00	9.102429e+01
9.360000e-06	-5.189465e-07	1.365191e-09	-3.892444e+00	8.373273e+01
9.370000e-06	-5.579007e-07	1.255234e-09	-4.184626e+00	7.635826e+01
9.380000e-06	-5.969406e-07	1.140105e-09	-4.477451e+00	6.890246e+01
9.390000e-06	-6.361352e-07	1.022852e-09	-4.771437e+00	6.136727e+01
9.400000e-06	-6.751714e-07	9.071261e-10	-5.064235e+00	5.375488e+01
9.410000e-06	-7.141280e-07	7.913766e-10	-5.356435e+00	4.606775e+01
9.420000e-06	-7.530394e-07	6.743836e-10	-5.648296e+00	3.830854e+01
9.430000e-06	-7.919413e-07	5.553367e-10	-5.940087e+00	3.048003e+01
9.440000e-06	-8.309002e-07	4.360696e-10	-6.232304e+00	2.258510e+01
9.450000e-06	-8.698657e-07	3.126421e-10	-6.524572e+00	1.462668e+01
9.460000e-06	-9.088068e-07	1.855105e-10	-6.816655e+00	6.607739e+00
9.470000e-06	-9.477388e-07	5.930941e-11	-7.108672e+00	-1.468784e+00
9.480000e-06	-9.865089e-07	-6.657334e-11	-7.399473e+00	-9.599957e+00
9.490000e-06	-1.025104e-06	-1.920966e-10	-7.688960e+00	-1.778287e+01
9.500000e-06	-1.063766e-06	-3.161605e-10	-7.978951e+00	-2.601461e+01
9.510000e-06	-1.102441e-06	-4.398082e-10	-8.269041e+00	-3.429228e+01
9.520000e-06	-1.141067e-06	-5.612617e-10	-8.558759e+00	-4.261291e+01
9.530000e-06	-1.179636e-06	-6.834437e-10	-8.848052e+00	-5.097346e+01
9.540000e-06	-1.218240e-06	-8.102123e-10	-9.137610e+00	-5.937077e+01
9.550000e-06	-1.256882e-06	-9.411087e-10	-9.427448e+00	-6.780152e+01
9.560000e-06	-1.295415e-06	-1.074954e-09	-9.716472e+00	-7.626216e+01
9.570000e-06	-1.333836e-06	-1.208992e-09	-1.000466e+01	-8.474891e+01
9.580000e-06	-1.372342e-06	-1.342046e-09	-1.029348e+01	-9.325770e+01
9.590000e-06	-1.410800e-06	-1.474650e-09	-1.058194e+01	-1.017841e+02
9.600000e-06	-1.449043e-06	-1.605048e-09	-1.086879e+01	-1.103235e+02
9.610000e-06	-1.487262e-06	-1.730934e-09	-1.115545e+01	-1.188707e+02
9.620000e-06	-1.525482e-06	-1.857487e-09	-1.144213e+01	-1.274205e+02
9.630000e-06	-1.563723e-06	-1.986043e-09	-1.172896e+01	-1.359671e+02
9.640000e-06	-1.601930e-06	-2.117597e-09	-1.201554e+01	-1.445045e+02
9.650000e-06	-1.639884e-06	-2.252793e-09	-1.230022e+01	-1.530266e+02
9.660000e-06	-1.677794e-06	-2.387352e-09	-1.258457e+01	-1.615268e+02
9.670000e-06	-1.715748e-06	-2.520225e-09	-1.286925e+01	-1.699988e+02
9.680000e-06	-1.753642e-06	-2.649463e-09	-1.315348e+01	-1.784357e+02
9.690000e-06	-1.791437e-06	-2.773986e-09	-1.343697e+01	-1.868310e+02
9.700000e-06	-1.829014e-06	-2.898115e-09	-1.371882e+01	-1.951780e+02
9.710000e-06	-1.866455e-06	-3.026536e-09	-1.399966e+01	-2.034701e+02
9.720000e-06	-1.903888e-06	-3.154781e-09	-1.428043e+01	-2.117010e+02
9.730000e-06	-1.941281e-06	-3.280769e-09	-1.456090e+01	-2.198644e+02
9.740000e-06	-1.978488e-06	-3.408336e-09	-1.483997e+01	-2.279543e+02
9.750000e-06	-2.015462e-06	-3.538360e-09	-1.511730e+01	-2.359652e+02
9.760000e-06	-2.052345e-06	-3.667559e-09	-1.539395e+01	-2.438916e+02
9.770000e-06	-2.089309e-06	-3.790120e-09	-1.567121e+01	-2.517284e+02
9.780000e-06	-2.126231e-06	-3.908976e-09	-1.594815e+01	-2.594709e+02
9.790000e-06	-2.163088e-06	-4.029438e-09	-1.622460e+01	-2.671149e+02
9.800000e-06	-2.199961e-06	-4.148036e-09	-1.650117e+01	-2.746562e+02
9.810000e-06	-2.236652e-06	-4.261212e-09	-1.677638e+01	-2.820914e+02
9.820000e-06	-2.273264e-06	-4.369348e-09	-1.705099e+01	-2.894172e+02
9.830000e-06	-2.309782e-06	-4.478656e-09	-1.732490e+01	-2.966308e+02
9.840000e-06	-2.346118e-06	-4.591614e-09	-1.759745e+01	-3.037297e+02
9.850000e-06	-2.382437e-06	-4.701728e-09	-1.786986e+01	-3.107118e+02
9.860000e-06	-2.418792e-06	-4.805515e-09	-1.814255e+01	-3.175755e+02
9.870000e-06	-2.455030e-06	-4.907491e-09	-1.841436e+01	-3.243194e+02
9.880000e-06	-2.491042e-06	-5.011031e-09	-1.868447e+01	-3.309427e+02
9.890000e-06	-2.527026e-06	-5.113856e-09	-1.895438e+01	-3.374448e+02
9.900000e-06	-2.562958e-06	-5.211440e-09	-1.922389e+01	-3.438256e+02
9.910000e-06	-2.598747e-06	-5.306443e-09	-1.949233e+01	-3.500854e+02
9.920000e-06	-2.634546e-06	-5.405710e-09	-1.976085e+01	-3.562249e+02
9.930000e-06	-2.670311e-06	-5.504281e-09	-2.002911e+01	-3.622449e+02
9.940000e-06	-2.706018e-06	-5.597704e-09	-2.029693e+01	-3.681470e+02
9.950000e-06	-2.741733e-06	-5.685727e-09	-2.056482e+01	-3.739327e+02
9.960000e-06	-2.777385e-06	-5.769437e-09	-2.083223e+01	-3.796042e+02
9.970000e-06	-2.813060e-06	-5.854879e-09	-2.109982e+01	-3.851636e+02
9.980000e-06	-2.848703e-06	-5.940494e-09	-2.136716e+01	-3.906135e+02
9.990000e-06	-2.884217e-06	-6.022401e-09	-2.163354e+01	-3.959564e+02
1.000000e-05	-2.919664e-06	-6.100500e-09	-2.189942e+01	-4.011953e+02
1.001000e-05	-2.955067e-06	-6.177342e-09	-2.216497e+01	-4.063328e+02
1.002000e-05	-2.990455e-06	-6.260605e-09	-2.243040e+01	-4.113719e+02
1.003000e-05	-3.025854e-06	-6.344543e-09	-2.269591e+01	-4.163155e+02
1.004000e-05	-3.061297e-06	-6.420343e-09	-2.296177e+01	-4.211663e+02
1.005000e-05	-3.096716e-06	-6.492870e-09	-2.322743e+01	-4.259268e+02
1.006000e-05	-3.131942e-06	-6.568264e-09	-2.349164e+01	-4.305998e+02
1.007000e-05	-3.167014e-06	-6.641458e-09	-2.375471e+01	-4.351873e+02
1.008000e-05	-3.202105e-06	-6.708458e-09	-2.401792e+01	-4.396916e+02
1.009000e-05	-3.237179e-06	-6.770062e-09	-2.428100e+01	-4.441146e+02
1.010000e-05	-3.272206e-06	-6.834200e-09	-2.454372e+01	-4.484580e+02
1.011000e-05	-3.307110e-06	-6.904266e-09	-2.480552e+01	-4.527234e+02
1.012000e-05	-3.341955e-06	-6.971033e-09	-2.506688e+01	-4.569122e+02
1.013000e-05	-3.376613e-06	-7.033732e-09	-2.532684e+01	-4.610258e+02
1.014000e-05	-3.411154e-06	-7.092088e-09	-2.558593e+01	-4.650654e+02
1.015000e-05	-3.445749e-06	-7.149330e-09	-2.584541e+01	-4.690321e+02
1.016000e-05	-3.480159e-06	-7.209500e-09	-2.610351e+01	-4.729274e+02
1.017000e-05	-3.514395e-06	-7.268937e-09	-2.636030e+01	-4.767523e+02
1.018000e-05	-3.548555e-06	-7.325132e-09	-2.661652e+01	-4.805084e+02
1.019000e-05	-3.582694e-06	-7.379519e-09	-2.687259e+01	-4.841970e+02
1.020000e-05	-3.616799e-06	-7.435819e-09	-2.712840e+01	-4.878199e+02
1.021000e-05	-3.650755e-06	-7.493007e-09	-2.738309e+01	-4.913789e+02
1.022000e-05	-3.684618e-06	-7.546120e-09	-2.763708e+01	-4.948759e+02
1.023000e-05	-3.718433e-06	-7.597604e-09	-2.789072e+01	-4.983130e+02
1.024000e-05	-3.752085e-06	-7.650232e-09	-2.814313e+01	-5.016926e+02
1.025000e-05	-3.785625e-06	-7.705277e-09	-2.839470e+01	-5.050168e+02
1.026000e-05	-3.819115e-06	-7.759727e-09	-2.864591e+01	-5.082882e+02
1.027000e-05	-3.852559e-06	-7.809700e-09	-2.889676e+01	-5.115092e+02
1.028000e-05	-3.885836e-06	-7.858517e-09	-2.914635e+01	-5.146821e+02
1.029000e-05	-3.918982e-06	-7.903124e-09	-2.939497e+01	-5.178093e+02
1.030000e-05	-3.952102e-06	-7.945800e-09	-2.964339e+01	-5.208929e+02
1.031000e-05	-3.985035e-06	-7.990766e-09	-2.989042e+01	-5.239351e+02
1.032000e-05	-4.017744e-06	-8.038906e-09	-3.013575e+01	-5.269375e+02
1.033000e-05	-4.050425e-06	-8.091429e-09	-3.038088e+01	-5.299018e+02
1.034000e-05	-4.083052e-06	-8.145210e-09	-3.062561e+01	-5.328292e+02
1.035000e-05	-4.115576e-06	-8.195416e-09	-3.086956e+01	-5.357207e+02
1.036000e-05	-4.148016e-06	-8.239390e-09	-3.111288e+01	-5.385771e+02
1.037000e-05	-4.180455e-06	-8.282874e-09	-3.135619e+01	-5.413988e+02
1.038000e-05	-4.212848e-06	-8.328524e-09	-3.159916e+01	-5.441860e+02
1.039000e-05	-4.244991e-06	-8.372683e-09	-3.184025e+01	-5.469387e+02
1.040000e-05	-4.276975e-06	-8.415553e-09	-3.208016e+01	-5.496568e+02
1.041000e-05	-4.308935e-06	-8.460004e-09	-3.231988e+01	-5.523398e+02
1.042000e-05	-4.340837e-06	-8.506395e-09	-3.255916e+01	-5.549875e+02
1.043000e-05	-4.372660e-06	-8.551189e-09	-3.279786e+01	-5.575992e+02
1.044000e-05	-4.404371e-06	-8.590602e-09	-3.303571e+01	-5.601745e+02
1.045000e-05	-4.435927e-06	-8.628346e-09	-3.327240e+01	-5.627130e+02
1.046000e-05	-4.467368e-06	-8.670207e-09	-3.350823e+01	-5.652142e+02
1.047000e-05	-4.498743e-06	-8.713593e-09	-3.374357e+01	-5.676780e+02
1.048000e-05	-4.530068e-06	-8.753491e-09	-3.397852e+01	-5.701040e+02
1.049000e-05	-4.561393e-06	-8.788213e-09	-3.421348e+01	-5.724922e+02
1.050000e-05	-4.592732e-06	-8.823072e-09	-3.444855e+01	-5.748428e+02
1.051000e-05	-4.623922e-06	-8.862799e-09	-3.468249e+01	-5.771557e+02
1.052000e-05	-4.654920e-06	-8.901903e-09	-3.491500e+01	-5.794313e+02
1.053000e-05	-4.685816e-06	-8.937106e-09	-3.514673e+01	-5.816699e+02
1.054000e-05	-4.716557e-06	-8.975227e-09	-3.537731e+01	-5.838717e+02
1.055000e-05	-4.747148e-06	-9.019521e-09	-3.560676e+01	-5.860373e+02
1.056000e-05	-4.777650e-06	-9.059699e-09	-3.583555e+01	-5.881669e+02
1.057000e-05	-4.807941e-06	-9.092646e-09	-3.606276e+01	-5.902609e+02
1.058000e-05	-4.837932e-06	-9.121509e-09	-3.628771e+01	-5.923194e+02
1.059000e-05	-4.867630e-06	-9.148854e-09	-3.651046e+01	-5.943427e+02
1.060000e-05	-4.897132e-06	-9.177775e-09	-3.673174e+01	-5.963308e+02
1.061000e-05	-4.926474e-06	-9.205773e-09	-3.695183e+01	-5.982837e+02
1.062000e-05	-4.955565e-06	-9.233424e-09	-3.717003e+01	-6.002013e+02
1.063000e-05	-4.984576e-06	-9.267642e-09	-3.738764e+01	-6.020836e+02
1.064000e-05	-5.013357e-06	-9.309838e-09	-3.760351e+01	-6.039301e+02
1.065000e-05	-5.041742e-06	-9.348848e-09	-3.781642e+01	-6.057408e+02
1.066000e-05	-5.070063e-06	-9.383037e-09	-3.802885e+01	-6.075153e+02
1.067000e-05	-5.098291e-06	-9.412438e-09	-3.824057e+01	-6.092535e+02
1.068000e-05	-5.126194e-06	-9.432921e-09	-3.844986e+01	-6.109552e+02
1.069000e-05	-5.153916e-06	-9.449975e-09	-3.865780e+01	-6.126203e+02
1.070000e-05	-5.181615e-06	-9.467788e-09	-3.886555e+01	-6.142490e+02
1.071000e-05	-5.209236e-06	-9.491555e-09	-3.907273e+01	-6.158414e+02
1.072000e-05	-5.236845e-06	-9.520846e-09	-3.927982e+01	-6.173980e+02
1.073000e-05	-5.264413e-06	-9.553632e-09	-3.948659e+01	-6.189193e+02
1.074000e-05	-5.291843e-06	-9.587741e-09	-3.969234e+01	-6.204060e+02
1.075000e-05	-5.319300e-06	-9.614207e-09	-3.989829e+01	-6.218590e+02
1.076000e-05	-5.346797e-06	-9.631049e-09	-4.010453e+01	-6.232794e+02
1.077000e-05	-5.374179e-06	-9.645890e-09	-4.030992e+01	-6.246683e+02
1.078000e-05	-5.401410e-06	-9.663449e-09	-4.051417e+01	-6.260271e+02
1.079000e-05	-5.428506e-06	-9.680065e-09	-4.071741e+01	-6.273570e+02
1.080000e-05	-5.455485e-06	-9.697614e-09	-4.091977e+01	-6.286597e+02
1.081000e-05	-5.482257e-06	-9.718437e-09	-4.112058e+01	-6.299364e+02
1.082000e-05	-5.508755e-06	-9.743098e-09	-4.131932e+01	-6.311888e+02
1.083000e-05	-5.535137e-06	-9.769861e-09	-4.151721e+01	-6.324183e+02
1.084000e-05	-5.561502e-06	-9.793690e-09	-4.171496e+01	-6.336263e+02
1.085000e-05	-5.587696e-06	-9.814153e-09	-4.191144e+01	-6.348141e+02
1.086000e-05	-5.613630e-06	-9.833335e-09	-4.210596e+01	-6.359830e+02
1.087000e-05	-5.639442e-06	-9.852560e-09	-4.229957e+01	-6.371343e+02
1.088000e-05	-5.665137e-06	-9.868925e-09	-4.249230e+01	-6.382690e+02
1.089000e-05	-5.690633e-06	-9.878712e-09	-4.268353e+01	-6.393883e+02
1.090000e-05	-5.716083e-06	-9.885937e-09	-4.287443e+01	-6.404931e+02
1.091000e-05	-5.741501e-06	-9.899775e-09	-4.306507e+01	-6.415844e+02
1.092000e-05	-5.766682e-06	-9.920888e-09	-4.325395e+01	-6.426632e+02
1.093000e-05	-5.791726e-06	-9.942085e-09	-4.344180e+01	-6.437303e+02
1.094000e-05	-5.816673e-06	-9.962453e-09	-4.362892e+01	-6.447867e+02
1.095000e-05	-5.841463e-06	-9.984746e-09	-4.381486e+01	-6.458331e+02
1.096000e-05	-5.866124e-06	-1.000760e-08	-4.399983e+01	-6.468707e+02
1.097000e-05	-5.890513e-06	-1.002311e-08	-4.418277e+01	-6.479002e+02
1.098000e-05	-5.914729e-06	-1.002418e-08	-4.436440e+01	-6.489225e+02
1.099000e-05	-5.938813e-06	-1.002463e-08	-4.454505e+01	-6.499387e+02
1.100000e-05	-5.962790e-06	-1.003682e-08	-4.472489e+01	-6.509495e+02
1.101000e-05	-5.986710e-06	-1.006438e-08	-4.490431e+01	-6.519559e+02
1.102000e-05	-6.010481e-06	-1.009195e-08	-4.508261e+01	-6.529587e+02
1.103000e-05	-6.034121e-06	-1.011238e-08	-4.525992e+01	-6.539585e+02
1.104000e-05	-6.057731e-06	-1.013198e-08	-4.543701e+01	-6.549562e+02
1.105000e-05	-6.081304e-06	-1.014983e-08	-4.561383e+01	-6.559521e+02
1.106000e-05	-6.104770e-06	-1.016133e-08	-4.578983e+01	-6.569467e+02
1.107000e-05	-6.128119e-06	-1.016451e-08	-4.596497e+01	-6.579403e+02
1.108000e-05	-6.151329e-06	-1.017848e-08	-4.613906e+01	-6.589328e+02
1.109000e-05	-6.174405e-06	-1.019985e-08	-4.631214e+01	-6.599244e+02
1.110000e-05	-6.197354e-06	-1.022665e-08	-4.648428e+01	-6.609146e+02
1.111000e-05	-6.220229e-06	-1.025224e-08	-4.665585e+01	-6.619031e+02
1.112000e-05	-6.242889e-06	-1.026228e-08	-4.682582e+01	-6.628893e+02
1.113000e-05	-6.265233e-06	-1.027045e-08	-4.699341e+01	-6.638726e+02
1.114000e-05	-6.287196e-06	-1.027493e-08	-4.715815e+01	-6.648521e+02
1.115000e-05	-6.308827e-06	-1.028241e-08	-4.732040e+01	-6.658270e+02
1.116000e-05	-6.330274e-06	-1.029871e-08	-4.748126e+01	-6.667963e+02
1.117000e-05	-6.351474e-06	-1.032031e-08	-4.764028e+01	-6.677590e+02
1.118000e-05	-6.372407e-06	-1.035086e-08	-4.779729e+01	-6.687142e+02
1.119000e-05	-6.393033e-06	-1.037157e-08	-4.795200e+01	-6.696609e+02
1.120000e-05	-6.413381e-06	-1.038331e-08	-4.810462e+01	-6.705981e+02
1.121000e-05	-6.433589e-06	-1.038886e-08	-4.825620e+01	-6.715251e+02
1.122000e-05	-6.453649e-06	-1.039338e-08	-4.840666e+01	-6.724408e+02
1.123000e-05	-6.473590e-06	-1.040331e-08	-4.855623e+01	-6.733447e+02
1.124000e-05	-6.493316e-06	-1.041341e-08	-4.870419e+01	-6.742360e+02
1.125000e-05	-6.512889e-06	-1.043026e-08	-4.885100e+01	-6.751140e+02
1.126000e-05	-6.532479e-06	-1.045270e-08	-4.899794e+01	-6.759782e+02
1.127000e-05	-6.551977e-06	-1.047585e-08	-4.914418e+01	-6.768281e+02
1.128000e-05	-6.571402e-06	-1.048890e-08	-4.928989e+01	-6.776631e+02
1.129000e-05	-6.590732e-06	-1.049470e-08	-4.943487e+01	-6.784828e+02
1.130000e-05	-6.609865e-06	-1.050069e-08	-4.957838e+01	-6.792866e+02
1.131000e-05	-6.628870e-06	-1.050833e-08	-4.972094e+01	-6.800741e+02
1.132000e-05	-6.647769e-06	-1.052023e-08	-4.986269e+01	-6.808447e+02
1.133000e-05	-6.666386e-06	-1.053295e-08	-5.000232e+01	-6.815979e+02
1.134000e-05	-6.684788e-06	-1.054760e-08	-5.014035e+01	-6.823333e+02
1.135000e-05	-6.703043e-06	-1.056255e-08	-5.027728e+01	-6.830502e+02
1.136000e-05	-6.721115e-06	-1.057733e-08	-5.041283e+01	-6.837482e+02
1.137000e-05	-6.739027e-06	-1.058926e-08	-5.054718e+01	-6.844268e+02
1.138000e-05	-6.756773e-06	-1.059639e-08	-5.068029e+01	-6.850855e+02
1.139000e-05	-6.774428e-06	-1.060210e-08	-5.081271e+01	-6.857240e+02
1.140000e-05	-6.792020e-06	-1.060574e-08	-5.094467e+01	-6.863421e+02
1.141000e-05	-6.809433e-06	-1.061501e-08	-5.107528e+01	-6.869397e+02
1.142000e-05	-6.826742e-06	-1.062613e-08	-5.120511e+01	-6.875167e+02
1.143000e-05	-6.843905e-06	-1.063600e-08	-5.133384e+01	-6.880734e+02
1.144000e-05	-6.860842e-06	-1.064850e-08	-5.146088e+01	-6.886103e+02
1.145000e-05	-6.877629e-06	-1.066022e-08	-5.158679e+01	-6.891278e+02
1.146000e-05	-6.894197e-06	-1.067179e-08	-5.171106e+01	-6.896267e+02
1.147000e-05	-6.910622e-06	-1.067609e-08	-5.183426e+01	-6.901081e+02
1.148000e-05	-6.926850e-06	-1.067724e-08	-5.195598e+01	-6.905731e+02
1.149000e-05	-6.942893e-06	-1.068023e-08	-5.207632e+01	-6.910230e+02
1.150000e-05	-6.958749e-06	-1.068450e-08	-5.219525e+01	-6.914592e+02
1.151000e-05	-6.974375e-06	-1.069205e-08	-5.231245e+01	-6.918833e+02
1.152000e-05	-6.989925e-06	-1.069814e-08	-5.242908e+01	-6.922968e+02
1.153000e-05	-7.005449e-06	-1.070692e-08	-5.254553e+01	-6.927015e+02
1.154000e-05	-7.020828e-06	-1.071464e-08	-5.266088e+01	-6.930990e+02
1.155000e-05	-7.036077e-06	-1.072075e-08	-5.277526e+01	-6.934909e+02
1.156000e-05	-7.051223e-06	-1.072512e-08	-5.288886e+01	-6.938786e+02
1.157000e-05	-7.066165e-06	-1.072874e-08	-5.300093e+01	-6.942638e+02
1.158000e-05	-7.080975e-06	-1.073508e-08	-5.311202e+01	-6.946477e+02
1.159000e-05	-7.095545e-06	-1.073952e-08	-5.322131e+01	-6.950314e+02
1.160000e-05	-7.109608e-06	-1.074398e-08	-5.332679e+01	-6.954162e+02
1.161000e-05	-7.123360e-06	-1.074807e-08	-5.342994e+01	-6.958028e+02
1.162000e-05	-7.136851e-06	-1.075505e-08	-5.353113e+01	-6.961920e+02
1.163000e-05	-7.150030e-06	-1.076058e-08	-5.362998e+01	-6.965846e+02
1.164000e-05	-7.162952e-06	-1.076401e-08	-5.372690e+01	-6.969810e+02
1.165000e-05	-7.175518e-06	-1.077108e-08	-5.382116e+01	-6.973815e+02
1.166000e-05	-7.187856e-06	-1.077808e-08	-5.391370e+01	-6.977866e+02
1.167000e-05	-7.199990e-06	-1.078417e-08	-5.400471e+01	-6.981965e+02
1.168000e-05	-7.211902e-06	-1.078864e-08	-5.409406e+01	-6.986112e+02
1.169000e-05	-7.223693e-06	-1.079117e-08	-5.418250e+01	-6.990309e+02
1.170000e-05	-7.235316e-06	-1.079550e-08	-5.426968e+01	-6.994557e+02
1.171000e-05	-7.246761e-06	-1.080054e-08	-5.435553e+01	-6.998854e+02
1.172000e-05	-7.258129e-06	-1.080770e-08	-5.444080e+01	-7.003202e+02
1.173000e-05	-7.269286e-06	-1.081483e-08	-5.452448e+01	-7.007597e+02
1.174000e-05	-7.280147e-06	-1.081868e-08	-5.460594e+01	-7.012038e+02
1.175000e-05	-7.290870e-06	-1.082502e-08	-5.468637e+01	-7.016523e+02
1.176000e-05	-7.301361e-06	-1.083023e-08	-5.476506e+01	-7.021046e+02
1.177000e-05	-7.311634e-06	-1.083576e-08	-5.484212e+01	-7.025603e+02
1.178000e-05	-7.321730e-06	-1.084053e-08	-5.491784e+01	-7.030187e+02
1.179000e-05	-7.331579e-06	-1.084568e-08	-5.499172e+01	-7.034791e+02
1.180000e-05	-7.341289e-06	-1.085549e-08	-5.506455e+01	-7.039404e+02
1.181000e-05	-7.350919e-06	-1.086205e-08	-5.513678e+01	-7.044016e+02
1.182000e-05	-7.360427e-06	-1.086519e-08	-5.520810e+01	-7.048614e+02
1.183000e-05	-7.369668e-06	-1.086523e-08	-5.527741e+01	-7.053184e+02
1.184000e-05	-7.378679e-06	-1.086923e-08	-5.534500e+01	-7.057713e+02
1.185000e-05	-7.387637e-06	-1.087726e-08	-5.541219e+01	-7.062183e+02
1.186000e-05	-7.396389e-06	-1.088454e-08	-5.547783e+01	-7.066580e+02
1.187000e-05	-7.404887e-06	-1.089505e-08	-5.554158e+01	-7.070886e+02
1.188000e-05	-7.413227e-06	-1.090310e-08	-5.560413e+01	-7.075086e+02
1.189000e-05	-7.421323e-06	-1.090898e-08	-5.566486e+01	-7.079165e+02
1.190000e-05	-7.429241e-06	-1.090970e-08	-5.572425e+01	-7.083108e+02
1.191000e-05	-7.437053e-06	-1.090925e-08	-5.578284e+01	-7.086903e+02
1.192000e-05	-7.444794e-06	-1.091484e-08	-5.584091e+01	-7.090540e+02
1.193000e-05	-7.452430e-06	-1.092060e-08	-5.589818e+01	-7.094009e+02
1.194000e-05	-7.459982e-06	-1.092792e-08	-5.595483e+01	-7.097305e+02
1.195000e-05	-7.467358e-06	-1.093677e-08	-5.601015e+01	-7.100424e+02
1.196000e-05	-7.474623e-06	-1.094724e-08	-5.606464e+01	-7.103363e+02
1.197000e-05	-7.481707e-06	-1.095180e-08	-5.611778e+01	-7.106123e+02
1.198000e-05	-7.488625e-06	-1.094871e-08	-5.616967e+01	-7.108708e+02
1.199000e-05	-7.495505e-06	-1.094487e-08	-5.622128e+01	-7.111120e+02
1.200000e-05	-7.502237e-06	-1.094164e-08	-5.627177e+01	-7.113367e+02
1.201000e-05	-7.508597e-06	-1.094330e-08	-5.631947e+01	-7.115452e+02
1.202000e-05	-7.514580e-06	-1.094589e-08	-5.636435e+01	-7.117385e+02
1.203000e-05	-7.520273e-06	-1.094913e-08	-5.640705e+01	-7.119170e+02
1.204000e-05	-7.525574e-06	-1.095547e-08	-5.644681e+01	-7.120816e+02
1.205000e-05	-7.530540e-06	-1.096440e-08	-5.648406e+01	-7.122326e+02
1.206000e-05	-7.535182e-06	-1.097111e-08	-5.651887e+01	-7.123705e+02
1.207000e-05	-7.539504e-06	-1.096862e-08	-5.655129e+01	-7.124957e+02
1.208000e-05	-7.543565e-06	-1.096636e-08	-5.658176e+01	-7.126082e+02
1.209000e-05	-7.547458e-06	-1.096675e-08	-5.661096e+01	-7.127083e+02
1.210000e-05	-7.551264e-06	-1.096594e-08	-5.663950e+01	-7.127957e+02
1.211000e-05	-7.554929e-06	-1.096146e-08	-5.666699e+01	-7.128703e+02
1.212000e-05	-7.558504e-06	-1.095724e-08	-5.669381e+01	-7.129319e+02
1.213000e-05	-7.562036e-06	-1.095921e-08	-5.672030e+01	-7.129803e+02
1.214000e-05	-7.565355e-06	-1.096153e-08	-5.674520e+01	-7.130152e+02
1.215000e-05	-7.568569e-06	-1.096267e-08	-5.676930e+01	-7.130365e+02
1.216000e-05	-7.571778e-06	-1.096294e-08	-5.679337e+01	-7.130443e+02
1.217000e-05	-7.574781e-06	-1.096131e-08	-5.681589e+01	-7.130388e+02
1.218000e-05	-7.577408e-06	-1.095814e-08	-5.683560e+01	-7.130204e+02
1.219000e-05	-7.579790e-06	-1.095365e-08	-5.685347e+01	-7.129897e+02
1.220000e-05	-7.582013e-06	-1.094839e-08	-5.687014e+01	-7.129478e+02
1.221000e-05	-7.584074e-06	-1.094679e-08	-5.688560e+01	-7.128960e+02
1.222000e-05	-7.585956e-06	-1.094918e-08	-5.689971e+01	-7.128357e+02
1.223000e-05	-7.587661e-06	-1.095026e-08	-5.691250e+01	-7.127689e+02
1.224000e-05	-7.589241e-06	-1.095218e-08	-5.692436e+01	-7.126977e+02
1.225000e-05	-7.590759e-06	-1.095533e-08	-5.693574e+01	-7.126242e+02
1.226000e-05	-7.592086e-06	-1.095605e-08	-5.694570e+01	-7.125509e+02
1.227000e-05	-7.593114e-06	-1.095085e-08	-5.695340e+01	-7.124804e+02
1.228000e-05	-7.593708e-06	-1.094330e-08	-5.695786e+01	-7.124152e+02
1.229000e-05	-7.594070e-06	-1.094140e-08	-5.696058e+01	-7.123578e+02
1.230000e-05	-7.594492e-06	-1.093823e-08	-5.696374e+01	-7.123104e+02
1.231000e-05	-7.594669e-06	-1.093285e-08	-5.696506e+01	-7.122752e+02
