# Temperatura_=_20.0
# Concentracion g/m^3_=_10000.0
# C_Vs_to_Am_M_A/Vsm_=_65563218390.804596
# pendiente_HvsI_1/m_=_3716.3
# ordenada_HvsI_A/m_=_1297.0
# frecuencia_Hz_=_81233.42525003581

Tiempo_(s)	Campo_(V.s)	Magnetizacion_(V.s)	Campo_(kA/m)	Magnetizacion_(A/m)
0.000000e+00	-7.543858e-06	-1.082572e-08	-5.694652e+01	-7.088632e+02
1.000000e-08	-7.543782e-06	-1.083032e-08	-5.694595e+01	-7.088570e+02
2.000000e-08	-7.543834e-06	-1.083363e-08	-5.694634e+01	-7.088530e+02
3.000000e-08	-7.543712e-06	-1.083596e-08	-5.694542e+01	-7.088491e+02
4.000000e-08	-7.543276e-06	-1.083024e-08	-5.694213e+01	-7.088433e+02
5.000000e-08	-7.542778e-06	-1.079583e-08	-5.693837e+01	-7.088341e+02
6.000000e-08	-7.542089e-06	-1.077895e-08	-5.693317e+01	-7.088201e+02
7.000000e-08	-7.541239e-06	-1.078591e-08	-5.692675e+01	-7.088005e+02
8.000000e-08	-7.540406e-06	-1.070263e-08	-5.692047e+01	-7.087751e+02
9.000000e-08	-7.539348e-06	-1.074868e-08	-5.691248e+01	-7.087441e+02
1.000000e-07	-7.538050e-06	-1.097837e-08	-5.690268e+01	-7.087084e+02
1.100000e-07	-7.536434e-06	-1.114417e-08	-5.689048e+01	-7.086691e+02
1.200000e-07	-7.534581e-06	-1.113766e-08	-5.687649e+01	-7.086281e+02
1.300000e-07	-7.532513e-06	-1.111937e-08	-5.686088e+01	-7.085872e+02
1.400000e-07	-7.530248e-06	-1.097822e-08	-5.684379e+01	-7.085486e+02
1.500000e-07	-7.527911e-06	-1.075768e-08	-5.682614e+01	-7.085144e+02
1.600000e-07	-7.525108e-06	-1.078784e-08	-5.680498e+01	-7.084868e+02
1.700000e-07	-7.521731e-06	-1.074753e-08	-5.677949e+01	-7.084673e+02
1.800000e-07	-7.517993e-06	-1.066431e-08	-5.675127e+01	-7.084572e+02
1.900000e-07	-7.514069e-06	-1.072220e-08	-5.672165e+01	-7.084573e+02
2.000000e-07	-7.509912e-06	-1.078896e-08	-5.669027e+01	-7.084674e+02
2.100000e-07	-7.505474e-06	-1.089829e-08	-5.665677e+01	-7.084869e+02
2.200000e-07	-7.500919e-06	-1.084200e-08	-5.662239e+01	-7.085141e+02
2.300000e-07	-7.496366e-06	-1.091553e-08	-5.658802e+01	-7.085466e+02
2.400000e-07	-7.491682e-06	-1.106870e-08	-5.655266e+01	-7.085812e+02
2.500000e-07	-7.486850e-06	-1.092879e-08	-5.651618e+01	-7.086140e+02
2.600000e-07	-7.482019e-06	-1.086278e-08	-5.647972e+01	-7.086406e+02
2.700000e-07	-7.477077e-06	-1.092684e-08	-5.644241e+01	-7.086562e+02
2.800000e-07	-7.471900e-06	-1.090906e-08	-5.640333e+01	-7.086555e+02
2.900000e-07	-7.466509e-06	-1.078639e-08	-5.636264e+01	-7.086334e+02
3.000000e-07	-7.460782e-06	-1.090152e-08	-5.631941e+01	-7.085850e+02
3.100000e-07	-7.454761e-06	-1.089204e-08	-5.627395e+01	-7.085055e+02
3.200000e-07	-7.448607e-06	-1.073353e-08	-5.622750e+01	-7.083910e+02
3.300000e-07	-7.442421e-06	-1.088771e-08	-5.618080e+01	-7.082379e+02
3.400000e-07	-7.436104e-06	-1.094174e-08	-5.613312e+01	-7.080440e+02
3.500000e-07	-7.429590e-06	-1.082252e-08	-5.608394e+01	-7.078076e+02
3.600000e-07	-7.422897e-06	-1.078342e-08	-5.603342e+01	-7.075284e+02
3.700000e-07	-7.415925e-06	-1.086960e-08	-5.598079e+01	-7.072070e+02
3.800000e-07	-7.408784e-06	-1.082481e-08	-5.592688e+01	-7.068453e+02
3.900000e-07	-7.401401e-06	-1.075871e-08	-5.587115e+01	-7.064460e+02
4.000000e-07	-7.393809e-06	-1.083212e-08	-5.581384e+01	-7.060126e+02
4.100000e-07	-7.385990e-06	-1.079161e-08	-5.575482e+01	-7.055497e+02
4.200000e-07	-7.377795e-06	-1.080391e-08	-5.569296e+01	-7.050622e+02
4.300000e-07	-7.369512e-06	-1.084284e-08	-5.563043e+01	-7.045556e+02
4.400000e-07	-7.361202e-06	-1.080137e-08	-5.556770e+01	-7.040352e+02
4.500000e-07	-7.352761e-06	-1.072861e-08	-5.550398e+01	-7.035068e+02
4.600000e-07	-7.344224e-06	-1.074189e-08	-5.543954e+01	-7.029756e+02
4.700000e-07	-7.335591e-06	-1.077028e-08	-5.537437e+01	-7.024464e+02
4.800000e-07	-7.326808e-06	-1.070064e-08	-5.530807e+01	-7.019236e+02
4.900000e-07	-7.317942e-06	-1.071774e-08	-5.524114e+01	-7.014108e+02
5.000000e-07	-7.308965e-06	-1.070638e-08	-5.517338e+01	-7.009107e+02
5.100000e-07	-7.299792e-06	-1.070743e-08	-5.510413e+01	-7.004254e+02
5.200000e-07	-7.290463e-06	-1.074752e-08	-5.503371e+01	-6.999559e+02
5.300000e-07	-7.280794e-06	-1.070473e-08	-5.496072e+01	-6.995026e+02
5.400000e-07	-7.270630e-06	-1.067768e-08	-5.488400e+01	-6.990649e+02
5.500000e-07	-7.260136e-06	-1.068065e-08	-5.480478e+01	-6.986417e+02
5.600000e-07	-7.249403e-06	-1.070432e-08	-5.472376e+01	-6.982315e+02
5.700000e-07	-7.238275e-06	-1.067388e-08	-5.463976e+01	-6.978322e+02
5.800000e-07	-7.226864e-06	-1.066144e-08	-5.455362e+01	-6.974416e+02
5.900000e-07	-7.215299e-06	-1.066342e-08	-5.446632e+01	-6.970574e+02
6.000000e-07	-7.203514e-06	-1.066010e-08	-5.437735e+01	-6.966775e+02
6.100000e-07	-7.191408e-06	-1.069217e-08	-5.428597e+01	-6.962999e+02
6.200000e-07	-7.179035e-06	-1.064941e-08	-5.419257e+01	-6.959230e+02
6.300000e-07	-7.166486e-06	-1.063060e-08	-5.409784e+01	-6.955455e+02
6.400000e-07	-7.153845e-06	-1.063789e-08	-5.400242e+01	-6.951668e+02
6.500000e-07	-7.141099e-06	-1.064234e-08	-5.390620e+01	-6.947865e+02
6.600000e-07	-7.128199e-06	-1.063247e-08	-5.380883e+01	-6.944048e+02
6.700000e-07	-7.115091e-06	-1.060123e-08	-5.370987e+01	-6.940224e+02
6.800000e-07	-7.101640e-06	-1.061854e-08	-5.360834e+01	-6.936403e+02
6.900000e-07	-7.087989e-06	-1.062478e-08	-5.350529e+01	-6.932596e+02
7.000000e-07	-7.074169e-06	-1.063150e-08	-5.340097e+01	-6.928816e+02
7.100000e-07	-7.060204e-06	-1.060744e-08	-5.329555e+01	-6.925076e+02
7.200000e-07	-7.046153e-06	-1.059210e-08	-5.318948e+01	-6.921388e+02
7.300000e-07	-7.031903e-06	-1.060246e-08	-5.308191e+01	-6.917761e+02
7.400000e-07	-7.017463e-06	-1.059148e-08	-5.297291e+01	-6.914201e+02
7.500000e-07	-7.002823e-06	-1.058986e-08	-5.286240e+01	-6.910709e+02
7.600000e-07	-6.987990e-06	-1.056493e-08	-5.275042e+01	-6.907281e+02
7.700000e-07	-6.972870e-06	-1.056838e-08	-5.263629e+01	-6.903906e+02
7.800000e-07	-6.957320e-06	-1.057411e-08	-5.251891e+01	-6.900571e+02
7.900000e-07	-6.941516e-06	-1.056809e-08	-5.239961e+01	-6.897254e+02
8.000000e-07	-6.925470e-06	-1.055677e-08	-5.227848e+01	-6.893930e+02
8.100000e-07	-6.909096e-06	-1.053748e-08	-5.215488e+01	-6.890571e+02
8.200000e-07	-6.892624e-06	-1.055421e-08	-5.203053e+01	-6.887144e+02
8.300000e-07	-6.875989e-06	-1.054860e-08	-5.190496e+01	-6.883615e+02
8.400000e-07	-6.859087e-06	-1.053913e-08	-5.177737e+01	-6.879950e+02
8.500000e-07	-6.841877e-06	-1.051868e-08	-5.164746e+01	-6.876115e+02
8.600000e-07	-6.824364e-06	-1.050481e-08	-5.151526e+01	-6.872079e+02
8.700000e-07	-6.806781e-06	-1.051151e-08	-5.138253e+01	-6.867813e+02
8.800000e-07	-6.789058e-06	-1.049964e-08	-5.124874e+01	-6.863291e+02
8.900000e-07	-6.771213e-06	-1.050031e-08	-5.111403e+01	-6.858495e+02
9.000000e-07	-6.753330e-06	-1.048764e-08	-5.097904e+01	-6.853411e+02
9.100000e-07	-6.735344e-06	-1.048690e-08	-5.084327e+01	-6.848028e+02
9.200000e-07	-6.717224e-06	-1.047974e-08	-5.070649e+01	-6.842344e+02
9.300000e-07	-6.699016e-06	-1.045550e-08	-5.056904e+01	-6.836360e+02
9.400000e-07	-6.680709e-06	-1.043666e-08	-5.043084e+01	-6.830083e+02
9.500000e-07	-6.662208e-06	-1.041570e-08	-5.029119e+01	-6.823524e+02
9.600000e-07	-6.643504e-06	-1.041965e-08	-5.015000e+01	-6.816697e+02
9.700000e-07	-6.624604e-06	-1.040742e-08	-5.000732e+01	-6.809616e+02
9.800000e-07	-6.605469e-06	-1.039393e-08	-4.986288e+01	-6.802300e+02
9.900000e-07	-6.586129e-06	-1.038040e-08	-4.971688e+01	-6.794766e+02
1.000000e-06	-6.566576e-06	-1.036747e-08	-4.956929e+01	-6.787030e+02
1.010000e-06	-6.546792e-06	-1.036309e-08	-4.941995e+01	-6.779108e+02
1.020000e-06	-6.526851e-06	-1.033766e-08	-4.926941e+01	-6.771014e+02
1.030000e-06	-6.506794e-06	-1.032358e-08	-4.911801e+01	-6.762758e+02
1.040000e-06	-6.486550e-06	-1.030609e-08	-4.896519e+01	-6.754350e+02
1.050000e-06	-6.466185e-06	-1.029552e-08	-4.881146e+01	-6.745794e+02
1.060000e-06	-6.445773e-06	-1.028271e-08	-4.865738e+01	-6.737096e+02
1.070000e-06	-6.425261e-06	-1.026267e-08	-4.850254e+01	-6.728256e+02
1.080000e-06	-6.404672e-06	-1.025080e-08	-4.834711e+01	-6.719276e+02
1.090000e-06	-6.384005e-06	-1.022663e-08	-4.819111e+01	-6.710155e+02
1.100000e-06	-6.363219e-06	-1.021351e-08	-4.803420e+01	-6.700893e+02
1.110000e-06	-6.342393e-06	-1.019082e-08	-4.787699e+01	-6.691490e+02
1.120000e-06	-6.321449e-06	-1.017159e-08	-4.771889e+01	-6.681948e+02
1.130000e-06	-6.300402e-06	-1.015662e-08	-4.756001e+01	-6.672271e+02
1.140000e-06	-6.279198e-06	-1.013979e-08	-4.739995e+01	-6.662465e+02
1.150000e-06	-6.257717e-06	-1.013541e-08	-4.723780e+01	-6.652539e+02
1.160000e-06	-6.236025e-06	-1.011723e-08	-4.707405e+01	-6.642504e+02
1.170000e-06	-6.214073e-06	-1.010502e-08	-4.690834e+01	-6.632374e+02
1.180000e-06	-6.192019e-06	-1.008712e-08	-4.674186e+01	-6.622167e+02
1.190000e-06	-6.169887e-06	-1.007250e-08	-4.657479e+01	-6.611901e+02
1.200000e-06	-6.147521e-06	-1.005675e-08	-4.640595e+01	-6.601596e+02
1.210000e-06	-6.124999e-06	-1.002773e-08	-4.623594e+01	-6.591272e+02
1.220000e-06	-6.102365e-06	-1.001285e-08	-4.606508e+01	-6.580951e+02
1.230000e-06	-6.079640e-06	-9.995278e-09	-4.589354e+01	-6.570653e+02
1.240000e-06	-6.056775e-06	-9.987694e-09	-4.572094e+01	-6.560396e+02
1.250000e-06	-6.033801e-06	-9.970036e-09	-4.554751e+01	-6.550197e+02
1.260000e-06	-6.010824e-06	-9.948149e-09	-4.537407e+01	-6.540068e+02
1.270000e-06	-5.987516e-06	-9.935375e-09	-4.519812e+01	-6.530020e+02
1.280000e-06	-5.963978e-06	-9.915403e-09	-4.502044e+01	-6.520059e+02
1.290000e-06	-5.940340e-06	-9.903921e-09	-4.484200e+01	-6.510187e+02
1.300000e-06	-5.916461e-06	-9.888404e-09	-4.466175e+01	-6.500404e+02
1.310000e-06	-5.892456e-06	-9.883803e-09	-4.448054e+01	-6.490702e+02
1.320000e-06	-5.868290e-06	-9.880485e-09	-4.429812e+01	-6.481075e+02
1.330000e-06	-5.843969e-06	-9.871127e-09	-4.411453e+01	-6.471510e+02
1.340000e-06	-5.819615e-06	-9.855131e-09	-4.393068e+01	-6.461994e+02
1.350000e-06	-5.795207e-06	-9.823970e-09	-4.374643e+01	-6.452511e+02
1.360000e-06	-5.770620e-06	-9.805186e-09	-4.356084e+01	-6.443046e+02
1.370000e-06	-5.745923e-06	-9.790424e-09	-4.337440e+01	-6.433579e+02
1.380000e-06	-5.721077e-06	-9.781523e-09	-4.318685e+01	-6.424096e+02
1.390000e-06	-5.696100e-06	-9.768442e-09	-4.299830e+01	-6.414579e+02
1.400000e-06	-5.671047e-06	-9.755529e-09	-4.280919e+01	-6.405013e+02
1.410000e-06	-5.645827e-06	-9.749581e-09	-4.261880e+01	-6.395384e+02
1.420000e-06	-5.620457e-06	-9.728645e-09	-4.242729e+01	-6.385680e+02
1.430000e-06	-5.594790e-06	-9.703744e-09	-4.223354e+01	-6.375890e+02
1.440000e-06	-5.568889e-06	-9.678210e-09	-4.203802e+01	-6.366002e+02
1.450000e-06	-5.543098e-06	-9.666199e-09	-4.184333e+01	-6.356008e+02
1.460000e-06	-5.517233e-06	-9.656780e-09	-4.164808e+01	-6.345900e+02
1.470000e-06	-5.490978e-06	-9.646536e-09	-4.144989e+01	-6.335669e+02
1.480000e-06	-5.464347e-06	-9.637336e-09	-4.124886e+01	-6.325307e+02
1.490000e-06	-5.437484e-06	-9.618863e-09	-4.104608e+01	-6.314805e+02
1.500000e-06	-5.410390e-06	-9.602214e-09	-4.084155e+01	-6.304153e+02
1.510000e-06	-5.382928e-06	-9.575616e-09	-4.063425e+01	-6.293339e+02
1.520000e-06	-5.355268e-06	-9.551425e-09	-4.042546e+01	-6.282352e+02
1.530000e-06	-5.327528e-06	-9.529859e-09	-4.021605e+01	-6.271178e+02
1.540000e-06	-5.299650e-06	-9.510032e-09	-4.000561e+01	-6.259802e+02
1.550000e-06	-5.271607e-06	-9.494466e-09	-3.979392e+01	-6.248207e+02
1.560000e-06	-5.243403e-06	-9.472377e-09	-3.958101e+01	-6.236378e+02
1.570000e-06	-5.215106e-06	-9.453734e-09	-3.936741e+01	-6.224297e+02
1.580000e-06	-5.186738e-06	-9.433884e-09	-3.915326e+01	-6.211947e+02
1.590000e-06	-5.158278e-06	-9.418835e-09	-3.893843e+01	-6.199314e+02
1.600000e-06	-5.129741e-06	-9.402350e-09	-3.872301e+01	-6.186382e+02
1.610000e-06	-5.101175e-06	-9.381997e-09	-3.850738e+01	-6.173139e+02
1.620000e-06	-5.072522e-06	-9.360816e-09	-3.829108e+01	-6.159576e+02
1.630000e-06	-5.043790e-06	-9.334194e-09	-3.807419e+01	-6.145686e+02
1.640000e-06	-5.014926e-06	-9.313752e-09	-3.785630e+01	-6.131466e+02
1.650000e-06	-4.985884e-06	-9.287662e-09	-3.763708e+01	-6.116915e+02
1.660000e-06	-4.956828e-06	-9.260768e-09	-3.741774e+01	-6.102038e+02
1.670000e-06	-4.927719e-06	-9.235375e-09	-3.719801e+01	-6.086843e+02
1.680000e-06	-4.898466e-06	-9.210126e-09	-3.697718e+01	-6.071340e+02
1.690000e-06	-4.869052e-06	-9.187091e-09	-3.675514e+01	-6.055544e+02
1.700000e-06	-4.839502e-06	-9.156237e-09	-3.653208e+01	-6.039470e+02
1.710000e-06	-4.809884e-06	-9.127609e-09	-3.630850e+01	-6.023136e+02
1.720000e-06	-4.780075e-06	-9.096695e-09	-3.608348e+01	-6.006563e+02
1.730000e-06	-4.750054e-06	-9.068392e-09	-3.585686e+01	-5.989771e+02
1.740000e-06	-4.719982e-06	-9.041983e-09	-3.562985e+01	-5.972779e+02
1.750000e-06	-4.689806e-06	-9.015882e-09	-3.540207e+01	-5.955608e+02
1.760000e-06	-4.659475e-06	-8.994070e-09	-3.517310e+01	-5.938276e+02
1.770000e-06	-4.629043e-06	-8.971812e-09	-3.494338e+01	-5.920801e+02
1.780000e-06	-4.598519e-06	-8.950751e-09	-3.471297e+01	-5.903197e+02
1.790000e-06	-4.567905e-06	-8.923099e-09	-3.448187e+01	-5.885478e+02
1.800000e-06	-4.537210e-06	-8.892764e-09	-3.425016e+01	-5.867655e+02
1.810000e-06	-4.506465e-06	-8.861509e-09	-3.401808e+01	-5.849738e+02
1.820000e-06	-4.475730e-06	-8.830821e-09	-3.378606e+01	-5.831735e+02
1.830000e-06	-4.444844e-06	-8.799263e-09	-3.355291e+01	-5.813652e+02
1.840000e-06	-4.413787e-06	-8.768839e-09	-3.331847e+01	-5.795495e+02
1.850000e-06	-4.382639e-06	-8.742887e-09	-3.308335e+01	-5.777267e+02
1.860000e-06	-4.351367e-06	-8.715037e-09	-3.284728e+01	-5.758975e+02
1.870000e-06	-4.320028e-06	-8.687662e-09	-3.261071e+01	-5.740622e+02
1.880000e-06	-4.288607e-06	-8.661598e-09	-3.237352e+01	-5.722213e+02
1.890000e-06	-4.257028e-06	-8.638736e-09	-3.213514e+01	-5.703754e+02
1.900000e-06	-4.225158e-06	-8.618853e-09	-3.189456e+01	-5.685251e+02
1.910000e-06	-4.193127e-06	-8.599065e-09	-3.165277e+01	-5.666713e+02
1.920000e-06	-4.161124e-06	-8.573215e-09	-3.141119e+01	-5.648146e+02
1.930000e-06	-4.129071e-06	-8.543805e-09	-3.116923e+01	-5.629558e+02
1.940000e-06	-4.096947e-06	-8.515174e-09	-3.092673e+01	-5.610959e+02
1.950000e-06	-4.064650e-06	-8.484150e-09	-3.068293e+01	-5.592357e+02
1.960000e-06	-4.032283e-06	-8.454343e-09	-3.043860e+01	-5.573757e+02
1.970000e-06	-3.999866e-06	-8.423296e-09	-3.019389e+01	-5.555166e+02
1.980000e-06	-3.967336e-06	-8.401799e-09	-2.994833e+01	-5.536588e+02
1.990000e-06	-3.934826e-06	-8.383693e-09	-2.970293e+01	-5.518023e+02
2.000000e-06	-3.902252e-06	-8.358579e-09	-2.945704e+01	-5.499471e+02
2.010000e-06	-3.869578e-06	-8.330170e-09	-2.921038e+01	-5.480926e+02
2.020000e-06	-3.836821e-06	-8.295649e-09	-2.896311e+01	-5.462379e+02
2.030000e-06	-3.803965e-06	-8.265281e-09	-2.871509e+01	-5.443819e+02
2.040000e-06	-3.771070e-06	-8.235301e-09	-2.846677e+01	-5.425231e+02
2.050000e-06	-3.738088e-06	-8.201626e-09	-2.821781e+01	-5.406595e+02
2.060000e-06	-3.704969e-06	-8.171603e-09	-2.796780e+01	-5.387889e+02
2.070000e-06	-3.671897e-06	-8.149884e-09	-2.771814e+01	-5.369090e+02
2.080000e-06	-3.638728e-06	-8.136690e-09	-2.746776e+01	-5.350170e+02
2.090000e-06	-3.605311e-06	-8.117495e-09	-2.721551e+01	-5.331101e+02
2.100000e-06	-3.571860e-06	-8.090285e-09	-2.696299e+01	-5.311857e+02
2.110000e-06	-3.538341e-06	-8.054840e-09	-2.670997e+01	-5.292406e+02
2.120000e-06	-3.504648e-06	-8.017777e-09	-2.645563e+01	-5.272723e+02
2.130000e-06	-3.470835e-06	-7.984320e-09	-2.620038e+01	-5.252779e+02
2.140000e-06	-3.436889e-06	-7.946984e-09	-2.594414e+01	-5.232551e+02
2.150000e-06	-3.402800e-06	-7.913180e-09	-2.568680e+01	-5.212015e+02
2.160000e-06	-3.368596e-06	-7.879523e-09	-2.542861e+01	-5.191152e+02
2.170000e-06	-3.334119e-06	-7.851863e-09	-2.516835e+01	-5.169943e+02
2.180000e-06	-3.299438e-06	-7.824170e-09	-2.490655e+01	-5.148374e+02
2.190000e-06	-3.264672e-06	-7.791048e-09	-2.464412e+01	-5.126432e+02
2.200000e-06	-3.229738e-06	-7.759499e-09	-2.438041e+01	-5.104108e+02
2.210000e-06	-3.194680e-06	-7.724037e-09	-2.411577e+01	-5.081394e+02
2.220000e-06	-3.159406e-06	-7.688135e-09	-2.384949e+01	-5.058283e+02
2.230000e-06	-3.124105e-06	-7.649629e-09	-2.358301e+01	-5.034771e+02
2.240000e-06	-3.088796e-06	-7.609456e-09	-2.331647e+01	-5.010854e+02
2.250000e-06	-3.053290e-06	-7.570111e-09	-2.304845e+01	-4.986527e+02
2.260000e-06	-3.017766e-06	-7.532878e-09	-2.278029e+01	-4.961789e+02
2.270000e-06	-2.982150e-06	-7.496856e-09	-2.251144e+01	-4.936636e+02
2.280000e-06	-2.946450e-06	-7.457973e-09	-2.224195e+01	-4.911064e+02
2.290000e-06	-2.910701e-06	-7.419207e-09	-2.197209e+01	-4.885069e+02
2.300000e-06	-2.874591e-06	-7.378588e-09	-2.169950e+01	-4.858648e+02
2.310000e-06	-2.838329e-06	-7.334526e-09	-2.142577e+01	-4.831796e+02
2.320000e-06	-2.802172e-06	-7.285547e-09	-2.115283e+01	-4.804509e+02
2.330000e-06	-2.765913e-06	-7.233458e-09	-2.087912e+01	-4.776784e+02
2.340000e-06	-2.729670e-06	-7.183048e-09	-2.060553e+01	-4.748619e+02
2.350000e-06	-2.693362e-06	-7.134391e-09	-2.033145e+01	-4.720013e+02
2.360000e-06	-2.656910e-06	-7.089857e-09	-2.005628e+01	-4.690965e+02
2.370000e-06	-2.620454e-06	-7.046453e-09	-1.978109e+01	-4.661478e+02
2.380000e-06	-2.583910e-06	-7.001421e-09	-1.950523e+01	-4.631558e+02
2.390000e-06	-2.547365e-06	-6.954411e-09	-1.922936e+01	-4.601213e+02
2.400000e-06	-2.510841e-06	-6.905706e-09	-1.895365e+01	-4.570451e+02
2.410000e-06	-2.474277e-06	-6.855205e-09	-1.867764e+01	-4.539288e+02
2.420000e-06	-2.437701e-06	-6.801982e-09	-1.840153e+01	-4.507737e+02
2.430000e-06	-2.401103e-06	-6.747124e-09	-1.812527e+01	-4.475818e+02
2.440000e-06	-2.364358e-06	-6.692272e-09	-1.784789e+01	-4.443551e+02
2.450000e-06	-2.327570e-06	-6.639830e-09	-1.757019e+01	-4.410957e+02
2.460000e-06	-2.290918e-06	-6.586525e-09	-1.729351e+01	-4.378060e+02
2.470000e-06	-2.254295e-06	-6.533563e-09	-1.701705e+01	-4.344882e+02
2.480000e-06	-2.217557e-06	-6.483515e-09	-1.673973e+01	-4.311446e+02
2.490000e-06	-2.180781e-06	-6.435280e-09	-1.646212e+01	-4.277775e+02
2.500000e-06	-2.144046e-06	-6.386274e-09	-1.618482e+01	-4.243889e+02
2.510000e-06	-2.107291e-06	-6.328560e-09	-1.590736e+01	-4.209808e+02
2.520000e-06	-2.070460e-06	-6.270860e-09	-1.562934e+01	-4.175547e+02
2.530000e-06	-2.033532e-06	-6.218197e-09	-1.535058e+01	-4.141121e+02
2.540000e-06	-1.996516e-06	-6.164743e-09	-1.507115e+01	-4.106540e+02
2.550000e-06	-1.959469e-06	-6.111258e-09	-1.479149e+01	-4.071811e+02
2.560000e-06	-1.922454e-06	-6.057772e-09	-1.451208e+01	-4.036938e+02
2.570000e-06	-1.885434e-06	-6.005411e-09	-1.423262e+01	-4.001924e+02
2.580000e-06	-1.848345e-06	-5.953595e-09	-1.395265e+01	-3.966767e+02
2.590000e-06	-1.811127e-06	-5.899966e-09	-1.367170e+01	-3.931462e+02
2.600000e-06	-1.773722e-06	-5.842009e-09	-1.338934e+01	-3.896004e+02
2.610000e-06	-1.736380e-06	-5.784527e-09	-1.310746e+01	-3.860383e+02
2.620000e-06	-1.699069e-06	-5.727378e-09	-1.282580e+01	-3.824589e+02
2.630000e-06	-1.661583e-06	-5.668296e-09	-1.254284e+01	-3.788612e+02
2.640000e-06	-1.624126e-06	-5.610652e-09	-1.226008e+01	-3.752439e+02
2.650000e-06	-1.586686e-06	-5.553205e-09	-1.197745e+01	-3.716057e+02
2.660000e-06	-1.549123e-06	-5.495589e-09	-1.169390e+01	-3.679451e+02
2.670000e-06	-1.511531e-06	-5.440028e-09	-1.141014e+01	-3.642607e+02
2.680000e-06	-1.473859e-06	-5.386661e-09	-1.112576e+01	-3.605508e+02
2.690000e-06	-1.436127e-06	-5.331281e-09	-1.084093e+01	-3.568140e+02
2.700000e-06	-1.398443e-06	-5.271118e-09	-1.055646e+01	-3.530482e+02
2.710000e-06	-1.360670e-06	-5.211289e-09	-1.027133e+01	-3.492518e+02
2.720000e-06	-1.322945e-06	-5.151220e-09	-9.986547e+00	-3.454226e+02
2.730000e-06	-1.285249e-06	-5.090407e-09	-9.701989e+00	-3.415585e+02
2.740000e-06	-1.247449e-06	-5.031336e-09	-9.416649e+00	-3.376570e+02
2.750000e-06	-1.209531e-06	-4.968998e-09	-9.130422e+00	-3.337156e+02
2.760000e-06	-1.171421e-06	-4.905504e-09	-8.842734e+00	-3.297315e+02
2.770000e-06	-1.133373e-06	-4.838553e-09	-8.555525e+00	-3.257018e+02
2.780000e-06	-1.095452e-06	-4.764510e-09	-8.269270e+00	-3.216233e+02
2.790000e-06	-1.057407e-06	-4.694379e-09	-7.982074e+00	-3.174929e+02
2.800000e-06	-1.019288e-06	-4.626477e-09	-7.694330e+00	-3.133071e+02
2.810000e-06	-9.811382e-07	-4.565554e-09	-7.406344e+00	-3.090627e+02
2.820000e-06	-9.429388e-07	-4.511522e-09	-7.117987e+00	-3.047564e+02
2.830000e-06	-9.047819e-07	-4.452824e-09	-6.829951e+00	-3.003849e+02
2.840000e-06	-8.666290e-07	-4.388105e-09	-6.541945e+00	-2.959451e+02
2.850000e-06	-8.283656e-07	-4.313229e-09	-6.253105e+00	-2.914343e+02
2.860000e-06	-7.900570e-07	-4.231986e-09	-5.963924e+00	-2.868500e+02
2.870000e-06	-7.518439e-07	-4.146556e-09	-5.675464e+00	-2.821900e+02
2.880000e-06	-7.137507e-07	-4.064953e-09	-5.387909e+00	-2.774524e+02
2.890000e-06	-6.755118e-07	-3.993221e-09	-5.099254e+00	-2.726360e+02
2.900000e-06	-6.371656e-07	-3.926298e-09	-4.809789e+00	-2.677399e+02
2.910000e-06	-5.987680e-07	-3.859554e-09	-4.519936e+00	-2.627635e+02
2.920000e-06	-5.603251e-07	-3.787166e-09	-4.229741e+00	-2.577068e+02
2.930000e-06	-5.220569e-07	-3.707654e-09	-3.940865e+00	-2.525702e+02
2.940000e-06	-4.838859e-07	-3.617929e-09	-3.652722e+00	-2.473541e+02
2.950000e-06	-4.455885e-07	-3.520910e-09	-3.363626e+00	-2.420596e+02
2.960000e-06	-4.071412e-07	-3.424859e-09	-3.073398e+00	-2.366876e+02
2.970000e-06	-3.686167e-07	-3.340753e-09	-2.782586e+00	-2.312393e+02
2.980000e-06	-3.301369e-07	-3.269679e-09	-2.492113e+00	-2.257160e+02
2.990000e-06	-2.916372e-07	-3.198436e-09	-2.201490e+00	-2.201186e+02
3.000000e-06	-2.530877e-07	-3.121355e-09	-1.910490e+00	-2.144483e+02
3.010000e-06	-2.146067e-07	-3.037430e-09	-1.620007e+00	-2.087058e+02
3.020000e-06	-1.761360e-07	-2.945890e-09	-1.329603e+00	-2.028915e+02
3.030000e-06	-1.376058e-07	-2.847803e-09	-1.038749e+00	-1.970057e+02
3.040000e-06	-9.911330e-08	-2.749491e-09	-7.481792e-01	-1.910485e+02
3.050000e-06	-6.078054e-08	-2.654135e-09	-4.588156e-01	-1.850193e+02
3.060000e-06	-2.248414e-08	-2.562313e-09	-1.697266e-01	-1.789175e+02
3.070000e-06	1.582524e-08	-2.474266e-09	1.194604e-01	-1.727423e+02
3.080000e-06	5.405940e-08	-2.384518e-09	4.080796e-01	-1.664926e+02
3.090000e-06	9.232029e-08	-2.292358e-09	6.969006e-01	-1.601671e+02
3.100000e-06	1.307059e-07	-2.193224e-09	9.866634e-01	-1.537647e+02
3.110000e-06	1.690761e-07	-2.091143e-09	1.276309e+00	-1.472841e+02
3.120000e-06	2.074935e-07	-1.994068e-09	1.566312e+00	-1.407241e+02
3.130000e-06	2.458870e-07	-1.897492e-09	1.856133e+00	-1.340840e+02
3.140000e-06	2.842264e-07	-1.797165e-09	2.145547e+00	-1.273630e+02
3.150000e-06	3.226126e-07	-1.689571e-09	2.435314e+00	-1.205608e+02
3.160000e-06	3.610027e-07	-1.584072e-09	2.725111e+00	-1.136774e+02
3.170000e-06	3.993310e-07	-1.485531e-09	3.014441e+00	-1.067132e+02
3.180000e-06	4.376455e-07	-1.383830e-09	3.303666e+00	-9.966901e+01
3.190000e-06	4.759701e-07	-1.277046e-09	3.592968e+00	-9.254605e+01
3.200000e-06	5.142525e-07	-1.169345e-09	3.881952e+00	-8.534583e+01
3.210000e-06	5.525580e-07	-1.063615e-09	4.171109e+00	-7.807023e+01
3.220000e-06	5.908221e-07	-9.571476e-10	4.459955e+00	-7.072139e+01
3.230000e-06	6.290531e-07	-8.435599e-10	4.748549e+00	-6.330166e+01
3.240000e-06	6.673772e-07	-7.245128e-10	5.037848e+00	-5.581351e+01
3.250000e-06	7.056229e-07	-6.093592e-10	5.326554e+00	-4.825951e+01
3.260000e-06	7.437970e-07	-4.951010e-10	5.614720e+00	-4.064221e+01
3.270000e-06	7.820383e-07	-3.774009e-10	5.903393e+00	-3.296411e+01
3.280000e-06	8.201076e-07	-2.602131e-10	6.190768e+00	-2.522759e+01
3.290000e-06	8.581420e-07	-1.433306e-10	6.477879e+00	-1.743491e+01
3.300000e-06	8.962425e-07	-3.020991e-11	6.765490e+00	-9.588127e+00
3.310000e-06	9.343064e-07	8.606308e-11	7.052823e+00	-1.689152e+00
3.320000e-06	9.724251e-07	2.098573e-10	7.340571e+00	6.260282e+00
3.330000e-06	1.010523e-06	3.353441e-10	7.628162e+00	1.425857e+01
3.340000e-06	1.048526e-06	4.573626e-10	7.915034e+00	2.230421e+01
3.350000e-06	1.086439e-06	5.752022e-10	8.201228e+00	3.039573e+01
3.360000e-06	1.124326e-06	6.991883e-10	8.487232e+00	3.853162e+01
3.370000e-06	1.162176e-06	8.288822e-10	8.772950e+00	4.671027e+01
3.380000e-06	1.199986e-06	9.558356e-10	9.058369e+00	5.492991e+01
3.390000e-06	1.237731e-06	1.079243e-09	9.343290e+00	6.318847e+01
3.400000e-06	1.275448e-06	1.201856e-09	9.628010e+00	7.148360e+01
3.410000e-06	1.313151e-06	1.327232e-09	9.912617e+00	7.981253e+01
3.420000e-06	1.350839e-06	1.455510e-09	1.019711e+01	8.817206e+01
3.430000e-06	1.388582e-06	1.583857e-09	1.048203e+01	9.655850e+01
3.440000e-06	1.426245e-06	1.710297e-09	1.076633e+01	1.049677e+02
3.450000e-06	1.463815e-06	1.837500e-09	1.104994e+01	1.133949e+02
3.460000e-06	1.501278e-06	1.966954e-09	1.133274e+01	1.218349e+02
3.470000e-06	1.538693e-06	2.095722e-09	1.161518e+01	1.302822e+02
3.480000e-06	1.576184e-06	2.220835e-09	1.189818e+01	1.387305e+02
3.490000e-06	1.613646e-06	2.346759e-09	1.218097e+01	1.471734e+02
3.500000e-06	1.650999e-06	2.480768e-09	1.246294e+01	1.556042e+02
3.510000e-06	1.688324e-06	2.612497e-09	1.274470e+01	1.640159e+02
3.520000e-06	1.725583e-06	2.739832e-09	1.302596e+01	1.724013e+02
3.530000e-06	1.762833e-06	2.859276e-09	1.330714e+01	1.807532e+02
3.540000e-06	1.800116e-06	2.976436e-09	1.358859e+01	1.890644e+02
3.550000e-06	1.837211e-06	3.101599e-09	1.386861e+01	1.973277e+02
3.560000e-06	1.874281e-06	3.228073e-09	1.414843e+01	2.055363e+02
3.570000e-06	1.911300e-06	3.360200e-09	1.442788e+01	2.136834e+02
3.580000e-06	1.948339e-06	3.486811e-09	1.470748e+01	2.217625e+02
3.590000e-06	1.985457e-06	3.613763e-09	1.498767e+01	2.297676e+02
3.600000e-06	2.022399e-06	3.733363e-09	1.526653e+01	2.376928e+02
3.610000e-06	2.059236e-06	3.840597e-09	1.554461e+01	2.455329e+02
3.620000e-06	2.096026e-06	3.951169e-09	1.582232e+01	2.532830e+02
3.630000e-06	2.132742e-06	4.060202e-09	1.609948e+01	2.609384e+02
3.640000e-06	2.169455e-06	4.181722e-09	1.637662e+01	2.684952e+02
3.650000e-06	2.206217e-06	4.301459e-09	1.665413e+01	2.759496e+02
3.660000e-06	2.242979e-06	4.414554e-09	1.693163e+01	2.832986e+02
3.670000e-06	2.279699e-06	4.526111e-09	1.720883e+01	2.905393e+02
3.680000e-06	2.316393e-06	4.633739e-09	1.748582e+01	2.976693e+02
3.690000e-06	2.353082e-06	4.744039e-09	1.776277e+01	3.046867e+02
3.700000e-06	2.389716e-06	4.842812e-09	1.803931e+01	3.115899e+02
3.710000e-06	2.426281e-06	4.941583e-09	1.831533e+01	3.183777e+02
3.720000e-06	2.462798e-06	5.039850e-09	1.859099e+01	3.250493e+02
3.730000e-06	2.499347e-06	5.138893e-09	1.886689e+01	3.316042e+02
3.740000e-06	2.535848e-06	5.240466e-09	1.914242e+01	3.380422e+02
3.750000e-06	2.572312e-06	5.326878e-09	1.941768e+01	3.443636e+02
3.760000e-06	2.608780e-06	5.419347e-09	1.969297e+01	3.505687e+02
3.770000e-06	2.645124e-06	5.515563e-09	1.996732e+01	3.566585e+02
3.780000e-06	2.681433e-06	5.611618e-09	2.024141e+01	3.626338e+02
3.790000e-06	2.717661e-06	5.699054e-09	2.051488e+01	3.684959e+02
3.800000e-06	2.753761e-06	5.770562e-09	2.078739e+01	3.742462e+02
3.810000e-06	2.789860e-06	5.850709e-09	2.105989e+01	3.798862e+02
3.820000e-06	2.825920e-06	5.929283e-09	2.133210e+01	3.854177e+02
3.830000e-06	2.862006e-06	6.011741e-09	2.160450e+01	3.908423e+02
3.840000e-06	2.898071e-06	6.096716e-09	2.187675e+01	3.961619e+02
3.850000e-06	2.933918e-06	6.181895e-09	2.214734e+01	4.013782e+02
3.860000e-06	2.969691e-06	6.272968e-09	2.241739e+01	4.064930e+02
3.870000e-06	3.005306e-06	6.349720e-09	2.268623e+01	4.115079e+02
3.880000e-06	3.040757e-06	6.415567e-09	2.295384e+01	4.164246e+02
3.890000e-06	3.076274e-06	6.470133e-09	2.322195e+01	4.212447e+02
3.900000e-06	3.111539e-06	6.527790e-09	2.348815e+01	4.259696e+02
3.910000e-06	3.146604e-06	6.595845e-09	2.375285e+01	4.306007e+02
3.920000e-06	3.181799e-06	6.665008e-09	2.401853e+01	4.351394e+02
3.930000e-06	3.216870e-06	6.741916e-09	2.428327e+01	4.395869e+02
3.940000e-06	3.251600e-06	6.815179e-09	2.454544e+01	4.439446e+02
3.950000e-06	3.286178e-06	6.885199e-09	2.480646e+01	4.482140e+02
3.960000e-06	3.320647e-06	6.949511e-09	2.506666e+01	4.523963e+02
3.970000e-06	3.355008e-06	7.001424e-09	2.532603e+01	4.564933e+02
3.980000e-06	3.389218e-06	7.051853e-09	2.558428e+01	4.605067e+02
3.990000e-06	3.423367e-06	7.106021e-09	2.584206e+01	4.644386e+02
4.000000e-06	3.457372e-06	7.166381e-09	2.609876e+01	4.682910e+02
4.010000e-06	3.491139e-06	7.224753e-09	2.635365e+01	4.720665e+02
4.020000e-06	3.524809e-06	7.280627e-09	2.660782e+01	4.757680e+02
4.030000e-06	3.558379e-06	7.338965e-09	2.686123e+01	4.793983e+02
4.040000e-06	3.591932e-06	7.396148e-09	2.711451e+01	4.829609e+02
4.050000e-06	3.625324e-06	7.446787e-09	2.736658e+01	4.864591e+02
4.060000e-06	3.658544e-06	7.490521e-09	2.761735e+01	4.898968e+02
4.070000e-06	3.691610e-06	7.538187e-09	2.786695e+01	4.932776e+02
4.080000e-06	3.724624e-06	7.584828e-09	2.811617e+01	4.966055e+02
4.090000e-06	3.757625e-06	7.629393e-09	2.836528e+01	4.998842e+02
4.100000e-06	3.790484e-06	7.674186e-09	2.861333e+01	5.031176e+02
4.110000e-06	3.823211e-06	7.721660e-09	2.886037e+01	5.063093e+02
4.120000e-06	3.855947e-06	7.772769e-09	2.910749e+01	5.094624e+02
4.130000e-06	3.888630e-06	7.817283e-09	2.935421e+01	5.125800e+02
4.140000e-06	3.921198e-06	7.860033e-09	2.960005e+01	5.156647e+02
4.150000e-06	3.953748e-06	7.904633e-09	2.984576e+01	5.187188e+02
4.160000e-06	3.986248e-06	7.950330e-09	3.009110e+01	5.217438e+02
4.170000e-06	4.018621e-06	7.994020e-09	3.033547e+01	5.247411e+02
4.180000e-06	4.050942e-06	8.034566e-09	3.057946e+01	5.277114e+02
4.190000e-06	4.083253e-06	8.075510e-09	3.082336e+01	5.306550e+02
4.200000e-06	4.115362e-06	8.119971e-09	3.106575e+01	5.335717e+02
4.210000e-06	4.147266e-06	8.162483e-09	3.130658e+01	5.364610e+02
4.220000e-06	4.179162e-06	8.200870e-09	3.154735e+01	5.393220e+02
4.230000e-06	4.211139e-06	8.243367e-09	3.178874e+01	5.421538e+02
4.240000e-06	4.243008e-06	8.287846e-09	3.202931e+01	5.449549e+02
4.250000e-06	4.274602e-06	8.335551e-09	3.226780e+01	5.477241e+02
4.260000e-06	4.305933e-06	8.380189e-09	3.250431e+01	5.504600e+02
4.270000e-06	4.337180e-06	8.420467e-09	3.274019e+01	5.531613e+02
4.280000e-06	4.368310e-06	8.459339e-09	3.297518e+01	5.558267e+02
4.290000e-06	4.399366e-06	8.494992e-09	3.320961e+01	5.584554e+02
4.300000e-06	4.430375e-06	8.529306e-09	3.344369e+01	5.610465e+02
4.310000e-06	4.461164e-06	8.561336e-09	3.367611e+01	5.635996e+02
4.320000e-06	4.491900e-06	8.599238e-09	3.390812e+01	5.661144e+02
4.330000e-06	4.522640e-06	8.641620e-09	3.414017e+01	5.685909e+02
4.340000e-06	4.553307e-06	8.680645e-09	3.437167e+01	5.710293e+02
4.350000e-06	4.583869e-06	8.713755e-09	3.460238e+01	5.734301e+02
4.360000e-06	4.614323e-06	8.745888e-09	3.483226e+01	5.757938e+02
4.370000e-06	4.644737e-06	8.778061e-09	3.506185e+01	5.781212e+02
4.380000e-06	4.674971e-06	8.804439e-09	3.529008e+01	5.804129e+02
4.390000e-06	4.705042e-06	8.835537e-09	3.551708e+01	5.826696e+02
4.400000e-06	4.735038e-06	8.868820e-09	3.574350e+01	5.848920e+02
4.410000e-06	4.764966e-06	8.900548e-09	3.596943e+01	5.870805e+02
4.420000e-06	4.794788e-06	8.934982e-09	3.619455e+01	5.892353e+02
4.430000e-06	4.824344e-06	8.967099e-09	3.641765e+01	5.913566e+02
4.440000e-06	4.853762e-06	8.997379e-09	3.663972e+01	5.934440e+02
4.450000e-06	4.883117e-06	9.025015e-09	3.686131e+01	5.954972e+02
4.460000e-06	4.912433e-06	9.052375e-09	3.708261e+01	5.975155e+02
4.470000e-06	4.941596e-06	9.079270e-09	3.730276e+01	5.994980e+02
4.480000e-06	4.970489e-06	9.104230e-09	3.752086e+01	6.014436e+02
4.490000e-06	4.999404e-06	9.130196e-09	3.773914e+01	6.033511e+02
4.500000e-06	5.028252e-06	9.156054e-09	3.795690e+01	6.052193e+02
4.510000e-06	5.056981e-06	9.182176e-09	3.817377e+01	6.070468e+02
4.520000e-06	5.085680e-06	9.204657e-09	3.839041e+01	6.088324e+02
4.530000e-06	5.114304e-06	9.225866e-09	3.860648e+01	6.105751e+02
4.540000e-06	5.142927e-06	9.246520e-09	3.882255e+01	6.122740e+02
4.550000e-06	5.171590e-06	9.265038e-09	3.903892e+01	6.139283e+02
4.560000e-06	5.200097e-06	9.286474e-09	3.925411e+01	6.155379e+02
4.570000e-06	5.228370e-06	9.309922e-09	3.946753e+01	6.171028e+02
4.580000e-06	5.256527e-06	9.334710e-09	3.968008e+01	6.186233e+02
4.590000e-06	5.284697e-06	9.355908e-09	3.989274e+01	6.201002e+02
4.600000e-06	5.312816e-06	9.373016e-09	4.010500e+01	6.215348e+02
4.610000e-06	5.340825e-06	9.392676e-09	4.031643e+01	6.229285e+02
4.620000e-06	5.368581e-06	9.415132e-09	4.052595e+01	6.242832e+02
4.630000e-06	5.396052e-06	9.435165e-09	4.073332e+01	6.256010e+02
4.640000e-06	5.423224e-06	9.447964e-09	4.093844e+01	6.268845e+02
4.650000e-06	5.449997e-06	9.463353e-09	4.114054e+01	6.281361e+02
4.660000e-06	5.476583e-06	9.482704e-09	4.134123e+01	6.293585e+02
4.670000e-06	5.503010e-06	9.499535e-09	4.154072e+01	6.305546e+02
4.680000e-06	5.529241e-06	9.516837e-09	4.173873e+01	6.317270e+02
4.690000e-06	5.555214e-06	9.531226e-09	4.193479e+01	6.328785e+02
4.700000e-06	5.580954e-06	9.550268e-09	4.212909e+01	6.340116e+02
4.710000e-06	5.606393e-06	9.573183e-09	4.232112e+01	6.351288e+02
4.720000e-06	5.631748e-06	9.591831e-09	4.251253e+01	6.362322e+02
4.730000e-06	5.656968e-06	9.605649e-09	4.270291e+01	6.373238e+02
4.740000e-06	5.681949e-06	9.613011e-09	4.289148e+01	6.384055e+02
4.750000e-06	5.706866e-06	9.622083e-09	4.307957e+01	6.394788e+02
4.760000e-06	5.731712e-06	9.633875e-09	4.326712e+01	6.405450e+02
4.770000e-06	5.756376e-06	9.651045e-09	4.345330e+01	6.416053e+02
4.780000e-06	5.780853e-06	9.675145e-09	4.363808e+01	6.426605e+02
4.790000e-06	5.805333e-06	9.703578e-09	4.382287e+01	6.437116e+02
4.800000e-06	5.829796e-06	9.730788e-09	4.400753e+01	6.447591e+02
4.810000e-06	5.854121e-06	9.748704e-09	4.419116e+01	6.458036e+02
4.820000e-06	5.878273e-06	9.760975e-09	4.437347e+01	6.468458e+02
4.830000e-06	5.902269e-06	9.765562e-09	4.455462e+01	6.478860e+02
4.840000e-06	5.926030e-06	9.769726e-09	4.473398e+01	6.489248e+02
4.850000e-06	5.949481e-06	9.777480e-09	4.491100e+01	6.499626e+02
4.860000e-06	5.972776e-06	9.790698e-09	4.508685e+01	6.510001e+02
4.870000e-06	5.995927e-06	9.817009e-09	4.526162e+01	6.520376e+02
4.880000e-06	6.018949e-06	9.848515e-09	4.543540e+01	6.530757e+02
4.890000e-06	6.041946e-06	9.878102e-09	4.560900e+01	6.541149e+02
4.900000e-06	6.064900e-06	9.896691e-09	4.578227e+01	6.551557e+02
4.910000e-06	6.087720e-06	9.904167e-09	4.595454e+01	6.561985e+02
4.920000e-06	6.110419e-06	9.909479e-09	4.612588e+01	6.572436e+02
4.930000e-06	6.132950e-06	9.915492e-09	4.629596e+01	6.582913e+02
4.940000e-06	6.155260e-06	9.925615e-09	4.646438e+01	6.593415e+02
4.950000e-06	6.177463e-06	9.943813e-09	4.663198e+01	6.603942e+02
4.960000e-06	6.199387e-06	9.968359e-09	4.679748e+01	6.614489e+02
4.970000e-06	6.221076e-06	9.994464e-09	4.696120e+01	6.625052e+02
4.980000e-06	6.242692e-06	1.002021e-08	4.712437e+01	6.635621e+02
4.990000e-06	6.264174e-06	1.003992e-08	4.728654e+01	6.646187e+02
5.000000e-06	6.285425e-06	1.005247e-08	4.744695e+01	6.656736e+02
5.010000e-06	6.306531e-06	1.006128e-08	4.760628e+01	6.667252e+02
5.020000e-06	6.327542e-06	1.006777e-08	4.776489e+01	6.677719e+02
5.030000e-06	6.348416e-06	1.007620e-08	4.792246e+01	6.688116e+02
5.040000e-06	6.369268e-06	1.009006e-08	4.807986e+01	6.698423e+02
5.050000e-06	6.390037e-06	1.010919e-08	4.823664e+01	6.708618e+02
5.060000e-06	6.410704e-06	1.013232e-08	4.839265e+01	6.718679e+02
5.070000e-06	6.431263e-06	1.015896e-08	4.854785e+01	6.728583e+02
5.080000e-06	6.451694e-06	1.018524e-08	4.870207e+01	6.738308e+02
5.090000e-06	6.472004e-06	1.020293e-08	4.885539e+01	6.747834e+02
5.100000e-06	6.492136e-06	1.021082e-08	4.900736e+01	6.757141e+02
5.110000e-06	6.512129e-06	1.021502e-08	4.915828e+01	6.766212e+02
5.120000e-06	6.532012e-06	1.022403e-08	4.930837e+01	6.775032e+02
5.130000e-06	6.551665e-06	1.023709e-08	4.945673e+01	6.783588e+02
5.140000e-06	6.571049e-06	1.025045e-08	4.960305e+01	6.791872e+02
5.150000e-06	6.590261e-06	1.026343e-08	4.974808e+01	6.799876e+02
5.160000e-06	6.609357e-06	1.027811e-08	4.989223e+01	6.807598e+02
5.170000e-06	6.628316e-06	1.029561e-08	5.003535e+01	6.815036e+02
5.180000e-06	6.647061e-06	1.030946e-08	5.017684e+01	6.822194e+02
5.190000e-06	6.665654e-06	1.031732e-08	5.031720e+01	6.829075e+02
5.200000e-06	6.684226e-06	1.032336e-08	5.045739e+01	6.835688e+02
5.210000e-06	6.702603e-06	1.033017e-08	5.059612e+01	6.842040e+02
5.220000e-06	6.720747e-06	1.033745e-08	5.073308e+01	6.848143e+02
5.230000e-06	6.738778e-06	1.034300e-08	5.086919e+01	6.854008e+02
5.240000e-06	6.756659e-06	1.035086e-08	5.100417e+01	6.859648e+02
5.250000e-06	6.774350e-06	1.036325e-08	5.113771e+01	6.865074e+02
5.260000e-06	6.791899e-06	1.037445e-08	5.127019e+01	6.870300e+02
5.270000e-06	6.809326e-06	1.038235e-08	5.140174e+01	6.875337e+02
5.280000e-06	6.826570e-06	1.038811e-08	5.153191e+01	6.880196e+02
5.290000e-06	6.843652e-06	1.039298e-08	5.166086e+01	6.884889e+02
5.300000e-06	6.860534e-06	1.039457e-08	5.178829e+01	6.889425e+02
5.310000e-06	6.877203e-06	1.039656e-08	5.191412e+01	6.893813e+02
5.320000e-06	6.893558e-06	1.040184e-08	5.203759e+01	6.898062e+02
5.330000e-06	6.909556e-06	1.040914e-08	5.215835e+01	6.902180e+02
5.340000e-06	6.925446e-06	1.041776e-08	5.227830e+01	6.906173e+02
5.350000e-06	6.941030e-06	1.042449e-08	5.239594e+01	6.910051e+02
5.360000e-06	6.956222e-06	1.042789e-08	5.251062e+01	6.913820e+02
5.370000e-06	6.971447e-06	1.043308e-08	5.262555e+01	6.917490e+02
5.380000e-06	6.986609e-06	1.044488e-08	5.274000e+01	6.921071e+02
5.390000e-06	7.001450e-06	1.045538e-08	5.285203e+01	6.924572e+02
5.400000e-06	7.016007e-06	1.046102e-08	5.296192e+01	6.928007e+02
5.410000e-06	7.030308e-06	1.046440e-08	5.306987e+01	6.931389e+02
5.420000e-06	7.044508e-06	1.046607e-08	5.317707e+01	6.934733e+02
5.430000e-06	7.058653e-06	1.046733e-08	5.328384e+01	6.938057e+02
5.440000e-06	7.072570e-06	1.046913e-08	5.338889e+01	6.941379e+02
5.450000e-06	7.086225e-06	1.047397e-08	5.349198e+01	6.944717e+02
5.460000e-06	7.099752e-06	1.048142e-08	5.359409e+01	6.948092e+02
5.470000e-06	7.113125e-06	1.049070e-08	5.369503e+01	6.951523e+02
5.480000e-06	7.126218e-06	1.049824e-08	5.379387e+01	6.955030e+02
5.490000e-06	7.139228e-06	1.050491e-08	5.389208e+01	6.958631e+02
5.500000e-06	7.152167e-06	1.051391e-08	5.398975e+01	6.962342e+02
5.510000e-06	7.164893e-06	1.052120e-08	5.408582e+01	6.966178e+02
5.520000e-06	7.177344e-06	1.052746e-08	5.417981e+01	6.970149e+02
5.530000e-06	7.189577e-06	1.053401e-08	5.427215e+01	6.974263e+02
5.540000e-06	7.201747e-06	1.054044e-08	5.436402e+01	6.978524e+02
5.550000e-06	7.213672e-06	1.054860e-08	5.445404e+01	6.982931e+02
5.560000e-06	7.225340e-06	1.055873e-08	5.454211e+01	6.987479e+02
5.570000e-06	7.237000e-06	1.057021e-08	5.463014e+01	6.992158e+02
5.580000e-06	7.248431e-06	1.058198e-08	5.471642e+01	6.996956e+02
5.590000e-06	7.259367e-06	1.059460e-08	5.479898e+01	7.001853e+02
5.600000e-06	7.269852e-06	1.061005e-08	5.487813e+01	7.006829e+02
5.610000e-06	7.280094e-06	1.062153e-08	5.495544e+01	7.011859e+02
5.620000e-06	7.290166e-06	1.062649e-08	5.503147e+01	7.016918e+02
5.630000e-06	7.299896e-06	1.063255e-08	5.510492e+01	7.021978e+02
5.640000e-06	7.309178e-06	1.063689e-08	5.517499e+01	7.027011e+02
5.650000e-06	7.318182e-06	1.064536e-08	5.524295e+01	7.031989e+02
5.660000e-06	7.327088e-06	1.065498e-08	5.531018e+01	7.036887e+02
5.670000e-06	7.335910e-06	1.066081e-08	5.537678e+01	7.041680e+02
5.680000e-06	7.344658e-06	1.066938e-08	5.544282e+01	7.046347e+02
5.690000e-06	7.353316e-06	1.068026e-08	5.550817e+01	7.050870e+02
5.700000e-06	7.361874e-06	1.069587e-08	5.557278e+01	7.055235e+02
5.710000e-06	7.370309e-06	1.070718e-08	5.563644e+01	7.059431e+02
5.720000e-06	7.378600e-06	1.071738e-08	5.569903e+01	7.063452e+02
5.730000e-06	7.386713e-06	1.072539e-08	5.576028e+01	7.067296e+02
5.740000e-06	7.394593e-06	1.072875e-08	5.581976e+01	7.070964e+02
5.750000e-06	7.402339e-06	1.072815e-08	5.587823e+01	7.074458e+02
5.760000e-06	7.409900e-06	1.071674e-08	5.593531e+01	7.077786e+02
5.770000e-06	7.417221e-06	1.071398e-08	5.599057e+01	7.080953e+02
5.780000e-06	7.424306e-06	1.071880e-08	5.604406e+01	7.083969e+02
5.790000e-06	7.431205e-06	1.073217e-08	5.609614e+01	7.086841e+02
5.800000e-06	7.437909e-06	1.075148e-08	5.614674e+01	7.089575e+02
5.810000e-06	7.444390e-06	1.076201e-08	5.619566e+01	7.092178e+02
5.820000e-06	7.450743e-06	1.076646e-08	5.624362e+01	7.094653e+02
5.830000e-06	7.456939e-06	1.076097e-08	5.629040e+01	7.096999e+02
5.840000e-06	7.462996e-06	1.075420e-08	5.633612e+01	7.099215e+02
5.850000e-06	7.468835e-06	1.074858e-08	5.638019e+01	7.101296e+02
5.860000e-06	7.474500e-06	1.074819e-08	5.642296e+01	7.103234e+02
5.870000e-06	7.480040e-06	1.075569e-08	5.646478e+01	7.105020e+02
5.880000e-06	7.485288e-06	1.076768e-08	5.650439e+01	7.106642e+02
5.890000e-06	7.490259e-06	1.078143e-08	5.654192e+01	7.108087e+02
5.900000e-06	7.495189e-06	1.078505e-08	5.657914e+01	7.109345e+02
5.910000e-06	7.500002e-06	1.078122e-08	5.661546e+01	7.110402e+02
5.920000e-06	7.504648e-06	1.076976e-08	5.665054e+01	7.111250e+02
5.930000e-06	7.509201e-06	1.075744e-08	5.668490e+01	7.111883e+02
5.940000e-06	7.513624e-06	1.075026e-08	5.671829e+01	7.112295e+02
5.950000e-06	7.517958e-06	1.074867e-08	5.675101e+01	7.112489e+02
5.960000e-06	7.522125e-06	1.075846e-08	5.678246e+01	7.112470e+02
5.970000e-06	7.526093e-06	1.077008e-08	5.681242e+01	7.112248e+02
5.980000e-06	7.529998e-06	1.078235e-08	5.684189e+01	7.111839e+02
5.990000e-06	7.533669e-06	1.078823e-08	5.686960e+01	7.111261e+02
6.000000e-06	7.536874e-06	1.078685e-08	5.689380e+01	7.110540e+02
6.010000e-06	7.539786e-06	1.078273e-08	5.691578e+01	7.109702e+02
6.020000e-06	7.542454e-06	1.076908e-08	5.693592e+01	7.108778e+02
6.030000e-06	7.544951e-06	1.075718e-08	5.695477e+01	7.107799e+02
6.040000e-06	7.547211e-06	1.074985e-08	5.697183e+01	7.106796e+02
6.050000e-06	7.549018e-06	1.075049e-08	5.698547e+01	7.105799e+02
6.060000e-06	7.550433e-06	1.075755e-08	5.699615e+01	7.104839e+02
6.070000e-06	7.551564e-06	1.076330e-08	5.700469e+01	7.103938e+02
6.080000e-06	7.552545e-06	1.077198e-08	5.701210e+01	7.103118e+02
6.090000e-06	7.553457e-06	1.077517e-08	5.701898e+01	7.102395e+02
6.100000e-06	7.554347e-06	1.077232e-08	5.702570e+01	7.101778e+02
6.110000e-06	7.555103e-06	1.075945e-08	5.703141e+01	7.101271e+02
6.120000e-06	7.555616e-06	1.074517e-08	5.703528e+01	7.100873e+02
6.130000e-06	7.555952e-06	1.074285e-08	5.703782e+01	7.100577e+02
6.140000e-06	7.556258e-06	1.075310e-08	5.704013e+01	7.100369e+02
6.150000e-06	7.556440e-06	1.076609e-08	5.704150e+01	7.100234e+02
6.160000e-06	7.556302e-06	1.076880e-08	5.704046e+01	7.100153e+02
6.170000e-06	7.555917e-06	1.077336e-08	5.703755e+01	7.100104e+02
6.180000e-06	7.555549e-06	1.078331e-08	5.703477e+01	7.100067e+02
6.190000e-06	7.554936e-06	1.079814e-08	5.703015e+01	7.100021e+02
6.200000e-06	7.553925e-06	1.081166e-08	5.702251e+01	7.099948e+02
6.210000e-06	7.552794e-06	1.079919e-08	5.701397e+01	7.099833e+02
6.220000e-06	7.551452e-06	1.076276e-08	5.700385e+01	7.099665e+02
6.230000e-06	7.549938e-06	1.086561e-08	5.699242e+01	7.099441e+02
6.240000e-06	7.548326e-06	1.086389e-08	5.698025e+01	7.099158e+02
6.250000e-06	7.546556e-06	1.058814e-08	5.696689e+01	7.098823e+02
6.260000e-06	7.544598e-06	1.066049e-08	5.695211e+01	7.098446e+02
6.270000e-06	7.542396e-06	1.064131e-08	5.693549e+01	7.098042e+02
6.280000e-06	7.539977e-06	1.047045e-08	5.691723e+01	7.097629e+02
6.290000e-06	7.537311e-06	1.064845e-08	5.689710e+01	7.097229e+02
6.300000e-06	7.534527e-06	1.075435e-08	5.687609e+01	7.096863e+02
6.310000e-06	7.531676e-06	1.079654e-08	5.685456e+01	7.096551e+02
6.320000e-06	7.528686e-06	1.085235e-08	5.683200e+01	7.096313e+02
6.330000e-06	7.525549e-06	1.098132e-08	5.680831e+01	7.096164e+02
6.340000e-06	7.522272e-06	1.094731e-08	5.678357e+01	7.096113e+02
6.350000e-06	7.518964e-06	1.070236e-08	5.675861e+01	7.096165e+02
6.360000e-06	7.515588e-06	1.064328e-08	5.673312e+01	7.096314e+02
6.370000e-06	7.512079e-06	1.073205e-08	5.670663e+01	7.096550e+02
6.380000e-06	7.508351e-06	1.074925e-08	5.667849e+01	7.096852e+02
6.390000e-06	7.504419e-06	1.066105e-08	5.664881e+01	7.097191e+02
6.400000e-06	7.500337e-06	1.073290e-08	5.661799e+01	7.097534e+02
6.410000e-06	7.495971e-06	1.082152e-08	5.658504e+01	7.097837e+02
6.420000e-06	7.491399e-06	1.073936e-08	5.655052e+01	7.098054e+02
6.430000e-06	7.486539e-06	1.072405e-08	5.651384e+01	7.098134e+02
6.440000e-06	7.481176e-06	1.078025e-08	5.647335e+01	7.098027e+02
6.450000e-06	7.475458e-06	1.076995e-08	5.643019e+01	7.097681e+02
6.460000e-06	7.469571e-06	1.073020e-08	5.638575e+01	7.097047e+02
6.470000e-06	7.463548e-06	1.078814e-08	5.634028e+01	7.096081e+02
6.480000e-06	7.457241e-06	1.078825e-08	5.629267e+01	7.094746e+02
6.490000e-06	7.450606e-06	1.069920e-08	5.624259e+01	7.093014e+02
6.500000e-06	7.443739e-06	1.072313e-08	5.619075e+01	7.090863e+02
6.510000e-06	7.436686e-06	1.076702e-08	5.613751e+01	7.088285e+02
6.520000e-06	7.429420e-06	1.075180e-08	5.608266e+01	7.085281e+02
6.530000e-06	7.422041e-06	1.073199e-08	5.602696e+01	7.081862e+02
6.540000e-06	7.414563e-06	1.074380e-08	5.597051e+01	7.078053e+02
6.550000e-06	7.406915e-06	1.073958e-08	5.591278e+01	7.073884e+02
6.560000e-06	7.399160e-06	1.071948e-08	5.585424e+01	7.069397e+02
6.570000e-06	7.391267e-06	1.072088e-08	5.579466e+01	7.064638e+02
6.580000e-06	7.383360e-06	1.065989e-08	5.573497e+01	7.059660e+02
6.590000e-06	7.375237e-06	1.066437e-08	5.567365e+01	7.054518e+02
6.600000e-06	7.366789e-06	1.072887e-08	5.560987e+01	7.049268e+02
6.610000e-06	7.358242e-06	1.071344e-08	5.554536e+01	7.043963e+02
6.620000e-06	7.349478e-06	1.067171e-08	5.547920e+01	7.038655e+02
6.630000e-06	7.340432e-06	1.067169e-08	5.541092e+01	7.033390e+02
6.640000e-06	7.331148e-06	1.068584e-08	5.534083e+01	7.028208e+02
6.650000e-06	7.321746e-06	1.064879e-08	5.526986e+01	7.023140e+02
6.660000e-06	7.312319e-06	1.062972e-08	5.519869e+01	7.018211e+02
6.670000e-06	7.302743e-06	1.061460e-08	5.512641e+01	7.013436e+02
6.680000e-06	7.292826e-06	1.061824e-08	5.505155e+01	7.008822e+02
6.690000e-06	7.282644e-06	1.064491e-08	5.497469e+01	7.004367e+02
6.700000e-06	7.272245e-06	1.062505e-08	5.489619e+01	7.000065e+02
6.710000e-06	7.261643e-06	1.061239e-08	5.481616e+01	6.995900e+02
6.720000e-06	7.250878e-06	1.060373e-08	5.473489e+01	6.991855e+02
6.730000e-06	7.239909e-06	1.059118e-08	5.465209e+01	6.987908e+02
6.740000e-06	7.228798e-06	1.058426e-08	5.456822e+01	6.984037e+02
6.750000e-06	7.217483e-06	1.057585e-08	5.448280e+01	6.980219e+02
6.760000e-06	7.206022e-06	1.055607e-08	5.439629e+01	6.976434e+02
6.770000e-06	7.194455e-06	1.055566e-08	5.430897e+01	6.972663e+02
6.780000e-06	7.182704e-06	1.058308e-08	5.422027e+01	6.968892e+02
6.790000e-06	7.170721e-06	1.056827e-08	5.412981e+01	6.965111e+02
6.800000e-06	7.158369e-06	1.055600e-08	5.403657e+01	6.961316e+02
6.810000e-06	7.145731e-06	1.055751e-08	5.394117e+01	6.957506e+02
6.820000e-06	7.132815e-06	1.055097e-08	5.384367e+01	6.953684e+02
6.830000e-06	7.119472e-06	1.054503e-08	5.374295e+01	6.949860e+02
6.840000e-06	7.105917e-06	1.052092e-08	5.364062e+01	6.946044e+02
6.850000e-06	7.092214e-06	1.051726e-08	5.353719e+01	6.942249e+02
6.860000e-06	7.078119e-06	1.052076e-08	5.343078e+01	6.938487e+02
6.870000e-06	7.063649e-06	1.051824e-08	5.332155e+01	6.934772e+02
6.880000e-06	7.048940e-06	1.051785e-08	5.321052e+01	6.931114e+02
6.890000e-06	7.034024e-06	1.052000e-08	5.309792e+01	6.927520e+02
6.900000e-06	7.018875e-06	1.051949e-08	5.298357e+01	6.923994e+02
6.910000e-06	7.003675e-06	1.051182e-08	5.286882e+01	6.920534e+02
6.920000e-06	6.988443e-06	1.051558e-08	5.275385e+01	6.917134e+02
6.930000e-06	6.973090e-06	1.050396e-08	5.263795e+01	6.913781e+02
6.940000e-06	6.957686e-06	1.049488e-08	5.252167e+01	6.910458e+02
6.950000e-06	6.942105e-06	1.049422e-08	5.240405e+01	6.907141e+02
6.960000e-06	6.926436e-06	1.049449e-08	5.228577e+01	6.903803e+02
6.970000e-06	6.910655e-06	1.049258e-08	5.216664e+01	6.900414e+02
6.980000e-06	6.894581e-06	1.047410e-08	5.204531e+01	6.896940e+02
6.990000e-06	6.878224e-06	1.046995e-08	5.192183e+01	6.893347e+02
7.000000e-06	6.861597e-06	1.046976e-08	5.179632e+01	6.889601e+02
7.010000e-06	6.844924e-06	1.046721e-08	5.167046e+01	6.885670e+02
7.020000e-06	6.828137e-06	1.046217e-08	5.154374e+01	6.881521e+02
7.030000e-06	6.811152e-06	1.045594e-08	5.141552e+01	6.877130e+02
7.040000e-06	6.793972e-06	1.045664e-08	5.128583e+01	6.872474e+02
7.050000e-06	6.776542e-06	1.044799e-08	5.115426e+01	6.867535e+02
7.060000e-06	6.759094e-06	1.043468e-08	5.102255e+01	6.862301e+02
7.070000e-06	6.741666e-06	1.041793e-08	5.089099e+01	6.856768e+02
7.080000e-06	6.724025e-06	1.040963e-08	5.075782e+01	6.850933e+02
7.090000e-06	6.706209e-06	1.041131e-08	5.062334e+01	6.844802e+02
7.100000e-06	6.688254e-06	1.041125e-08	5.048780e+01	6.838383e+02
7.110000e-06	6.670041e-06	1.040688e-08	5.035032e+01	6.831687e+02
7.120000e-06	6.651630e-06	1.039177e-08	5.021133e+01	6.824731e+02
7.130000e-06	6.633040e-06	1.038032e-08	5.007101e+01	6.817530e+02
7.140000e-06	6.614291e-06	1.036571e-08	4.992947e+01	6.810103e+02
7.150000e-06	6.595381e-06	1.034712e-08	4.978673e+01	6.802466e+02
7.160000e-06	6.576327e-06	1.032869e-08	4.964290e+01	6.794635e+02
7.170000e-06	6.557132e-06	1.031707e-08	4.949799e+01	6.786625e+02
7.180000e-06	6.537797e-06	1.031743e-08	4.935204e+01	6.778449e+02
7.190000e-06	6.518428e-06	1.031114e-08	4.920583e+01	6.770116e+02
7.200000e-06	6.498973e-06	1.030101e-08	4.905897e+01	6.761633e+02
7.210000e-06	6.479382e-06	1.028860e-08	4.891108e+01	6.753006e+02
7.220000e-06	6.459771e-06	1.028273e-08	4.876304e+01	6.744236e+02
7.230000e-06	6.440050e-06	1.027369e-08	4.861418e+01	6.735326e+02
7.240000e-06	6.420146e-06	1.025423e-08	4.846393e+01	6.726276e+02
7.250000e-06	6.400136e-06	1.023814e-08	4.831288e+01	6.717084e+02
7.260000e-06	6.379948e-06	1.022261e-08	4.816048e+01	6.707751e+02
7.270000e-06	6.359388e-06	1.021291e-08	4.800528e+01	6.698278e+02
7.280000e-06	6.338435e-06	1.019910e-08	4.784711e+01	6.688668e+02
7.290000e-06	6.317333e-06	1.018086e-08	4.768782e+01	6.678925e+02
7.300000e-06	6.296125e-06	1.016848e-08	4.752773e+01	6.669058e+02
7.310000e-06	6.274433e-06	1.015973e-08	4.736398e+01	6.659075e+02
7.320000e-06	6.252378e-06	1.014769e-08	4.719749e+01	6.648991e+02
7.330000e-06	6.230106e-06	1.012676e-08	4.702937e+01	6.638821e+02
7.340000e-06	6.207427e-06	1.010765e-08	4.685817e+01	6.628581e+02
7.350000e-06	6.184655e-06	1.008834e-08	4.668627e+01	6.618293e+02
7.360000e-06	6.161762e-06	1.007082e-08	4.651345e+01	6.607975e+02
7.370000e-06	6.138686e-06	1.005703e-08	4.633926e+01	6.597651e+02
7.380000e-06	6.115576e-06	1.004518e-08	4.616481e+01	6.587339e+02
7.390000e-06	6.092394e-06	1.003777e-08	4.598981e+01	6.577059e+02
7.400000e-06	6.069107e-06	1.002573e-08	4.581403e+01	6.566829e+02
7.410000e-06	6.045672e-06	1.001022e-08	4.563712e+01	6.556663e+02
7.420000e-06	6.022171e-06	9.991340e-09	4.545972e+01	6.546574e+02
7.430000e-06	5.998650e-06	9.972886e-09	4.528217e+01	6.536568e+02
7.440000e-06	5.974997e-06	9.953736e-09	4.510362e+01	6.526652e+02
7.450000e-06	5.951249e-06	9.928339e-09	4.492435e+01	6.516824e+02
7.460000e-06	5.927324e-06	9.908075e-09	4.474375e+01	6.507083e+02
7.470000e-06	5.903165e-06	9.893768e-09	4.456138e+01	6.497419e+02
7.480000e-06	5.878897e-06	9.880784e-09	4.437819e+01	6.487825e+02
7.490000e-06	5.854494e-06	9.865946e-09	4.419397e+01	6.478286e+02
7.500000e-06	5.829832e-06	9.851540e-09	4.400781e+01	6.468789e+02
7.510000e-06	5.805091e-06	9.840051e-09	4.382104e+01	6.459316e+02
7.520000e-06	5.780327e-06	9.829706e-09	4.363411e+01	6.449852e+02
7.530000e-06	5.755320e-06	9.817976e-09	4.344533e+01	6.440379e+02
7.540000e-06	5.730105e-06	9.801157e-09	4.325499e+01	6.430881e+02
7.550000e-06	5.704700e-06	9.785238e-09	4.306322e+01	6.421341e+02
7.560000e-06	5.679213e-06	9.771399e-09	4.287083e+01	6.411746e+02
7.570000e-06	5.653660e-06	9.756995e-09	4.267793e+01	6.402081e+02
7.580000e-06	5.628026e-06	9.742997e-09	4.248443e+01	6.392334e+02
7.590000e-06	5.602297e-06	9.732849e-09	4.229021e+01	6.382496e+02
7.600000e-06	5.576275e-06	9.723553e-09	4.209377e+01	6.372557e+02
7.610000e-06	5.550102e-06	9.708859e-09	4.189620e+01	6.362507e+02
7.620000e-06	5.523829e-06	9.692622e-09	4.169787e+01	6.352338e+02
7.630000e-06	5.497310e-06	9.679297e-09	4.149769e+01	6.342043e+02
7.640000e-06	5.470573e-06	9.665362e-09	4.129586e+01	6.331612e+02
7.650000e-06	5.443652e-06	9.651658e-09	4.109264e+01	6.321035e+02
7.660000e-06	5.416617e-06	9.636131e-09	4.088856e+01	6.310304e+02
7.670000e-06	5.389524e-06	9.617311e-09	4.068405e+01	6.299405e+02
7.680000e-06	5.362340e-06	9.600813e-09	4.047883e+01	6.288326e+02
7.690000e-06	5.335105e-06	9.583731e-09	4.027325e+01	6.277053e+02
7.700000e-06	5.307816e-06	9.568145e-09	4.006725e+01	6.265569e+02
7.710000e-06	5.280448e-06	9.551230e-09	3.986066e+01	6.253859e+02
7.720000e-06	5.253061e-06	9.533546e-09	3.965392e+01	6.241906e+02
7.730000e-06	5.225550e-06	9.516914e-09	3.944625e+01	6.229693e+02
7.740000e-06	5.197976e-06	9.499844e-09	3.923810e+01	6.217203e+02
7.750000e-06	5.170341e-06	9.478926e-09	3.902949e+01	6.204422e+02
7.760000e-06	5.142546e-06	9.453808e-09	3.881967e+01	6.191336e+02
7.770000e-06	5.114626e-06	9.431721e-09	3.860891e+01	6.177934e+02
7.780000e-06	5.086660e-06	9.412047e-09	3.839781e+01	6.164208e+02
7.790000e-06	5.058585e-06	9.389276e-09	3.818588e+01	6.150152e+02
7.800000e-06	5.030342e-06	9.366014e-09	3.797267e+01	6.135767e+02
7.810000e-06	5.001868e-06	9.343122e-09	3.775774e+01	6.121052e+02
7.820000e-06	4.973101e-06	9.324206e-09	3.754058e+01	6.106015e+02
7.830000e-06	4.944093e-06	9.307291e-09	3.732160e+01	6.090664e+02
7.840000e-06	4.914980e-06	9.289186e-09	3.710184e+01	6.075013e+02
7.850000e-06	4.885596e-06	9.269466e-09	3.688003e+01	6.059075e+02
7.860000e-06	4.855909e-06	9.244377e-09	3.665593e+01	6.042869e+02
7.870000e-06	4.826096e-06	9.218756e-09	3.643088e+01	6.026413e+02
7.880000e-06	4.796179e-06	9.190811e-09	3.620505e+01	6.009727e+02
7.890000e-06	4.766084e-06	9.162246e-09	3.597787e+01	5.992833e+02
7.900000e-06	4.735728e-06	9.135241e-09	3.574872e+01	5.975749e+02
7.910000e-06	4.705045e-06	9.111114e-09	3.551709e+01	5.958495e+02
7.920000e-06	4.674185e-06	9.086266e-09	3.528414e+01	5.941089e+02
7.930000e-06	4.643230e-06	9.058652e-09	3.505047e+01	5.923547e+02
7.940000e-06	4.612188e-06	9.030784e-09	3.481614e+01	5.905884e+02
7.950000e-06	4.581133e-06	9.003508e-09	3.458172e+01	5.888112e+02
7.960000e-06	4.549887e-06	8.974699e-09	3.434585e+01	5.870241e+02
7.970000e-06	4.518587e-06	8.944256e-09	3.410958e+01	5.852280e+02
7.980000e-06	4.487172e-06	8.914795e-09	3.387243e+01	5.834236e+02
7.990000e-06	4.455631e-06	8.887907e-09	3.363434e+01	5.816115e+02
8.000000e-06	4.424137e-06	8.862804e-09	3.339660e+01	5.797922e+02
8.010000e-06	4.392639e-06	8.835277e-09	3.315883e+01	5.779662e+02
8.020000e-06	4.361072e-06	8.805930e-09	3.292054e+01	5.761338e+02
8.030000e-06	4.329337e-06	8.777283e-09	3.268098e+01	5.742956e+02
8.040000e-06	4.297438e-06	8.748175e-09	3.244019e+01	5.724521e+02
8.050000e-06	4.265568e-06	8.717710e-09	3.219961e+01	5.706040e+02
8.060000e-06	4.233652e-06	8.685747e-09	3.195868e+01	5.687518e+02
8.070000e-06	4.201638e-06	8.653891e-09	3.171702e+01	5.668964e+02
8.080000e-06	4.169512e-06	8.623766e-09	3.147451e+01	5.650386e+02
8.090000e-06	4.137151e-06	8.593800e-09	3.123022e+01	5.631791e+02
8.100000e-06	4.104668e-06	8.563413e-09	3.098502e+01	5.613189e+02
8.110000e-06	4.072179e-06	8.534033e-09	3.073976e+01	5.594587e+02
8.120000e-06	4.039538e-06	8.507551e-09	3.049337e+01	5.575991e+02
8.130000e-06	4.006705e-06	8.484385e-09	3.024552e+01	5.557406e+02
8.140000e-06	3.973825e-06	8.460164e-09	2.999732e+01	5.538835e+02
8.150000e-06	3.940818e-06	8.430601e-09	2.974816e+01	5.520277e+02
8.160000e-06	3.907709e-06	8.401211e-09	2.949822e+01	5.501728e+02
8.170000e-06	3.874637e-06	8.372293e-09	2.924857e+01	5.483184e+02
8.180000e-06	3.841432e-06	8.341850e-09	2.899792e+01	5.464632e+02
8.190000e-06	3.807974e-06	8.314228e-09	2.874535e+01	5.446060e+02
8.200000e-06	3.774502e-06	8.287433e-09	2.849268e+01	5.427450e+02
8.210000e-06	3.741087e-06	8.260895e-09	2.824044e+01	5.408782e+02
8.220000e-06	3.707520e-06	8.233552e-09	2.798705e+01	5.390033e+02
8.230000e-06	3.673882e-06	8.202404e-09	2.773313e+01	5.371176e+02
8.240000e-06	3.640162e-06	8.171022e-09	2.747859e+01	5.352185e+02
8.250000e-06	3.606234e-06	8.141066e-09	2.722247e+01	5.333032e+02
8.260000e-06	3.572216e-06	8.109656e-09	2.696568e+01	5.313688e+02
8.270000e-06	3.538250e-06	8.080564e-09	2.670928e+01	5.294124e+02
8.280000e-06	3.504115e-06	8.055712e-09	2.645160e+01	5.274314e+02
8.290000e-06	3.469638e-06	8.028735e-09	2.619135e+01	5.254231e+02
8.300000e-06	3.435197e-06	8.000628e-09	2.593136e+01	5.233852e+02
8.310000e-06	3.400741e-06	7.972480e-09	2.567126e+01	5.213154e+02
8.320000e-06	3.366244e-06	7.944873e-09	2.541086e+01	5.192120e+02
8.330000e-06	3.331628e-06	7.916146e-09	2.514955e+01	5.170732e+02
8.340000e-06	3.296748e-06	7.885610e-09	2.488625e+01	5.148978e+02
8.350000e-06	3.261804e-06	7.855611e-09	2.462247e+01	5.126847e+02
8.360000e-06	3.226901e-06	7.821358e-09	2.435900e+01	5.104328e+02
8.370000e-06	3.191948e-06	7.783784e-09	2.409514e+01	5.081416e+02
8.380000e-06	3.156848e-06	7.745344e-09	2.383018e+01	5.058105e+02
8.390000e-06	3.121710e-06	7.709192e-09	2.356494e+01	5.034391e+02
8.400000e-06	3.086567e-06	7.677167e-09	2.329965e+01	5.010269e+02
8.410000e-06	3.051338e-06	7.642226e-09	2.303372e+01	4.985738e+02
8.420000e-06	3.016082e-06	7.603226e-09	2.276758e+01	4.960792e+02
8.430000e-06	2.980859e-06	7.562224e-09	2.250169e+01	4.935430e+02
8.440000e-06	2.945536e-06	7.519283e-09	2.223504e+01	4.909647e+02
8.450000e-06	2.910173e-06	7.476507e-09	2.196810e+01	4.883439e+02
8.460000e-06	2.874759e-06	7.434584e-09	2.170077e+01	4.856803e+02
8.470000e-06	2.839273e-06	7.393247e-09	2.143290e+01	4.829734e+02
8.480000e-06	2.803873e-06	7.353393e-09	2.116567e+01	4.802228e+02
8.490000e-06	2.768506e-06	7.314364e-09	2.089870e+01	4.774283e+02
8.500000e-06	2.733073e-06	7.273102e-09	2.063122e+01	4.745897e+02
8.510000e-06	2.697560e-06	7.233844e-09	2.036314e+01	4.717070e+02
8.520000e-06	2.661936e-06	7.195370e-09	2.009423e+01	4.687802e+02
8.530000e-06	2.626255e-06	7.152038e-09	1.982488e+01	4.658098e+02
8.540000e-06	2.590647e-06	7.106975e-09	1.955608e+01	4.627964e+02
8.550000e-06	2.555093e-06	7.063863e-09	1.928770e+01	4.597409e+02
8.560000e-06	2.519434e-06	7.018975e-09	1.901852e+01	4.566444e+02
8.570000e-06	2.483599e-06	6.967703e-09	1.874801e+01	4.535085e+02
8.580000e-06	2.447628e-06	6.914479e-09	1.847648e+01	4.503348e+02
8.590000e-06	2.411709e-06	6.864557e-09	1.820533e+01	4.471252e+02
8.600000e-06	2.375841e-06	6.818971e-09	1.793457e+01	4.438818e+02
8.610000e-06	2.339869e-06	6.776656e-09	1.766303e+01	4.406070e+02
8.620000e-06	2.303632e-06	6.730820e-09	1.738949e+01	4.373029e+02
8.630000e-06	2.267235e-06	6.679595e-09	1.711474e+01	4.339719e+02
8.640000e-06	2.230830e-06	6.629510e-09	1.683993e+01	4.306163e+02
8.650000e-06	2.194478e-06	6.579764e-09	1.656551e+01	4.272382e+02
8.660000e-06	2.158087e-06	6.523284e-09	1.629081e+01	4.238396e+02
8.670000e-06	2.121391e-06	6.462608e-09	1.601380e+01	4.204223e+02
8.680000e-06	2.084592e-06	6.406177e-09	1.573602e+01	4.169878e+02
8.690000e-06	2.047716e-06	6.355379e-09	1.545765e+01	4.135373e+02
8.700000e-06	2.010875e-06	6.308941e-09	1.517955e+01	4.100717e+02
8.710000e-06	1.974091e-06	6.262535e-09	1.490187e+01	4.065916e+02
8.720000e-06	1.936979e-06	6.215412e-09	1.462172e+01	4.030973e+02
8.730000e-06	1.899681e-06	6.169807e-09	1.434017e+01	3.995887e+02
8.740000e-06	1.862494e-06	6.121948e-09	1.405946e+01	3.960657e+02
8.750000e-06	1.825244e-06	6.068240e-09	1.377827e+01	3.925276e+02
8.760000e-06	1.787871e-06	6.010084e-09	1.349615e+01	3.889737e+02
8.770000e-06	1.750401e-06	5.954309e-09	1.321330e+01	3.854031e+02
8.780000e-06	1.712795e-06	5.904818e-09	1.292942e+01	3.818147e+02
8.790000e-06	1.675082e-06	5.857361e-09	1.264474e+01	3.782074e+02
8.800000e-06	1.637352e-06	5.806996e-09	1.235992e+01	3.745798e+02
8.810000e-06	1.599519e-06	5.754812e-09	1.207433e+01	3.709305e+02
8.820000e-06	1.561632e-06	5.702066e-09	1.178833e+01	3.672582e+02
8.830000e-06	1.523721e-06	5.648590e-09	1.150215e+01	3.635612e+02
8.840000e-06	1.485652e-06	5.592257e-09	1.121478e+01	3.598381e+02
8.850000e-06	1.447590e-06	5.532007e-09	1.092746e+01	3.560870e+02
8.860000e-06	1.409460e-06	5.473814e-09	1.063963e+01	3.523062e+02
8.870000e-06	1.371136e-06	5.420272e-09	1.035033e+01	3.484936e+02
8.880000e-06	1.332777e-06	5.367926e-09	1.006077e+01	3.446472e+02
8.890000e-06	1.294395e-06	5.313201e-09	9.771034e+00	3.407647e+02
8.900000e-06	1.255921e-06	5.255872e-09	9.480606e+00	3.368436e+02
8.910000e-06	1.217401e-06	5.199855e-09	9.189830e+00	3.328812e+02
8.920000e-06	1.178868e-06	5.145688e-09	8.898951e+00	3.288747e+02
8.930000e-06	1.140326e-06	5.091173e-09	8.608012e+00	3.248210e+02
8.940000e-06	1.101726e-06	5.033348e-09	8.316629e+00	3.207169e+02
8.950000e-06	1.063131e-06	4.972719e-09	8.025288e+00	3.165592e+02
8.960000e-06	1.024600e-06	4.912174e-09	7.734429e+00	3.123445e+02
8.970000e-06	9.859873e-07	4.848438e-09	7.442949e+00	3.080696e+02
8.980000e-06	9.472395e-07	4.780382e-09	7.150452e+00	3.037310e+02
8.990000e-06	9.085748e-07	4.711085e-09	6.858583e+00	2.993257e+02
9.000000e-06	8.698825e-07	4.640015e-09	6.566505e+00	2.948508e+02
9.010000e-06	8.310713e-07	4.570463e-09	6.273530e+00	2.903035e+02
9.020000e-06	7.923444e-07	4.504029e-09	5.981191e+00	2.856815e+02
9.030000e-06	7.535441e-07	4.437061e-09	5.688298e+00	2.809829e+02
9.040000e-06	7.146071e-07	4.368403e-09	5.394374e+00	2.762061e+02
9.050000e-06	6.756981e-07	4.297727e-09	5.100660e+00	2.713499e+02
9.060000e-06	6.367914e-07	4.223451e-09	4.806964e+00	2.664137e+02
9.070000e-06	5.978697e-07	4.146170e-09	4.513155e+00	2.613971e+02
9.080000e-06	5.590610e-07	4.067791e-09	4.220198e+00	2.563004e+02
9.090000e-06	5.201423e-07	3.987339e-09	3.926412e+00	2.511239e+02
9.100000e-06	4.811385e-07	3.905659e-09	3.631983e+00	2.458684e+02
9.110000e-06	4.422279e-07	3.827104e-09	3.338257e+00	2.405350e+02
9.120000e-06	4.033373e-07	3.751043e-09	3.044683e+00	2.351247e+02
9.130000e-06	3.644737e-07	3.668871e-09	2.751312e+00	2.296388e+02
9.140000e-06	3.254891e-07	3.578253e-09	2.457028e+00	2.240783e+02
9.150000e-06	2.865749e-07	3.485730e-09	2.163275e+00	2.184443e+02
9.160000e-06	2.478010e-07	3.393580e-09	1.870582e+00	2.127378e+02
9.170000e-06	2.089466e-07	3.301729e-09	1.577280e+00	2.069593e+02
9.180000e-06	1.699230e-07	3.212577e-09	1.282703e+00	2.011093e+02
9.190000e-06	1.308505e-07	3.124671e-09	9.877548e-01	1.951878e+02
9.200000e-06	9.183585e-08	3.037729e-09	6.932437e-01	1.891946e+02
9.210000e-06	5.288189e-08	2.949062e-09	3.991910e-01	1.831292e+02
9.220000e-06	1.393308e-08	2.856244e-09	1.051770e-01	1.769909e+02
9.230000e-06	-2.491877e-08	2.759563e-09	-1.881050e-01	1.707785e+02
9.240000e-06	-6.375074e-08	2.656280e-09	-4.812369e-01	1.644911e+02
9.250000e-06	-1.027021e-07	2.547724e-09	-7.752700e-01	1.581273e+02
9.260000e-06	-1.416399e-07	2.441524e-09	-1.069201e+00	1.516859e+02
9.270000e-06	-1.805344e-07	2.342830e-09	-1.362805e+00	1.451657e+02
9.280000e-06	-2.194277e-07	2.246141e-09	-1.656399e+00	1.385658e+02
9.290000e-06	-2.584329e-07	2.146604e-09	-1.950839e+00	1.318852e+02
9.300000e-06	-2.974763e-07	2.043825e-09	-2.245567e+00	1.251236e+02
9.310000e-06	-3.364827e-07	1.938044e-09	-2.540016e+00	1.182808e+02
9.320000e-06	-3.754255e-07	1.829219e-09	-2.833984e+00	1.113569e+02
9.330000e-06	-4.143125e-07	1.716155e-09	-3.127532e+00	1.043526e+02
9.340000e-06	-4.532238e-07	1.603813e-09	-3.421262e+00	9.726885e+01
9.350000e-06	-4.921557e-07	1.497515e-09	-3.715149e+00	9.010703e+01
9.360000e-06	-5.310095e-07	1.391179e-09	-4.008445e+00	8.286885e+01
9.370000e-06	-5.697297e-07	1.282892e-09	-4.300734e+00	7.555634e+01
9.380000e-06	-6.084504e-07	1.168234e-09	-4.593025e+00	6.817174e+01
9.390000e-06	-6.472776e-07	1.048265e-09	-4.886121e+00	6.071747e+01
9.400000e-06	-6.860331e-07	9.303457e-10	-5.178676e+00	5.319606e+01
9.410000e-06	-7.247672e-07	8.126787e-10	-5.471070e+00	4.561008e+01
9.420000e-06	-7.635462e-07	7.011818e-10	-5.763801e+00	3.796206e+01
9.430000e-06	-8.022041e-07	5.862455e-10	-6.055620e+00	3.025445e+01
9.440000e-06	-8.407638e-07	4.699331e-10	-6.346696e+00	2.248957e+01
9.450000e-06	-8.793766e-07	3.523267e-10	-6.638173e+00	1.466957e+01
9.460000e-06	-9.180169e-07	2.289888e-10	-6.929859e+00	6.796455e+00
9.470000e-06	-9.567348e-07	1.025887e-10	-7.222129e+00	-1.127970e+00
9.480000e-06	-9.954407e-07	-3.033578e-11	-7.514310e+00	-9.102039e+00
9.490000e-06	-1.033998e-06	-1.564083e-10	-7.805370e+00	-1.712420e+01
9.500000e-06	-1.072596e-06	-2.750287e-10	-8.096732e+00	-2.519298e+01
9.510000e-06	-1.111157e-06	-3.893789e-10	-8.387818e+00	-3.330689e+01
9.520000e-06	-1.149578e-06	-5.015055e-10	-8.677853e+00	-4.146438e+01
9.530000e-06	-1.188011e-06	-6.186832e-10	-8.967970e+00	-4.966377e+01
9.540000e-06	-1.226475e-06	-7.392387e-10	-9.258325e+00	-5.790316e+01
9.550000e-06	-1.264828e-06	-8.691998e-10	-9.547843e+00	-6.618034e+01
9.560000e-06	-1.302939e-06	-1.005104e-09	-9.835529e+00	-7.449275e+01
9.570000e-06	-1.340951e-06	-1.140639e-09	-1.012248e+01	-8.283742e+01
9.580000e-06	-1.379063e-06	-1.272392e-09	-1.041017e+01	-9.121091e+01
9.590000e-06	-1.417249e-06	-1.397273e-09	-1.069842e+01	-9.960929e+01
9.600000e-06	-1.455288e-06	-1.521721e-09	-1.098557e+01	-1.080281e+02
9.610000e-06	-1.493198e-06	-1.643671e-09	-1.127175e+01	-1.164624e+02
9.620000e-06	-1.530989e-06	-1.768509e-09	-1.155702e+01	-1.249068e+02
9.630000e-06	-1.568602e-06	-1.895811e-09	-1.184095e+01	-1.333554e+02
9.640000e-06	-1.606308e-06	-2.027912e-09	-1.212558e+01	-1.418019e+02
9.650000e-06	-1.643978e-06	-2.163725e-09	-1.240994e+01	-1.502396e+02
9.660000e-06	-1.681627e-06	-2.298550e-09	-1.269414e+01	-1.586618e+02
9.670000e-06	-1.719348e-06	-2.429268e-09	-1.297889e+01	-1.670612e+02
9.680000e-06	-1.756790e-06	-2.552545e-09	-1.326153e+01	-1.754308e+02
9.690000e-06	-1.794132e-06	-2.676188e-09	-1.354341e+01	-1.837632e+02
9.700000e-06	-1.831452e-06	-2.799553e-09	-1.382513e+01	-1.920514e+02
9.710000e-06	-1.868562e-06	-2.924476e-09	-1.410527e+01	-2.002882e+02
9.720000e-06	-1.905666e-06	-3.050935e-09	-1.438535e+01	-2.084669e+02
9.730000e-06	-1.942604e-06	-3.176928e-09	-1.466418e+01	-2.165808e+02
9.740000e-06	-1.979402e-06	-3.304914e-09	-1.494196e+01	-2.246236e+02
9.750000e-06	-2.016204e-06	-3.432907e-09	-1.521977e+01	-2.325895e+02
9.760000e-06	-2.053046e-06	-3.560646e-09	-1.549788e+01	-2.404728e+02
9.770000e-06	-2.089997e-06	-3.685727e-09	-1.577681e+01	-2.482685e+02
9.780000e-06	-2.126685e-06	-3.806687e-09	-1.605377e+01	-2.559718e+02
9.790000e-06	-2.163027e-06	-3.923148e-09	-1.632810e+01	-2.635784e+02
9.800000e-06	-2.199202e-06	-4.035347e-09	-1.660118e+01	-2.710844e+02
9.810000e-06	-2.235354e-06	-4.145908e-09	-1.687408e+01	-2.784865e+02
9.820000e-06	-2.271450e-06	-4.253847e-09	-1.714656e+01	-2.857817e+02
9.830000e-06	-2.307313e-06	-4.363357e-09	-1.741728e+01	-2.929673e+02
9.840000e-06	-2.343292e-06	-4.473879e-09	-1.768887e+01	-3.000413e+02
9.850000e-06	-2.379262e-06	-4.585385e-09	-1.796040e+01	-3.070018e+02
9.860000e-06	-2.414984e-06	-4.696418e-09	-1.823006e+01	-3.138474e+02
9.870000e-06	-2.450705e-06	-4.803945e-09	-1.849970e+01	-3.205772e+02
9.880000e-06	-2.486469e-06	-4.908787e-09	-1.876967e+01	-3.271905e+02
9.890000e-06	-2.522154e-06	-5.009201e-09	-1.903905e+01	-3.336869e+02
9.900000e-06	-2.557720e-06	-5.110059e-09	-1.930753e+01	-3.400666e+02
9.910000e-06	-2.593286e-06	-5.212129e-09	-1.957601e+01	-3.463298e+02
9.920000e-06	-2.628862e-06	-5.311519e-09	-1.984456e+01	-3.524772e+02
9.930000e-06	-2.664380e-06	-5.407348e-09	-2.011268e+01	-3.585095e+02
9.940000e-06	-2.699884e-06	-5.498590e-09	-2.038069e+01	-3.644281e+02
9.950000e-06	-2.735416e-06	-5.588623e-09	-2.064890e+01	-3.702341e+02
9.960000e-06	-2.770931e-06	-5.676589e-09	-2.091700e+01	-3.759291e+02
9.970000e-06	-2.806369e-06	-5.761985e-09	-2.118451e+01	-3.815147e+02
9.980000e-06	-2.841721e-06	-5.845566e-09	-2.145137e+01	-3.869925e+02
9.990000e-06	-2.877058e-06	-5.926455e-09	-2.171813e+01	-3.923644e+02
1.000000e-05	-2.912331e-06	-6.006714e-09	-2.198439e+01	-3.976321e+02
1.001000e-05	-2.947568e-06	-6.087099e-09	-2.225039e+01	-4.027975e+02
1.002000e-05	-2.982838e-06	-6.168861e-09	-2.251663e+01	-4.078621e+02
1.003000e-05	-3.018076e-06	-6.247468e-09	-2.278263e+01	-4.128278e+02
1.004000e-05	-3.053215e-06	-6.321532e-09	-2.304789e+01	-4.176960e+02
1.005000e-05	-3.088221e-06	-6.395101e-09	-2.331213e+01	-4.224683e+02
1.006000e-05	-3.123283e-06	-6.470291e-09	-2.357681e+01	-4.271462e+02
1.007000e-05	-3.158249e-06	-6.544622e-09	-2.384076e+01	-4.317309e+02
1.008000e-05	-3.192961e-06	-6.611436e-09	-2.410279e+01	-4.362238e+02
1.009000e-05	-3.227765e-06	-6.676262e-09	-2.436551e+01	-4.406263e+02
1.010000e-05	-3.262569e-06	-6.744733e-09	-2.462824e+01	-4.449397e+02
1.011000e-05	-3.297295e-06	-6.812478e-09	-2.489038e+01	-4.491653e+02
1.012000e-05	-3.331938e-06	-6.876606e-09	-2.515189e+01	-4.533048e+02
1.013000e-05	-3.366354e-06	-6.933158e-09	-2.541168e+01	-4.573598e+02
1.014000e-05	-3.400638e-06	-6.989968e-09	-2.567048e+01	-4.613322e+02
1.015000e-05	-3.434732e-06	-7.051497e-09	-2.592785e+01	-4.652240e+02
1.016000e-05	-3.468855e-06	-7.112725e-09	-2.618544e+01	-4.690377e+02
1.017000e-05	-3.503033e-06	-7.173098e-09	-2.644344e+01	-4.727758e+02
1.018000e-05	-3.537047e-06	-7.228586e-09	-2.670020e+01	-4.764413e+02
1.019000e-05	-3.570928e-06	-7.287246e-09	-2.695596e+01	-4.800374e+02
1.020000e-05	-3.604691e-06	-7.345630e-09	-2.721083e+01	-4.835673e+02
1.021000e-05	-3.638332e-06	-7.397678e-09	-2.746477e+01	-4.870348e+02
1.022000e-05	-3.671884e-06	-7.444744e-09	-2.771805e+01	-4.904436e+02
1.023000e-05	-3.705355e-06	-7.493389e-09	-2.797071e+01	-4.937975e+02
1.024000e-05	-3.738751e-06	-7.551911e-09	-2.822281e+01	-4.971003e+02
1.025000e-05	-3.772140e-06	-7.610015e-09	-2.847485e+01	-5.003560e+02
1.026000e-05	-3.805429e-06	-7.668200e-09	-2.872614e+01	-5.035681e+02
1.027000e-05	-3.838531e-06	-7.722960e-09	-2.897602e+01	-5.067401e+02
1.028000e-05	-3.871552e-06	-7.773367e-09	-2.922529e+01	-5.098751e+02
1.029000e-05	-3.904537e-06	-7.821084e-09	-2.947428e+01	-5.129760e+02
1.030000e-05	-3.937407e-06	-7.862612e-09	-2.972241e+01	-5.160451e+02
1.031000e-05	-3.970120e-06	-7.905600e-09	-2.996935e+01	-5.190845e+02
1.032000e-05	-4.002731e-06	-7.951979e-09	-3.021552e+01	-5.220956e+02
1.033000e-05	-4.035259e-06	-8.004966e-09	-3.046107e+01	-5.250793e+02
1.034000e-05	-4.067588e-06	-8.059135e-09	-3.070511e+01	-5.280362e+02
1.035000e-05	-4.099804e-06	-8.108338e-09	-3.094830e+01	-5.309664e+02
1.036000e-05	-4.131937e-06	-8.156967e-09	-3.119086e+01	-5.338695e+02
1.037000e-05	-4.163960e-06	-8.203144e-09	-3.143259e+01	-5.367449e+02
1.038000e-05	-4.195953e-06	-8.249039e-09	-3.167410e+01	-5.395914e+02
1.039000e-05	-4.227888e-06	-8.288873e-09	-3.191517e+01	-5.424080e+02
1.040000e-05	-4.259655e-06	-8.327766e-09	-3.215497e+01	-5.451934e+02
1.041000e-05	-4.291287e-06	-8.376016e-09	-3.239375e+01	-5.479461e+02
1.042000e-05	-4.322891e-06	-8.425555e-09	-3.263232e+01	-5.506648e+02
1.043000e-05	-4.354449e-06	-8.469069e-09	-3.287055e+01	-5.533484e+02
1.044000e-05	-4.385950e-06	-8.505139e-09	-3.310834e+01	-5.559956e+02
1.045000e-05	-4.417294e-06	-8.543313e-09	-3.334494e+01	-5.586056e+02
1.046000e-05	-4.448585e-06	-8.583382e-09	-3.358115e+01	-5.611777e+02
1.047000e-05	-4.479818e-06	-8.622843e-09	-3.381692e+01	-5.637117e+02
1.048000e-05	-4.510926e-06	-8.663720e-09	-3.405174e+01	-5.662073e+02
1.049000e-05	-4.542051e-06	-8.704055e-09	-3.428670e+01	-5.686647e+02
1.050000e-05	-4.573194e-06	-8.748558e-09	-3.452179e+01	-5.710843e+02
1.051000e-05	-4.604191e-06	-8.791803e-09	-3.475578e+01	-5.734665e+02
1.052000e-05	-4.634922e-06	-8.832141e-09	-3.498776e+01	-5.758119e+02
1.053000e-05	-4.665522e-06	-8.869048e-09	-3.521875e+01	-5.781214e+02
1.054000e-05	-4.695907e-06	-8.903913e-09	-3.544811e+01	-5.803956e+02
1.055000e-05	-4.726173e-06	-8.944109e-09	-3.567659e+01	-5.826351e+02
1.056000e-05	-4.756311e-06	-8.980505e-09	-3.590409e+01	-5.848405e+02
1.057000e-05	-4.786093e-06	-9.014644e-09	-3.612891e+01	-5.870121e+02
1.058000e-05	-4.815620e-06	-9.045040e-09	-3.635180e+01	-5.891502e+02
1.059000e-05	-4.845024e-06	-9.071925e-09	-3.657376e+01	-5.912546e+02
1.060000e-05	-4.874297e-06	-9.105126e-09	-3.679474e+01	-5.933250e+02
1.061000e-05	-4.903294e-06	-9.138238e-09	-3.701363e+01	-5.953608e+02
1.062000e-05	-4.932034e-06	-9.172838e-09	-3.723058e+01	-5.973614e+02
1.063000e-05	-4.960615e-06	-9.208230e-09	-3.744633e+01	-5.993256e+02
1.064000e-05	-4.988991e-06	-9.245106e-09	-3.766053e+01	-6.012523e+02
1.065000e-05	-5.017180e-06	-9.281766e-09	-3.787332e+01	-6.031403e+02
1.066000e-05	-5.045179e-06	-9.310842e-09	-3.808468e+01	-6.049883e+02
1.067000e-05	-5.073047e-06	-9.333708e-09	-3.829504e+01	-6.067950e+02
1.068000e-05	-5.100848e-06	-9.353266e-09	-3.850490e+01	-6.085593e+02
1.069000e-05	-5.128606e-06	-9.381263e-09	-3.871445e+01	-6.102802e+02
1.070000e-05	-5.156297e-06	-9.410159e-09	-3.892347e+01	-6.119569e+02
1.071000e-05	-5.183858e-06	-9.439954e-09	-3.913152e+01	-6.135889e+02
1.072000e-05	-5.211329e-06	-9.473522e-09	-3.933890e+01	-6.151761e+02
1.073000e-05	-5.238686e-06	-9.505061e-09	-3.954541e+01	-6.167188e+02
1.074000e-05	-5.265975e-06	-9.537225e-09	-3.975141e+01	-6.182174e+02
1.075000e-05	-5.293194e-06	-9.555070e-09	-3.995688e+01	-6.196730e+02
1.076000e-05	-5.320299e-06	-9.562041e-09	-4.016148e+01	-6.210869e+02
1.077000e-05	-5.347375e-06	-9.572418e-09	-4.036587e+01	-6.224608e+02
1.078000e-05	-5.374377e-06	-9.588379e-09	-4.056970e+01	-6.237968e+02
1.079000e-05	-5.401254e-06	-9.611527e-09	-4.077259e+01	-6.250972e+02
1.080000e-05	-5.427957e-06	-9.636108e-09	-4.097416e+01	-6.263644e+02
1.081000e-05	-5.454547e-06	-9.662241e-09	-4.117489e+01	-6.276011e+02
1.082000e-05	-5.481055e-06	-9.686263e-09	-4.137499e+01	-6.288100e+02
1.083000e-05	-5.507384e-06	-9.704744e-09	-4.157373e+01	-6.299939e+02
1.084000e-05	-5.533509e-06	-9.719071e-09	-4.177094e+01	-6.311556e+02
1.085000e-05	-5.559450e-06	-9.731636e-09	-4.196677e+01	-6.322976e+02
1.086000e-05	-5.585153e-06	-9.747455e-09	-4.216080e+01	-6.334224e+02
1.087000e-05	-5.610688e-06	-9.762473e-09	-4.235355e+01	-6.345324e+02
1.088000e-05	-5.636174e-06	-9.775650e-09	-4.254594e+01	-6.356297e+02
1.089000e-05	-5.661513e-06	-9.789151e-09	-4.273721e+01	-6.367162e+02
1.090000e-05	-5.686715e-06	-9.807555e-09	-4.292746e+01	-6.377936e+02
1.091000e-05	-5.711847e-06	-9.828431e-09	-4.311717e+01	-6.388632e+02
1.092000e-05	-5.736957e-06	-9.847951e-09	-4.330672e+01	-6.399263e+02
1.093000e-05	-5.761853e-06	-9.865364e-09	-4.349465e+01	-6.409840e+02
1.094000e-05	-5.786491e-06	-9.878792e-09	-4.368064e+01	-6.420370e+02
1.095000e-05	-5.810917e-06	-9.894760e-09	-4.386503e+01	-6.430862e+02
1.096000e-05	-5.835220e-06	-9.913690e-09	-4.404848e+01	-6.441322e+02
1.097000e-05	-5.859382e-06	-9.925847e-09	-4.423088e+01	-6.451755e+02
1.098000e-05	-5.883374e-06	-9.932829e-09	-4.441198e+01	-6.462166e+02
1.099000e-05	-5.907159e-06	-9.946128e-09	-4.459153e+01	-6.472561e+02
1.100000e-05	-5.930844e-06	-9.968681e-09	-4.477032e+01	-6.482944e+02
1.101000e-05	-5.954570e-06	-9.995750e-09	-4.494942e+01	-6.493319e+02
1.102000e-05	-5.978164e-06	-1.001596e-08	-4.512752e+01	-6.503694e+02
1.103000e-05	-6.001557e-06	-1.003267e-08	-4.530412e+01	-6.514071e+02
1.104000e-05	-6.024846e-06	-1.005354e-08	-4.547991e+01	-6.524457e+02
1.105000e-05	-6.048137e-06	-1.007353e-08	-4.565573e+01	-6.534857e+02
1.106000e-05	-6.071360e-06	-1.008773e-08	-4.583103e+01	-6.545275e+02
1.107000e-05	-6.094463e-06	-1.009613e-08	-4.600543e+01	-6.555714e+02
1.108000e-05	-6.117378e-06	-1.010793e-08	-4.617842e+01	-6.566178e+02
1.109000e-05	-6.140211e-06	-1.012621e-08	-4.635077e+01	-6.576668e+02
1.110000e-05	-6.162965e-06	-1.014933e-08	-4.652254e+01	-6.587182e+02
1.111000e-05	-6.185560e-06	-1.017130e-08	-4.669310e+01	-6.597720e+02
1.112000e-05	-6.207957e-06	-1.019003e-08	-4.686217e+01	-6.608276e+02
1.113000e-05	-6.229998e-06	-1.020770e-08	-4.702855e+01	-6.618843e+02
1.114000e-05	-6.251754e-06	-1.022258e-08	-4.719278e+01	-6.629413e+02
1.115000e-05	-6.273216e-06	-1.023696e-08	-4.735479e+01	-6.639972e+02
1.116000e-05	-6.294308e-06	-1.024823e-08	-4.751401e+01	-6.650507e+02
1.117000e-05	-6.315180e-06	-1.026173e-08	-4.767157e+01	-6.661000e+02
1.118000e-05	-6.335917e-06	-1.028016e-08	-4.782811e+01	-6.671435e+02
1.119000e-05	-6.356348e-06	-1.029687e-08	-4.798233e+01	-6.681790e+02
1.120000e-05	-6.376472e-06	-1.031498e-08	-4.813425e+01	-6.692044e+02
1.121000e-05	-6.396499e-06	-1.033363e-08	-4.828543e+01	-6.702175e+02
1.122000e-05	-6.416375e-06	-1.035178e-08	-4.843546e+01	-6.712160e+02
1.123000e-05	-6.435995e-06	-1.036638e-08	-4.858356e+01	-6.721977e+02
1.124000e-05	-6.455466e-06	-1.037419e-08	-4.873055e+01	-6.731606e+02
1.125000e-05	-6.474908e-06	-1.038104e-08	-4.887731e+01	-6.741025e+02
1.126000e-05	-6.494248e-06	-1.039097e-08	-4.902330e+01	-6.750216e+02
1.127000e-05	-6.513509e-06	-1.040333e-08	-4.916870e+01	-6.759163e+02
1.128000e-05	-6.532652e-06	-1.041515e-08	-4.931321e+01	-6.767853e+02
1.129000e-05	-6.551649e-06	-1.043159e-08	-4.945660e+01	-6.776274e+02
1.130000e-05	-6.570699e-06	-1.045358e-08	-4.960041e+01	-6.784419e+02
1.131000e-05	-6.589621e-06	-1.047331e-08	-4.974325e+01	-6.792282e+02
1.132000e-05	-6.608286e-06	-1.048461e-08	-4.988415e+01	-6.799862e+02
1.133000e-05	-6.626762e-06	-1.048963e-08	-5.002361e+01	-6.807160e+02
1.134000e-05	-6.645013e-06	-1.049338e-08	-5.016138e+01	-6.814179e+02
1.135000e-05	-6.663071e-06	-1.049841e-08	-5.029770e+01	-6.820925e+02
1.136000e-05	-6.680952e-06	-1.050809e-08	-5.043268e+01	-6.827406e+02
1.137000e-05	-6.698761e-06	-1.051817e-08	-5.056711e+01	-6.833632e+02
1.138000e-05	-6.716500e-06	-1.053106e-08	-5.070102e+01	-6.839615e+02
1.139000e-05	-6.733999e-06	-1.054575e-08	-5.083311e+01	-6.845366e+02
1.140000e-05	-6.751324e-06	-1.055787e-08	-5.096390e+01	-6.850898e+02
1.141000e-05	-6.768572e-06	-1.056725e-08	-5.109410e+01	-6.856222e+02
1.142000e-05	-6.785639e-06	-1.057078e-08	-5.122293e+01	-6.861352e+02
1.143000e-05	-6.802547e-06	-1.057283e-08	-5.135057e+01	-6.866299e+02
1.144000e-05	-6.819353e-06	-1.057497e-08	-5.147743e+01	-6.871074e+02
1.145000e-05	-6.835983e-06	-1.058044e-08	-5.160297e+01	-6.875687e+02
1.146000e-05	-6.852353e-06	-1.058591e-08	-5.172654e+01	-6.880149e+02
1.147000e-05	-6.868499e-06	-1.059197e-08	-5.184842e+01	-6.884466e+02
1.148000e-05	-6.884549e-06	-1.060093e-08	-5.196958e+01	-6.888649e+02
1.149000e-05	-6.900498e-06	-1.060704e-08	-5.208997e+01	-6.892703e+02
1.150000e-05	-6.916188e-06	-1.061552e-08	-5.220841e+01	-6.896638e+02
1.151000e-05	-6.931716e-06	-1.062164e-08	-5.232563e+01	-6.900461e+02
1.152000e-05	-6.947172e-06	-1.063103e-08	-5.244230e+01	-6.904179e+02
1.153000e-05	-6.962521e-06	-1.063988e-08	-5.255816e+01	-6.907803e+02
1.154000e-05	-6.977731e-06	-1.063921e-08	-5.267298e+01	-6.911343e+02
1.155000e-05	-6.992782e-06	-1.064006e-08	-5.278660e+01	-6.914809e+02
1.156000e-05	-7.007571e-06	-1.063573e-08	-5.289824e+01	-6.918216e+02
1.157000e-05	-7.022214e-06	-1.063401e-08	-5.300878e+01	-6.921577e+02
1.158000e-05	-7.036621e-06	-1.063384e-08	-5.311753e+01	-6.924910e+02
1.159000e-05	-7.050598e-06	-1.063854e-08	-5.322304e+01	-6.928230e+02
1.160000e-05	-7.064411e-06	-1.065312e-08	-5.332730e+01	-6.931558e+02
1.161000e-05	-7.078203e-06	-1.066742e-08	-5.343142e+01	-6.934912e+02
1.162000e-05	-7.091784e-06	-1.068346e-08	-5.353394e+01	-6.938313e+02
1.163000e-05	-7.104992e-06	-1.068845e-08	-5.363364e+01	-6.941780e+02
1.164000e-05	-7.117740e-06	-1.068722e-08	-5.372987e+01	-6.945332e+02
1.165000e-05	-7.130204e-06	-1.067959e-08	-5.382396e+01	-6.948986e+02
1.166000e-05	-7.142541e-06	-1.067062e-08	-5.391709e+01	-6.952758e+02
1.167000e-05	-7.154556e-06	-1.067019e-08	-5.400778e+01	-6.956660e+02
1.168000e-05	-7.166386e-06	-1.067647e-08	-5.409709e+01	-6.960702e+02
1.169000e-05	-7.178036e-06	-1.069223e-08	-5.418503e+01	-6.964889e+02
1.170000e-05	-7.189422e-06	-1.070919e-08	-5.427098e+01	-6.969224e+02
1.171000e-05	-7.200716e-06	-1.072601e-08	-5.435623e+01	-6.973702e+02
1.172000e-05	-7.211944e-06	-1.073456e-08	-5.444099e+01	-6.978318e+02
1.173000e-05	-7.223012e-06	-1.073344e-08	-5.452454e+01	-6.983058e+02
1.174000e-05	-7.233896e-06	-1.072588e-08	-5.460670e+01	-6.987908e+02
1.175000e-05	-7.244509e-06	-1.071633e-08	-5.468682e+01	-6.992847e+02
1.176000e-05	-7.254800e-06	-1.071627e-08	-5.476450e+01	-6.997854e+02
1.177000e-05	-7.264894e-06	-1.072472e-08	-5.484070e+01	-7.002902e+02
1.178000e-05	-7.274808e-06	-1.074091e-08	-5.491554e+01	-7.007965e+02
1.179000e-05	-7.284602e-06	-1.075796e-08	-5.498947e+01	-7.013015e+02
1.180000e-05	-7.294190e-06	-1.077236e-08	-5.506185e+01	-7.018025e+02
1.181000e-05	-7.303619e-06	-1.078128e-08	-5.513302e+01	-7.022966e+02
1.182000e-05	-7.312977e-06	-1.078097e-08	-5.520366e+01	-7.027814e+02
1.183000e-05	-7.322246e-06	-1.077937e-08	-5.527363e+01	-7.032547e+02
1.184000e-05	-7.331304e-06	-1.077858e-08	-5.534201e+01	-7.037144e+02
1.185000e-05	-7.340132e-06	-1.078230e-08	-5.540865e+01	-7.041589e+02
1.186000e-05	-7.348839e-06	-1.079055e-08	-5.547437e+01	-7.045871e+02
1.187000e-05	-7.357297e-06	-1.080323e-08	-5.553822e+01	-7.049980e+02
1.188000e-05	-7.365555e-06	-1.081331e-08	-5.560056e+01	-7.053913e+02
1.189000e-05	-7.373603e-06	-1.081577e-08	-5.566132e+01	-7.057669e+02
1.190000e-05	-7.381481e-06	-1.081777e-08	-5.572078e+01	-7.061249e+02
1.191000e-05	-7.389269e-06	-1.082031e-08	-5.577957e+01	-7.064660e+02
1.192000e-05	-7.396877e-06	-1.082653e-08	-5.583700e+01	-7.067906e+02
1.193000e-05	-7.404367e-06	-1.083348e-08	-5.589354e+01	-7.070997e+02
1.194000e-05	-7.411789e-06	-1.084047e-08	-5.594957e+01	-7.073940e+02
1.195000e-05	-7.419041e-06	-1.084810e-08	-5.600431e+01	-7.076743e+02
1.196000e-05	-7.426199e-06	-1.085253e-08	-5.605834e+01	-7.079411e+02
1.197000e-05	-7.433184e-06	-1.085377e-08	-5.611107e+01	-7.081950e+02
1.198000e-05	-7.439920e-06	-1.085103e-08	-5.616192e+01	-7.084360e+02
1.199000e-05	-7.446490e-06	-1.084769e-08	-5.621152e+01	-7.086642e+02
1.200000e-05	-7.452824e-06	-1.084767e-08	-5.625933e+01	-7.088791e+02
1.201000e-05	-7.459019e-06	-1.085084e-08	-5.630610e+01	-7.090802e+02
1.202000e-05	-7.465002e-06	-1.085646e-08	-5.635126e+01	-7.092666e+02
1.203000e-05	-7.470578e-06	-1.086185e-08	-5.639335e+01	-7.094371e+02
1.204000e-05	-7.475787e-06	-1.086508e-08	-5.643267e+01	-7.095906e+02
1.205000e-05	-7.480713e-06	-1.086519e-08	-5.646986e+01	-7.097259e+02
1.206000e-05	-7.485301e-06	-1.086592e-08	-5.650449e+01	-7.098418e+02
1.207000e-05	-7.489514e-06	-1.086750e-08	-5.653629e+01	-7.099372e+02
1.208000e-05	-7.493574e-06	-1.086998e-08	-5.656694e+01	-7.100113e+02
1.209000e-05	-7.497531e-06	-1.087042e-08	-5.659681e+01	-7.100636e+02
1.210000e-05	-7.501318e-06	-1.086655e-08	-5.662540e+01	-7.100939e+02
1.211000e-05	-7.504946e-06	-1.086368e-08	-5.665278e+01	-7.101026e+02
1.212000e-05	-7.508412e-06	-1.086004e-08	-5.667895e+01	-7.100904e+02
1.213000e-05	-7.511797e-06	-1.085870e-08	-5.670450e+01	-7.100586e+02
1.214000e-05	-7.515062e-06	-1.085852e-08	-5.672915e+01	-7.100090e+02
1.215000e-05	-7.518164e-06	-1.085716e-08	-5.675256e+01	-7.099437e+02
1.216000e-05	-7.521194e-06	-1.085835e-08	-5.677544e+01	-7.098654e+02
1.217000e-05	-7.523962e-06	-1.085819e-08	-5.679633e+01	-7.097769e+02
1.218000e-05	-7.526484e-06	-1.085454e-08	-5.681537e+01	-7.096814e+02
1.219000e-05	-7.528850e-06	-1.084648e-08	-5.683323e+01	-7.095819e+02
1.220000e-05	-7.531091e-06	-1.083917e-08	-5.685015e+01	-7.094816e+02
1.221000e-05	-7.533189e-06	-1.083759e-08	-5.686599e+01	-7.093834e+02
1.222000e-05	-7.535030e-06	-1.083882e-08	-5.687988e+01	-7.092900e+02
1.223000e-05	-7.536629e-06	-1.083968e-08	-5.689195e+01	-7.092038e+02
1.224000e-05	-7.538135e-06	-1.083946e-08	-5.690332e+01	-7.091265e+02
1.225000e-05	-7.539564e-06	-1.084224e-08	-5.691411e+01	-7.090594e+02
1.226000e-05	-7.540841e-06	-1.084221e-08	-5.692375e+01	-7.090032e+02
1.227000e-05	-7.541899e-06	-1.083662e-08	-5.693174e+01	-7.089581e+02
1.228000e-05	-7.542642e-06	-1.083068e-08	-5.693734e+01	-7.089235e+02
1.229000e-05	-7.543126e-06	-1.082699e-08	-5.694100e+01	-7.088985e+02
1.230000e-05	-7.543570e-06	-1.082465e-08	-5.694435e+01	-7.088816e+02
1.231000e-05	-7.543877e-06	-1.082280e-08	-5.694666e+01	-7.088711e+02
