# Temperatura_=_20.0
# Concentracion g/m^3_=_10000.0
# C_Vs_to_Am_M_A/Vsm_=_65563218390.804596
# pendiente_HvsI_1/m_=_3716.3
# ordenada_HvsI_A/m_=_1297.0
# frecuencia_Hz_=_81231.53452842314

Tiempo_(s)	Campo_(V.s)	Magnetizacion_(V.s)	Campo_(kA/m)	Magnetizacion_(A/m)
0.000000e+00	-7.493119e-06	-1.081595e-08	-5.695162e+01	-7.048271e+02
1.000000e-08	-7.493253e-06	-1.081570e-08	-5.695264e+01	-7.049612e+02
2.000000e-08	-7.493088e-06	-1.081841e-08	-5.695138e+01	-7.051073e+02
3.000000e-08	-7.492830e-06	-1.082052e-08	-5.694942e+01	-7.052623e+02
4.000000e-08	-7.492444e-06	-1.080572e-08	-5.694649e+01	-7.054229e+02
5.000000e-08	-7.491943e-06	-1.074342e-08	-5.694268e+01	-7.055856e+02
6.000000e-08	-7.491370e-06	-1.067639e-08	-5.693832e+01	-7.057471e+02
7.000000e-08	-7.490561e-06	-1.076247e-08	-5.693218e+01	-7.059041e+02
8.000000e-08	-7.489473e-06	-1.091575e-08	-5.692391e+01	-7.060535e+02
9.000000e-08	-7.488286e-06	-1.099496e-08	-5.691488e+01	-7.061928e+02
1.000000e-07	-7.487076e-06	-1.101646e-08	-5.690569e+01	-7.063201e+02
1.100000e-07	-7.485685e-06	-1.095791e-08	-5.689511e+01	-7.064337e+02
1.200000e-07	-7.483826e-06	-1.097989e-08	-5.688099e+01	-7.065328e+02
1.300000e-07	-7.481621e-06	-1.107140e-08	-5.686423e+01	-7.066173e+02
1.400000e-07	-7.479203e-06	-1.092839e-08	-5.684585e+01	-7.066874e+02
1.500000e-07	-7.476393e-06	-1.074958e-08	-5.682450e+01	-7.067440e+02
1.600000e-07	-7.473217e-06	-1.069470e-08	-5.680036e+01	-7.067883e+02
1.700000e-07	-7.469877e-06	-1.074252e-08	-5.677497e+01	-7.068219e+02
1.800000e-07	-7.466293e-06	-1.070053e-08	-5.674773e+01	-7.068464e+02
1.900000e-07	-7.462465e-06	-1.067585e-08	-5.671864e+01	-7.068638e+02
2.000000e-07	-7.458414e-06	-1.075545e-08	-5.668784e+01	-7.068755e+02
2.100000e-07	-7.454161e-06	-1.080200e-08	-5.665552e+01	-7.068830e+02
2.200000e-07	-7.449936e-06	-1.088092e-08	-5.662340e+01	-7.068872e+02
2.300000e-07	-7.445544e-06	-1.087306e-08	-5.659003e+01	-7.068888e+02
2.400000e-07	-7.441000e-06	-1.088584e-08	-5.655549e+01	-7.068876e+02
2.500000e-07	-7.436370e-06	-1.087241e-08	-5.652030e+01	-7.068831e+02
2.600000e-07	-7.431596e-06	-1.091982e-08	-5.648401e+01	-7.068741e+02
2.700000e-07	-7.426582e-06	-1.097689e-08	-5.644590e+01	-7.068590e+02
2.800000e-07	-7.421327e-06	-1.080445e-08	-5.640596e+01	-7.068355e+02
2.900000e-07	-7.415957e-06	-1.068140e-08	-5.636515e+01	-7.068011e+02
3.000000e-07	-7.410319e-06	-1.080916e-08	-5.632229e+01	-7.067528e+02
3.100000e-07	-7.404485e-06	-1.091879e-08	-5.627795e+01	-7.066876e+02
3.200000e-07	-7.398536e-06	-1.079549e-08	-5.623274e+01	-7.066026e+02
3.300000e-07	-7.392375e-06	-1.077928e-08	-5.618591e+01	-7.064949e+02
3.400000e-07	-7.386027e-06	-1.084446e-08	-5.613767e+01	-7.063619e+02
3.500000e-07	-7.379586e-06	-1.077550e-08	-5.608871e+01	-7.062016e+02
3.600000e-07	-7.373021e-06	-1.083716e-08	-5.603881e+01	-7.060123e+02
3.700000e-07	-7.366149e-06	-1.086273e-08	-5.598658e+01	-7.057932e+02
3.800000e-07	-7.359038e-06	-1.073742e-08	-5.593254e+01	-7.055439e+02
3.900000e-07	-7.351818e-06	-1.070554e-08	-5.587766e+01	-7.052651e+02
4.000000e-07	-7.344416e-06	-1.084333e-08	-5.582140e+01	-7.049580e+02
4.100000e-07	-7.336733e-06	-1.085304e-08	-5.576300e+01	-7.046243e+02
4.200000e-07	-7.328858e-06	-1.070633e-08	-5.570315e+01	-7.042666e+02
4.300000e-07	-7.320741e-06	-1.074039e-08	-5.564145e+01	-7.038879e+02
4.400000e-07	-7.312451e-06	-1.081930e-08	-5.557845e+01	-7.034915e+02
4.500000e-07	-7.304131e-06	-1.079788e-08	-5.551521e+01	-7.030810e+02
4.600000e-07	-7.295689e-06	-1.074403e-08	-5.545105e+01	-7.026600e+02
4.700000e-07	-7.287122e-06	-1.069982e-08	-5.538593e+01	-7.022323e+02
4.800000e-07	-7.278435e-06	-1.069549e-08	-5.531991e+01	-7.018011e+02
4.900000e-07	-7.269639e-06	-1.073856e-08	-5.525306e+01	-7.013697e+02
5.000000e-07	-7.260673e-06	-1.075511e-08	-5.518491e+01	-7.009406e+02
5.100000e-07	-7.251355e-06	-1.067924e-08	-5.511409e+01	-7.005161e+02
5.200000e-07	-7.241805e-06	-1.067156e-08	-5.504150e+01	-7.000977e+02
5.300000e-07	-7.232032e-06	-1.071820e-08	-5.496722e+01	-6.996864e+02
5.400000e-07	-7.222002e-06	-1.072097e-08	-5.489099e+01	-6.992827e+02
5.500000e-07	-7.211614e-06	-1.070429e-08	-5.481203e+01	-6.988863e+02
5.600000e-07	-7.200735e-06	-1.066454e-08	-5.472934e+01	-6.984967e+02
5.700000e-07	-7.189690e-06	-1.067168e-08	-5.464540e+01	-6.981128e+02
5.800000e-07	-7.178485e-06	-1.070230e-08	-5.456023e+01	-6.977332e+02
5.900000e-07	-7.166996e-06	-1.069240e-08	-5.447292e+01	-6.973564e+02
6.000000e-07	-7.155238e-06	-1.063843e-08	-5.438354e+01	-6.969807e+02
6.100000e-07	-7.143257e-06	-1.062798e-08	-5.429248e+01	-6.966044e+02
6.200000e-07	-7.131083e-06	-1.066347e-08	-5.419995e+01	-6.962259e+02
6.300000e-07	-7.118721e-06	-1.066204e-08	-5.410600e+01	-6.958438e+02
6.400000e-07	-7.106211e-06	-1.064966e-08	-5.401092e+01	-6.954572e+02
6.500000e-07	-7.093498e-06	-1.061602e-08	-5.391429e+01	-6.950650e+02
6.600000e-07	-7.080623e-06	-1.061543e-08	-5.381643e+01	-6.946670e+02
6.700000e-07	-7.067566e-06	-1.064274e-08	-5.371719e+01	-6.942628e+02
6.800000e-07	-7.054240e-06	-1.063047e-08	-5.361591e+01	-6.938526e+02
6.900000e-07	-7.040676e-06	-1.059838e-08	-5.351282e+01	-6.934369e+02
7.000000e-07	-7.026959e-06	-1.058735e-08	-5.340856e+01	-6.930163e+02
7.100000e-07	-7.013012e-06	-1.061851e-08	-5.330255e+01	-6.925916e+02
7.200000e-07	-6.998886e-06	-1.062134e-08	-5.319519e+01	-6.921635e+02
7.300000e-07	-6.984689e-06	-1.059296e-08	-5.308728e+01	-6.917330e+02
7.400000e-07	-6.970301e-06	-1.056785e-08	-5.297793e+01	-6.913006e+02
7.500000e-07	-6.955653e-06	-1.056680e-08	-5.286660e+01	-6.908670e+02
7.600000e-07	-6.940852e-06	-1.058441e-08	-5.275410e+01	-6.904326e+02
7.700000e-07	-6.925966e-06	-1.056900e-08	-5.264096e+01	-6.899973e+02
7.800000e-07	-6.910804e-06	-1.054718e-08	-5.252572e+01	-6.895611e+02
7.900000e-07	-6.895154e-06	-1.053900e-08	-5.240677e+01	-6.891233e+02
8.000000e-07	-6.879313e-06	-1.055113e-08	-5.228637e+01	-6.886832e+02
8.100000e-07	-6.863458e-06	-1.055575e-08	-5.216586e+01	-6.882399e+02
8.200000e-07	-6.847196e-06	-1.053295e-08	-5.204227e+01	-6.877919e+02
8.300000e-07	-6.830559e-06	-1.051814e-08	-5.191582e+01	-6.873380e+02
8.400000e-07	-6.813742e-06	-1.051869e-08	-5.178800e+01	-6.868765e+02
8.500000e-07	-6.796673e-06	-1.052714e-08	-5.165826e+01	-6.864059e+02
8.600000e-07	-6.779504e-06	-1.050900e-08	-5.152777e+01	-6.859246e+02
8.700000e-07	-6.762208e-06	-1.048505e-08	-5.139631e+01	-6.854311e+02
8.800000e-07	-6.744679e-06	-1.048582e-08	-5.126308e+01	-6.849242e+02
8.900000e-07	-6.727114e-06	-1.049526e-08	-5.112958e+01	-6.844025e+02
9.000000e-07	-6.709276e-06	-1.049260e-08	-5.099400e+01	-6.838651e+02
9.100000e-07	-6.691283e-06	-1.046468e-08	-5.085725e+01	-6.833112e+02
9.200000e-07	-6.673288e-06	-1.044329e-08	-5.072048e+01	-6.827402e+02
9.300000e-07	-6.655082e-06	-1.043189e-08	-5.058210e+01	-6.821516e+02
9.400000e-07	-6.636785e-06	-1.041971e-08	-5.044303e+01	-6.815453e+02
9.500000e-07	-6.618348e-06	-1.040438e-08	-5.030290e+01	-6.809212e+02
9.600000e-07	-6.599693e-06	-1.039137e-08	-5.016112e+01	-6.802792e+02
9.700000e-07	-6.580801e-06	-1.039429e-08	-5.001753e+01	-6.796195e+02
9.800000e-07	-6.561672e-06	-1.039721e-08	-4.987213e+01	-6.789422e+02
9.900000e-07	-6.542436e-06	-1.038881e-08	-4.972593e+01	-6.782473e+02
1.000000e-06	-6.523096e-06	-1.036301e-08	-4.957894e+01	-6.775349e+02
1.010000e-06	-6.503493e-06	-1.033696e-08	-4.942994e+01	-6.768050e+02
1.020000e-06	-6.483604e-06	-1.032338e-08	-4.927878e+01	-6.760575e+02
1.030000e-06	-6.463571e-06	-1.031135e-08	-4.912652e+01	-6.752924e+02
1.040000e-06	-6.443449e-06	-1.029398e-08	-4.897358e+01	-6.745095e+02
1.050000e-06	-6.423247e-06	-1.027209e-08	-4.882003e+01	-6.737086e+02
1.060000e-06	-6.402881e-06	-1.026533e-08	-4.866524e+01	-6.728896e+02
1.070000e-06	-6.382401e-06	-1.026543e-08	-4.850958e+01	-6.720525e+02
1.080000e-06	-6.361920e-06	-1.025499e-08	-4.835391e+01	-6.711972e+02
1.090000e-06	-6.341394e-06	-1.023117e-08	-4.819791e+01	-6.703241e+02
1.100000e-06	-6.320790e-06	-1.020307e-08	-4.804131e+01	-6.694334e+02
1.110000e-06	-6.300101e-06	-1.018694e-08	-4.788406e+01	-6.685258e+02
1.120000e-06	-6.279306e-06	-1.017392e-08	-4.772601e+01	-6.676020e+02
1.130000e-06	-6.258399e-06	-1.015879e-08	-4.756710e+01	-6.666632e+02
1.140000e-06	-6.237245e-06	-1.014139e-08	-4.740632e+01	-6.657107e+02
1.150000e-06	-6.215794e-06	-1.012873e-08	-4.724328e+01	-6.647460e+02
1.160000e-06	-6.194175e-06	-1.012264e-08	-4.707896e+01	-6.637708e+02
1.170000e-06	-6.172368e-06	-1.011158e-08	-4.691322e+01	-6.627870e+02
1.180000e-06	-6.150373e-06	-1.009385e-08	-4.674605e+01	-6.617964e+02
1.190000e-06	-6.128290e-06	-1.007047e-08	-4.657821e+01	-6.608009e+02
1.200000e-06	-6.106063e-06	-1.005320e-08	-4.640927e+01	-6.598024e+02
1.210000e-06	-6.083720e-06	-1.003568e-08	-4.623945e+01	-6.588027e+02
1.220000e-06	-6.061320e-06	-1.001628e-08	-4.606920e+01	-6.578031e+02
1.230000e-06	-6.038758e-06	-9.997441e-09	-4.589771e+01	-6.568049e+02
1.240000e-06	-6.015973e-06	-9.981194e-09	-4.572454e+01	-6.558091e+02
1.250000e-06	-5.993055e-06	-9.971928e-09	-4.555035e+01	-6.548163e+02
1.260000e-06	-5.969973e-06	-9.956545e-09	-4.537492e+01	-6.538266e+02
1.270000e-06	-5.946677e-06	-9.939369e-09	-4.519785e+01	-6.528401e+02
1.280000e-06	-5.923310e-06	-9.921233e-09	-4.502025e+01	-6.518562e+02
1.290000e-06	-5.899858e-06	-9.906383e-09	-4.484200e+01	-6.508741e+02
1.300000e-06	-5.876228e-06	-9.896342e-09	-4.466240e+01	-6.498930e+02
1.310000e-06	-5.852359e-06	-9.885327e-09	-4.448098e+01	-6.489115e+02
1.320000e-06	-5.828364e-06	-9.874935e-09	-4.429861e+01	-6.479285e+02
1.330000e-06	-5.804214e-06	-9.858091e-09	-4.411506e+01	-6.469425e+02
1.340000e-06	-5.779893e-06	-9.837457e-09	-4.393020e+01	-6.459522e+02
1.350000e-06	-5.755469e-06	-9.810399e-09	-4.374457e+01	-6.449565e+02
1.360000e-06	-5.730967e-06	-9.789389e-09	-4.355834e+01	-6.439542e+02
1.370000e-06	-5.706410e-06	-9.778725e-09	-4.337169e+01	-6.429445e+02
1.380000e-06	-5.681736e-06	-9.769690e-09	-4.318416e+01	-6.419267e+02
1.390000e-06	-5.657009e-06	-9.761046e-09	-4.299623e+01	-6.409005e+02
1.400000e-06	-5.632089e-06	-9.743284e-09	-4.280682e+01	-6.398657e+02
1.410000e-06	-5.607007e-06	-9.722564e-09	-4.261618e+01	-6.388223e+02
1.420000e-06	-5.581864e-06	-9.696805e-09	-4.242508e+01	-6.377706e+02
1.430000e-06	-5.556551e-06	-9.667872e-09	-4.223269e+01	-6.367110e+02
1.440000e-06	-5.530936e-06	-9.642582e-09	-4.203801e+01	-6.356438e+02
1.450000e-06	-5.505057e-06	-9.627450e-09	-4.184131e+01	-6.345695e+02
1.460000e-06	-5.479105e-06	-9.625726e-09	-4.164406e+01	-6.334882e+02
1.470000e-06	-5.452962e-06	-9.622066e-09	-4.144536e+01	-6.324003e+02
1.480000e-06	-5.426435e-06	-9.609818e-09	-4.124374e+01	-6.313056e+02
1.490000e-06	-5.399694e-06	-9.588032e-09	-4.104050e+01	-6.302037e+02
1.500000e-06	-5.372720e-06	-9.563348e-09	-4.083547e+01	-6.290941e+02
1.510000e-06	-5.345381e-06	-9.537308e-09	-4.062769e+01	-6.279758e+02
1.520000e-06	-5.317823e-06	-9.508101e-09	-4.041823e+01	-6.268475e+02
1.530000e-06	-5.290148e-06	-9.487384e-09	-4.020789e+01	-6.257076e+02
1.540000e-06	-5.262311e-06	-9.470109e-09	-3.999631e+01	-6.245545e+02
1.550000e-06	-5.234268e-06	-9.453338e-09	-3.978317e+01	-6.233861e+02
1.560000e-06	-5.206125e-06	-9.435213e-09	-3.956927e+01	-6.222004e+02
1.570000e-06	-5.177975e-06	-9.416648e-09	-3.935532e+01	-6.209953e+02
1.580000e-06	-5.149745e-06	-9.403896e-09	-3.914075e+01	-6.197688e+02
1.590000e-06	-5.121411e-06	-9.389487e-09	-3.892540e+01	-6.185190e+02
1.600000e-06	-5.093020e-06	-9.375116e-09	-3.870961e+01	-6.172444e+02
1.610000e-06	-5.064541e-06	-9.353620e-09	-3.849316e+01	-6.159438e+02
1.620000e-06	-5.035980e-06	-9.323966e-09	-3.827608e+01	-6.146161e+02
1.630000e-06	-5.007370e-06	-9.293148e-09	-3.805863e+01	-6.132611e+02
1.640000e-06	-4.978739e-06	-9.264207e-09	-3.784102e+01	-6.118787e+02
1.650000e-06	-4.950069e-06	-9.241199e-09	-3.762311e+01	-6.104693e+02
1.660000e-06	-4.921278e-06	-9.221361e-09	-3.740429e+01	-6.090339e+02
1.670000e-06	-4.892269e-06	-9.206201e-09	-3.718380e+01	-6.075738e+02
1.680000e-06	-4.863155e-06	-9.187997e-09	-3.696252e+01	-6.060904e+02
1.690000e-06	-4.833988e-06	-9.165438e-09	-3.674083e+01	-6.045857e+02
1.700000e-06	-4.804648e-06	-9.139800e-09	-3.651783e+01	-6.030616e+02
1.710000e-06	-4.775004e-06	-9.108471e-09	-3.629253e+01	-6.015200e+02
1.720000e-06	-4.745155e-06	-9.075719e-09	-3.606566e+01	-5.999629e+02
1.730000e-06	-4.715290e-06	-9.042503e-09	-3.583866e+01	-5.983921e+02
1.740000e-06	-4.685250e-06	-9.014440e-09	-3.561035e+01	-5.968091e+02
1.750000e-06	-4.655066e-06	-8.994405e-09	-3.538093e+01	-5.952151e+02
1.760000e-06	-4.624829e-06	-8.980701e-09	-3.515111e+01	-5.936110e+02
1.770000e-06	-4.594542e-06	-8.966421e-09	-3.492092e+01	-5.919973e+02
1.780000e-06	-4.564269e-06	-8.945864e-09	-3.469083e+01	-5.903740e+02
1.790000e-06	-4.533848e-06	-8.921523e-09	-3.445961e+01	-5.887408e+02
1.800000e-06	-4.503318e-06	-8.888005e-09	-3.422757e+01	-5.870971e+02
1.810000e-06	-4.472715e-06	-8.850056e-09	-3.399497e+01	-5.854420e+02
1.820000e-06	-4.442001e-06	-8.813282e-09	-3.376153e+01	-5.837742e+02
1.830000e-06	-4.411205e-06	-8.782313e-09	-3.352746e+01	-5.820927e+02
1.840000e-06	-4.380365e-06	-8.761792e-09	-3.329306e+01	-5.803961e+02
1.850000e-06	-4.349502e-06	-8.744457e-09	-3.305849e+01	-5.786833e+02
1.860000e-06	-4.318465e-06	-8.726613e-09	-3.282259e+01	-5.769531e+02
1.870000e-06	-4.287158e-06	-8.706227e-09	-3.258464e+01	-5.752049e+02
1.880000e-06	-4.255676e-06	-8.683520e-09	-3.234536e+01	-5.734383e+02
1.890000e-06	-4.224137e-06	-8.655731e-09	-3.210565e+01	-5.716529e+02
1.900000e-06	-4.192578e-06	-8.624170e-09	-3.186579e+01	-5.698492e+02
1.910000e-06	-4.160925e-06	-8.589325e-09	-3.162520e+01	-5.680278e+02
1.920000e-06	-4.129185e-06	-8.552220e-09	-3.138396e+01	-5.661897e+02
1.930000e-06	-4.097395e-06	-8.521035e-09	-3.114234e+01	-5.643361e+02
1.940000e-06	-4.065474e-06	-8.496457e-09	-3.089973e+01	-5.624686e+02
1.950000e-06	-4.033393e-06	-8.479084e-09	-3.065590e+01	-5.605889e+02
1.960000e-06	-4.001283e-06	-8.461261e-09	-3.041184e+01	-5.586988e+02
1.970000e-06	-3.969159e-06	-8.436891e-09	-3.016768e+01	-5.567998e+02
1.980000e-06	-3.936932e-06	-8.409372e-09	-2.992274e+01	-5.548936e+02
1.990000e-06	-3.904605e-06	-8.375239e-09	-2.967704e+01	-5.529816e+02
2.000000e-06	-3.872192e-06	-8.337318e-09	-2.943068e+01	-5.510646e+02
2.010000e-06	-3.839745e-06	-8.301737e-09	-2.918407e+01	-5.491433e+02
2.020000e-06	-3.807238e-06	-8.273319e-09	-2.893700e+01	-5.472178e+02
2.030000e-06	-3.774615e-06	-8.252445e-09	-2.868904e+01	-5.452877e+02
2.040000e-06	-3.741841e-06	-8.228851e-09	-2.843994e+01	-5.433523e+02
2.050000e-06	-3.708983e-06	-8.195631e-09	-2.819021e+01	-5.414101e+02
2.060000e-06	-3.676115e-06	-8.162553e-09	-2.794039e+01	-5.394595e+02
2.070000e-06	-3.643291e-06	-8.132960e-09	-2.769092e+01	-5.374982e+02
2.080000e-06	-3.610401e-06	-8.105871e-09	-2.744093e+01	-5.355240e+02
2.090000e-06	-3.577369e-06	-8.075946e-09	-2.718987e+01	-5.335340e+02
2.100000e-06	-3.544197e-06	-8.038960e-09	-2.693775e+01	-5.315257e+02
2.110000e-06	-3.510925e-06	-8.004958e-09	-2.668486e+01	-5.294963e+02
2.120000e-06	-3.477539e-06	-7.974254e-09	-2.643111e+01	-5.274430e+02
2.130000e-06	-3.444055e-06	-7.945233e-09	-2.617662e+01	-5.253635e+02
2.140000e-06	-3.410544e-06	-7.912386e-09	-2.592191e+01	-5.232554e+02
2.150000e-06	-3.376810e-06	-7.877923e-09	-2.566552e+01	-5.211168e+02
2.160000e-06	-3.342830e-06	-7.847109e-09	-2.540726e+01	-5.189460e+02
2.170000e-06	-3.308633e-06	-7.816744e-09	-2.514734e+01	-5.167420e+02
2.180000e-06	-3.274319e-06	-7.785911e-09	-2.488653e+01	-5.145038e+02
2.190000e-06	-3.239935e-06	-7.751253e-09	-2.462520e+01	-5.122309e+02
2.200000e-06	-3.205475e-06	-7.714773e-09	-2.436328e+01	-5.099230e+02
2.210000e-06	-3.170956e-06	-7.679998e-09	-2.410092e+01	-5.075802e+02
2.220000e-06	-3.136299e-06	-7.645685e-09	-2.383751e+01	-5.052028e+02
2.230000e-06	-3.101406e-06	-7.607716e-09	-2.357230e+01	-5.027910e+02
2.240000e-06	-3.066366e-06	-7.565075e-09	-2.330598e+01	-5.003452e+02
2.250000e-06	-3.031097e-06	-7.523779e-09	-2.303792e+01	-4.978658e+02
2.260000e-06	-2.995608e-06	-7.482251e-09	-2.276819e+01	-4.953531e+02
2.270000e-06	-2.960077e-06	-7.440675e-09	-2.249813e+01	-4.928072e+02
2.280000e-06	-2.924533e-06	-7.398986e-09	-2.222798e+01	-4.902282e+02
2.290000e-06	-2.889009e-06	-7.357921e-09	-2.195797e+01	-4.876158e+02
2.300000e-06	-2.853332e-06	-7.322863e-09	-2.168682e+01	-4.849698e+02
2.310000e-06	-2.817419e-06	-7.286943e-09	-2.141385e+01	-4.822896e+02
2.320000e-06	-2.781395e-06	-7.244830e-09	-2.114006e+01	-4.795746e+02
2.330000e-06	-2.745286e-06	-7.194134e-09	-2.086561e+01	-4.768240e+02
2.340000e-06	-2.709211e-06	-7.142592e-09	-2.059142e+01	-4.740373e+02
2.350000e-06	-2.673183e-06	-7.093555e-09	-2.031759e+01	-4.712136e+02
2.360000e-06	-2.636996e-06	-7.043499e-09	-2.004255e+01	-4.683524e+02
2.370000e-06	-2.600666e-06	-6.995212e-09	-1.976642e+01	-4.654532e+02
2.380000e-06	-2.564275e-06	-6.951289e-09	-1.948983e+01	-4.625159e+02
2.390000e-06	-2.527921e-06	-6.911277e-09	-1.921352e+01	-4.595403e+02
2.400000e-06	-2.491544e-06	-6.869169e-09	-1.893703e+01	-4.565269e+02
2.410000e-06	-2.455105e-06	-6.822444e-09	-1.866008e+01	-4.534762e+02
2.420000e-06	-2.418650e-06	-6.769741e-09	-1.838300e+01	-4.503892e+02
2.430000e-06	-2.382147e-06	-6.714605e-09	-1.810556e+01	-4.472668e+02
2.440000e-06	-2.345657e-06	-6.659889e-09	-1.782822e+01	-4.441105e+02
2.450000e-06	-2.309208e-06	-6.604603e-09	-1.755118e+01	-4.409218e+02
2.460000e-06	-2.272739e-06	-6.553138e-09	-1.727400e+01	-4.377024e+02
2.470000e-06	-2.236215e-06	-6.506151e-09	-1.699640e+01	-4.344538e+02
2.480000e-06	-2.199668e-06	-6.462293e-09	-1.671862e+01	-4.311778e+02
2.490000e-06	-2.163085e-06	-6.419890e-09	-1.644057e+01	-4.278758e+02
2.500000e-06	-2.126441e-06	-6.372781e-09	-1.616206e+01	-4.245491e+02
2.510000e-06	-2.089754e-06	-6.318646e-09	-1.588322e+01	-4.211989e+02
2.520000e-06	-2.053021e-06	-6.259612e-09	-1.560403e+01	-4.178259e+02
2.530000e-06	-2.016302e-06	-6.205060e-09	-1.532495e+01	-4.144306e+02
2.540000e-06	-1.979551e-06	-6.153327e-09	-1.504562e+01	-4.110132e+02
2.550000e-06	-1.942801e-06	-6.097766e-09	-1.476630e+01	-4.075735e+02
2.560000e-06	-1.905946e-06	-6.042983e-09	-1.448619e+01	-4.041111e+02
2.570000e-06	-1.868938e-06	-5.992389e-09	-1.420491e+01	-4.006251e+02
2.580000e-06	-1.832036e-06	-5.944125e-09	-1.392443e+01	-3.971146e+02
2.590000e-06	-1.795118e-06	-5.889762e-09	-1.364384e+01	-3.935786e+02
2.600000e-06	-1.758109e-06	-5.830200e-09	-1.336255e+01	-3.900158e+02
2.610000e-06	-1.721154e-06	-5.773418e-09	-1.308167e+01	-3.864250e+02
2.620000e-06	-1.684030e-06	-5.718455e-09	-1.279951e+01	-3.828051e+02
2.630000e-06	-1.646803e-06	-5.659862e-09	-1.251657e+01	-3.791548e+02
2.640000e-06	-1.609730e-06	-5.598122e-09	-1.223479e+01	-3.754732e+02
2.650000e-06	-1.572455e-06	-5.536639e-09	-1.195148e+01	-3.717596e+02
2.660000e-06	-1.535086e-06	-5.476210e-09	-1.166746e+01	-3.680133e+02
2.670000e-06	-1.497912e-06	-5.419029e-09	-1.138491e+01	-3.642340e+02
2.680000e-06	-1.460646e-06	-5.362091e-09	-1.110167e+01	-3.604213e+02
2.690000e-06	-1.423194e-06	-5.303344e-09	-1.081702e+01	-3.565751e+02
2.700000e-06	-1.385703e-06	-5.243117e-09	-1.053207e+01	-3.526953e+02
2.710000e-06	-1.348184e-06	-5.181075e-09	-1.024690e+01	-3.487819e+02
2.720000e-06	-1.310581e-06	-5.117983e-09	-9.961103e+00	-3.448347e+02
2.730000e-06	-1.272942e-06	-5.054294e-09	-9.675025e+00	-3.408535e+02
2.740000e-06	-1.235302e-06	-4.991672e-09	-9.388937e+00	-3.368379e+02
2.750000e-06	-1.197618e-06	-4.926030e-09	-9.102521e+00	-3.327871e+02
2.760000e-06	-1.159981e-06	-4.859891e-09	-8.816465e+00	-3.287001e+02
2.770000e-06	-1.122320e-06	-4.792441e-09	-8.530220e+00	-3.245755e+02
2.780000e-06	-1.084528e-06	-4.720918e-09	-8.242981e+00	-3.204117e+02
2.790000e-06	-1.046793e-06	-4.653346e-09	-7.956173e+00	-3.162064e+02
2.800000e-06	-1.009038e-06	-4.587300e-09	-7.669213e+00	-3.119572e+02
2.810000e-06	-9.712300e-07	-4.528108e-09	-7.381856e+00	-3.076614e+02
2.820000e-06	-9.334259e-07	-4.470563e-09	-7.094525e+00	-3.033159e+02
2.830000e-06	-8.955404e-07	-4.406029e-09	-6.806575e+00	-2.989175e+02
2.840000e-06	-8.576262e-07	-4.337401e-09	-6.518407e+00	-2.944630e+02
2.850000e-06	-8.196809e-07	-4.260836e-09	-6.230003e+00	-2.899490e+02
2.860000e-06	-7.816972e-07	-4.179486e-09	-5.941307e+00	-2.853725e+02
2.870000e-06	-7.437946e-07	-4.094205e-09	-5.653228e+00	-2.807304e+02
2.880000e-06	-7.057796e-07	-4.015469e-09	-5.364293e+00	-2.760200e+02
2.890000e-06	-6.677175e-07	-3.948275e-09	-5.075002e+00	-2.712391e+02
2.900000e-06	-6.297246e-07	-3.882565e-09	-4.786236e+00	-2.663858e+02
2.910000e-06	-5.917020e-07	-3.813955e-09	-4.497245e+00	-2.614587e+02
2.920000e-06	-5.536784e-07	-3.739704e-09	-4.208245e+00	-2.564568e+02
2.930000e-06	-5.155774e-07	-3.660816e-09	-3.918658e+00	-2.513797e+02
2.940000e-06	-4.774352e-07	-3.572230e-09	-3.628757e+00	-2.462273e+02
2.950000e-06	-4.393611e-07	-3.477650e-09	-3.339374e+00	-2.410002e+02
2.960000e-06	-4.012759e-07	-3.388700e-09	-3.049906e+00	-2.356991e+02
2.970000e-06	-3.631510e-07	-3.311211e-09	-2.760137e+00	-2.303249e+02
2.980000e-06	-3.250412e-07	-3.242744e-09	-2.470483e+00	-2.248789e+02
2.990000e-06	-2.869156e-07	-3.170934e-09	-2.180708e+00	-2.193621e+02
3.000000e-06	-2.487321e-07	-3.092886e-09	-1.890494e+00	-2.137760e+02
3.010000e-06	-2.105810e-07	-3.006718e-09	-1.600526e+00	-2.081213e+02
3.020000e-06	-1.724587e-07	-2.913651e-09	-1.310776e+00	-2.023991e+02
3.030000e-06	-1.343076e-07	-2.815685e-09	-1.020808e+00	-1.966097e+02
3.040000e-06	-9.620239e-08	-2.715979e-09	-7.311884e-01	-1.907535e+02
3.050000e-06	-5.810624e-08	-2.624284e-09	-4.416378e-01	-1.848301e+02
3.060000e-06	-2.002131e-08	-2.539123e-09	-1.521724e-01	-1.788389e+02
3.070000e-06	1.821014e-08	-2.455535e-09	1.384066e-01	-1.727791e+02
3.080000e-06	5.652465e-08	-2.369210e-09	4.296169e-01	-1.666491e+02
3.090000e-06	9.471004e-08	-2.277527e-09	7.198458e-01	-1.604475e+02
3.100000e-06	1.328411e-07	-2.182641e-09	1.009662e+00	-1.541722e+02
3.110000e-06	1.710654e-07	-2.087829e-09	1.300186e+00	-1.478214e+02
3.120000e-06	2.094260e-07	-1.990478e-09	1.591747e+00	-1.413929e+02
3.130000e-06	2.477626e-07	-1.886588e-09	1.883125e+00	-1.348847e+02
3.140000e-06	2.860300e-07	-1.782573e-09	2.173977e+00	-1.282949e+02
3.150000e-06	3.242338e-07	-1.682440e-09	2.464346e+00	-1.216219e+02
3.160000e-06	3.623703e-07	-1.586625e-09	2.754204e+00	-1.148643e+02
3.170000e-06	4.004415e-07	-1.489131e-09	3.043564e+00	-1.080211e+02
3.180000e-06	4.383604e-07	-1.385674e-09	3.331768e+00	-1.010917e+02
3.190000e-06	4.763427e-07	-1.281573e-09	3.620453e+00	-9.407611e+01
3.200000e-06	5.144130e-07	-1.177508e-09	3.909807e+00	-8.697462e+01
3.210000e-06	5.523413e-07	-1.069601e-09	4.198082e+00	-7.978808e+01
3.220000e-06	5.902444e-07	-9.522898e-10	4.486166e+00	-7.251776e+01
3.230000e-06	6.282967e-07	-8.352636e-10	4.775383e+00	-6.516535e+01
3.240000e-06	6.663448e-07	-7.253230e-10	5.064569e+00	-5.773290e+01
3.250000e-06	7.043098e-07	-6.154461e-10	5.353122e+00	-5.022277e+01
3.260000e-06	7.422630e-07	-5.037429e-10	5.641586e+00	-4.263754e+01
3.270000e-06	7.801491e-07	-3.881476e-10	5.929541e+00	-3.498001e+01
3.280000e-06	8.179782e-07	-2.759396e-10	6.217062e+00	-2.725308e+01
3.290000e-06	8.557901e-07	-1.670072e-10	6.504452e+00	-1.945973e+01
3.300000e-06	8.936134e-07	-5.003178e-11	6.791929e+00	-1.160296e+01
3.310000e-06	9.314621e-07	7.345338e-11	7.079599e+00	-3.685807e+00
3.320000e-06	9.691765e-07	2.042469e-10	7.366248e+00	4.288751e+00
3.330000e-06	1.006807e-06	3.354913e-10	7.652258e+00	1.231773e+01
3.340000e-06	1.044543e-06	4.649631e-10	7.939073e+00	2.039816e+01
3.350000e-06	1.082183e-06	5.930440e-10	8.225156e+00	2.852707e+01
3.360000e-06	1.119742e-06	7.155882e-10	8.510624e+00	3.670142e+01
3.370000e-06	1.157339e-06	8.334094e-10	8.796380e+00	4.491810e+01
3.380000e-06	1.194921e-06	9.445455e-10	9.082024e+00	5.317386e+01
3.390000e-06	1.232513e-06	1.062968e-09	9.367743e+00	6.146527e+01
3.400000e-06	1.270042e-06	1.190242e-09	9.652986e+00	6.978866e+01
3.410000e-06	1.307482e-06	1.325125e-09	9.937548e+00	7.814011e+01
3.420000e-06	1.344870e-06	1.463978e-09	1.022171e+01	8.651537e+01
3.430000e-06	1.382264e-06	1.596526e-09	1.050593e+01	9.490986e+01
3.440000e-06	1.419607e-06	1.727942e-09	1.078976e+01	1.033187e+02
3.450000e-06	1.456900e-06	1.855276e-09	1.107320e+01	1.117365e+02
3.460000e-06	1.494155e-06	1.977192e-09	1.135636e+01	1.201578e+02
3.470000e-06	1.531370e-06	2.093638e-09	1.163921e+01	1.285765e+02
3.480000e-06	1.568618e-06	2.213006e-09	1.192232e+01	1.369866e+02
3.490000e-06	1.605781e-06	2.341795e-09	1.220478e+01	1.453815e+02
3.500000e-06	1.642907e-06	2.474870e-09	1.248695e+01	1.537547e+02
3.510000e-06	1.680049e-06	2.608920e-09	1.276925e+01	1.620994e+02
3.520000e-06	1.717054e-06	2.739158e-09	1.305051e+01	1.704089e+02
3.530000e-06	1.754056e-06	2.869485e-09	1.333174e+01	1.786763e+02
3.540000e-06	1.791023e-06	2.995703e-09	1.361271e+01	1.868951e+02
3.550000e-06	1.827858e-06	3.116493e-09	1.389268e+01	1.950588e+02
3.560000e-06	1.864673e-06	3.233078e-09	1.417249e+01	2.031610e+02
3.570000e-06	1.901479e-06	3.345772e-09	1.445223e+01	2.111958e+02
3.580000e-06	1.938185e-06	3.462815e-09	1.473122e+01	2.191574e+02
3.590000e-06	1.974855e-06	3.584461e-09	1.500993e+01	2.270404e+02
3.600000e-06	2.011586e-06	3.705971e-09	1.528911e+01	2.348400e+02
3.610000e-06	2.048244e-06	3.823335e-09	1.556772e+01	2.425514e+02
3.620000e-06	2.084875e-06	3.941526e-09	1.584614e+01	2.501705e+02
3.630000e-06	2.121481e-06	4.060590e-09	1.612437e+01	2.576936e+02
3.640000e-06	2.158043e-06	4.174631e-09	1.640225e+01	2.651173e+02
3.650000e-06	2.194629e-06	4.284410e-09	1.668032e+01	2.724388e+02
3.660000e-06	2.231196e-06	4.388914e-09	1.695826e+01	2.796554e+02
3.670000e-06	2.267717e-06	4.493823e-09	1.723583e+01	2.867651e+02
3.680000e-06	2.304226e-06	4.599597e-09	1.751332e+01	2.937662e+02
3.690000e-06	2.340706e-06	4.701143e-09	1.779059e+01	3.006574e+02
3.700000e-06	2.377144e-06	4.800681e-09	1.806753e+01	3.074375e+02
3.710000e-06	2.413584e-06	4.901555e-09	1.834450e+01	3.141061e+02
3.720000e-06	2.450050e-06	5.007637e-09	1.862166e+01	3.206629e+02
3.730000e-06	2.486478e-06	5.111905e-09	1.889853e+01	3.271077e+02
3.740000e-06	2.522867e-06	5.209258e-09	1.917511e+01	3.334411e+02
3.750000e-06	2.559229e-06	5.299288e-09	1.945147e+01	3.396636e+02
3.760000e-06	2.595508e-06	5.384170e-09	1.972721e+01	3.457761e+02
3.770000e-06	2.631713e-06	5.468636e-09	2.000239e+01	3.517797e+02
3.780000e-06	2.667870e-06	5.552523e-09	2.027720e+01	3.576757e+02
3.790000e-06	2.703968e-06	5.637076e-09	2.055157e+01	3.634657e+02
3.800000e-06	2.739962e-06	5.723976e-09	2.082514e+01	3.691513e+02
3.810000e-06	2.775751e-06	5.813758e-09	2.109716e+01	3.747342e+02
3.820000e-06	2.811458e-06	5.900500e-09	2.136855e+01	3.802164e+02
3.830000e-06	2.847233e-06	5.982368e-09	2.164046e+01	3.855997e+02
3.840000e-06	2.882898e-06	6.061891e-09	2.191153e+01	3.908860e+02
3.850000e-06	2.918430e-06	6.139978e-09	2.218159e+01	3.960771e+02
3.860000e-06	2.954004e-06	6.214960e-09	2.245197e+01	4.011749e+02
3.870000e-06	2.989551e-06	6.286672e-09	2.272215e+01	4.061811e+02
3.880000e-06	3.024904e-06	6.360800e-09	2.299085e+01	4.110974e+02
3.890000e-06	3.059990e-06	6.435626e-09	2.325752e+01	4.159252e+02
3.900000e-06	3.094969e-06	6.506580e-09	2.352338e+01	4.206661e+02
3.910000e-06	3.129987e-06	6.573186e-09	2.378954e+01	4.253213e+02
3.920000e-06	3.164816e-06	6.639539e-09	2.405425e+01	4.298921e+02
3.930000e-06	3.199397e-06	6.707740e-09	2.431709e+01	4.343798e+02
3.940000e-06	3.233786e-06	6.774544e-09	2.457846e+01	4.387854e+02
3.950000e-06	3.268011e-06	6.837052e-09	2.483859e+01	4.431102e+02
3.960000e-06	3.302053e-06	6.898771e-09	2.509733e+01	4.473554e+02
3.970000e-06	3.335852e-06	6.966208e-09	2.535422e+01	4.515222e+02
3.980000e-06	3.369514e-06	7.033977e-09	2.561007e+01	4.556120e+02
3.990000e-06	3.403096e-06	7.094859e-09	2.586531e+01	4.596263e+02
4.000000e-06	3.436462e-06	7.148786e-09	2.611891e+01	4.635668e+02
4.010000e-06	3.469788e-06	7.199064e-09	2.637220e+01	4.674353e+02
4.020000e-06	3.503035e-06	7.253387e-09	2.662489e+01	4.712338e+02
4.030000e-06	3.535934e-06	7.311970e-09	2.687495e+01	4.749644e+02
4.040000e-06	3.568850e-06	7.367705e-09	2.712513e+01	4.786295e+02
4.050000e-06	3.601822e-06	7.419632e-09	2.737573e+01	4.822315e+02
4.060000e-06	3.634669e-06	7.470813e-09	2.762538e+01	4.857729e+02
4.070000e-06	3.667412e-06	7.520082e-09	2.787425e+01	4.892563e+02
4.080000e-06	3.700073e-06	7.568504e-09	2.812249e+01	4.926842e+02
4.090000e-06	3.732745e-06	7.616388e-09	2.837081e+01	4.960592e+02
4.100000e-06	3.765360e-06	7.663110e-09	2.861871e+01	4.993838e+02
4.110000e-06	3.797931e-06	7.713183e-09	2.886626e+01	5.026602e+02
4.120000e-06	3.830509e-06	7.762213e-09	2.911387e+01	5.058905e+02
4.130000e-06	3.863006e-06	7.806821e-09	2.936087e+01	5.090766e+02
4.140000e-06	3.895453e-06	7.851482e-09	2.960747e+01	5.122200e+02
4.150000e-06	3.927854e-06	7.894463e-09	2.985374e+01	5.153221e+02
4.160000e-06	3.960175e-06	7.937310e-09	3.009940e+01	5.183839e+02
4.170000e-06	3.992473e-06	7.981116e-09	3.034488e+01	5.214062e+02
4.180000e-06	4.024713e-06	8.023683e-09	3.058992e+01	5.243893e+02
4.190000e-06	4.056844e-06	8.066459e-09	3.083414e+01	5.273336e+02
4.200000e-06	4.088808e-06	8.107470e-09	3.107707e+01	5.302389e+02
4.210000e-06	4.120685e-06	8.147296e-09	3.131936e+01	5.331053e+02
4.220000e-06	4.152377e-06	8.186597e-09	3.156023e+01	5.359324e+02
4.230000e-06	4.183903e-06	8.224533e-09	3.179985e+01	5.387198e+02
4.240000e-06	4.215272e-06	8.261912e-09	3.203827e+01	5.414672e+02
4.250000e-06	4.246536e-06	8.301700e-09	3.227590e+01	5.441743e+02
4.260000e-06	4.277827e-06	8.342800e-09	3.251372e+01	5.468409e+02
4.270000e-06	4.308927e-06	8.380122e-09	3.275010e+01	5.494668e+02
4.280000e-06	4.339828e-06	8.415867e-09	3.298496e+01	5.520520e+02
4.290000e-06	4.370617e-06	8.452714e-09	3.321897e+01	5.545969e+02
4.300000e-06	4.401346e-06	8.489179e-09	3.345253e+01	5.571016e+02
4.310000e-06	4.432077e-06	8.522490e-09	3.368610e+01	5.595667e+02
4.320000e-06	4.462745e-06	8.553556e-09	3.391919e+01	5.619930e+02
4.330000e-06	4.493311e-06	8.585066e-09	3.415151e+01	5.643811e+02
4.340000e-06	4.523812e-06	8.617773e-09	3.438334e+01	5.667319e+02
4.350000e-06	4.554193e-06	8.651163e-09	3.461424e+01	5.690464e+02
4.360000e-06	4.584534e-06	8.685593e-09	3.484486e+01	5.713255e+02
4.370000e-06	4.614842e-06	8.718622e-09	3.507521e+01	5.735702e+02
4.380000e-06	4.645012e-06	8.748333e-09	3.530451e+01	5.757812e+02
4.390000e-06	4.675015e-06	8.777015e-09	3.553256e+01	5.779594e+02
4.400000e-06	4.704814e-06	8.804404e-09	3.575904e+01	5.801053e+02
4.410000e-06	4.734411e-06	8.833751e-09	3.598399e+01	5.822196e+02
4.420000e-06	4.763978e-06	8.865038e-09	3.620872e+01	5.843023e+02
4.430000e-06	4.793456e-06	8.895396e-09	3.643277e+01	5.863539e+02
4.440000e-06	4.822732e-06	8.928300e-09	3.665528e+01	5.883743e+02
4.450000e-06	4.851930e-06	8.961193e-09	3.687720e+01	5.903633e+02
4.460000e-06	4.881042e-06	8.987215e-09	3.709847e+01	5.923209e+02
4.470000e-06	4.910001e-06	9.010322e-09	3.731857e+01	5.942467e+02
4.480000e-06	4.938764e-06	9.033753e-09	3.753719e+01	5.961404e+02
4.490000e-06	4.967426e-06	9.055693e-09	3.775503e+01	5.980017e+02
4.500000e-06	4.996065e-06	9.076356e-09	3.797271e+01	5.998304e+02
4.510000e-06	5.024670e-06	9.096905e-09	3.819011e+01	6.016263e+02
4.520000e-06	5.053305e-06	9.120242e-09	3.840776e+01	6.033893e+02
4.530000e-06	5.081905e-06	9.146208e-09	3.862513e+01	6.051194e+02
4.540000e-06	5.110335e-06	9.172111e-09	3.884122e+01	6.068168e+02
4.550000e-06	5.138688e-06	9.196749e-09	3.905671e+01	6.084819e+02
4.560000e-06	5.167022e-06	9.220460e-09	3.927206e+01	6.101151e+02
4.570000e-06	5.195120e-06	9.243218e-09	3.948562e+01	6.117172e+02
4.580000e-06	5.223110e-06	9.263943e-09	3.969836e+01	6.132888e+02
4.590000e-06	5.251126e-06	9.281481e-09	3.991130e+01	6.148309e+02
4.600000e-06	5.279124e-06	9.298744e-09	4.012410e+01	6.163445e+02
4.610000e-06	5.306971e-06	9.318561e-09	4.033575e+01	6.178304e+02
4.620000e-06	5.334408e-06	9.341242e-09	4.054429e+01	6.192898e+02
4.630000e-06	5.361473e-06	9.364619e-09	4.074999e+01	6.207237e+02
4.640000e-06	5.388182e-06	9.382690e-09	4.095300e+01	6.221331e+02
4.650000e-06	5.414613e-06	9.399661e-09	4.115389e+01	6.235187e+02
4.660000e-06	5.440735e-06	9.418270e-09	4.135243e+01	6.248815e+02
4.670000e-06	5.466667e-06	9.436289e-09	4.154952e+01	6.262222e+02
4.680000e-06	5.492525e-06	9.453667e-09	4.174606e+01	6.275413e+02
4.690000e-06	5.518085e-06	9.467703e-09	4.194033e+01	6.288394e+02
4.700000e-06	5.543575e-06	9.488487e-09	4.213406e+01	6.301169e+02
4.710000e-06	5.569089e-06	9.514721e-09	4.232798e+01	6.313742e+02
4.720000e-06	5.594321e-06	9.535429e-09	4.251976e+01	6.326114e+02
4.730000e-06	5.619242e-06	9.548651e-09	4.270918e+01	6.338289e+02
4.740000e-06	5.644023e-06	9.555764e-09	4.289753e+01	6.350269e+02
4.750000e-06	5.668727e-06	9.568822e-09	4.308528e+01	6.362057e+02
4.760000e-06	5.693290e-06	9.585594e-09	4.327197e+01	6.373655e+02
4.770000e-06	5.717781e-06	9.601910e-09	4.345813e+01	6.385067e+02
4.780000e-06	5.742296e-06	9.621407e-09	4.364445e+01	6.396297e+02
4.790000e-06	5.766688e-06	9.644968e-09	4.382984e+01	6.407351e+02
4.800000e-06	5.790829e-06	9.671555e-09	4.401332e+01	6.418234e+02
4.810000e-06	5.814875e-06	9.689867e-09	4.419609e+01	6.428955e+02
4.820000e-06	5.838836e-06	9.698662e-09	4.437820e+01	6.439520e+02
4.830000e-06	5.862640e-06	9.704473e-09	4.455913e+01	6.449939e+02
4.840000e-06	5.886343e-06	9.713567e-09	4.473928e+01	6.460221e+02
4.850000e-06	5.909879e-06	9.729242e-09	4.491816e+01	6.470376e+02
4.860000e-06	5.933110e-06	9.744815e-09	4.509474e+01	6.480415e+02
4.870000e-06	5.956094e-06	9.767799e-09	4.526943e+01	6.490346e+02
4.880000e-06	5.979021e-06	9.800174e-09	4.544368e+01	6.500180e+02
4.890000e-06	6.001839e-06	9.830146e-09	4.561711e+01	6.509926e+02
4.900000e-06	6.024587e-06	9.849439e-09	4.579001e+01	6.519592e+02
4.910000e-06	6.047193e-06	9.848758e-09	4.596183e+01	6.529187e+02
4.920000e-06	6.069582e-06	9.842512e-09	4.613199e+01	6.538716e+02
4.930000e-06	6.091913e-06	9.842675e-09	4.630172e+01	6.548185e+02
4.940000e-06	6.114169e-06	9.849850e-09	4.647088e+01	6.557599e+02
4.950000e-06	6.136271e-06	9.870678e-09	4.663887e+01	6.566961e+02
4.960000e-06	6.158109e-06	9.898381e-09	4.680484e+01	6.576273e+02
4.970000e-06	6.179823e-06	9.933459e-09	4.696988e+01	6.585537e+02
4.980000e-06	6.201442e-06	9.965716e-09	4.713420e+01	6.594752e+02
4.990000e-06	6.222775e-06	9.982873e-09	4.729634e+01	6.603918e+02
5.000000e-06	6.243896e-06	9.984073e-09	4.745687e+01	6.613033e+02
5.010000e-06	6.264983e-06	9.971887e-09	4.761714e+01	6.622095e+02
5.020000e-06	6.285977e-06	9.966344e-09	4.777671e+01	6.631101e+02
5.030000e-06	6.306729e-06	9.973357e-09	4.793443e+01	6.640048e+02
5.040000e-06	6.327409e-06	9.993524e-09	4.809161e+01	6.648930e+02
5.050000e-06	6.348037e-06	1.002190e-08	4.824840e+01	6.657744e+02
5.060000e-06	6.368530e-06	1.005615e-08	4.840415e+01	6.666483e+02
5.070000e-06	6.388880e-06	1.008958e-08	4.855882e+01	6.675142e+02
5.080000e-06	6.409104e-06	1.010680e-08	4.871254e+01	6.683714e+02
5.090000e-06	6.429329e-06	1.010980e-08	4.886626e+01	6.692191e+02
5.100000e-06	6.449484e-06	1.010170e-08	4.901945e+01	6.700565e+02
5.110000e-06	6.469541e-06	1.009812e-08	4.917189e+01	6.708829e+02
5.120000e-06	6.489397e-06	1.010619e-08	4.932280e+01	6.716972e+02
5.130000e-06	6.508974e-06	1.012365e-08	4.947160e+01	6.724985e+02
5.140000e-06	6.528390e-06	1.014959e-08	4.961918e+01	6.732859e+02
5.150000e-06	6.547607e-06	1.017631e-08	4.976523e+01	6.740584e+02
5.160000e-06	6.566473e-06	1.020092e-08	4.990863e+01	6.748151e+02
5.170000e-06	6.585137e-06	1.021676e-08	5.005048e+01	6.755549e+02
5.180000e-06	6.603718e-06	1.022410e-08	5.019171e+01	6.762772e+02
5.190000e-06	6.622171e-06	1.022151e-08	5.033196e+01	6.769811e+02
5.200000e-06	6.640452e-06	1.021668e-08	5.047090e+01	6.776659e+02
5.210000e-06	6.658504e-06	1.021945e-08	5.060811e+01	6.783313e+02
5.220000e-06	6.676465e-06	1.022846e-08	5.074462e+01	6.789768e+02
5.230000e-06	6.694269e-06	1.024339e-08	5.087994e+01	6.796023e+02
5.240000e-06	6.712000e-06	1.025702e-08	5.101471e+01	6.802079e+02
5.250000e-06	6.729719e-06	1.027120e-08	5.114938e+01	6.807936e+02
5.260000e-06	6.747237e-06	1.028554e-08	5.128252e+01	6.813601e+02
5.270000e-06	6.764537e-06	1.029432e-08	5.141401e+01	6.819077e+02
5.280000e-06	6.781668e-06	1.029427e-08	5.154422e+01	6.824373e+02
5.290000e-06	6.798604e-06	1.029197e-08	5.167294e+01	6.829498e+02
5.300000e-06	6.815279e-06	1.029757e-08	5.179968e+01	6.834461e+02
5.310000e-06	6.831811e-06	1.030600e-08	5.192533e+01	6.839273e+02
5.320000e-06	6.848151e-06	1.031529e-08	5.204952e+01	6.843945e+02
5.330000e-06	6.864105e-06	1.031915e-08	5.217078e+01	6.848490e+02
5.340000e-06	6.879785e-06	1.032643e-08	5.228996e+01	6.852918e+02
5.350000e-06	6.895328e-06	1.033734e-08	5.240809e+01	6.857241e+02
5.360000e-06	6.910656e-06	1.034430e-08	5.252460e+01	6.861469e+02
5.370000e-06	6.925696e-06	1.035307e-08	5.263891e+01	6.865613e+02
5.380000e-06	6.940563e-06	1.036257e-08	5.275190e+01	6.869681e+02
5.390000e-06	6.955310e-06	1.037746e-08	5.286399e+01	6.873684e+02
5.400000e-06	6.969796e-06	1.038138e-08	5.297409e+01	6.877628e+02
5.410000e-06	6.984031e-06	1.037405e-08	5.308228e+01	6.881522e+02
5.420000e-06	6.998191e-06	1.036545e-08	5.318991e+01	6.885372e+02
5.430000e-06	7.012246e-06	1.036128e-08	5.329673e+01	6.889184e+02
5.440000e-06	7.026066e-06	1.037256e-08	5.340177e+01	6.892965e+02
5.450000e-06	7.039676e-06	1.039076e-08	5.350522e+01	6.896722e+02
5.460000e-06	7.053128e-06	1.041151e-08	5.360746e+01	6.900461e+02
5.470000e-06	7.066437e-06	1.042545e-08	5.370862e+01	6.904190e+02
5.480000e-06	7.079489e-06	1.043302e-08	5.380781e+01	6.907914e+02
5.490000e-06	7.092259e-06	1.043458e-08	5.390487e+01	6.911641e+02
5.500000e-06	7.104915e-06	1.042734e-08	5.400107e+01	6.915380e+02
5.510000e-06	7.117456e-06	1.042031e-08	5.409639e+01	6.919136e+02
5.520000e-06	7.129834e-06	1.041754e-08	5.419046e+01	6.922917e+02
5.530000e-06	7.142009e-06	1.042959e-08	5.428300e+01	6.926729e+02
5.540000e-06	7.154021e-06	1.044829e-08	5.437430e+01	6.930579e+02
5.550000e-06	7.165906e-06	1.046649e-08	5.446463e+01	6.934469e+02
5.560000e-06	7.177636e-06	1.048177e-08	5.455378e+01	6.938403e+02
5.570000e-06	7.189057e-06	1.049059e-08	5.464059e+01	6.942381e+02
5.580000e-06	7.200089e-06	1.049670e-08	5.472443e+01	6.946402e+02
5.590000e-06	7.210839e-06	1.049505e-08	5.480614e+01	6.950463e+02
5.600000e-06	7.221306e-06	1.049683e-08	5.488570e+01	6.954556e+02
5.610000e-06	7.231539e-06	1.050222e-08	5.496347e+01	6.958674e+02
5.620000e-06	7.241454e-06	1.050870e-08	5.503883e+01	6.962805e+02
5.630000e-06	7.251057e-06	1.052090e-08	5.511182e+01	6.966937e+02
5.640000e-06	7.260331e-06	1.053307e-08	5.518230e+01	6.971056e+02
5.650000e-06	7.269298e-06	1.054608e-08	5.525047e+01	6.975145e+02
5.660000e-06	7.278150e-06	1.055650e-08	5.531774e+01	6.979190e+02
5.670000e-06	7.286958e-06	1.056469e-08	5.538468e+01	6.983174e+02
5.680000e-06	7.295611e-06	1.056654e-08	5.545046e+01	6.987081e+02
5.690000e-06	7.304096e-06	1.056707e-08	5.551495e+01	6.990898e+02
5.700000e-06	7.312540e-06	1.056986e-08	5.557912e+01	6.994612e+02
5.710000e-06	7.320915e-06	1.057173e-08	5.564278e+01	6.998213e+02
5.720000e-06	7.329187e-06	1.057798e-08	5.570565e+01	7.001694e+02
5.730000e-06	7.337283e-06	1.058576e-08	5.576719e+01	7.005050e+02
5.740000e-06	7.345126e-06	1.059752e-08	5.582679e+01	7.008280e+02
5.750000e-06	7.352793e-06	1.060686e-08	5.588507e+01	7.011384e+02
5.760000e-06	7.360208e-06	1.061138e-08	5.594142e+01	7.014366e+02
5.770000e-06	7.367365e-06	1.061524e-08	5.599583e+01	7.017232e+02
5.780000e-06	7.374277e-06	1.061610e-08	5.604835e+01	7.019990e+02
5.790000e-06	7.380970e-06	1.061690e-08	5.609923e+01	7.022647e+02
5.800000e-06	7.387676e-06	1.061806e-08	5.615020e+01	7.025213e+02
5.810000e-06	7.394282e-06	1.062056e-08	5.620041e+01	7.027695e+02
5.820000e-06	7.400661e-06	1.062418e-08	5.624889e+01	7.030101e+02
5.830000e-06	7.406848e-06	1.063021e-08	5.629591e+01	7.032435e+02
5.840000e-06	7.412781e-06	1.063947e-08	5.634101e+01	7.034701e+02
5.850000e-06	7.418452e-06	1.064847e-08	5.638411e+01	7.036897e+02
5.860000e-06	7.423916e-06	1.065638e-08	5.642564e+01	7.039022e+02
5.870000e-06	7.429287e-06	1.065996e-08	5.646646e+01	7.041069e+02
5.880000e-06	7.434462e-06	1.065896e-08	5.650579e+01	7.043028e+02
5.890000e-06	7.439368e-06	1.065592e-08	5.654308e+01	7.044889e+02
5.900000e-06	7.444222e-06	1.065284e-08	5.657997e+01	7.046637e+02
5.910000e-06	7.449022e-06	1.065169e-08	5.661646e+01	7.048260e+02
5.920000e-06	7.453696e-06	1.065402e-08	5.665198e+01	7.049742e+02
5.930000e-06	7.458212e-06	1.066100e-08	5.668631e+01	7.051069e+02
5.940000e-06	7.462586e-06	1.066789e-08	5.671955e+01	7.052230e+02
5.950000e-06	7.466830e-06	1.067317e-08	5.675181e+01	7.053215e+02
5.960000e-06	7.470939e-06	1.067678e-08	5.678304e+01	7.054020e+02
5.970000e-06	7.474944e-06	1.067638e-08	5.681348e+01	7.054643e+02
5.980000e-06	7.478768e-06	1.067462e-08	5.684254e+01	7.055089e+02
5.990000e-06	7.482348e-06	1.067114e-08	5.686976e+01	7.055368e+02
6.000000e-06	7.485584e-06	1.066858e-08	5.689435e+01	7.055495e+02
6.010000e-06	7.488465e-06	1.067029e-08	5.691624e+01	7.055491e+02
6.020000e-06	7.491096e-06	1.067417e-08	5.693624e+01	7.055381e+02
6.030000e-06	7.493504e-06	1.067550e-08	5.695455e+01	7.055196e+02
6.040000e-06	7.495582e-06	1.067292e-08	5.697034e+01	7.054969e+02
6.050000e-06	7.497301e-06	1.067284e-08	5.698340e+01	7.054735e+02
6.060000e-06	7.498768e-06	1.067489e-08	5.699455e+01	7.054530e+02
6.070000e-06	7.500018e-06	1.067552e-08	5.700406e+01	7.054388e+02
6.080000e-06	7.501077e-06	1.067566e-08	5.701210e+01	7.054342e+02
6.090000e-06	7.502022e-06	1.067729e-08	5.701929e+01	7.054423e+02
6.100000e-06	7.502782e-06	1.067836e-08	5.702506e+01	7.054653e+02
6.110000e-06	7.503421e-06	1.067626e-08	5.702992e+01	7.055053e+02
6.120000e-06	7.503953e-06	1.067609e-08	5.703397e+01	7.055632e+02
6.130000e-06	7.504294e-06	1.067924e-08	5.703655e+01	7.056397e+02
6.140000e-06	7.504560e-06	1.068325e-08	5.703857e+01	7.057344e+02
6.150000e-06	7.504832e-06	1.068483e-08	5.704065e+01	7.058464e+02
6.160000e-06	7.504945e-06	1.068236e-08	5.704150e+01	7.059739e+02
6.170000e-06	7.504722e-06	1.068283e-08	5.703981e+01	7.061145e+02
6.180000e-06	7.504212e-06	1.069060e-08	5.703593e+01	7.062657e+02
6.190000e-06	7.503566e-06	1.071672e-08	5.703102e+01	7.064241e+02
6.200000e-06	7.502746e-06	1.077689e-08	5.702479e+01	7.065864e+02
6.210000e-06	7.501694e-06	1.080980e-08	5.701679e+01	7.067491e+02
6.220000e-06	7.500427e-06	1.070934e-08	5.700717e+01	7.069089e+02
6.230000e-06	7.498970e-06	1.057219e-08	5.699609e+01	7.070627e+02
6.240000e-06	7.497293e-06	1.063534e-08	5.698334e+01	7.072076e+02
6.250000e-06	7.495360e-06	1.065120e-08	5.696865e+01	7.073413e+02
6.260000e-06	7.493344e-06	1.063795e-08	5.695333e+01	7.074621e+02
6.270000e-06	7.491170e-06	1.059796e-08	5.693680e+01	7.075687e+02
6.280000e-06	7.488834e-06	1.046092e-08	5.691905e+01	7.076608e+02
6.290000e-06	7.486313e-06	1.067211e-08	5.689989e+01	7.077382e+02
6.300000e-06	7.483525e-06	1.086927e-08	5.687870e+01	7.078016e+02
6.310000e-06	7.480638e-06	1.079330e-08	5.685675e+01	7.078520e+02
6.320000e-06	7.477671e-06	1.076883e-08	5.683420e+01	7.078910e+02
6.330000e-06	7.474476e-06	1.079820e-08	5.680993e+01	7.079200e+02
6.340000e-06	7.471104e-06	1.081617e-08	5.678429e+01	7.079410e+02
6.350000e-06	7.467756e-06	1.076210e-08	5.675884e+01	7.079556e+02
6.360000e-06	7.464401e-06	1.073560e-08	5.673335e+01	7.079652e+02
6.370000e-06	7.460849e-06	1.071360e-08	5.670635e+01	7.079712e+02
6.380000e-06	7.457058e-06	1.061675e-08	5.667753e+01	7.079742e+02
6.390000e-06	7.453104e-06	1.064065e-08	5.664748e+01	7.079747e+02
6.400000e-06	7.449027e-06	1.076356e-08	5.661650e+01	7.079721e+02
6.410000e-06	7.444740e-06	1.075924e-08	5.658391e+01	7.079658e+02
6.420000e-06	7.440193e-06	1.065931e-08	5.654936e+01	7.079542e+02
6.430000e-06	7.435441e-06	1.070453e-08	5.651324e+01	7.079354e+02
6.440000e-06	7.430421e-06	1.083107e-08	5.647508e+01	7.079070e+02
6.450000e-06	7.424905e-06	1.076949e-08	5.643316e+01	7.078662e+02
6.460000e-06	7.418819e-06	1.064740e-08	5.638690e+01	7.078101e+02
6.470000e-06	7.412615e-06	1.070385e-08	5.633975e+01	7.077356e+02
6.480000e-06	7.406426e-06	1.079183e-08	5.629271e+01	7.076397e+02
6.490000e-06	7.399839e-06	1.075084e-08	5.624264e+01	7.075199e+02
6.500000e-06	7.392836e-06	1.069198e-08	5.618941e+01	7.073737e+02
6.510000e-06	7.385704e-06	1.071291e-08	5.613521e+01	7.071992e+02
6.520000e-06	7.378488e-06	1.072876e-08	5.608037e+01	7.069953e+02
6.530000e-06	7.371065e-06	1.072950e-08	5.602394e+01	7.067613e+02
6.540000e-06	7.363496e-06	1.073018e-08	5.596642e+01	7.064974e+02
6.550000e-06	7.355923e-06	1.070691e-08	5.590886e+01	7.062044e+02
6.560000e-06	7.348296e-06	1.068689e-08	5.585089e+01	7.058840e+02
6.570000e-06	7.340416e-06	1.071218e-08	5.579100e+01	7.055381e+02
6.580000e-06	7.332268e-06	1.072510e-08	5.572907e+01	7.051697e+02
6.590000e-06	7.324040e-06	1.068768e-08	5.566653e+01	7.047819e+02
6.600000e-06	7.315604e-06	1.067196e-08	5.560241e+01	7.043782e+02
6.610000e-06	7.306904e-06	1.068368e-08	5.553628e+01	7.039622e+02
6.620000e-06	7.298041e-06	1.070124e-08	5.546893e+01	7.035377e+02
6.630000e-06	7.289071e-06	1.069492e-08	5.540075e+01	7.031080e+02
6.640000e-06	7.280058e-06	1.065642e-08	5.533225e+01	7.026765e+02
6.650000e-06	7.270757e-06	1.064017e-08	5.526155e+01	7.022462e+02
6.660000e-06	7.261168e-06	1.066843e-08	5.518867e+01	7.018194e+02
6.670000e-06	7.251463e-06	1.067676e-08	5.511490e+01	7.013980e+02
6.680000e-06	7.241719e-06	1.063516e-08	5.504085e+01	7.009833e+02
6.690000e-06	7.231819e-06	1.061681e-08	5.496560e+01	7.005759e+02
6.700000e-06	7.221618e-06	1.063742e-08	5.488807e+01	7.001761e+02
6.710000e-06	7.211300e-06	1.064604e-08	5.480965e+01	6.997835e+02
6.720000e-06	7.200779e-06	1.063006e-08	5.472968e+01	6.993971e+02
6.730000e-06	7.189927e-06	1.060412e-08	5.464720e+01	6.990157e+02
6.740000e-06	7.178892e-06	1.060493e-08	5.456333e+01	6.986380e+02
6.750000e-06	7.167711e-06	1.062143e-08	5.447834e+01	6.982621e+02
6.760000e-06	7.156348e-06	1.061375e-08	5.439199e+01	6.978865e+02
6.770000e-06	7.144827e-06	1.059444e-08	5.430442e+01	6.975095e+02
6.780000e-06	7.133126e-06	1.058959e-08	5.421548e+01	6.971296e+02
6.790000e-06	7.121058e-06	1.059339e-08	5.412376e+01	6.967456e+02
6.800000e-06	7.108735e-06	1.059327e-08	5.403010e+01	6.963564e+02
6.810000e-06	7.096289e-06	1.058725e-08	5.393550e+01	6.959616e+02
6.820000e-06	7.083504e-06	1.056124e-08	5.383833e+01	6.955606e+02
6.830000e-06	7.070324e-06	1.054839e-08	5.373816e+01	6.951536e+02
6.840000e-06	7.057031e-06	1.056085e-08	5.363712e+01	6.947409e+02
6.850000e-06	7.043400e-06	1.055747e-08	5.353352e+01	6.943229e+02
6.860000e-06	7.029372e-06	1.054005e-08	5.342690e+01	6.939003e+02
6.870000e-06	7.015216e-06	1.052989e-08	5.331931e+01	6.934740e+02
6.880000e-06	7.000704e-06	1.053649e-08	5.320901e+01	6.930448e+02
6.890000e-06	6.985809e-06	1.053997e-08	5.309580e+01	6.926135e+02
6.900000e-06	6.970719e-06	1.052332e-08	5.298111e+01	6.921806e+02
6.910000e-06	6.955519e-06	1.050964e-08	5.286558e+01	6.917468e+02
6.920000e-06	6.940213e-06	1.051318e-08	5.274925e+01	6.913122e+02
6.930000e-06	6.924803e-06	1.051879e-08	5.263212e+01	6.908766e+02
6.940000e-06	6.909251e-06	1.051375e-08	5.251392e+01	6.904399e+02
6.950000e-06	6.893708e-06	1.050289e-08	5.239578e+01	6.900013e+02
6.960000e-06	6.878150e-06	1.048661e-08	5.227753e+01	6.895600e+02
6.970000e-06	6.862376e-06	1.047356e-08	5.215765e+01	6.891147e+02
6.980000e-06	6.846376e-06	1.046413e-08	5.203604e+01	6.886641e+02
6.990000e-06	6.830184e-06	1.045110e-08	5.191296e+01	6.882068e+02
7.000000e-06	6.813858e-06	1.044333e-08	5.178888e+01	6.877412e+02
7.010000e-06	6.797372e-06	1.043955e-08	5.166358e+01	6.872656e+02
7.020000e-06	6.780769e-06	1.044388e-08	5.153739e+01	6.867786e+02
7.030000e-06	6.764035e-06	1.044609e-08	5.141020e+01	6.862788e+02
7.040000e-06	6.747021e-06	1.043323e-08	5.128089e+01	6.857648e+02
7.050000e-06	6.729769e-06	1.042034e-08	5.114976e+01	6.852356e+02
7.060000e-06	6.712349e-06	1.041024e-08	5.101736e+01	6.846903e+02
7.070000e-06	6.694824e-06	1.039904e-08	5.088416e+01	6.841281e+02
7.080000e-06	6.677188e-06	1.038662e-08	5.075012e+01	6.835485e+02
7.090000e-06	6.659399e-06	1.037895e-08	5.061491e+01	6.829513e+02
7.100000e-06	6.641366e-06	1.038202e-08	5.047785e+01	6.823363e+02
7.110000e-06	6.623082e-06	1.038686e-08	5.033888e+01	6.817035e+02
7.120000e-06	6.604660e-06	1.038013e-08	5.019887e+01	6.810529e+02
7.130000e-06	6.586058e-06	1.036139e-08	5.005749e+01	6.803845e+02
7.140000e-06	6.567295e-06	1.034342e-08	4.991487e+01	6.796986e+02
7.150000e-06	6.548349e-06	1.032917e-08	4.977088e+01	6.789951e+02
7.160000e-06	6.529296e-06	1.031617e-08	4.962606e+01	6.782742e+02
7.170000e-06	6.510139e-06	1.030356e-08	4.948046e+01	6.775357e+02
7.180000e-06	6.490850e-06	1.029525e-08	4.933385e+01	6.767797e+02
7.190000e-06	6.471482e-06	1.029510e-08	4.918665e+01	6.760059e+02
7.200000e-06	6.452038e-06	1.029688e-08	4.903886e+01	6.752142e+02
7.210000e-06	6.432556e-06	1.029247e-08	4.889078e+01	6.744045e+02
7.220000e-06	6.413051e-06	1.027824e-08	4.874254e+01	6.735766e+02
7.230000e-06	6.393465e-06	1.025937e-08	4.859368e+01	6.727306e+02
7.240000e-06	6.373704e-06	1.024285e-08	4.844348e+01	6.718666e+02
7.250000e-06	6.353639e-06	1.022744e-08	4.829098e+01	6.709848e+02
7.260000e-06	6.333418e-06	1.020998e-08	4.813728e+01	6.700858e+02
7.270000e-06	6.313045e-06	1.019694e-08	4.798244e+01	6.691702e+02
7.280000e-06	6.292290e-06	1.018968e-08	4.782469e+01	6.682390e+02
7.290000e-06	6.271395e-06	1.018265e-08	4.766588e+01	6.672934e+02
7.300000e-06	6.250425e-06	1.017254e-08	4.750650e+01	6.663348e+02
7.310000e-06	6.229179e-06	1.015668e-08	4.734501e+01	6.653648e+02
7.320000e-06	6.207592e-06	1.013913e-08	4.718094e+01	6.643853e+02
7.330000e-06	6.185608e-06	1.012230e-08	4.701385e+01	6.633980e+02
7.340000e-06	6.163295e-06	1.010616e-08	4.684426e+01	6.624049e+02
7.350000e-06	6.140836e-06	1.009080e-08	4.667356e+01	6.614080e+02
7.360000e-06	6.118152e-06	1.007741e-08	4.650115e+01	6.604088e+02
7.370000e-06	6.095259e-06	1.006687e-08	4.632716e+01	6.594092e+02
7.380000e-06	6.072202e-06	1.005812e-08	4.615190e+01	6.584104e+02
7.390000e-06	6.048995e-06	1.004738e-08	4.597552e+01	6.574135e+02
7.400000e-06	6.025826e-06	1.002976e-08	4.579942e+01	6.564194e+02
7.410000e-06	6.002549e-06	1.001040e-08	4.562251e+01	6.554283e+02
7.420000e-06	5.979138e-06	9.992803e-09	4.544457e+01	6.544405e+02
7.430000e-06	5.955668e-06	9.977033e-09	4.526619e+01	6.534555e+02
7.440000e-06	5.932090e-06	9.957521e-09	4.508699e+01	6.524728e+02
7.450000e-06	5.908378e-06	9.934082e-09	4.490676e+01	6.514916e+02
7.460000e-06	5.884457e-06	9.917936e-09	4.472494e+01	6.505107e+02
7.470000e-06	5.860564e-06	9.909680e-09	4.454334e+01	6.495288e+02
7.480000e-06	5.836478e-06	9.901388e-09	4.436028e+01	6.485446e+02
7.490000e-06	5.812088e-06	9.887206e-09	4.417490e+01	6.475569e+02
7.500000e-06	5.787565e-06	9.873307e-09	4.398852e+01	6.465642e+02
7.510000e-06	5.762892e-06	9.860436e-09	4.380099e+01	6.455655e+02
7.520000e-06	5.738180e-06	9.845095e-09	4.361317e+01	6.445598e+02
7.530000e-06	5.713171e-06	9.825939e-09	4.342308e+01	6.435463e+02
7.540000e-06	5.687942e-06	9.802421e-09	4.323133e+01	6.425246e+02
7.550000e-06	5.662621e-06	9.782855e-09	4.303888e+01	6.414943e+02
7.560000e-06	5.637165e-06	9.768116e-09	4.284540e+01	6.404554e+02
7.570000e-06	5.611647e-06	9.758282e-09	4.265145e+01	6.394081e+02
7.580000e-06	5.585976e-06	9.749241e-09	4.245634e+01	6.383526e+02
7.590000e-06	5.560257e-06	9.741867e-09	4.226086e+01	6.372893e+02
7.600000e-06	5.534504e-06	9.731690e-09	4.206513e+01	6.362187e+02
7.610000e-06	5.508536e-06	9.711336e-09	4.186775e+01	6.351411e+02
7.620000e-06	5.482351e-06	9.687422e-09	4.166874e+01	6.340567e+02
7.630000e-06	5.456065e-06	9.664001e-09	4.146894e+01	6.329656e+02
7.640000e-06	5.429636e-06	9.649375e-09	4.126807e+01	6.318676e+02
7.650000e-06	5.403060e-06	9.639814e-09	4.106608e+01	6.307622e+02
7.660000e-06	5.376366e-06	9.629482e-09	4.086319e+01	6.296485e+02
7.670000e-06	5.349487e-06	9.619739e-09	4.065889e+01	6.285256e+02
7.680000e-06	5.322411e-06	9.604464e-09	4.045311e+01	6.273919e+02
7.690000e-06	5.295171e-06	9.584847e-09	4.024606e+01	6.262459e+02
7.700000e-06	5.267863e-06	9.562680e-09	4.003851e+01	6.250856e+02
7.710000e-06	5.240561e-06	9.536671e-09	3.983100e+01	6.239090e+02
7.720000e-06	5.213187e-06	9.514086e-09	3.962294e+01	6.227141e+02
7.730000e-06	5.185696e-06	9.498912e-09	3.941400e+01	6.214987e+02
7.740000e-06	5.158094e-06	9.486431e-09	3.920421e+01	6.202610e+02
7.750000e-06	5.130437e-06	9.470785e-09	3.899400e+01	6.189992e+02
7.760000e-06	5.102814e-06	9.453766e-09	3.878405e+01	6.177119e+02
7.770000e-06	5.075151e-06	9.434902e-09	3.857380e+01	6.163981e+02
7.780000e-06	5.047331e-06	9.413571e-09	3.836236e+01	6.150570e+02
7.790000e-06	5.019395e-06	9.391248e-09	3.815002e+01	6.136884e+02
7.800000e-06	4.991296e-06	9.371649e-09	3.793646e+01	6.122926e+02
7.810000e-06	4.962909e-06	9.348931e-09	3.772070e+01	6.108703e+02
7.820000e-06	4.934427e-06	9.329380e-09	3.750423e+01	6.094226e+02
7.830000e-06	4.905863e-06	9.311470e-09	3.728712e+01	6.079508e+02
7.840000e-06	4.877097e-06	9.294489e-09	3.706848e+01	6.064568e+02
7.850000e-06	4.848131e-06	9.276992e-09	3.684833e+01	6.049423e+02
7.860000e-06	4.818875e-06	9.245099e-09	3.662597e+01	6.034094e+02
7.870000e-06	4.789452e-06	9.214932e-09	3.640233e+01	6.018601e+02
7.880000e-06	4.759872e-06	9.183118e-09	3.617751e+01	6.002961e+02
7.890000e-06	4.730046e-06	9.158869e-09	3.595082e+01	5.987193e+02
7.900000e-06	4.700013e-06	9.140878e-09	3.572255e+01	5.971308e+02
7.910000e-06	4.669796e-06	9.123889e-09	3.549289e+01	5.955319e+02
7.920000e-06	4.639367e-06	9.109834e-09	3.526162e+01	5.939232e+02
7.930000e-06	4.608641e-06	9.085830e-09	3.502808e+01	5.923049e+02
7.940000e-06	4.577765e-06	9.060567e-09	3.479340e+01	5.906769e+02
7.950000e-06	4.546800e-06	9.025290e-09	3.455806e+01	5.890388e+02
7.960000e-06	4.515791e-06	8.984598e-09	3.432237e+01	5.873897e+02
7.970000e-06	4.484637e-06	8.953775e-09	3.408558e+01	5.857286e+02
7.980000e-06	4.453280e-06	8.935834e-09	3.384726e+01	5.840544e+02
7.990000e-06	4.421871e-06	8.928287e-09	3.360853e+01	5.823656e+02
8.000000e-06	4.390528e-06	8.913960e-09	3.337031e+01	5.806613e+02
8.010000e-06	4.359167e-06	8.888136e-09	3.313195e+01	5.789401e+02
8.020000e-06	4.327692e-06	8.855359e-09	3.289272e+01	5.772012e+02
8.030000e-06	4.296153e-06	8.821594e-09	3.265300e+01	5.754440e+02
8.040000e-06	4.264456e-06	8.786713e-09	3.241210e+01	5.736682e+02
8.050000e-06	4.232588e-06	8.747536e-09	3.216988e+01	5.718739e+02
8.060000e-06	4.200747e-06	8.716564e-09	3.192787e+01	5.700614e+02
8.070000e-06	4.168887e-06	8.695824e-09	3.168572e+01	5.682317e+02
8.080000e-06	4.136844e-06	8.680559e-09	3.144218e+01	5.663859e+02
8.090000e-06	4.104711e-06	8.659187e-09	3.119795e+01	5.645254e+02
8.100000e-06	4.072378e-06	8.627062e-09	3.095220e+01	5.626518e+02
8.110000e-06	4.039974e-06	8.594746e-09	3.070591e+01	5.607668e+02
8.120000e-06	4.007608e-06	8.564704e-09	3.045992e+01	5.588722e+02
8.130000e-06	3.975049e-06	8.537682e-09	3.021245e+01	5.569697e+02
8.140000e-06	3.942388e-06	8.507079e-09	2.996421e+01	5.550607e+02
8.150000e-06	3.909698e-06	8.474585e-09	2.971575e+01	5.531463e+02
8.160000e-06	3.876816e-06	8.447100e-09	2.946583e+01	5.512273e+02
8.170000e-06	3.843846e-06	8.424750e-09	2.921524e+01	5.493041e+02
8.180000e-06	3.810681e-06	8.401332e-09	2.896316e+01	5.473766e+02
8.190000e-06	3.777434e-06	8.370308e-09	2.871047e+01	5.454442e+02
8.200000e-06	3.744162e-06	8.337937e-09	2.845758e+01	5.435058e+02
8.210000e-06	3.710738e-06	8.306041e-09	2.820355e+01	5.415598e+02
8.220000e-06	3.677205e-06	8.274337e-09	2.794868e+01	5.396043e+02
8.230000e-06	3.643536e-06	8.242647e-09	2.769277e+01	5.376371e+02
8.240000e-06	3.609873e-06	8.209066e-09	2.743692e+01	5.356556e+02
8.250000e-06	3.576197e-06	8.179808e-09	2.718097e+01	5.336570e+02
8.260000e-06	3.542308e-06	8.153728e-09	2.692339e+01	5.316387e+02
8.270000e-06	3.508293e-06	8.125647e-09	2.666486e+01	5.295979e+02
8.280000e-06	3.474351e-06	8.095210e-09	2.640688e+01	5.275320e+02
8.290000e-06	3.440364e-06	8.060963e-09	2.614856e+01	5.254386e+02
8.300000e-06	3.406259e-06	8.028512e-09	2.588935e+01	5.233157e+02
8.310000e-06	3.372018e-06	8.001974e-09	2.562910e+01	5.211614e+02
8.320000e-06	3.337730e-06	7.973390e-09	2.536849e+01	5.189744e+02
8.330000e-06	3.303372e-06	7.937192e-09	2.510735e+01	5.167536e+02
8.340000e-06	3.268930e-06	7.904044e-09	2.484557e+01	5.144982e+02
8.350000e-06	3.234390e-06	7.875625e-09	2.458305e+01	5.122081e+02
8.360000e-06	3.199661e-06	7.840746e-09	2.431909e+01	5.098829e+02
8.370000e-06	3.164905e-06	7.800927e-09	2.405493e+01	5.075230e+02
8.380000e-06	3.130081e-06	7.761397e-09	2.379025e+01	5.051285e+02
8.390000e-06	3.095044e-06	7.727409e-09	2.352395e+01	5.026999e+02
8.400000e-06	3.059898e-06	7.695320e-09	2.325682e+01	5.002374e+02
8.410000e-06	3.024732e-06	7.656026e-09	2.298954e+01	4.977416e+02
8.420000e-06	2.989510e-06	7.613054e-09	2.272184e+01	4.952125e+02
8.430000e-06	2.954275e-06	7.572784e-09	2.245403e+01	4.926502e+02
8.440000e-06	2.919003e-06	7.533380e-09	2.218595e+01	4.900548e+02
8.450000e-06	2.883646e-06	7.494396e-09	2.191722e+01	4.874258e+02
8.460000e-06	2.848247e-06	7.454362e-09	2.164817e+01	4.847630e+02
8.470000e-06	2.812794e-06	7.413645e-09	2.137871e+01	4.820657e+02
8.480000e-06	2.777295e-06	7.377492e-09	2.110889e+01	4.793332e+02
8.490000e-06	2.741824e-06	7.339715e-09	2.083929e+01	4.765649e+02
8.500000e-06	2.706383e-06	7.294617e-09	2.056993e+01	4.737600e+02
8.510000e-06	2.670940e-06	7.247685e-09	2.030054e+01	4.709178e+02
8.520000e-06	2.635537e-06	7.204173e-09	2.003146e+01	4.680378e+02
8.530000e-06	2.600140e-06	7.163975e-09	1.976242e+01	4.651198e+02
8.540000e-06	2.564661e-06	7.123231e-09	1.949276e+01	4.621635e+02
8.550000e-06	2.529111e-06	7.081083e-09	1.922256e+01	4.591692e+02
8.560000e-06	2.493490e-06	7.038782e-09	1.895183e+01	4.561373e+02
8.570000e-06	2.457871e-06	6.994178e-09	1.868110e+01	4.530685e+02
8.580000e-06	2.422294e-06	6.945297e-09	1.841070e+01	4.499638e+02
8.590000e-06	2.386671e-06	6.892212e-09	1.813994e+01	4.468245e+02
8.600000e-06	2.350910e-06	6.840600e-09	1.786815e+01	4.436520e+02
8.610000e-06	2.314993e-06	6.794241e-09	1.759515e+01	4.404480e+02
8.620000e-06	2.279066e-06	6.749048e-09	1.732209e+01	4.372140e+02
8.630000e-06	2.243170e-06	6.698907e-09	1.704926e+01	4.339517e+02
8.640000e-06	2.207213e-06	6.647219e-09	1.677597e+01	4.306627e+02
8.650000e-06	2.171226e-06	6.597654e-09	1.650245e+01	4.273484e+02
8.660000e-06	2.135145e-06	6.545920e-09	1.622822e+01	4.240101e+02
8.670000e-06	2.099019e-06	6.490483e-09	1.595364e+01	4.206486e+02
8.680000e-06	2.062939e-06	6.432728e-09	1.567942e+01	4.172646e+02
8.690000e-06	2.026751e-06	6.377173e-09	1.540437e+01	4.138585e+02
8.700000e-06	1.990336e-06	6.327198e-09	1.512759e+01	4.104302e+02
8.710000e-06	1.953694e-06	6.281280e-09	1.484910e+01	4.069794e+02
8.720000e-06	1.917046e-06	6.235339e-09	1.457055e+01	4.035055e+02
8.730000e-06	1.880425e-06	6.186707e-09	1.429221e+01	4.000076e+02
8.740000e-06	1.843733e-06	6.137579e-09	1.401333e+01	3.964847e+02
8.750000e-06	1.806920e-06	6.088080e-09	1.373353e+01	3.929357e+02
8.760000e-06	1.770026e-06	6.033796e-09	1.345312e+01	3.893593e+02
8.770000e-06	1.733177e-06	5.975719e-09	1.317305e+01	3.857542e+02
8.780000e-06	1.696287e-06	5.919301e-09	1.289267e+01	3.821194e+02
8.790000e-06	1.659237e-06	5.866219e-09	1.261107e+01	3.784538e+02
8.800000e-06	1.622056e-06	5.814065e-09	1.232847e+01	3.747565e+02
8.810000e-06	1.584940e-06	5.759948e-09	1.204637e+01	3.710269e+02
8.820000e-06	1.547776e-06	5.703398e-09	1.176391e+01	3.672643e+02
8.830000e-06	1.510338e-06	5.645851e-09	1.147936e+01	3.634685e+02
8.840000e-06	1.472699e-06	5.589308e-09	1.119328e+01	3.596393e+02
8.850000e-06	1.435016e-06	5.531788e-09	1.090687e+01	3.557765e+02
8.860000e-06	1.397253e-06	5.471112e-09	1.061985e+01	3.518801e+02
8.870000e-06	1.359350e-06	5.411545e-09	1.033177e+01	3.479500e+02
8.880000e-06	1.321376e-06	5.355683e-09	1.004315e+01	3.439861e+02
8.890000e-06	1.283430e-06	5.302176e-09	9.754739e+00	3.399880e+02
8.900000e-06	1.245436e-06	5.247589e-09	9.465962e+00	3.359551e+02
8.910000e-06	1.207390e-06	5.192772e-09	9.176796e+00	3.318865e+02
8.920000e-06	1.169423e-06	5.137443e-09	8.888227e+00	3.277811e+02
8.930000e-06	1.131243e-06	5.077882e-09	8.598038e+00	3.236374e+02
8.940000e-06	1.092931e-06	5.015414e-09	8.306847e+00	3.194533e+02
8.950000e-06	1.054711e-06	4.950504e-09	8.016357e+00	3.152266e+02
8.960000e-06	1.016468e-06	4.883903e-09	7.725691e+00	3.109547e+02
8.970000e-06	9.782017e-07	4.818464e-09	7.434844e+00	3.066346e+02
8.980000e-06	9.398853e-07	4.757617e-09	7.143619e+00	3.022633e+02
8.990000e-06	9.015209e-07	4.698611e-09	6.852030e+00	2.978375e+02
9.000000e-06	8.631683e-07	4.634178e-09	6.560530e+00	2.933538e+02
9.010000e-06	8.247002e-07	4.563743e-09	6.268153e+00	2.888092e+02
9.020000e-06	7.862502e-07	4.492579e-09	5.975912e+00	2.842004e+02
9.030000e-06	7.479038e-07	4.422915e-09	5.684460e+00	2.795247e+02
9.040000e-06	7.094439e-07	4.350243e-09	5.392144e+00	2.747795e+02
9.050000e-06	6.706839e-07	4.274382e-09	5.097548e+00	2.699629e+02
9.060000e-06	6.319305e-07	4.200317e-09	4.803002e+00	2.650730e+02
9.070000e-06	5.934289e-07	4.130878e-09	4.510370e+00	2.601088e+02
9.080000e-06	5.548971e-07	4.056635e-09	4.217508e+00	2.550695e+02
9.090000e-06	5.162920e-07	3.976214e-09	3.924089e+00	2.499550e+02
9.100000e-06	4.775375e-07	3.895028e-09	3.629535e+00	2.447654e+02
9.110000e-06	4.387016e-07	3.813959e-09	3.334361e+00	2.395014e+02
9.120000e-06	3.998587e-07	3.735568e-09	3.039135e+00	2.341638e+02
9.130000e-06	3.609840e-07	3.653773e-09	2.743667e+00	2.287537e+02
9.140000e-06	3.222172e-07	3.564277e-09	2.449019e+00	2.232724e+02
9.150000e-06	2.835211e-07	3.474013e-09	2.154908e+00	2.177210e+02
9.160000e-06	2.447483e-07	3.387851e-09	1.860215e+00	2.121007e+02
9.170000e-06	2.059731e-07	3.301469e-09	1.565503e+00	2.064123e+02
9.180000e-06	1.673135e-07	3.211434e-09	1.271670e+00	2.006567e+02
9.190000e-06	1.286866e-07	3.120969e-09	9.780857e-01	1.948341e+02
9.200000e-06	9.008024e-08	3.034110e-09	6.846569e-01	1.889446e+02
9.210000e-06	5.144408e-08	2.946450e-09	3.910019e-01	1.829876e+02
9.220000e-06	1.271805e-08	2.851897e-09	9.666383e-02	1.769624e+02
9.230000e-06	-2.601407e-08	2.750740e-09	-1.977205e-01	1.708679e+02
9.240000e-06	-6.474485e-08	2.646519e-09	-4.920946e-01	1.647026e+02
9.250000e-06	-1.035460e-07	2.545089e-09	-7.870039e-01	1.584646e+02
9.260000e-06	-1.423709e-07	2.445801e-09	-1.082093e+00	1.521520e+02
9.270000e-06	-1.812088e-07	2.344579e-09	-1.377281e+00	1.457628e+02
9.280000e-06	-2.200774e-07	2.244211e-09	-1.672703e+00	1.392949e+02
9.290000e-06	-2.588907e-07	2.145007e-09	-1.967705e+00	1.327463e+02
9.300000e-06	-2.975470e-07	2.045265e-09	-2.261512e+00	1.261153e+02
9.310000e-06	-3.360712e-07	1.942765e-09	-2.554316e+00	1.194004e+02
9.320000e-06	-3.746036e-07	1.834985e-09	-2.847183e+00	1.126003e+02
9.330000e-06	-4.131606e-07	1.724504e-09	-3.140236e+00	1.057142e+02
9.340000e-06	-4.518247e-07	1.618217e-09	-3.434104e+00	9.874194e+01
9.350000e-06	-4.905589e-07	1.513332e-09	-3.728504e+00	9.168352e+01
9.360000e-06	-5.291460e-07	1.403577e-09	-4.021786e+00	8.453958e+01
9.370000e-06	-5.677074e-07	1.290387e-09	-4.314872e+00	7.731117e+01
9.380000e-06	-6.063993e-07	1.176600e-09	-4.608951e+00	6.999978e+01
9.390000e-06	-6.450198e-07	1.063052e-09	-4.902487e+00	6.260728e+01
9.400000e-06	-6.835118e-07	9.485187e-10	-5.195047e+00	5.513589e+01
9.410000e-06	-7.219664e-07	8.325706e-10	-5.487321e+00	4.758808e+01
9.420000e-06	-7.604465e-07	7.167360e-10	-5.779791e+00	3.996655e+01
9.430000e-06	-7.989246e-07	6.005704e-10	-6.072244e+00	3.227415e+01
9.440000e-06	-8.372757e-07	4.819855e-10	-6.363733e+00	2.451384e+01
9.450000e-06	-8.755548e-07	3.623082e-10	-6.654674e+00	1.668862e+01
9.460000e-06	-9.139232e-07	2.407002e-10	-6.946294e+00	8.801488e+00
9.470000e-06	-9.522968e-07	1.180673e-10	-7.237953e+00	8.554638e-01
9.480000e-06	-9.905072e-07	-4.957704e-12	-7.528372e+00	-7.146469e+00
9.490000e-06	-1.028629e-06	-1.292554e-10	-7.818121e+00	-1.520134e+01
9.500000e-06	-1.066769e-06	-2.519258e-10	-8.108000e+00	-2.330618e+01
9.510000e-06	-1.104974e-06	-3.740357e-10	-8.398382e+00	-3.145798e+01
9.520000e-06	-1.143096e-06	-4.963802e-10	-8.688125e+00	-3.965369e+01
9.530000e-06	-1.181093e-06	-6.189027e-10	-8.976923e+00	-4.789012e+01
9.540000e-06	-1.219086e-06	-7.406604e-10	-9.265688e+00	-5.616393e+01
9.550000e-06	-1.257016e-06	-8.630161e-10	-9.553978e+00	-6.447160e+01
9.560000e-06	-1.294769e-06	-9.903790e-10	-9.840922e+00	-7.280932e+01
9.570000e-06	-1.332399e-06	-1.122502e-09	-1.012693e+01	-8.117302e+01
9.580000e-06	-1.370114e-06	-1.256457e-09	-1.041358e+01	-8.955828e+01
9.590000e-06	-1.407658e-06	-1.389670e-09	-1.069893e+01	-9.796036e+01
9.600000e-06	-1.445155e-06	-1.518338e-09	-1.098393e+01	-1.063742e+02
9.610000e-06	-1.482826e-06	-1.641497e-09	-1.127026e+01	-1.147942e+02
9.620000e-06	-1.520395e-06	-1.762625e-09	-1.155579e+01	-1.232148e+02
9.630000e-06	-1.557727e-06	-1.883068e-09	-1.183954e+01	-1.316298e+02
9.640000e-06	-1.594945e-06	-2.005112e-09	-1.212242e+01	-1.400329e+02
9.650000e-06	-1.632217e-06	-2.132817e-09	-1.240570e+01	-1.484176e+02
9.660000e-06	-1.669379e-06	-2.263808e-09	-1.268815e+01	-1.567772e+02
9.670000e-06	-1.706405e-06	-2.394173e-09	-1.296957e+01	-1.651049e+02
9.680000e-06	-1.743300e-06	-2.525909e-09	-1.324999e+01	-1.733940e+02
9.690000e-06	-1.780047e-06	-2.656889e-09	-1.352928e+01	-1.816377e+02
9.700000e-06	-1.816737e-06	-2.787953e-09	-1.380815e+01	-1.898296e+02
9.710000e-06	-1.853323e-06	-2.916500e-09	-1.408622e+01	-1.979631e+02
9.720000e-06	-1.889882e-06	-3.037191e-09	-1.436409e+01	-2.060321e+02
9.730000e-06	-1.926439e-06	-3.157416e-09	-1.464194e+01	-2.140307e+02
9.740000e-06	-1.962782e-06	-3.276976e-09	-1.491817e+01	-2.219535e+02
9.750000e-06	-1.998985e-06	-3.396020e-09	-1.519333e+01	-2.297952e+02
9.760000e-06	-2.035160e-06	-3.511988e-09	-1.546828e+01	-2.375510e+02
9.770000e-06	-2.071351e-06	-3.631929e-09	-1.574335e+01	-2.452166e+02
9.780000e-06	-2.107503e-06	-3.758137e-09	-1.601812e+01	-2.527879e+02
9.790000e-06	-2.143565e-06	-3.880866e-09	-1.629221e+01	-2.602615e+02
9.800000e-06	-2.179550e-06	-3.999325e-09	-1.656572e+01	-2.676342e+02
9.810000e-06	-2.215360e-06	-4.104883e-09	-1.683790e+01	-2.749033e+02
9.820000e-06	-2.251089e-06	-4.207691e-09	-1.710945e+01	-2.820665e+02
9.830000e-06	-2.286758e-06	-4.308720e-09	-1.738055e+01	-2.891219e+02
9.840000e-06	-2.322363e-06	-4.410526e-09	-1.765117e+01	-2.960680e+02
9.850000e-06	-2.358065e-06	-4.517811e-09	-1.792253e+01	-3.029035e+02
9.860000e-06	-2.393804e-06	-4.626009e-09	-1.819416e+01	-3.096278e+02
9.870000e-06	-2.429434e-06	-4.743074e-09	-1.846497e+01	-3.162402e+02
9.880000e-06	-2.465032e-06	-4.856670e-09	-1.873553e+01	-3.227408e+02
9.890000e-06	-2.500635e-06	-4.959647e-09	-1.900613e+01	-3.291297e+02
9.900000e-06	-2.536195e-06	-5.054592e-09	-1.927641e+01	-3.354073e+02
9.910000e-06	-2.571742e-06	-5.146480e-09	-1.954658e+01	-3.415745e+02
9.920000e-06	-2.607255e-06	-5.241145e-09	-1.981650e+01	-3.476322e+02
9.930000e-06	-2.642687e-06	-5.330285e-09	-2.008580e+01	-3.535816e+02
9.940000e-06	-2.678109e-06	-5.415468e-09	-2.035502e+01	-3.594242e+02
9.950000e-06	-2.713558e-06	-5.502157e-09	-2.062446e+01	-3.651615e+02
9.960000e-06	-2.748979e-06	-5.595910e-09	-2.089367e+01	-3.707954e+02
9.970000e-06	-2.784370e-06	-5.688937e-09	-2.116266e+01	-3.763275e+02
9.980000e-06	-2.819693e-06	-5.773691e-09	-2.143114e+01	-3.817598e+02
9.990000e-06	-2.854965e-06	-5.855010e-09	-2.169923e+01	-3.870941e+02
1.000000e-05	-2.890203e-06	-5.932705e-09	-2.196705e+01	-3.923324e+02
1.001000e-05	-2.925410e-06	-6.015476e-09	-2.223465e+01	-3.974764e+02
1.002000e-05	-2.960635e-06	-6.097205e-09	-2.250237e+01	-4.025280e+02
1.003000e-05	-2.995814e-06	-6.173063e-09	-2.276975e+01	-4.074888e+02
1.004000e-05	-3.030904e-06	-6.246198e-09	-2.303645e+01	-4.123605e+02
1.005000e-05	-3.065799e-06	-6.320123e-09	-2.330167e+01	-4.171445e+02
1.006000e-05	-3.100546e-06	-6.396762e-09	-2.356577e+01	-4.218421e+02
1.007000e-05	-3.135260e-06	-6.469407e-09	-2.382961e+01	-4.264548e+02
1.008000e-05	-3.169960e-06	-6.539693e-09	-2.409335e+01	-4.309837e+02
1.009000e-05	-3.204580e-06	-6.606761e-09	-2.435648e+01	-4.354300e+02
1.010000e-05	-3.239028e-06	-6.676105e-09	-2.461830e+01	-4.397948e+02
1.011000e-05	-3.273409e-06	-6.744385e-09	-2.487962e+01	-4.440795e+02
1.012000e-05	-3.307695e-06	-6.804466e-09	-2.514021e+01	-4.482851e+02
1.013000e-05	-3.341776e-06	-6.862563e-09	-2.539924e+01	-4.524130e+02
1.014000e-05	-3.375740e-06	-6.921412e-09	-2.565739e+01	-4.564647e+02
1.015000e-05	-3.409650e-06	-6.983504e-09	-2.591512e+01	-4.604417e+02
1.016000e-05	-3.443538e-06	-7.047509e-09	-2.617269e+01	-4.643457e+02
1.017000e-05	-3.477266e-06	-7.112137e-09	-2.642904e+01	-4.681787e+02
1.018000e-05	-3.510910e-06	-7.173361e-09	-2.668475e+01	-4.719428e+02
1.019000e-05	-3.544695e-06	-7.231813e-09	-2.694153e+01	-4.756402e+02
1.020000e-05	-3.578356e-06	-7.289618e-09	-2.719738e+01	-4.792732e+02
1.021000e-05	-3.611806e-06	-7.342516e-09	-2.745161e+01	-4.828443e+02
1.022000e-05	-3.645230e-06	-7.392374e-09	-2.770566e+01	-4.863562e+02
1.023000e-05	-3.678631e-06	-7.441330e-09	-2.795952e+01	-4.898113e+02
1.024000e-05	-3.711878e-06	-7.495163e-09	-2.821221e+01	-4.932123e+02
1.025000e-05	-3.745027e-06	-7.551860e-09	-2.846416e+01	-4.965616e+02
1.026000e-05	-3.778156e-06	-7.607560e-09	-2.871596e+01	-4.998616e+02
1.027000e-05	-3.811129e-06	-7.663117e-09	-2.896657e+01	-5.031145e+02
1.028000e-05	-3.843879e-06	-7.716461e-09	-2.921549e+01	-5.063222e+02
1.029000e-05	-3.876449e-06	-7.767312e-09	-2.946303e+01	-5.094866e+02
1.030000e-05	-3.909065e-06	-7.816451e-09	-2.971093e+01	-5.126090e+02
1.031000e-05	-3.941664e-06	-7.864952e-09	-2.995871e+01	-5.156906e+02
1.032000e-05	-3.974216e-06	-7.911999e-09	-3.020612e+01	-5.187324e+02
1.033000e-05	-4.006550e-06	-7.959682e-09	-3.045187e+01	-5.217348e+02
1.034000e-05	-4.038755e-06	-8.008325e-09	-3.069665e+01	-5.246983e+02
1.035000e-05	-4.071018e-06	-8.055880e-09	-3.094186e+01	-5.276229e+02
1.036000e-05	-4.102954e-06	-8.104851e-09	-3.118460e+01	-5.305086e+02
1.037000e-05	-4.134710e-06	-8.155991e-09	-3.142596e+01	-5.333552e+02
1.038000e-05	-4.166488e-06	-8.205336e-09	-3.166748e+01	-5.361622e+02
1.039000e-05	-4.198096e-06	-8.250555e-09	-3.190772e+01	-5.389295e+02
1.040000e-05	-4.229634e-06	-8.292711e-09	-3.214743e+01	-5.416566e+02
1.041000e-05	-4.261279e-06	-8.334618e-09	-3.238794e+01	-5.443432e+02
1.042000e-05	-4.292849e-06	-8.375518e-09	-3.262790e+01	-5.469893e+02
1.043000e-05	-4.324335e-06	-8.413535e-09	-3.286720e+01	-5.495946e+02
1.044000e-05	-4.355809e-06	-8.453058e-09	-3.310642e+01	-5.521594e+02
1.045000e-05	-4.387233e-06	-8.497736e-09	-3.334526e+01	-5.546840e+02
1.046000e-05	-4.418605e-06	-8.545010e-09	-3.358371e+01	-5.571686e+02
1.047000e-05	-4.449843e-06	-8.590362e-09	-3.382113e+01	-5.596140e+02
1.048000e-05	-4.480911e-06	-8.632572e-09	-3.405727e+01	-5.620209e+02
1.049000e-05	-4.511809e-06	-8.673160e-09	-3.429211e+01	-5.643900e+02
1.050000e-05	-4.542555e-06	-8.709900e-09	-3.452579e+01	-5.667224e+02
1.051000e-05	-4.573250e-06	-8.745975e-09	-3.475909e+01	-5.690188e+02
1.052000e-05	-4.603811e-06	-8.780363e-09	-3.499137e+01	-5.712804e+02
1.053000e-05	-4.634280e-06	-8.810405e-09	-3.522295e+01	-5.735079e+02
1.054000e-05	-4.664535e-06	-8.845500e-09	-3.545290e+01	-5.757023e+02
1.055000e-05	-4.694354e-06	-8.882670e-09	-3.567954e+01	-5.778640e+02
1.056000e-05	-4.723909e-06	-8.923262e-09	-3.590417e+01	-5.799939e+02
1.057000e-05	-4.753229e-06	-8.965178e-09	-3.612703e+01	-5.820921e+02
1.058000e-05	-4.782298e-06	-8.997927e-09	-3.634797e+01	-5.841591e+02
1.059000e-05	-4.811183e-06	-9.025849e-09	-3.656751e+01	-5.861948e+02
1.060000e-05	-4.839829e-06	-9.047961e-09	-3.678523e+01	-5.881994e+02
1.061000e-05	-4.868228e-06	-9.073158e-09	-3.700108e+01	-5.901725e+02
1.062000e-05	-4.896551e-06	-9.098663e-09	-3.721634e+01	-5.921140e+02
1.063000e-05	-4.924733e-06	-9.127266e-09	-3.743055e+01	-5.940236e+02
1.064000e-05	-4.952708e-06	-9.172587e-09	-3.764317e+01	-5.959009e+02
1.065000e-05	-4.980695e-06	-9.223578e-09	-3.785588e+01	-5.977458e+02
1.066000e-05	-5.008562e-06	-9.271380e-09	-3.806769e+01	-5.995579e+02
1.067000e-05	-5.036286e-06	-9.300203e-09	-3.827840e+01	-6.013371e+02
1.068000e-05	-5.063909e-06	-9.316841e-09	-3.848835e+01	-6.030834e+02
1.069000e-05	-5.091411e-06	-9.331087e-09	-3.869739e+01	-6.047969e+02
1.070000e-05	-5.118913e-06	-9.346018e-09	-3.890641e+01	-6.064779e+02
1.071000e-05	-5.146407e-06	-9.371754e-09	-3.911538e+01	-6.081268e+02
1.072000e-05	-5.173860e-06	-9.400427e-09	-3.932404e+01	-6.097442e+02
1.073000e-05	-5.201260e-06	-9.438810e-09	-3.953229e+01	-6.113307e+02
1.074000e-05	-5.228601e-06	-9.481878e-09	-3.974010e+01	-6.128872e+02
1.075000e-05	-5.255869e-06	-9.513307e-09	-3.994735e+01	-6.144147e+02
1.076000e-05	-5.283082e-06	-9.531091e-09	-4.015418e+01	-6.159141e+02
1.077000e-05	-5.310159e-06	-9.542447e-09	-4.035998e+01	-6.173865e+02
1.078000e-05	-5.336993e-06	-9.558804e-09	-4.056393e+01	-6.188328e+02
1.079000e-05	-5.363634e-06	-9.576239e-09	-4.076642e+01	-6.202541e+02
1.080000e-05	-5.390214e-06	-9.596565e-09	-4.096844e+01	-6.216513e+02
1.081000e-05	-5.416562e-06	-9.623234e-09	-4.116870e+01	-6.230252e+02
1.082000e-05	-5.442690e-06	-9.653727e-09	-4.136729e+01	-6.243766e+02
1.083000e-05	-5.468692e-06	-9.683834e-09	-4.156492e+01	-6.257063e+02
1.084000e-05	-5.494605e-06	-9.706128e-09	-4.176187e+01	-6.270146e+02
1.085000e-05	-5.520456e-06	-9.720718e-09	-4.195835e+01	-6.283022e+02
1.086000e-05	-5.546116e-06	-9.733087e-09	-4.215338e+01	-6.295693e+02
1.087000e-05	-5.571668e-06	-9.750868e-09	-4.234759e+01	-6.308163e+02
1.088000e-05	-5.597071e-06	-9.769125e-09	-4.254066e+01	-6.320435e+02
1.089000e-05	-5.622404e-06	-9.784563e-09	-4.273321e+01	-6.332510e+02
1.090000e-05	-5.647698e-06	-9.805172e-09	-4.292546e+01	-6.344391e+02
1.091000e-05	-5.672733e-06	-9.829112e-09	-4.311574e+01	-6.356081e+02
1.092000e-05	-5.697507e-06	-9.850437e-09	-4.330403e+01	-6.367584e+02
1.093000e-05	-5.722141e-06	-9.864273e-09	-4.349126e+01	-6.378902e+02
1.094000e-05	-5.746583e-06	-9.877836e-09	-4.367703e+01	-6.390041e+02
1.095000e-05	-5.770864e-06	-9.898348e-09	-4.386158e+01	-6.401007e+02
1.096000e-05	-5.794952e-06	-9.920272e-09	-4.404466e+01	-6.411806e+02
1.097000e-05	-5.818975e-06	-9.937330e-09	-4.422725e+01	-6.422446e+02
1.098000e-05	-5.843014e-06	-9.947167e-09	-4.440996e+01	-6.432935e+02
1.099000e-05	-5.866749e-06	-9.959125e-09	-4.459036e+01	-6.443282e+02
1.100000e-05	-5.890323e-06	-9.978719e-09	-4.476953e+01	-6.453497e+02
1.101000e-05	-5.913890e-06	-1.000061e-08	-4.494865e+01	-6.463591e+02
1.102000e-05	-5.937396e-06	-1.001829e-08	-4.512731e+01	-6.473572e+02
1.103000e-05	-5.960868e-06	-1.003467e-08	-4.530571e+01	-6.483452e+02
1.104000e-05	-5.984311e-06	-1.005271e-08	-4.548389e+01	-6.493238e+02
1.105000e-05	-6.007559e-06	-1.006864e-08	-4.566059e+01	-6.502942e+02
1.106000e-05	-6.030589e-06	-1.007904e-08	-4.583563e+01	-6.512569e+02
1.107000e-05	-6.053618e-06	-1.008539e-08	-4.601066e+01	-6.522128e+02
1.108000e-05	-6.076620e-06	-1.009785e-08	-4.618549e+01	-6.531624e+02
1.109000e-05	-6.099322e-06	-1.011858e-08	-4.635803e+01	-6.541063e+02
1.110000e-05	-6.121802e-06	-1.014500e-08	-4.652890e+01	-6.550449e+02
1.111000e-05	-6.144166e-06	-1.016975e-08	-4.669887e+01	-6.559784e+02
1.112000e-05	-6.166257e-06	-1.018663e-08	-4.686677e+01	-6.569069e+02
1.113000e-05	-6.188106e-06	-1.020111e-08	-4.703284e+01	-6.578307e+02
1.114000e-05	-6.209766e-06	-1.021098e-08	-4.719747e+01	-6.587495e+02
1.115000e-05	-6.231052e-06	-1.021401e-08	-4.735925e+01	-6.596634e+02
1.116000e-05	-6.251966e-06	-1.021738e-08	-4.751820e+01	-6.605721e+02
1.117000e-05	-6.272767e-06	-1.023103e-08	-4.767631e+01	-6.614753e+02
1.118000e-05	-6.293344e-06	-1.025300e-08	-4.783270e+01	-6.623728e+02
1.119000e-05	-6.313619e-06	-1.027420e-08	-4.798680e+01	-6.632641e+02
1.120000e-05	-6.333600e-06	-1.029536e-08	-4.813867e+01	-6.641488e+02
1.121000e-05	-6.353358e-06	-1.031416e-08	-4.828884e+01	-6.650263e+02
1.122000e-05	-6.373054e-06	-1.032663e-08	-4.843854e+01	-6.658961e+02
1.123000e-05	-6.392650e-06	-1.032971e-08	-4.858748e+01	-6.667575e+02
1.124000e-05	-6.412158e-06	-1.032753e-08	-4.873575e+01	-6.676098e+02
1.125000e-05	-6.431658e-06	-1.033122e-08	-4.888396e+01	-6.684523e+02
1.126000e-05	-6.451090e-06	-1.034539e-08	-4.903165e+01	-6.692841e+02
1.127000e-05	-6.470406e-06	-1.036643e-08	-4.917846e+01	-6.701043e+02
1.128000e-05	-6.489617e-06	-1.038751e-08	-4.932448e+01	-6.709121e+02
1.129000e-05	-6.508768e-06	-1.040685e-08	-4.947004e+01	-6.717064e+02
1.130000e-05	-6.527769e-06	-1.042230e-08	-4.961445e+01	-6.724862e+02
1.131000e-05	-6.546562e-06	-1.042997e-08	-4.975729e+01	-6.732507e+02
1.132000e-05	-6.565183e-06	-1.043400e-08	-4.989882e+01	-6.739989e+02
1.133000e-05	-6.583684e-06	-1.043706e-08	-5.003944e+01	-6.747298e+02
1.134000e-05	-6.602002e-06	-1.043853e-08	-5.017866e+01	-6.754428e+02
1.135000e-05	-6.620049e-06	-1.044325e-08	-5.031583e+01	-6.761370e+02
1.136000e-05	-6.637898e-06	-1.045771e-08	-5.045150e+01	-6.768120e+02
1.137000e-05	-6.655647e-06	-1.047503e-08	-5.058640e+01	-6.774672e+02
1.138000e-05	-6.673267e-06	-1.049079e-08	-5.072032e+01	-6.781025e+02
1.139000e-05	-6.690694e-06	-1.050268e-08	-5.085277e+01	-6.787178e+02
1.140000e-05	-6.707983e-06	-1.051219e-08	-5.098418e+01	-6.793133e+02
1.141000e-05	-6.725085e-06	-1.052368e-08	-5.111416e+01	-6.798891e+02
1.142000e-05	-6.742038e-06	-1.053046e-08	-5.124301e+01	-6.804458e+02
1.143000e-05	-6.758967e-06	-1.053378e-08	-5.137168e+01	-6.809842e+02
1.144000e-05	-6.775695e-06	-1.053876e-08	-5.149882e+01	-6.815049e+02
1.145000e-05	-6.792173e-06	-1.054840e-08	-5.162406e+01	-6.820089e+02
1.146000e-05	-6.808430e-06	-1.056128e-08	-5.174763e+01	-6.824973e+02
1.147000e-05	-6.824407e-06	-1.057073e-08	-5.186906e+01	-6.829712e+02
1.148000e-05	-6.840266e-06	-1.057530e-08	-5.198960e+01	-6.834317e+02
1.149000e-05	-6.856079e-06	-1.057815e-08	-5.210978e+01	-6.838800e+02
1.150000e-05	-6.871821e-06	-1.058139e-08	-5.222943e+01	-6.843172e+02
1.151000e-05	-6.887459e-06	-1.058628e-08	-5.234828e+01	-6.847444e+02
1.152000e-05	-6.902949e-06	-1.059061e-08	-5.246602e+01	-6.851626e+02
1.153000e-05	-6.918266e-06	-1.059489e-08	-5.258244e+01	-6.855729e+02
1.154000e-05	-6.933526e-06	-1.060220e-08	-5.269842e+01	-6.859762e+02
1.155000e-05	-6.948689e-06	-1.061079e-08	-5.281367e+01	-6.863733e+02
1.156000e-05	-6.963551e-06	-1.061847e-08	-5.292663e+01	-6.867649e+02
1.157000e-05	-6.978059e-06	-1.062313e-08	-5.303690e+01	-6.871517e+02
1.158000e-05	-6.992332e-06	-1.062644e-08	-5.314537e+01	-6.875345e+02
1.159000e-05	-7.006484e-06	-1.063267e-08	-5.325294e+01	-6.879139e+02
1.160000e-05	-7.020372e-06	-1.063831e-08	-5.335849e+01	-6.882906e+02
1.161000e-05	-7.033805e-06	-1.064551e-08	-5.346059e+01	-6.886651e+02
1.162000e-05	-7.046843e-06	-1.065237e-08	-5.355969e+01	-6.890382e+02
1.163000e-05	-7.059592e-06	-1.065792e-08	-5.365659e+01	-6.894105e+02
1.164000e-05	-7.072035e-06	-1.066058e-08	-5.375116e+01	-6.897828e+02
1.165000e-05	-7.084285e-06	-1.066068e-08	-5.384427e+01	-6.901558e+02
1.166000e-05	-7.096397e-06	-1.066235e-08	-5.393632e+01	-6.905302e+02
1.167000e-05	-7.108361e-06	-1.066321e-08	-5.402725e+01	-6.909067e+02
1.168000e-05	-7.120145e-06	-1.066923e-08	-5.411682e+01	-6.912861e+02
1.169000e-05	-7.131672e-06	-1.067601e-08	-5.420443e+01	-6.916690e+02
1.170000e-05	-7.143023e-06	-1.068479e-08	-5.429070e+01	-6.920557e+02
1.171000e-05	-7.154322e-06	-1.069634e-08	-5.437659e+01	-6.924467e+02
1.172000e-05	-7.165476e-06	-1.070530e-08	-5.446136e+01	-6.928421e+02
1.173000e-05	-7.176367e-06	-1.071130e-08	-5.454414e+01	-6.932419e+02
1.174000e-05	-7.187010e-06	-1.070729e-08	-5.462503e+01	-6.936458e+02
1.175000e-05	-7.197435e-06	-1.070320e-08	-5.470427e+01	-6.940534e+02
1.176000e-05	-7.207665e-06	-1.070344e-08	-5.478202e+01	-6.944638e+02
1.177000e-05	-7.217797e-06	-1.070867e-08	-5.485903e+01	-6.948762e+02
1.178000e-05	-7.227769e-06	-1.071768e-08	-5.493482e+01	-6.952894e+02
1.179000e-05	-7.237516e-06	-1.072722e-08	-5.500890e+01	-6.957019e+02
1.180000e-05	-7.247093e-06	-1.074123e-08	-5.508169e+01	-6.961123e+02
1.181000e-05	-7.256485e-06	-1.074713e-08	-5.515308e+01	-6.965190e+02
1.182000e-05	-7.265792e-06	-1.074517e-08	-5.522381e+01	-6.969204e+02
1.183000e-05	-7.274951e-06	-1.073866e-08	-5.529343e+01	-6.973149e+02
1.184000e-05	-7.283821e-06	-1.073738e-08	-5.536084e+01	-6.977011e+02
1.185000e-05	-7.292481e-06	-1.074443e-08	-5.542666e+01	-6.980776e+02
1.186000e-05	-7.301089e-06	-1.075261e-08	-5.549209e+01	-6.984433e+02
1.187000e-05	-7.309376e-06	-1.076357e-08	-5.555508e+01	-6.987972e+02
1.188000e-05	-7.317322e-06	-1.077129e-08	-5.561547e+01	-6.991389e+02
1.189000e-05	-7.325371e-06	-1.077879e-08	-5.567665e+01	-6.994680e+02
1.190000e-05	-7.333361e-06	-1.077921e-08	-5.573738e+01	-6.997844e+02
1.191000e-05	-7.341091e-06	-1.077829e-08	-5.579613e+01	-7.000885e+02
1.192000e-05	-7.348736e-06	-1.078255e-08	-5.585423e+01	-7.003806e+02
1.193000e-05	-7.356276e-06	-1.078567e-08	-5.591154e+01	-7.006615e+02
1.194000e-05	-7.363665e-06	-1.079095e-08	-5.596770e+01	-7.009319e+02
1.195000e-05	-7.370957e-06	-1.079564e-08	-5.602312e+01	-7.011928e+02
1.196000e-05	-7.378146e-06	-1.079843e-08	-5.607777e+01	-7.014449e+02
1.197000e-05	-7.385083e-06	-1.079907e-08	-5.613049e+01	-7.016890e+02
1.198000e-05	-7.391820e-06	-1.080100e-08	-5.618170e+01	-7.019257e+02
1.199000e-05	-7.398375e-06	-1.080300e-08	-5.623152e+01	-7.021555e+02
1.200000e-05	-7.404523e-06	-1.080547e-08	-5.627825e+01	-7.023784e+02
1.201000e-05	-7.410441e-06	-1.080981e-08	-5.632322e+01	-7.025943e+02
1.202000e-05	-7.416144e-06	-1.081411e-08	-5.636657e+01	-7.028028e+02
1.203000e-05	-7.421543e-06	-1.082050e-08	-5.640760e+01	-7.030030e+02
1.204000e-05	-7.426574e-06	-1.082055e-08	-5.644584e+01	-7.031939e+02
1.205000e-05	-7.431197e-06	-1.081890e-08	-5.648098e+01	-7.033744e+02
1.206000e-05	-7.435563e-06	-1.081612e-08	-5.651416e+01	-7.035429e+02
1.207000e-05	-7.439708e-06	-1.081591e-08	-5.654566e+01	-7.036981e+02
1.208000e-05	-7.443593e-06	-1.082357e-08	-5.657520e+01	-7.038385e+02
1.209000e-05	-7.447315e-06	-1.082856e-08	-5.660349e+01	-7.039628e+02
1.210000e-05	-7.450967e-06	-1.083207e-08	-5.663124e+01	-7.040700e+02
1.211000e-05	-7.454527e-06	-1.083034e-08	-5.665830e+01	-7.041594e+02
1.212000e-05	-7.457978e-06	-1.082962e-08	-5.668453e+01	-7.042305e+02
1.213000e-05	-7.461329e-06	-1.082810e-08	-5.671000e+01	-7.042837e+02
1.214000e-05	-7.464563e-06	-1.082237e-08	-5.673458e+01	-7.043196e+02
1.215000e-05	-7.467666e-06	-1.081890e-08	-5.675816e+01	-7.043394e+02
1.216000e-05	-7.470555e-06	-1.081869e-08	-5.678012e+01	-7.043451e+02
1.217000e-05	-7.473280e-06	-1.082380e-08	-5.680083e+01	-7.043388e+02
1.218000e-05	-7.475851e-06	-1.082544e-08	-5.682037e+01	-7.043235e+02
1.219000e-05	-7.478147e-06	-1.082675e-08	-5.683782e+01	-7.043023e+02
1.220000e-05	-7.480269e-06	-1.082812e-08	-5.685395e+01	-7.042786e+02
1.221000e-05	-7.482244e-06	-1.082883e-08	-5.686896e+01	-7.042559e+02
1.222000e-05	-7.484052e-06	-1.083023e-08	-5.688271e+01	-7.042379e+02
1.223000e-05	-7.485688e-06	-1.082682e-08	-5.689514e+01	-7.042280e+02
1.224000e-05	-7.487237e-06	-1.082333e-08	-5.690691e+01	-7.042292e+02
1.225000e-05	-7.488604e-06	-1.082004e-08	-5.691730e+01	-7.042442e+02
1.226000e-05	-7.489803e-06	-1.081965e-08	-5.692642e+01	-7.042753e+02
1.227000e-05	-7.490948e-06	-1.082033e-08	-5.693512e+01	-7.043240e+02
1.228000e-05	-7.491715e-06	-1.081920e-08	-5.694095e+01	-7.043910e+02
1.229000e-05	-7.492185e-06	-1.081884e-08	-5.694452e+01	-7.044765e+02
1.230000e-05	-7.492667e-06	-1.081586e-08	-5.694818e+01	-7.045798e+02
1.231000e-05	-7.492925e-06	-1.081418e-08	-5.695014e+01	-7.046995e+02
