# Temperatura_=_20.0
# Concentracion g/m^3_=_10000.0
# C_Vs_to_Am_M_A/Vsm_=_65563218390.804596
# pendiente_HvsI_1/m_=_3716.3
# ordenada_HvsI_A/m_=_1297.0
# frecuencia_Hz_=_213067.9379862854

Tiempo_(s)	Campo_(V.s)	Magnetizacion_(V.s)	Campo_(kA/m)	Magnetizacion_(A/m)
0.000000e+00	-2.205263e-06	-4.826486e-09	-1.611675e+01	-3.124886e+02
1.000000e-08	-2.205188e-06	-4.834148e-09	-1.611620e+01	-3.128120e+02
2.000000e-08	-2.204733e-06	-4.838713e-09	-1.611287e+01	-3.130835e+02
3.000000e-08	-2.203761e-06	-4.840420e-09	-1.610577e+01	-3.133021e+02
4.000000e-08	-2.202361e-06	-4.840020e-09	-1.609554e+01	-3.134684e+02
5.000000e-08	-2.200626e-06	-4.836944e-09	-1.608285e+01	-3.135835e+02
6.000000e-08	-2.198492e-06	-4.824662e-09	-1.606726e+01	-3.136479e+02
7.000000e-08	-2.195899e-06	-4.846951e-09	-1.604831e+01	-3.136609e+02
8.000000e-08	-2.192913e-06	-4.845453e-09	-1.602649e+01	-3.136213e+02
9.000000e-08	-2.189694e-06	-4.811965e-09	-1.600296e+01	-3.135280e+02
1.000000e-07	-2.186164e-06	-4.829869e-09	-1.597716e+01	-3.133817e+02
1.100000e-07	-2.182061e-06	-4.885228e-09	-1.594717e+01	-3.131849e+02
1.200000e-07	-2.177475e-06	-4.793431e-09	-1.591366e+01	-3.129418e+02
1.300000e-07	-2.172561e-06	-4.776539e-09	-1.587775e+01	-3.126565e+02
1.400000e-07	-2.167203e-06	-4.826784e-09	-1.583859e+01	-3.123312e+02
1.500000e-07	-2.161304e-06	-4.786471e-09	-1.579548e+01	-3.119650e+02
1.600000e-07	-2.154902e-06	-4.802953e-09	-1.574869e+01	-3.115535e+02
1.700000e-07	-2.148106e-06	-4.792942e-09	-1.569903e+01	-3.110906e+02
1.800000e-07	-2.140953e-06	-4.765894e-09	-1.564674e+01	-3.105709e+02
1.900000e-07	-2.133411e-06	-4.769852e-09	-1.559163e+01	-3.099923e+02
2.000000e-07	-2.125557e-06	-4.791140e-09	-1.553423e+01	-3.093577e+02
2.100000e-07	-2.117485e-06	-4.730856e-09	-1.547524e+01	-3.086749e+02
2.200000e-07	-2.109062e-06	-4.710666e-09	-1.541368e+01	-3.079546e+02
2.300000e-07	-2.100181e-06	-4.726952e-09	-1.534877e+01	-3.072070e+02
2.400000e-07	-2.090948e-06	-4.709131e-09	-1.528130e+01	-3.064385e+02
2.500000e-07	-2.081443e-06	-4.694384e-09	-1.521183e+01	-3.056499e+02
2.600000e-07	-2.071579e-06	-4.684015e-09	-1.513974e+01	-3.048358e+02
2.700000e-07	-2.061179e-06	-4.678056e-09	-1.506373e+01	-3.039875e+02
2.800000e-07	-2.050303e-06	-4.648667e-09	-1.498425e+01	-3.030957e+02
2.900000e-07	-2.039117e-06	-4.639861e-09	-1.490249e+01	-3.021548e+02
3.000000e-07	-2.027627e-06	-4.635880e-09	-1.481852e+01	-3.011642e+02
3.100000e-07	-2.015797e-06	-4.605298e-09	-1.473207e+01	-3.001289e+02
3.200000e-07	-2.003628e-06	-4.577411e-09	-1.464313e+01	-2.990568e+02
3.300000e-07	-1.991134e-06	-4.570869e-09	-1.455182e+01	-2.979555e+02
3.400000e-07	-1.978369e-06	-4.564162e-09	-1.445853e+01	-2.968291e+02
3.500000e-07	-1.965266e-06	-4.528362e-09	-1.436277e+01	-2.956763e+02
3.600000e-07	-1.951682e-06	-4.503895e-09	-1.426349e+01	-2.944916e+02
3.700000e-07	-1.937655e-06	-4.502125e-09	-1.416098e+01	-2.932676e+02
3.800000e-07	-1.923330e-06	-4.479429e-09	-1.405629e+01	-2.919985e+02
3.900000e-07	-1.908713e-06	-4.454885e-09	-1.394947e+01	-2.906833e+02
4.000000e-07	-1.893723e-06	-4.429379e-09	-1.383991e+01	-2.893265e+02
4.100000e-07	-1.878407e-06	-4.400490e-09	-1.372798e+01	-2.879371e+02
4.200000e-07	-1.862807e-06	-4.383344e-09	-1.361397e+01	-2.865248e+02
4.300000e-07	-1.846932e-06	-4.363907e-09	-1.349795e+01	-2.850963e+02
4.400000e-07	-1.830790e-06	-4.335483e-09	-1.337998e+01	-2.836520e+02
4.500000e-07	-1.814296e-06	-4.304559e-09	-1.325943e+01	-2.821859e+02
4.600000e-07	-1.797348e-06	-4.294279e-09	-1.313557e+01	-2.806865e+02
4.700000e-07	-1.779993e-06	-4.277167e-09	-1.300874e+01	-2.791415e+02
4.800000e-07	-1.762364e-06	-4.246035e-09	-1.287990e+01	-2.775419e+02
4.900000e-07	-1.744489e-06	-4.221059e-09	-1.274926e+01	-2.758849e+02
5.000000e-07	-1.726338e-06	-4.190884e-09	-1.261661e+01	-2.741744e+02
5.100000e-07	-1.707866e-06	-4.165483e-09	-1.248161e+01	-2.724194e+02
5.200000e-07	-1.689058e-06	-4.136730e-09	-1.234416e+01	-2.706297e+02
5.300000e-07	-1.669968e-06	-4.099520e-09	-1.220464e+01	-2.688120e+02
5.400000e-07	-1.650580e-06	-4.069362e-09	-1.206295e+01	-2.669671e+02
5.500000e-07	-1.630778e-06	-4.048462e-09	-1.191823e+01	-2.650898e+02
5.600000e-07	-1.610531e-06	-4.028659e-09	-1.177026e+01	-2.631716e+02
5.700000e-07	-1.589904e-06	-3.995491e-09	-1.161951e+01	-2.612050e+02
5.800000e-07	-1.568958e-06	-3.962300e-09	-1.146643e+01	-2.591871e+02
5.900000e-07	-1.547732e-06	-3.930988e-09	-1.131130e+01	-2.571221e+02
6.000000e-07	-1.526253e-06	-3.894995e-09	-1.115433e+01	-2.550204e+02
6.100000e-07	-1.504518e-06	-3.861446e-09	-1.099549e+01	-2.528951e+02
6.200000e-07	-1.482490e-06	-3.823212e-09	-1.083449e+01	-2.507575e+02
6.300000e-07	-1.460234e-06	-3.790646e-09	-1.067184e+01	-2.486125e+02
6.400000e-07	-1.437816e-06	-3.764788e-09	-1.050801e+01	-2.464566e+02
6.500000e-07	-1.415159e-06	-3.736615e-09	-1.034242e+01	-2.442787e+02
6.600000e-07	-1.392131e-06	-3.703063e-09	-1.017413e+01	-2.420644e+02
6.700000e-07	-1.368672e-06	-3.663610e-09	-1.000268e+01	-2.398005e+02
6.800000e-07	-1.344932e-06	-3.629876e-09	-9.829181e+00	-2.374802e+02
6.900000e-07	-1.321023e-06	-3.593410e-09	-9.654444e+00	-2.351054e+02
7.000000e-07	-1.296934e-06	-3.551441e-09	-9.478395e+00	-2.326852e+02
7.100000e-07	-1.272650e-06	-3.510384e-09	-9.300916e+00	-2.302327e+02
7.200000e-07	-1.248144e-06	-3.471424e-09	-9.121819e+00	-2.277596e+02
7.300000e-07	-1.223448e-06	-3.438279e-09	-8.941338e+00	-2.252718e+02
7.400000e-07	-1.198557e-06	-3.401433e-09	-8.759426e+00	-2.227676e+02
7.500000e-07	-1.173446e-06	-3.361293e-09	-8.575908e+00	-2.202381e+02
7.600000e-07	-1.148127e-06	-3.322637e-09	-8.390869e+00	-2.176713e+02
7.700000e-07	-1.122664e-06	-3.283908e-09	-8.204773e+00	-2.150567e+02
7.800000e-07	-1.097050e-06	-3.243510e-09	-8.017582e+00	-2.123894e+02
7.900000e-07	-1.071232e-06	-3.195272e-09	-7.828898e+00	-2.096721e+02
8.000000e-07	-1.045186e-06	-3.148646e-09	-7.638540e+00	-2.069135e+02
8.100000e-07	-1.018938e-06	-3.106380e-09	-7.446711e+00	-2.041252e+02
8.200000e-07	-9.924769e-07	-3.063803e-09	-7.253328e+00	-2.013170e+02
8.300000e-07	-9.657593e-07	-3.018582e-09	-7.058067e+00	-1.984935e+02
8.400000e-07	-9.388381e-07	-2.971886e-09	-6.861319e+00	-1.956523e+02
8.500000e-07	-9.117913e-07	-2.931313e-09	-6.663653e+00	-1.927858e+02
8.600000e-07	-8.846578e-07	-2.891015e-09	-6.465353e+00	-1.898842e+02
8.700000e-07	-8.574158e-07	-2.845765e-09	-6.266260e+00	-1.869393e+02
8.800000e-07	-8.300375e-07	-2.795159e-09	-6.066170e+00	-1.839481e+02
8.900000e-07	-8.025316e-07	-2.743050e-09	-5.865149e+00	-1.809133e+02
9.000000e-07	-7.748801e-07	-2.695167e-09	-5.663063e+00	-1.778420e+02
9.100000e-07	-7.470635e-07	-2.645505e-09	-5.459771e+00	-1.747429e+02
9.200000e-07	-7.191421e-07	-2.592734e-09	-5.255713e+00	-1.716223e+02
9.300000e-07	-6.911046e-07	-2.542727e-09	-5.050806e+00	-1.684825e+02
9.400000e-07	-6.629318e-07	-2.497178e-09	-4.844910e+00	-1.653203e+02
9.500000e-07	-6.346353e-07	-2.451650e-09	-4.638111e+00	-1.621293e+02
9.600000e-07	-6.062087e-07	-2.400874e-09	-4.430360e+00	-1.589016e+02
9.700000e-07	-5.776458e-07	-2.348428e-09	-4.221614e+00	-1.556310e+02
9.800000e-07	-5.489749e-07	-2.294246e-09	-4.012078e+00	-1.523141e+02
9.900000e-07	-5.202723e-07	-2.238736e-09	-3.802311e+00	-1.489506e+02
1.000000e-06	-4.915581e-07	-2.184941e-09	-3.592459e+00	-1.455419e+02
1.010000e-06	-4.628043e-07	-2.128519e-09	-3.382317e+00	-1.420893e+02
1.020000e-06	-4.339691e-07	-2.072798e-09	-3.171580e+00	-1.385928e+02
1.030000e-06	-4.050472e-07	-2.018774e-09	-2.960210e+00	-1.350513e+02
1.040000e-06	-3.760764e-07	-1.964435e-09	-2.748482e+00	-1.314636e+02
1.050000e-06	-3.470480e-07	-1.909356e-09	-2.536334e+00	-1.278301e+02
1.060000e-06	-3.179045e-07	-1.852561e-09	-2.323344e+00	-1.241548e+02
1.070000e-06	-2.886392e-07	-1.795460e-09	-2.109465e+00	-1.204452e+02
1.080000e-06	-2.592774e-07	-1.735676e-09	-1.894879e+00	-1.167105e+02
1.090000e-06	-2.298394e-07	-1.674754e-09	-1.679737e+00	-1.129596e+02
1.100000e-06	-2.003478e-07	-1.613694e-09	-1.464204e+00	-1.091972e+02
1.110000e-06	-1.708145e-07	-1.555017e-09	-1.248365e+00	-1.054227e+02
1.120000e-06	-1.412320e-07	-1.499953e-09	-1.032167e+00	-1.016294e+02
1.130000e-06	-1.116023e-07	-1.443447e-09	-8.156242e-01	-9.780736e+01
1.140000e-06	-8.194303e-08	-1.385091e-09	-5.988650e-01	-9.394686e+01
1.150000e-06	-5.227810e-08	-1.324298e-09	-3.820645e-01	-9.004208e+01
1.160000e-06	-2.259988e-08	-1.261791e-09	-1.651669e-01	-8.609360e+01
1.170000e-06	7.088512e-09	-1.198797e-09	5.180504e-02	-8.210834e+01
1.180000e-06	3.674684e-08	-1.135601e-09	2.685572e-01	-7.809699e+01
1.190000e-06	6.639653e-08	-1.074586e-09	4.852464e-01	-7.406991e+01
1.200000e-06	9.601386e-08	-1.014388e-09	7.016990e-01	-7.003300e+01
1.210000e-06	1.255661e-07	-9.543655e-10	9.176760e-01	-6.598517e+01
1.220000e-06	1.550939e-07	-8.941892e-10	1.133474e+00	-6.191843e+01
1.230000e-06	1.845898e-07	-8.319662e-10	1.349039e+00	-5.782054e+01
1.240000e-06	2.140050e-07	-7.685149e-10	1.564015e+00	-5.367920e+01
1.250000e-06	2.433216e-07	-7.046735e-10	1.778270e+00	-4.948609e+01
1.260000e-06	2.725381e-07	-6.386472e-10	1.991793e+00	-4.523918e+01
1.270000e-06	3.016907e-07	-5.719198e-10	2.204849e+00	-4.094248e+01
1.280000e-06	3.307580e-07	-5.052517e-10	2.417281e+00	-3.660342e+01
1.290000e-06	3.597257e-07	-4.394996e-10	2.628987e+00	-3.222910e+01
1.300000e-06	3.886326e-07	-3.730332e-10	2.840247e+00	-2.782297e+01
1.310000e-06	4.174753e-07	-3.067845e-10	3.051038e+00	-2.338365e+01
1.320000e-06	4.462708e-07	-2.409039e-10	3.261485e+00	-1.890623e+01
1.330000e-06	4.750219e-07	-1.726229e-10	3.471607e+00	-1.438564e+01
1.340000e-06	5.037221e-07	-1.017409e-10	3.681357e+00	-9.820621e+00
1.350000e-06	5.323783e-07	-2.849929e-11	3.890785e+00	-5.216422e+00
1.360000e-06	5.609913e-07	4.305006e-11	4.099898e+00	-5.849276e-01
1.370000e-06	5.895349e-07	1.130536e-10	4.308503e+00	4.058191e+00
1.380000e-06	6.179875e-07	1.817465e-10	4.516443e+00	8.698338e+00
1.390000e-06	6.463402e-07	2.502353e-10	4.723654e+00	1.332707e+01
1.400000e-06	6.745754e-07	3.199581e-10	4.930005e+00	1.794536e+01
1.410000e-06	7.026703e-07	3.911980e-10	5.135331e+00	2.256359e+01
1.420000e-06	7.306293e-07	4.635490e-10	5.339665e+00	2.719806e+01
1.430000e-06	7.584797e-07	5.352435e-10	5.543204e+00	3.186527e+01
1.440000e-06	7.862013e-07	6.068665e-10	5.745802e+00	3.657587e+01
1.450000e-06	8.137611e-07	6.791663e-10	5.947218e+00	4.133063e+01
1.460000e-06	8.411501e-07	7.493396e-10	6.147385e+00	4.611997e+01
1.470000e-06	8.683974e-07	8.202268e-10	6.346517e+00	5.092716e+01
1.480000e-06	8.955518e-07	8.937579e-10	6.544969e+00	5.573399e+01
1.490000e-06	9.226295e-07	9.683678e-10	6.742861e+00	6.052687e+01
1.500000e-06	9.495991e-07	1.042640e-09	6.939964e+00	6.530085e+01
1.510000e-06	9.763921e-07	1.115326e-09	7.135775e+00	7.006039e+01
1.520000e-06	1.002887e-06	1.188102e-09	7.329406e+00	7.481644e+01
1.530000e-06	1.029084e-06	1.259887e-09	7.520862e+00	7.958118e+01
1.540000e-06	1.055017e-06	1.332638e-09	7.710387e+00	8.436266e+01
1.550000e-06	1.080713e-06	1.405314e-09	7.898181e+00	8.916125e+01
1.560000e-06	1.106268e-06	1.475243e-09	8.084945e+00	9.396933e+01
1.570000e-06	1.131702e-06	1.545536e-09	8.270829e+00	9.877430e+01
1.580000e-06	1.156988e-06	1.617234e-09	8.455627e+00	1.035634e+02
1.590000e-06	1.182062e-06	1.690190e-09	8.638872e+00	1.083285e+02
1.600000e-06	1.206922e-06	1.764029e-09	8.820555e+00	1.130685e+02
1.610000e-06	1.231615e-06	1.837889e-09	9.001024e+00	1.177890e+02
1.620000e-06	1.256127e-06	1.911275e-09	9.180167e+00	1.224987e+02
1.630000e-06	1.280385e-06	1.982439e-09	9.357449e+00	1.272048e+02
1.640000e-06	1.304417e-06	2.052525e-09	9.533081e+00	1.319082e+02
1.650000e-06	1.328325e-06	2.119843e-09	9.707809e+00	1.366025e+02
1.660000e-06	1.352099e-06	2.186285e-09	9.881559e+00	1.412749e+02
1.670000e-06	1.375591e-06	2.255560e-09	1.005325e+01	1.459106e+02
1.680000e-06	1.398671e-06	2.325897e-09	1.022192e+01	1.504980e+02
1.690000e-06	1.421365e-06	2.397088e-09	1.038777e+01	1.550325e+02
1.700000e-06	1.443783e-06	2.467825e-09	1.055161e+01	1.595176e+02
1.710000e-06	1.466026e-06	2.537294e-09	1.071417e+01	1.639632e+02
1.720000e-06	1.488095e-06	2.602944e-09	1.087546e+01	1.683801e+02
1.730000e-06	1.509918e-06	2.664705e-09	1.103495e+01	1.727749e+02
1.740000e-06	1.531482e-06	2.726418e-09	1.119254e+01	1.771461e+02
1.750000e-06	1.552796e-06	2.790034e-09	1.134832e+01	1.814829e+02
1.760000e-06	1.573836e-06	2.855423e-09	1.150208e+01	1.857679e+02
1.770000e-06	1.594585e-06	2.918851e-09	1.165372e+01	1.899829e+02
1.780000e-06	1.614987e-06	2.979974e-09	1.180282e+01	1.941140e+02
1.790000e-06	1.634936e-06	3.040648e-09	1.194862e+01	1.981565e+02
1.800000e-06	1.654433e-06	3.100027e-09	1.209111e+01	2.021156e+02
1.810000e-06	1.673627e-06	3.156399e-09	1.223138e+01	2.060040e+02
1.820000e-06	1.692573e-06	3.209775e-09	1.236985e+01	2.098365e+02
1.830000e-06	1.711250e-06	3.264189e-09	1.250635e+01	2.136249e+02
1.840000e-06	1.729646e-06	3.320052e-09	1.264079e+01	2.173730e+02
1.850000e-06	1.747730e-06	3.374100e-09	1.277295e+01	2.210762e+02
1.860000e-06	1.765509e-06	3.426874e-09	1.290289e+01	2.247233e+02
1.870000e-06	1.783065e-06	3.480466e-09	1.303119e+01	2.283006e+02
1.880000e-06	1.800442e-06	3.534091e-09	1.315819e+01	2.317973e+02
1.890000e-06	1.817462e-06	3.583776e-09	1.328257e+01	2.352084e+02
1.900000e-06	1.833980e-06	3.627784e-09	1.340329e+01	2.385354e+02
1.910000e-06	1.850101e-06	3.669835e-09	1.352111e+01	2.417841e+02
1.920000e-06	1.865942e-06	3.714982e-09	1.363688e+01	2.449609e+02
1.930000e-06	1.881501e-06	3.761594e-09	1.375059e+01	2.480685e+02
1.940000e-06	1.896735e-06	3.805000e-09	1.386193e+01	2.511042e+02
1.950000e-06	1.911635e-06	3.846991e-09	1.397082e+01	2.540600e+02
1.960000e-06	1.926223e-06	3.890058e-09	1.407743e+01	2.569254e+02
1.970000e-06	1.940558e-06	3.932284e-09	1.418220e+01	2.596916e+02
1.980000e-06	1.954640e-06	3.969673e-09	1.428511e+01	2.623553e+02
1.990000e-06	1.968291e-06	4.000895e-09	1.438488e+01	2.649198e+02
2.000000e-06	1.981423e-06	4.031070e-09	1.448085e+01	2.673947e+02
2.010000e-06	1.994167e-06	4.064657e-09	1.457399e+01	2.697925e+02
2.020000e-06	2.006624e-06	4.100198e-09	1.466503e+01	2.721244e+02
2.030000e-06	2.018768e-06	4.134778e-09	1.475378e+01	2.743970e+02
2.040000e-06	2.030598e-06	4.168066e-09	1.484024e+01	2.766109e+02
2.050000e-06	2.042094e-06	4.201507e-09	1.492425e+01	2.787618e+02
2.060000e-06	2.053285e-06	4.232538e-09	1.500604e+01	2.808429e+02
2.070000e-06	2.064214e-06	4.258333e-09	1.508591e+01	2.828494e+02
2.080000e-06	2.074721e-06	4.281355e-09	1.516270e+01	2.847800e+02
2.090000e-06	2.084694e-06	4.306673e-09	1.523559e+01	2.866386e+02
2.100000e-06	2.094263e-06	4.334469e-09	1.530552e+01	2.884324e+02
2.110000e-06	2.103508e-06	4.362280e-09	1.537309e+01	2.901688e+02
2.120000e-06	2.112399e-06	4.387146e-09	1.543806e+01	2.918525e+02
2.130000e-06	2.120924e-06	4.409103e-09	1.550037e+01	2.934834e+02
2.140000e-06	2.129121e-06	4.432020e-09	1.556027e+01	2.950567e+02
2.150000e-06	2.137048e-06	4.455172e-09	1.561821e+01	2.965646e+02
2.160000e-06	2.144650e-06	4.475990e-09	1.567376e+01	2.979997e+02
2.170000e-06	2.151848e-06	4.493836e-09	1.572637e+01	2.993578e+02
2.180000e-06	2.158632e-06	4.512047e-09	1.577595e+01	3.006397e+02
2.190000e-06	2.164989e-06	4.531964e-09	1.582241e+01	3.018504e+02
2.200000e-06	2.170925e-06	4.551385e-09	1.586579e+01	3.029976e+02
2.210000e-06	2.176473e-06	4.567552e-09	1.590634e+01	3.040880e+02
2.220000e-06	2.181614e-06	4.581532e-09	1.594391e+01	3.051252e+02
2.230000e-06	2.186366e-06	4.596946e-09	1.597864e+01	3.061084e+02
2.240000e-06	2.190702e-06	4.612736e-09	1.601033e+01	3.070329e+02
2.250000e-06	2.194536e-06	4.626240e-09	1.603834e+01	3.078931e+02
2.260000e-06	2.197911e-06	4.637658e-09	1.606301e+01	3.086847e+02
2.270000e-06	2.200919e-06	4.649637e-09	1.608500e+01	3.094075e+02
2.280000e-06	2.203567e-06	4.662815e-09	1.610435e+01	3.100658e+02
2.290000e-06	2.205830e-06	4.673370e-09	1.612088e+01	3.106676e+02
2.300000e-06	2.207716e-06	4.680774e-09	1.613467e+01	3.112220e+02
2.310000e-06	2.209261e-06	4.689070e-09	1.614596e+01	3.117365e+02
2.320000e-06	2.210459e-06	4.699616e-09	1.615472e+01	3.122149e+02
2.330000e-06	2.211213e-06	4.710018e-09	1.616023e+01	3.126569e+02
2.340000e-06	2.211483e-06	4.715388e-09	1.616220e+01	3.130587e+02
2.350000e-06	2.211381e-06	4.716998e-09	1.616145e+01	3.134151e+02
2.360000e-06	2.210938e-06	4.719362e-09	1.615822e+01	3.137217e+02
2.370000e-06	2.210121e-06	4.725926e-09	1.615224e+01	3.139757e+02
2.380000e-06	2.208953e-06	4.734824e-09	1.614371e+01	3.141769e+02
2.390000e-06	2.207462e-06	4.742513e-09	1.613281e+01	3.143262e+02
2.400000e-06	2.205675e-06	4.757162e-09	1.611975e+01	3.144247e+02
2.410000e-06	2.203449e-06	4.741861e-09	1.610349e+01	3.144723e+02
2.420000e-06	2.200634e-06	4.744613e-09	1.608291e+01	3.144681e+02
2.430000e-06	2.197433e-06	4.768395e-09	1.605952e+01	3.144108e+02
2.440000e-06	2.193957e-06	4.718515e-09	1.603412e+01	3.142999e+02
2.450000e-06	2.189980e-06	4.700779e-09	1.600505e+01	3.141365e+02
2.460000e-06	2.185549e-06	4.786369e-09	1.597267e+01	3.139241e+02
2.470000e-06	2.180956e-06	4.773284e-09	1.593910e+01	3.136669e+02
2.480000e-06	2.176095e-06	4.720874e-09	1.590357e+01	3.133686e+02
2.490000e-06	2.170591e-06	4.703222e-09	1.586335e+01	3.130303e+02
2.500000e-06	2.164436e-06	4.766243e-09	1.581836e+01	3.126499e+02
2.510000e-06	2.157966e-06	4.760605e-09	1.577108e+01	3.122222e+02
2.520000e-06	2.151262e-06	4.676734e-09	1.572209e+01	3.117410e+02
2.530000e-06	2.144079e-06	4.691003e-09	1.566959e+01	3.112017e+02
2.540000e-06	2.136423e-06	4.735538e-09	1.561364e+01	3.106040e+02
2.550000e-06	2.128527e-06	4.720163e-09	1.555594e+01	3.099525e+02
2.560000e-06	2.120380e-06	4.651616e-09	1.549639e+01	3.092564e+02
2.570000e-06	2.111685e-06	4.682680e-09	1.543284e+01	3.085265e+02
2.580000e-06	2.102426e-06	4.695566e-09	1.536518e+01	3.077722e+02
2.590000e-06	2.092884e-06	4.637475e-09	1.529544e+01	3.069980e+02
2.600000e-06	2.083042e-06	4.621366e-09	1.522351e+01	3.062024e+02
2.610000e-06	2.072784e-06	4.665896e-09	1.514855e+01	3.053785e+02
2.620000e-06	2.062214e-06	4.632756e-09	1.507130e+01	3.045170e+02
2.630000e-06	2.051368e-06	4.569178e-09	1.499203e+01	3.036095e+02
2.640000e-06	2.040186e-06	4.592938e-09	1.491031e+01	3.026520e+02
2.650000e-06	2.028635e-06	4.615499e-09	1.482589e+01	3.016460e+02
2.660000e-06	2.016638e-06	4.544819e-09	1.473822e+01	3.005980e+02
2.670000e-06	2.004160e-06	4.516284e-09	1.464702e+01	2.995160e+02
2.680000e-06	1.991327e-06	4.557164e-09	1.455323e+01	2.984067e+02
2.690000e-06	1.978228e-06	4.531099e-09	1.445750e+01	2.972725e+02
2.700000e-06	1.964758e-06	4.477413e-09	1.435906e+01	2.961104e+02
2.710000e-06	1.950896e-06	4.476703e-09	1.425775e+01	2.949139e+02
2.720000e-06	1.936791e-06	4.479077e-09	1.415466e+01	2.936756e+02
2.730000e-06	1.922457e-06	4.440149e-09	1.404991e+01	2.923913e+02
2.740000e-06	1.907765e-06	4.426577e-09	1.394254e+01	2.910618e+02
2.750000e-06	1.892644e-06	4.415938e-09	1.383203e+01	2.896935e+02
2.760000e-06	1.877090e-06	4.375976e-09	1.371835e+01	2.882961e+02
2.770000e-06	1.861160e-06	4.364204e-09	1.360194e+01	2.868787e+02
2.780000e-06	1.844930e-06	4.356469e-09	1.348332e+01	2.854460e+02
2.790000e-06	1.828421e-06	4.320404e-09	1.336266e+01	2.839962e+02
2.800000e-06	1.811612e-06	4.297658e-09	1.323982e+01	2.825209e+02
2.810000e-06	1.794495e-06	4.288879e-09	1.311472e+01	2.810079e+02
2.820000e-06	1.777114e-06	4.262499e-09	1.298770e+01	2.794457e+02
2.830000e-06	1.759519e-06	4.230043e-09	1.285911e+01	2.778270e+02
2.840000e-06	1.741662e-06	4.207586e-09	1.272861e+01	2.761515e+02
2.850000e-06	1.723459e-06	4.176083e-09	1.259557e+01	2.744253e+02
2.860000e-06	1.704890e-06	4.154914e-09	1.245986e+01	2.726582e+02
2.870000e-06	1.686003e-06	4.138873e-09	1.232183e+01	2.708594e+02
2.880000e-06	1.666859e-06	4.099227e-09	1.218192e+01	2.690334e+02
2.890000e-06	1.647397e-06	4.071349e-09	1.203969e+01	2.671791e+02
2.900000e-06	1.627590e-06	4.053095e-09	1.189493e+01	2.652895e+02
2.910000e-06	1.607506e-06	4.019562e-09	1.174815e+01	2.633562e+02
2.920000e-06	1.587144e-06	3.985625e-09	1.159934e+01	2.613727e+02
2.930000e-06	1.566503e-06	3.955910e-09	1.144849e+01	2.593385e+02
2.940000e-06	1.545575e-06	3.924873e-09	1.129554e+01	2.572603e+02
2.950000e-06	1.524288e-06	3.897090e-09	1.113997e+01	2.551498e+02
2.960000e-06	1.502577e-06	3.869995e-09	1.098130e+01	2.530203e+02
2.970000e-06	1.480470e-06	3.830060e-09	1.081973e+01	2.508810e+02
2.980000e-06	1.458098e-06	3.796167e-09	1.065623e+01	2.487341e+02
2.990000e-06	1.435534e-06	3.773988e-09	1.049132e+01	2.465731e+02
3.000000e-06	1.412730e-06	3.737173e-09	1.032467e+01	2.443852e+02
3.010000e-06	1.389644e-06	3.698176e-09	1.015595e+01	2.421558e+02
3.020000e-06	1.366341e-06	3.664560e-09	9.985646e+00	2.398736e+02
3.030000e-06	1.342833e-06	3.630464e-09	9.813840e+00	2.375347e+02
3.040000e-06	1.319074e-06	3.597644e-09	9.640201e+00	2.351437e+02
3.050000e-06	1.295136e-06	3.558753e-09	9.465256e+00	2.327117e+02
3.060000e-06	1.271059e-06	3.519396e-09	9.289294e+00	2.302519e+02
3.070000e-06	1.246773e-06	3.484779e-09	9.111802e+00	2.277745e+02
3.080000e-06	1.222187e-06	3.450492e-09	8.932121e+00	2.252827e+02
3.090000e-06	1.197283e-06	3.412040e-09	8.750111e+00	2.227720e+02
3.100000e-06	1.172101e-06	3.370156e-09	8.566077e+00	2.202319e+02
3.110000e-06	1.146681e-06	3.331463e-09	8.380302e+00	2.176503e+02
3.120000e-06	1.121091e-06	3.294322e-09	8.193278e+00	2.150185e+02
3.130000e-06	1.095365e-06	3.257438e-09	8.005265e+00	2.123341e+02
3.140000e-06	1.069475e-06	3.214461e-09	7.816052e+00	2.096022e+02
3.150000e-06	1.043409e-06	3.171272e-09	7.625554e+00	2.068329e+02
3.160000e-06	1.017155e-06	3.134760e-09	7.433680e+00	2.040378e+02
3.170000e-06	9.907350e-07	3.093484e-09	7.240598e+00	2.012252e+02
3.180000e-06	9.641631e-07	3.047441e-09	7.046402e+00	1.983971e+02
3.190000e-06	9.373950e-07	3.000725e-09	6.850772e+00	1.955492e+02
3.200000e-06	9.104460e-07	2.957310e-09	6.653821e+00	1.926726e+02
3.210000e-06	8.833926e-07	2.916830e-09	6.456106e+00	1.897576e+02
3.220000e-06	8.562720e-07	2.872156e-09	6.257900e+00	1.867976e+02
3.230000e-06	8.290467e-07	2.825438e-09	6.058929e+00	1.837916e+02
3.240000e-06	8.016795e-07	2.780274e-09	5.858921e+00	1.807442e+02
3.250000e-06	7.741364e-07	2.737425e-09	5.657628e+00	1.776633e+02
3.260000e-06	7.463829e-07	2.692653e-09	5.454797e+00	1.745571e+02
3.270000e-06	7.184142e-07	2.643756e-09	5.250393e+00	1.714309e+02
3.280000e-06	6.902430e-07	2.597016e-09	5.044509e+00	1.682849e+02
3.290000e-06	6.618660e-07	2.550176e-09	4.837121e+00	1.651146e+02
3.300000e-06	6.333386e-07	2.501513e-09	4.628634e+00	1.619126e+02
3.310000e-06	6.047255e-07	2.451192e-09	4.419521e+00	1.586716e+02
3.320000e-06	5.760205e-07	2.400623e-09	4.209736e+00	1.553860e+02
3.330000e-06	5.472563e-07	2.352680e-09	3.999518e+00	1.520538e+02
3.340000e-06	5.184491e-07	2.304000e-09	3.788986e+00	1.486754e+02
3.350000e-06	4.895997e-07	2.253823e-09	3.578146e+00	1.452522e+02
3.360000e-06	4.606883e-07	2.199855e-09	3.366852e+00	1.417854e+02
3.370000e-06	4.317007e-07	2.145520e-09	3.155002e+00	1.382744e+02
3.380000e-06	4.026266e-07	2.094533e-09	2.942519e+00	1.347179e+02
3.390000e-06	3.734515e-07	2.042435e-09	2.729299e+00	1.311150e+02
3.400000e-06	3.441823e-07	1.988528e-09	2.515391e+00	1.274673e+02
3.410000e-06	3.148269e-07	1.932082e-09	2.300852e+00	1.237801e+02
3.420000e-06	2.854137e-07	1.875444e-09	2.085891e+00	1.200616e+02
3.430000e-06	2.559702e-07	1.818483e-09	1.870709e+00	1.163215e+02
3.440000e-06	2.265002e-07	1.759852e-09	1.655333e+00	1.125673e+02
3.450000e-06	1.970064e-07	1.703044e-09	1.439783e+00	1.088022e+02
3.460000e-06	1.675005e-07	1.648637e-09	1.224145e+00	1.050231e+02
3.470000e-06	1.379815e-07	1.594693e-09	1.008412e+00	1.012220e+02
3.480000e-06	1.084431e-07	1.536383e-09	7.925355e-01	9.738860e+01
3.490000e-06	7.889510e-08	1.473582e-09	5.765898e-01	9.351402e+01
3.500000e-06	4.934842e-08	1.411506e-09	3.606535e-01	8.959459e+01
3.510000e-06	1.980930e-08	1.351003e-09	1.447725e-01	8.563324e+01
3.520000e-06	-9.712243e-09	1.290895e-09	-7.098007e-02	8.163862e+01
3.530000e-06	-3.922308e-08	1.230849e-09	-2.866544e-01	7.762180e+01
3.540000e-06	-6.874442e-08	1.171775e-09	-5.024055e-01	7.359200e+01
3.550000e-06	-9.825125e-08	1.112753e-09	-7.180505e-01	6.955283e+01
3.560000e-06	-1.277354e-07	1.052280e-09	-9.335297e-01	6.550065e+01
3.570000e-06	-1.571879e-07	9.892930e-10	-1.148778e+00	6.142556e+01
3.580000e-06	-1.866149e-07	9.223587e-10	-1.363839e+00	5.731480e+01
3.590000e-06	-2.160325e-07	8.561732e-10	-1.578832e+00	5.315705e+01
3.600000e-06	-2.454087e-07	7.925295e-10	-1.793523e+00	4.894606e+01
3.610000e-06	-2.747185e-07	7.293140e-10	-2.007728e+00	4.468208e+01
3.620000e-06	-3.039718e-07	6.655445e-10	-2.221520e+00	4.037071e+01
3.630000e-06	-3.331732e-07	6.003562e-10	-2.434933e+00	3.601969e+01
3.640000e-06	-3.623004e-07	5.360921e-10	-2.647803e+00	3.163515e+01
3.650000e-06	-3.913680e-07	4.702337e-10	-2.860238e+00	2.721886e+01
3.660000e-06	-4.203800e-07	4.003771e-10	-3.072267e+00	2.276792e+01
3.670000e-06	-4.493235e-07	3.281567e-10	-3.283795e+00	1.827691e+01
3.680000e-06	-4.782048e-07	2.556592e-10	-3.494868e+00	1.374168e+01
3.690000e-06	-5.070320e-07	1.850076e-10	-3.705546e+00	9.163047e+00
3.700000e-06	-5.358048e-07	1.149697e-10	-3.915827e+00	4.548725e+00
3.710000e-06	-5.645366e-07	4.613914e-11	-4.125808e+00	-8.761727e-02
3.720000e-06	-5.932159e-07	-2.113900e-11	-4.335405e+00	-4.730076e+00
3.730000e-06	-6.218188e-07	-8.952440e-11	-4.544444e+00	-9.365685e+00
3.740000e-06	-6.503239e-07	-1.603365e-10	-4.752768e+00	-1.398907e+01
3.750000e-06	-6.786628e-07	-2.318456e-10	-4.959878e+00	-1.860469e+01
3.760000e-06	-7.067718e-07	-3.048377e-10	-5.165307e+00	-2.322554e+01
3.770000e-06	-7.346529e-07	-3.791011e-10	-5.369070e+00	-2.786872e+01
3.780000e-06	-7.623156e-07	-4.532661e-10	-5.571238e+00	-3.254929e+01
3.790000e-06	-7.897914e-07	-5.273463e-10	-5.772040e+00	-3.727476e+01
3.800000e-06	-8.171047e-07	-5.983679e-10	-5.971654e+00	-4.204212e+01
3.810000e-06	-8.443090e-07	-6.679726e-10	-6.170471e+00	-4.683875e+01
3.820000e-06	-8.714518e-07	-7.390063e-10	-6.368839e+00	-5.164670e+01
3.830000e-06	-8.985042e-07	-8.128915e-10	-6.566547e+00	-5.644875e+01
3.840000e-06	-9.254194e-07	-8.871463e-10	-6.763251e+00	-6.123401e+01
3.850000e-06	-9.521549e-07	-9.611255e-10	-6.958642e+00	-6.600094e+01
3.860000e-06	-9.786960e-07	-1.033889e-09	-7.152613e+00	-7.075677e+01
3.870000e-06	-1.005068e-06	-1.107190e-09	-7.345348e+00	-7.551351e+01
3.880000e-06	-1.031277e-06	-1.182367e-09	-7.536888e+00	-8.028249e+01
3.890000e-06	-1.057277e-06	-1.256594e-09	-7.726904e+00	-8.506929e+01
3.900000e-06	-1.083065e-06	-1.331095e-09	-7.915376e+00	-8.987135e+01
3.910000e-06	-1.108702e-06	-1.404645e-09	-8.102736e+00	-9.467883e+01
3.920000e-06	-1.134224e-06	-1.477693e-09	-8.289258e+00	-9.947849e+01
3.930000e-06	-1.159601e-06	-1.550664e-09	-8.474724e+00	-1.042587e+02
3.940000e-06	-1.184746e-06	-1.623956e-09	-8.658490e+00	-1.090137e+02
3.950000e-06	-1.209573e-06	-1.698793e-09	-8.839933e+00	-1.137449e+02
3.960000e-06	-1.234048e-06	-1.773651e-09	-9.018802e+00	-1.184596e+02
3.970000e-06	-1.258223e-06	-1.847596e-09	-9.195486e+00	-1.231664e+02
3.980000e-06	-1.282231e-06	-1.919460e-09	-9.370942e+00	-1.278707e+02
3.990000e-06	-1.306117e-06	-1.989885e-09	-9.545506e+00	-1.325710e+02
4.000000e-06	-1.329829e-06	-2.060675e-09	-9.718798e+00	-1.372582e+02
4.010000e-06	-1.353311e-06	-2.132849e-09	-9.890418e+00	-1.419184e+02
4.020000e-06	-1.376556e-06	-2.205820e-09	-1.006030e+01	-1.465371e+02
4.030000e-06	-1.399550e-06	-2.277251e-09	-1.022835e+01	-1.511050e+02
4.040000e-06	-1.422274e-06	-2.347897e-09	-1.039442e+01	-1.556204e+02
4.050000e-06	-1.444771e-06	-2.418285e-09	-1.055883e+01	-1.600893e+02
4.060000e-06	-1.467106e-06	-2.487814e-09	-1.072207e+01	-1.645226e+02
4.070000e-06	-1.489248e-06	-2.555620e-09	-1.088388e+01	-1.689304e+02
4.080000e-06	-1.511007e-06	-2.622238e-09	-1.104291e+01	-1.733166e+02
4.090000e-06	-1.532299e-06	-2.689932e-09	-1.119851e+01	-1.776763e+02
4.100000e-06	-1.553255e-06	-2.757835e-09	-1.135167e+01	-1.819960e+02
4.110000e-06	-1.573972e-06	-2.823755e-09	-1.150308e+01	-1.862575e+02
4.120000e-06	-1.594414e-06	-2.887835e-09	-1.165247e+01	-1.904432e+02
4.130000e-06	-1.614541e-06	-2.951826e-09	-1.179957e+01	-1.945422e+02
4.140000e-06	-1.634366e-06	-3.017218e-09	-1.194445e+01	-1.985534e+02
4.150000e-06	-1.653790e-06	-3.081970e-09	-1.208641e+01	-2.024850e+02
4.160000e-06	-1.672762e-06	-3.143639e-09	-1.222506e+01	-2.063511e+02
4.170000e-06	-1.691429e-06	-3.203006e-09	-1.236148e+01	-2.101662e+02
4.180000e-06	-1.709874e-06	-3.262909e-09	-1.249629e+01	-2.139394e+02
4.190000e-06	-1.728041e-06	-3.321706e-09	-1.262905e+01	-2.176717e+02
4.200000e-06	-1.745913e-06	-3.376809e-09	-1.275967e+01	-2.213557e+02
4.210000e-06	-1.763555e-06	-3.431271e-09	-1.288860e+01	-2.249788e+02
4.220000e-06	-1.780993e-06	-3.486767e-09	-1.301605e+01	-2.285278e+02
4.230000e-06	-1.798158e-06	-3.543221e-09	-1.314150e+01	-2.319937e+02
4.240000e-06	-1.814981e-06	-3.597811e-09	-1.326444e+01	-2.353738e+02
4.250000e-06	-1.831467e-06	-3.650487e-09	-1.338492e+01	-2.386716e+02
4.260000e-06	-1.847653e-06	-3.703901e-09	-1.350322e+01	-2.418934e+02
4.270000e-06	-1.863607e-06	-3.756467e-09	-1.361981e+01	-2.450449e+02
4.280000e-06	-1.879264e-06	-3.805308e-09	-1.373424e+01	-2.481269e+02
4.290000e-06	-1.894465e-06	-3.850296e-09	-1.384533e+01	-2.511347e+02
4.300000e-06	-1.909206e-06	-3.893687e-09	-1.395307e+01	-2.540590e+02
4.310000e-06	-1.923633e-06	-3.937210e-09	-1.405850e+01	-2.568894e+02
4.320000e-06	-1.937794e-06	-3.981081e-09	-1.416199e+01	-2.596187e+02
4.330000e-06	-1.951624e-06	-4.024142e-09	-1.426307e+01	-2.622458e+02
4.340000e-06	-1.965103e-06	-4.066596e-09	-1.436158e+01	-2.647766e+02
4.350000e-06	-1.978253e-06	-4.109515e-09	-1.445768e+01	-2.672220e+02
4.360000e-06	-1.991130e-06	-4.151512e-09	-1.455179e+01	-2.695946e+02
4.370000e-06	-2.003732e-06	-4.190065e-09	-1.464389e+01	-2.719042e+02
4.380000e-06	-2.015904e-06	-4.225217e-09	-1.473285e+01	-2.741555e+02
4.390000e-06	-2.027574e-06	-4.258120e-09	-1.481814e+01	-2.763469e+02
4.400000e-06	-2.038874e-06	-4.289511e-09	-1.490072e+01	-2.784731e+02
4.410000e-06	-2.049886e-06	-4.319597e-09	-1.498120e+01	-2.805274e+02
4.420000e-06	-2.060550e-06	-4.349717e-09	-1.505914e+01	-2.825061e+02
4.430000e-06	-2.070840e-06	-4.382241e-09	-1.513434e+01	-2.844099e+02
4.440000e-06	-2.080767e-06	-4.416365e-09	-1.520689e+01	-2.862438e+02
4.450000e-06	-2.090387e-06	-4.449349e-09	-1.527719e+01	-2.880157e+02
4.460000e-06	-2.099720e-06	-4.477864e-09	-1.534540e+01	-2.897322e+02
4.470000e-06	-2.108589e-06	-4.500745e-09	-1.541022e+01	-2.913967e+02
4.480000e-06	-2.116956e-06	-4.523120e-09	-1.547137e+01	-2.930071e+02
4.490000e-06	-2.124965e-06	-4.546677e-09	-1.552990e+01	-2.945574e+02
4.500000e-06	-2.132668e-06	-4.569755e-09	-1.558619e+01	-2.960395e+02
4.510000e-06	-2.140033e-06	-4.591738e-09	-1.564002e+01	-2.974469e+02
4.520000e-06	-2.147044e-06	-4.614159e-09	-1.569126e+01	-2.987769e+02
4.530000e-06	-2.153717e-06	-4.635823e-09	-1.574003e+01	-3.000320e+02
4.540000e-06	-2.160069e-06	-4.654317e-09	-1.578645e+01	-3.012185e+02
4.550000e-06	-2.166016e-06	-4.670494e-09	-1.582991e+01	-3.023441e+02
4.560000e-06	-2.171434e-06	-4.685823e-09	-1.586951e+01	-3.034147e+02
4.570000e-06	-2.176355e-06	-4.702021e-09	-1.590547e+01	-3.044322e+02
4.580000e-06	-2.180873e-06	-4.716467e-09	-1.593849e+01	-3.053945e+02
4.590000e-06	-2.184996e-06	-4.727999e-09	-1.596863e+01	-3.062961e+02
4.600000e-06	-2.188720e-06	-4.740846e-09	-1.599584e+01	-3.071315e+02
4.610000e-06	-2.192101e-06	-4.754884e-09	-1.602055e+01	-3.078977e+02
4.620000e-06	-2.195192e-06	-4.766764e-09	-1.604314e+01	-3.085962e+02
4.630000e-06	-2.197873e-06	-4.775865e-09	-1.606273e+01	-3.092327e+02
4.640000e-06	-2.200024e-06	-4.783311e-09	-1.607845e+01	-3.098158e+02
4.650000e-06	-2.201751e-06	-4.791099e-09	-1.609108e+01	-3.103544e+02
4.660000e-06	-2.203147e-06	-4.797960e-09	-1.610128e+01	-3.108550e+02
4.670000e-06	-2.204190e-06	-4.803042e-09	-1.610890e+01	-3.113198e+02
4.680000e-06	-2.204858e-06	-4.808452e-09	-1.611378e+01	-3.117472e+02
4.690000e-06	-2.205166e-06	-4.816571e-09	-1.611603e+01	-3.121327e+02
