# Temperatura_=_20.0
# Concentracion g/m^3_=_10000.0
# C_Vs_to_Am_M_A/Vsm_=_65563218390.804596
# pendiente_HvsI_1/m_=_3716.3
# ordenada_HvsI_A/m_=_1297.0
# frecuencia_Hz_=_213067.75800442757

Tiempo_(s)	Campo_(V.s)	Magnetizacion_(V.s)	Campo_(kA/m)	Magnetizacion_(A/m)
0.000000e+00	-2.202412e-06	-4.827177e-09	-1.611942e+01	-3.125735e+02
1.000000e-08	-2.202323e-06	-4.834049e-09	-1.611877e+01	-3.128891e+02
2.000000e-08	-2.201845e-06	-4.839036e-09	-1.611527e+01	-3.131610e+02
3.000000e-08	-2.200838e-06	-4.841367e-09	-1.610790e+01	-3.133832e+02
4.000000e-08	-2.199417e-06	-4.840143e-09	-1.609750e+01	-3.135520e+02
5.000000e-08	-2.197709e-06	-4.832508e-09	-1.608500e+01	-3.136658e+02
6.000000e-08	-2.195612e-06	-4.821831e-09	-1.606965e+01	-3.137240e+02
7.000000e-08	-2.193010e-06	-4.865326e-09	-1.605061e+01	-3.137249e+02
8.000000e-08	-2.190013e-06	-4.835026e-09	-1.602867e+01	-3.136650e+02
9.000000e-08	-2.186835e-06	-4.813350e-09	-1.600541e+01	-3.135391e+02
1.000000e-07	-2.183357e-06	-4.858895e-09	-1.597995e+01	-3.133421e+02
1.100000e-07	-2.179252e-06	-4.891256e-09	-1.594991e+01	-3.130720e+02
1.200000e-07	-2.174671e-06	-4.768232e-09	-1.591639e+01	-3.127320e+02
1.300000e-07	-2.169775e-06	-4.780690e-09	-1.588055e+01	-3.123310e+02
1.400000e-07	-2.164422e-06	-4.836875e-09	-1.584137e+01	-3.118824e+02
1.500000e-07	-2.158537e-06	-4.793873e-09	-1.579830e+01	-3.114005e+02
1.600000e-07	-2.152085e-06	-4.817934e-09	-1.575108e+01	-3.108965e+02
1.700000e-07	-2.145277e-06	-4.757074e-09	-1.570125e+01	-3.103751e+02
1.800000e-07	-2.138178e-06	-4.770814e-09	-1.564929e+01	-3.098338e+02
1.900000e-07	-2.130656e-06	-4.800894e-09	-1.559424e+01	-3.092638e+02
2.000000e-07	-2.122822e-06	-4.777448e-09	-1.553690e+01	-3.086545e+02
2.100000e-07	-2.114777e-06	-4.709556e-09	-1.547802e+01	-3.079970e+02
2.200000e-07	-2.106359e-06	-4.720970e-09	-1.541641e+01	-3.072886e+02
2.300000e-07	-2.097476e-06	-4.744171e-09	-1.535139e+01	-3.065332e+02
2.400000e-07	-2.088219e-06	-4.701649e-09	-1.528364e+01	-3.057404e+02
2.500000e-07	-2.078706e-06	-4.697881e-09	-1.521402e+01	-3.049217e+02
2.600000e-07	-2.068837e-06	-4.693897e-09	-1.514178e+01	-3.040856e+02
2.700000e-07	-2.058381e-06	-4.661758e-09	-1.506526e+01	-3.032347e+02
2.800000e-07	-2.047469e-06	-4.646333e-09	-1.498539e+01	-3.023644e+02
2.900000e-07	-2.036291e-06	-4.646466e-09	-1.490358e+01	-3.014640e+02
3.000000e-07	-2.024808e-06	-4.644463e-09	-1.481954e+01	-3.005211e+02
3.100000e-07	-2.012965e-06	-4.588161e-09	-1.473286e+01	-2.995253e+02
3.200000e-07	-2.000779e-06	-4.582957e-09	-1.464367e+01	-2.984720e+02
3.300000e-07	-1.988256e-06	-4.601989e-09	-1.455201e+01	-2.973637e+02
3.400000e-07	-1.975474e-06	-4.551775e-09	-1.445846e+01	-2.962082e+02
3.500000e-07	-1.962400e-06	-4.512862e-09	-1.436277e+01	-2.950155e+02
3.600000e-07	-1.948842e-06	-4.506191e-09	-1.426354e+01	-2.937943e+02
3.700000e-07	-1.934805e-06	-4.507298e-09	-1.416081e+01	-2.925484e+02
3.800000e-07	-1.920442e-06	-4.469795e-09	-1.405568e+01	-2.912767e+02
3.900000e-07	-1.905783e-06	-4.449822e-09	-1.394840e+01	-2.899737e+02
4.000000e-07	-1.890815e-06	-4.435817e-09	-1.383884e+01	-2.886334e+02
4.100000e-07	-1.875550e-06	-4.397488e-09	-1.372712e+01	-2.872520e+02
4.200000e-07	-1.859943e-06	-4.391286e-09	-1.361289e+01	-2.858301e+02
4.300000e-07	-1.844056e-06	-4.367755e-09	-1.349662e+01	-2.843733e+02
4.400000e-07	-1.827969e-06	-4.326657e-09	-1.337888e+01	-2.828901e+02
4.500000e-07	-1.811547e-06	-4.304727e-09	-1.325868e+01	-2.813886e+02
4.600000e-07	-1.794639e-06	-4.290469e-09	-1.313493e+01	-2.798730e+02
4.700000e-07	-1.777309e-06	-4.274116e-09	-1.300810e+01	-2.783417e+02
4.800000e-07	-1.759702e-06	-4.237043e-09	-1.287923e+01	-2.767868e+02
4.900000e-07	-1.741822e-06	-4.217273e-09	-1.274837e+01	-2.751962e+02
5.000000e-07	-1.723642e-06	-4.196842e-09	-1.261531e+01	-2.735569e+02
5.100000e-07	-1.705157e-06	-4.167744e-09	-1.248002e+01	-2.718583e+02
5.200000e-07	-1.686367e-06	-4.138718e-09	-1.234249e+01	-2.700953e+02
5.300000e-07	-1.667323e-06	-4.094452e-09	-1.220311e+01	-2.682690e+02
5.400000e-07	-1.648024e-06	-4.070118e-09	-1.206186e+01	-2.663863e+02
5.500000e-07	-1.628332e-06	-4.045596e-09	-1.191774e+01	-2.644573e+02
5.600000e-07	-1.608149e-06	-4.015329e-09	-1.177002e+01	-2.624930e+02
5.700000e-07	-1.587572e-06	-3.986348e-09	-1.161941e+01	-2.605027e+02
5.800000e-07	-1.566663e-06	-3.952480e-09	-1.146638e+01	-2.584924e+02
5.900000e-07	-1.545452e-06	-3.926951e-09	-1.131114e+01	-2.564643e+02
6.000000e-07	-1.523990e-06	-3.893900e-09	-1.115406e+01	-2.544174e+02
6.100000e-07	-1.502257e-06	-3.858877e-09	-1.099499e+01	-2.523482e+02
6.200000e-07	-1.480250e-06	-3.820854e-09	-1.083393e+01	-2.502521e+02
6.300000e-07	-1.458017e-06	-3.784187e-09	-1.067120e+01	-2.481237e+02
6.400000e-07	-1.435631e-06	-3.759211e-09	-1.050736e+01	-2.459585e+02
6.500000e-07	-1.413026e-06	-3.720983e-09	-1.034191e+01	-2.437528e+02
6.600000e-07	-1.390058e-06	-3.685253e-09	-1.017382e+01	-2.415048e+02
6.700000e-07	-1.366677e-06	-3.652528e-09	-1.000269e+01	-2.392148e+02
6.800000e-07	-1.342964e-06	-3.620326e-09	-9.829134e+00	-2.368857e+02
6.900000e-07	-1.319077e-06	-3.588642e-09	-9.654303e+00	-2.345219e+02
7.000000e-07	-1.295027e-06	-3.542718e-09	-9.478285e+00	-2.321285e+02
7.100000e-07	-1.270750e-06	-3.503399e-09	-9.300603e+00	-2.297096e+02
7.200000e-07	-1.246250e-06	-3.466913e-09	-9.121285e+00	-2.272670e+02
7.300000e-07	-1.221576e-06	-3.429483e-09	-8.940694e+00	-2.247989e+02
7.400000e-07	-1.196731e-06	-3.390451e-09	-8.758855e+00	-2.223003e+02
7.500000e-07	-1.171645e-06	-3.348721e-09	-8.575249e+00	-2.197643e+02
7.600000e-07	-1.146335e-06	-3.315885e-09	-8.390009e+00	-2.171843e+02
7.700000e-07	-1.120897e-06	-3.276406e-09	-8.203825e+00	-2.145562e+02
7.800000e-07	-1.095321e-06	-3.233356e-09	-8.016639e+00	-2.118801e+02
7.900000e-07	-1.069566e-06	-3.186688e-09	-7.828138e+00	-2.091606e+02
8.000000e-07	-1.043594e-06	-3.138790e-09	-7.638051e+00	-2.064052e+02
8.100000e-07	-1.017398e-06	-3.097946e-09	-7.446319e+00	-2.036222e+02
8.200000e-07	-9.909637e-07	-3.050565e-09	-7.252847e+00	-2.008174e+02
8.300000e-07	-9.642705e-07	-3.004316e-09	-7.057481e+00	-1.979926e+02
8.400000e-07	-9.373541e-07	-2.959108e-09	-6.860480e+00	-1.951450e+02
8.500000e-07	-9.103129e-07	-2.916549e-09	-6.662566e+00	-1.922682e+02
8.600000e-07	-8.832041e-07	-2.875799e-09	-6.464157e+00	-1.893552e+02
8.700000e-07	-8.560143e-07	-2.826796e-09	-6.265155e+00	-1.864009e+02
8.800000e-07	-8.287245e-07	-2.780504e-09	-6.065422e+00	-1.834048e+02
8.900000e-07	-8.012814e-07	-2.733680e-09	-5.864566e+00	-1.803708e+02
9.000000e-07	-7.736835e-07	-2.685386e-09	-5.662578e+00	-1.773065e+02
9.100000e-07	-7.459455e-07	-2.635363e-09	-5.459564e+00	-1.742201e+02
9.200000e-07	-7.180722e-07	-2.580450e-09	-5.255559e+00	-1.711172e+02
9.300000e-07	-6.900714e-07	-2.533863e-09	-5.050622e+00	-1.679992e+02
9.400000e-07	-6.619380e-07	-2.487810e-09	-4.844714e+00	-1.648621e+02
9.500000e-07	-6.336730e-07	-2.440513e-09	-4.637843e+00	-1.616976e+02
9.600000e-07	-6.052768e-07	-2.391205e-09	-4.430011e+00	-1.584962e+02
9.700000e-07	-5.767626e-07	-2.340151e-09	-4.221317e+00	-1.552496e+02
9.800000e-07	-5.481579e-07	-2.290186e-09	-4.011959e+00	-1.519531e+02
9.900000e-07	-5.194973e-07	-2.232970e-09	-3.802192e+00	-1.486065e+02
1.000000e-06	-4.908063e-07	-2.177323e-09	-3.592203e+00	-1.452133e+02
1.010000e-06	-4.620765e-07	-2.122879e-09	-3.381931e+00	-1.417790e+02
1.020000e-06	-4.332906e-07	-2.070681e-09	-3.171247e+00	-1.383091e+02
1.030000e-06	-4.044381e-07	-2.019629e-09	-2.960076e+00	-1.348076e+02
1.040000e-06	-3.755182e-07	-1.962925e-09	-2.748412e+00	-1.312762e+02
1.050000e-06	-3.465182e-07	-1.907492e-09	-2.536161e+00	-1.277156e+02
1.060000e-06	-3.173918e-07	-1.851855e-09	-2.322986e+00	-1.241255e+02
1.070000e-06	-2.881868e-07	-1.794973e-09	-2.109235e+00	-1.205061e+02
1.080000e-06	-2.589459e-07	-1.737012e-09	-1.895221e+00	-1.168575e+02
1.090000e-06	-2.296319e-07	-1.679365e-09	-1.680672e+00	-1.131797e+02
1.100000e-06	-2.002283e-07	-1.625231e-09	-1.465468e+00	-1.094711e+02
1.110000e-06	-1.707473e-07	-1.568603e-09	-1.249696e+00	-1.057280e+02
1.120000e-06	-1.412106e-07	-1.510711e-09	-1.033518e+00	-1.019452e+02
1.130000e-06	-1.116349e-07	-1.450430e-09	-8.170543e-01	-9.811749e+01
1.140000e-06	-8.205201e-08	-1.389669e-09	-6.005374e-01	-9.424158e+01
1.150000e-06	-5.246743e-08	-1.330276e-09	-3.840083e-01	-9.031867e+01
1.160000e-06	-2.285562e-08	-1.269119e-09	-1.672799e-01	-8.635524e+01
1.170000e-06	6.766636e-09	-1.208912e-09	4.952490e-02	-8.236218e+01
1.180000e-06	3.636054e-08	-1.147149e-09	2.661222e-01	-7.835204e+01
1.190000e-06	6.594684e-08	-1.086702e-09	4.826639e-01	-7.433518e+01
1.200000e-06	9.552127e-08	-1.027059e-09	6.991187e-01	-7.031611e+01
1.210000e-06	1.250262e-07	-9.645044e-10	9.150646e-01	-6.629141e+01
1.220000e-06	1.544393e-07	-9.025623e-10	1.130339e+00	-6.225011e+01
1.230000e-06	1.838103e-07	-8.413125e-10	1.345305e+00	-5.817665e+01
1.240000e-06	2.131045e-07	-7.796278e-10	1.559708e+00	-5.405527e+01
1.250000e-06	2.423149e-07	-7.161480e-10	1.773499e+00	-4.987454e+01
1.260000e-06	2.714801e-07	-6.497839e-10	1.986959e+00	-4.563028e+01
1.270000e-06	3.005648e-07	-5.836519e-10	2.199829e+00	-4.132593e+01
1.280000e-06	3.295709e-07	-5.167473e-10	2.412125e+00	-3.697037e+01
1.290000e-06	3.585213e-07	-4.494532e-10	2.624012e+00	-3.257415e+01
1.300000e-06	3.874186e-07	-3.824855e-10	2.835510e+00	-2.814569e+01
1.310000e-06	4.162432e-07	-3.156340e-10	3.046478e+00	-2.368905e+01
1.320000e-06	4.450124e-07	-2.492675e-10	3.257039e+00	-1.920406e+01
1.330000e-06	4.737454e-07	-1.802716e-10	3.467335e+00	-1.468863e+01
1.340000e-06	5.024465e-07	-1.103520e-10	3.677398e+00	-1.014205e+01
1.350000e-06	5.311002e-07	-3.828721e-11	3.887114e+00	-5.567665e+00
1.360000e-06	5.596851e-07	3.292419e-11	4.096327e+00	-9.735177e-01
1.370000e-06	5.881904e-07	1.019605e-10	4.304957e+00	3.629665e+00
1.380000e-06	6.165973e-07	1.717057e-10	4.512866e+00	8.232377e+00
1.390000e-06	6.448785e-07	2.413675e-10	4.719856e+00	1.283063e+01
1.400000e-06	6.730209e-07	3.119329e-10	4.925830e+00	1.742869e+01
1.410000e-06	7.010523e-07	3.826273e-10	5.130991e+00	2.203879e+01
1.420000e-06	7.289764e-07	4.534449e-10	5.335367e+00	2.667752e+01
1.430000e-06	7.567727e-07	5.246285e-10	5.538808e+00	3.136004e+01
1.440000e-06	7.844411e-07	5.968569e-10	5.741312e+00	3.609410e+01
1.450000e-06	8.119419e-07	6.714264e-10	5.942590e+00	4.087623e+01
1.460000e-06	8.392773e-07	7.448472e-10	6.142657e+00	4.569185e+01
1.470000e-06	8.664922e-07	8.169046e-10	6.341843e+00	5.051941e+01
1.480000e-06	8.936138e-07	8.887504e-10	6.540346e+00	5.533732e+01
1.490000e-06	9.206491e-07	9.605341e-10	6.738217e+00	6.013112e+01
1.500000e-06	9.475615e-07	1.033917e-09	6.935188e+00	6.489828e+01
1.510000e-06	9.742907e-07	1.106201e-09	7.130818e+00	6.964861e+01
1.520000e-06	1.000745e-06	1.178225e-09	7.324440e+00	7.440016e+01
1.530000e-06	1.026896e-06	1.250519e-09	7.515839e+00	7.917189e+01
1.540000e-06	1.052787e-06	1.324791e-09	7.705335e+00	8.397595e+01
1.550000e-06	1.078468e-06	1.399530e-09	7.893287e+00	8.881243e+01
1.560000e-06	1.104010e-06	1.470622e-09	8.080232e+00	9.366860e+01
1.570000e-06	1.129438e-06	1.541717e-09	8.266336e+00	9.852297e+01
1.580000e-06	1.154682e-06	1.613320e-09	8.451103e+00	1.033526e+02
1.590000e-06	1.179711e-06	1.685093e-09	8.634289e+00	1.081410e+02
1.600000e-06	1.204560e-06	1.757685e-09	8.816156e+00	1.128833e+02
1.610000e-06	1.229242e-06	1.830866e-09	8.996803e+00	1.175872e+02
1.620000e-06	1.253726e-06	1.904760e-09	9.175998e+00	1.222687e+02
1.630000e-06	1.277983e-06	1.976604e-09	9.353537e+00	1.269448e+02
1.640000e-06	1.302043e-06	2.046777e-09	9.529634e+00	1.316260e+02
1.650000e-06	1.325967e-06	2.115662e-09	9.704733e+00	1.363109e+02
1.660000e-06	1.349734e-06	2.182685e-09	9.878680e+00	1.409865e+02
1.670000e-06	1.373181e-06	2.250570e-09	1.005029e+01	1.456317e+02
1.680000e-06	1.396199e-06	2.320357e-09	1.021876e+01	1.502255e+02
1.690000e-06	1.418845e-06	2.391752e-09	1.038450e+01	1.547537e+02
1.700000e-06	1.441249e-06	2.462246e-09	1.054848e+01	1.592143e+02
1.710000e-06	1.463506e-06	2.530634e-09	1.071138e+01	1.636168e+02
1.720000e-06	1.485571e-06	2.597083e-09	1.087287e+01	1.679779e+02
1.730000e-06	1.507357e-06	2.661068e-09	1.103232e+01	1.723138e+02
1.740000e-06	1.528893e-06	2.724519e-09	1.118994e+01	1.766329e+02
1.750000e-06	1.550191e-06	2.787273e-09	1.134583e+01	1.809317e+02
1.760000e-06	1.571203e-06	2.850535e-09	1.149961e+01	1.851949e+02
1.770000e-06	1.591920e-06	2.913684e-09	1.165124e+01	1.894010e+02
1.780000e-06	1.612285e-06	2.975147e-09	1.180029e+01	1.935297e+02
1.790000e-06	1.632237e-06	3.036379e-09	1.194631e+01	1.975689e+02
1.800000e-06	1.651754e-06	3.094625e-09	1.208916e+01	2.015186e+02
1.810000e-06	1.670949e-06	3.150908e-09	1.222965e+01	2.053903e+02
1.820000e-06	1.689901e-06	3.208085e-09	1.236836e+01	2.092010e+02
1.830000e-06	1.708562e-06	3.264017e-09	1.250494e+01	2.129666e+02
1.840000e-06	1.726946e-06	3.317905e-09	1.263949e+01	2.166945e+02
1.850000e-06	1.745028e-06	3.370221e-09	1.277183e+01	2.203807e+02
1.860000e-06	1.762805e-06	3.422267e-09	1.290194e+01	2.240112e+02
1.870000e-06	1.780368e-06	3.474381e-09	1.303049e+01	2.275678e+02
1.880000e-06	1.797723e-06	3.526234e-09	1.315751e+01	2.310352e+02
1.890000e-06	1.814696e-06	3.574528e-09	1.328173e+01	2.344070e+02
1.900000e-06	1.831160e-06	3.621025e-09	1.340223e+01	2.376886e+02
1.910000e-06	1.847221e-06	3.669369e-09	1.351978e+01	2.408940e+02
1.920000e-06	1.863031e-06	3.716432e-09	1.363550e+01	2.440402e+02
1.930000e-06	1.878582e-06	3.760904e-09	1.374931e+01	2.471391e+02
1.940000e-06	1.893817e-06	3.802916e-09	1.386081e+01	2.501920e+02
1.950000e-06	1.908717e-06	3.844200e-09	1.396987e+01	2.531875e+02
1.960000e-06	1.923292e-06	3.885744e-09	1.407654e+01	2.561054e+02
1.970000e-06	1.937608e-06	3.925960e-09	1.418133e+01	2.589233e+02
1.980000e-06	1.951627e-06	3.963775e-09	1.428393e+01	2.616251e+02
1.990000e-06	1.965204e-06	4.000605e-09	1.438330e+01	2.642072e+02
2.000000e-06	1.978302e-06	4.036410e-09	1.447916e+01	2.666805e+02
2.010000e-06	1.991050e-06	4.071599e-09	1.457246e+01	2.690667e+02
2.020000e-06	2.003519e-06	4.106424e-09	1.466372e+01	2.713910e+02
2.030000e-06	2.015654e-06	4.139803e-09	1.475254e+01	2.736741e+02
2.040000e-06	2.027453e-06	4.171958e-09	1.483889e+01	2.759249e+02
2.050000e-06	2.038929e-06	4.203718e-09	1.492289e+01	2.781388e+02
2.060000e-06	2.050138e-06	4.234048e-09	1.500493e+01	2.803003e+02
2.070000e-06	2.061106e-06	4.262329e-09	1.508520e+01	2.823898e+02
2.080000e-06	2.071626e-06	4.290429e-09	1.516220e+01	2.843910e+02
2.090000e-06	2.081598e-06	4.319711e-09	1.523518e+01	2.862975e+02
2.100000e-06	2.091159e-06	4.348314e-09	1.530516e+01	2.881142e+02
2.110000e-06	2.100369e-06	4.374618e-09	1.537257e+01	2.898552e+02
2.120000e-06	2.109240e-06	4.398425e-09	1.543750e+01	2.915372e+02
2.130000e-06	2.117747e-06	4.420416e-09	1.549976e+01	2.931732e+02
2.140000e-06	2.125912e-06	4.442660e-09	1.555952e+01	2.947672e+02
2.150000e-06	2.133822e-06	4.464771e-09	1.561741e+01	2.963129e+02
2.160000e-06	2.141403e-06	4.485956e-09	1.567289e+01	2.977965e+02
2.170000e-06	2.148564e-06	4.506435e-09	1.572531e+01	2.992029e+02
2.180000e-06	2.155312e-06	4.526566e-09	1.577469e+01	3.005213e+02
2.190000e-06	2.161675e-06	4.544945e-09	1.582126e+01	3.017503e+02
2.200000e-06	2.167630e-06	4.562455e-09	1.586485e+01	3.028981e+02
2.210000e-06	2.173170e-06	4.579308e-09	1.590540e+01	3.039797e+02
2.220000e-06	2.178318e-06	4.594421e-09	1.594307e+01	3.050113e+02
2.230000e-06	2.183089e-06	4.609030e-09	1.597799e+01	3.060041e+02
2.240000e-06	2.187435e-06	4.622254e-09	1.600981e+01	3.069610e+02
2.250000e-06	2.191255e-06	4.633684e-09	1.603776e+01	3.078757e+02
2.260000e-06	2.194620e-06	4.644977e-09	1.606239e+01	3.087354e+02
2.270000e-06	2.197628e-06	4.657732e-09	1.608441e+01	3.095265e+02
2.280000e-06	2.200276e-06	4.671064e-09	1.610378e+01	3.102393e+02
2.290000e-06	2.202530e-06	4.682445e-09	1.612028e+01	3.108720e+02
2.300000e-06	2.204407e-06	4.690947e-09	1.613402e+01	3.114307e+02
2.310000e-06	2.205992e-06	4.699250e-09	1.614562e+01	3.119272e+02
2.320000e-06	2.207235e-06	4.706613e-09	1.615472e+01	3.123748e+02
2.330000e-06	2.207988e-06	4.710420e-09	1.616023e+01	3.127841e+02
2.340000e-06	2.208257e-06	4.712481e-09	1.616220e+01	3.131600e+02
2.350000e-06	2.208174e-06	4.714941e-09	1.616159e+01	3.135015e+02
2.360000e-06	2.207754e-06	4.718552e-09	1.615852e+01	3.138036e+02
2.370000e-06	2.206949e-06	4.725464e-09	1.615263e+01	3.140597e+02
2.380000e-06	2.205767e-06	4.734870e-09	1.614397e+01	3.142645e+02
2.390000e-06	2.204267e-06	4.745756e-09	1.613300e+01	3.144152e+02
2.400000e-06	2.202512e-06	4.760478e-09	1.612015e+01	3.145106e+02
2.410000e-06	2.200317e-06	4.723278e-09	1.610409e+01	3.145500e+02
2.420000e-06	2.197510e-06	4.749142e-09	1.608354e+01	3.145312e+02
2.430000e-06	2.194331e-06	4.747365e-09	1.606027e+01	3.144499e+02
2.440000e-06	2.190906e-06	4.688703e-09	1.603521e+01	3.143006e+02
2.450000e-06	2.186957e-06	4.714514e-09	1.600630e+01	3.140790e+02
2.460000e-06	2.182539e-06	4.792796e-09	1.597397e+01	3.137848e+02
2.470000e-06	2.177990e-06	4.759820e-09	1.594068e+01	3.134231e+02
2.480000e-06	2.173164e-06	4.674634e-09	1.590536e+01	3.130049e+02
2.490000e-06	2.167635e-06	4.708249e-09	1.586489e+01	3.125441e+02
2.500000e-06	2.161446e-06	4.773457e-09	1.581959e+01	3.120545e+02
2.510000e-06	2.155004e-06	4.731602e-09	1.577244e+01	3.115452e+02
2.520000e-06	2.148322e-06	4.627589e-09	1.572354e+01	3.110186e+02
2.530000e-06	2.141129e-06	4.682523e-09	1.567089e+01	3.104694e+02
2.540000e-06	2.133456e-06	4.739507e-09	1.561473e+01	3.098879e+02
2.550000e-06	2.125603e-06	4.679890e-09	1.555725e+01	3.092635e+02
2.560000e-06	2.117503e-06	4.623215e-09	1.549797e+01	3.085892e+02
2.570000e-06	2.108818e-06	4.677267e-09	1.543440e+01	3.078645e+02
2.580000e-06	2.099583e-06	4.681303e-09	1.536681e+01	3.070958e+02
2.590000e-06	2.090054e-06	4.594304e-09	1.529707e+01	3.062937e+02
2.600000e-06	2.080218e-06	4.612373e-09	1.522508e+01	3.054692e+02
2.610000e-06	2.069983e-06	4.663070e-09	1.515017e+01	3.046290e+02
2.620000e-06	2.059403e-06	4.591513e-09	1.507274e+01	3.037732e+02
2.630000e-06	2.048528e-06	4.538240e-09	1.499314e+01	3.028948e+02
2.640000e-06	2.037367e-06	4.597514e-09	1.491145e+01	3.019819e+02
2.650000e-06	2.025873e-06	4.595372e-09	1.482734e+01	3.010225e+02
2.660000e-06	2.013930e-06	4.502200e-09	1.473992e+01	3.000078e+02
2.670000e-06	2.001479e-06	4.503688e-09	1.464879e+01	2.989357e+02
2.680000e-06	1.988675e-06	4.566702e-09	1.455508e+01	2.978108e+02
2.690000e-06	1.975588e-06	4.504659e-09	1.445930e+01	2.966421e+02
2.700000e-06	1.962124e-06	4.449981e-09	1.436076e+01	2.954396e+02
2.710000e-06	1.948260e-06	4.475846e-09	1.425928e+01	2.942106e+02
2.720000e-06	1.934144e-06	4.462088e-09	1.415597e+01	2.929571e+02
2.730000e-06	1.919827e-06	4.413720e-09	1.405118e+01	2.916762e+02
2.740000e-06	1.905131e-06	4.407545e-09	1.394363e+01	2.903619e+02
2.750000e-06	1.890004e-06	4.402872e-09	1.383291e+01	2.890084e+02
2.760000e-06	1.874471e-06	4.355928e-09	1.371923e+01	2.876134e+02
2.770000e-06	1.858587e-06	4.350923e-09	1.360297e+01	2.861795e+02
2.780000e-06	1.842414e-06	4.347125e-09	1.348460e+01	2.847135e+02
2.790000e-06	1.825948e-06	4.296662e-09	1.336409e+01	2.832241e+02
2.800000e-06	1.809196e-06	4.277438e-09	1.324148e+01	2.817185e+02
2.810000e-06	1.792131e-06	4.267078e-09	1.311658e+01	2.801989e+02
2.820000e-06	1.774765e-06	4.238877e-09	1.298948e+01	2.786616e+02
2.830000e-06	1.757190e-06	4.209578e-09	1.286085e+01	2.770967e+02
2.840000e-06	1.739394e-06	4.185592e-09	1.273060e+01	2.754915e+02
2.850000e-06	1.721242e-06	4.166604e-09	1.259774e+01	2.738334e+02
2.860000e-06	1.702694e-06	4.145179e-09	1.246199e+01	2.721136e+02
2.870000e-06	1.683879e-06	4.118145e-09	1.232428e+01	2.703290e+02
2.880000e-06	1.664810e-06	4.079758e-09	1.218472e+01	2.684829e+02
2.890000e-06	1.645386e-06	4.058675e-09	1.204256e+01	2.665838e+02
2.900000e-06	1.625616e-06	4.036461e-09	1.189786e+01	2.646423e+02
2.910000e-06	1.605564e-06	3.996286e-09	1.175110e+01	2.626690e+02
2.920000e-06	1.585229e-06	3.974730e-09	1.160227e+01	2.606722e+02
2.930000e-06	1.564620e-06	3.940248e-09	1.145143e+01	2.586566e+02
2.940000e-06	1.543730e-06	3.902174e-09	1.129853e+01	2.566232e+02
2.950000e-06	1.522512e-06	3.884692e-09	1.114324e+01	2.545700e+02
2.960000e-06	1.500867e-06	3.853354e-09	1.098482e+01	2.524930e+02
2.970000e-06	1.478800e-06	3.813392e-09	1.082331e+01	2.503872e+02
2.980000e-06	1.456466e-06	3.785491e-09	1.065985e+01	2.482475e+02
2.990000e-06	1.433931e-06	3.763824e-09	1.049492e+01	2.460694e+02
3.000000e-06	1.411161e-06	3.722087e-09	1.032826e+01	2.438500e+02
3.010000e-06	1.388142e-06	3.680645e-09	1.015979e+01	2.415882e+02
3.020000e-06	1.364914e-06	3.650137e-09	9.989781e+00	2.392851e+02
3.030000e-06	1.341453e-06	3.615144e-09	9.818073e+00	2.369443e+02
3.040000e-06	1.317749e-06	3.584390e-09	9.644582e+00	2.345706e+02
3.050000e-06	1.293858e-06	3.544106e-09	9.469727e+00	2.321689e+02
3.060000e-06	1.269817e-06	3.506385e-09	9.293773e+00	2.297427e+02
3.070000e-06	1.245566e-06	3.477676e-09	9.116277e+00	2.272925e+02
3.080000e-06	1.221008e-06	3.437218e-09	8.936537e+00	2.248155e+02
3.090000e-06	1.196136e-06	3.397922e-09	8.754502e+00	2.223057e+02
3.100000e-06	1.170967e-06	3.358277e-09	8.570291e+00	2.197560e+02
3.110000e-06	1.145559e-06	3.318171e-09	8.384331e+00	2.171604e+02
3.120000e-06	1.120004e-06	3.282265e-09	8.197292e+00	2.145163e+02
3.130000e-06	1.094314e-06	3.244059e-09	8.009265e+00	2.118253e+02
3.140000e-06	1.068457e-06	3.202095e-09	7.820023e+00	2.090933e+02
3.150000e-06	1.042400e-06	3.159314e-09	7.629311e+00	2.063284e+02
3.160000e-06	1.016160e-06	3.122860e-09	7.437258e+00	2.035383e+02
3.170000e-06	9.897636e-07	3.082791e-09	7.244065e+00	2.007276e+02
3.180000e-06	9.632066e-07	3.039597e-09	7.049694e+00	1.978964e+02
3.190000e-06	9.364691e-07	2.996973e-09	6.854003e+00	1.950404e+02
3.200000e-06	9.095631e-07	2.952431e-09	6.657078e+00	1.921527e+02
3.210000e-06	8.825316e-07	2.912831e-09	6.459235e+00	1.892266e+02
3.220000e-06	8.554112e-07	2.866012e-09	6.260741e+00	1.862585e+02
3.230000e-06	8.282159e-07	2.816474e-09	6.061699e+00	1.832495e+02
3.240000e-06	8.009099e-07	2.773085e-09	5.861847e+00	1.802050e+02
3.250000e-06	7.734655e-07	2.729553e-09	5.660982e+00	1.771331e+02
3.260000e-06	7.458467e-07	2.685871e-09	5.458840e+00	1.740414e+02
3.270000e-06	7.179902e-07	2.636884e-09	5.254959e+00	1.709344e+02
3.280000e-06	6.898813e-07	2.589997e-09	5.049230e+00	1.678115e+02
3.290000e-06	6.615879e-07	2.545337e-09	4.842151e+00	1.646668e+02
3.300000e-06	6.331165e-07	2.497021e-09	4.633770e+00	1.614915e+02
3.310000e-06	6.044974e-07	2.448006e-09	4.424307e+00	1.582761e+02
3.320000e-06	5.758059e-07	2.398398e-09	4.214314e+00	1.550134e+02
3.330000e-06	5.470642e-07	2.351235e-09	4.003954e+00	1.517002e+02
3.340000e-06	5.182926e-07	2.302104e-09	3.793375e+00	1.483377e+02
3.350000e-06	4.894651e-07	2.251548e-09	3.582388e+00	1.449305e+02
3.360000e-06	4.605692e-07	2.201008e-09	3.370899e+00	1.414842e+02
3.370000e-06	4.315985e-07	2.147928e-09	3.158862e+00	1.380039e+02
3.380000e-06	4.025582e-07	2.097111e-09	2.946317e+00	1.344928e+02
3.390000e-06	3.734495e-07	2.043648e-09	2.733271e+00	1.309522e+02
3.400000e-06	3.442331e-07	1.990012e-09	2.519437e+00	1.273823e+02
3.410000e-06	3.149124e-07	1.938281e-09	2.304839e+00	1.237830e+02
3.420000e-06	2.855440e-07	1.885377e-09	2.089892e+00	1.201543e+02
3.430000e-06	2.561496e-07	1.831242e-09	1.874755e+00	1.164966e+02
3.440000e-06	2.267302e-07	1.772785e-09	1.659435e+00	1.128093e+02
3.450000e-06	1.972890e-07	1.715325e-09	1.443955e+00	1.090902e+02
3.460000e-06	1.678105e-07	1.657850e-09	1.228202e+00	1.053349e+02
3.470000e-06	1.382871e-07	1.598784e-09	1.012121e+00	1.015379e+02
3.480000e-06	1.087578e-07	1.541176e-09	7.959967e-01	9.769451e+01
3.490000e-06	7.925378e-08	1.482793e-09	5.800572e-01	9.380276e+01
3.500000e-06	4.973941e-08	1.425187e-09	3.640419e-01	8.986569e+01
3.510000e-06	2.020453e-08	1.365137e-09	1.478766e-01	8.589151e+01
3.520000e-06	-9.335358e-09	1.302852e-09	-6.832534e-02	8.189209e+01
3.530000e-06	-3.886296e-08	1.240654e-09	-2.844374e-01	7.787967e+01
3.540000e-06	-6.837122e-08	1.177704e-09	-5.004079e-01	7.386293e+01
3.550000e-06	-9.785763e-08	1.115983e-09	-7.162185e-01	6.984371e+01
3.560000e-06	-1.272918e-07	1.055376e-09	-9.316468e-01	6.581578e+01
3.570000e-06	-1.566927e-07	9.961581e-10	-1.146831e+00	6.176613e+01
3.580000e-06	-1.860970e-07	9.357421e-10	-1.362041e+00	5.767857e+01
3.590000e-06	-2.154809e-07	8.733211e-10	-1.577101e+00	5.353841e+01
3.600000e-06	-2.448267e-07	8.094305e-10	-1.791883e+00	4.933653e+01
3.610000e-06	-2.741044e-07	7.415878e-10	-2.006166e+00	4.507151e+01
3.620000e-06	-3.033061e-07	6.742178e-10	-2.219893e+00	4.074908e+01
3.630000e-06	-3.324586e-07	6.077607e-10	-2.433259e+00	3.637915e+01
3.640000e-06	-3.615444e-07	5.410363e-10	-2.646138e+00	3.197190e+01
3.650000e-06	-3.905520e-07	4.735804e-10	-2.858444e+00	2.753437e+01
3.660000e-06	-4.195096e-07	4.046723e-10	-3.070384e+00	2.306901e+01
3.670000e-06	-4.484208e-07	3.357546e-10	-3.281985e+00	1.857463e+01
3.680000e-06	-4.772697e-07	2.646693e-10	-3.493130e+00	1.404922e+01
3.690000e-06	-5.060737e-07	1.935785e-10	-3.703945e+00	9.493296e+00
3.700000e-06	-5.348409e-07	1.243933e-10	-3.914492e+00	4.911898e+00
3.710000e-06	-5.635463e-07	5.588998e-11	-4.124587e+00	3.143528e-01
3.720000e-06	-5.921736e-07	-1.310414e-11	-4.334109e+00	-4.288529e+00
3.730000e-06	-6.207165e-07	-8.455229e-11	-4.543014e+00	-8.888726e+00
3.740000e-06	-6.491551e-07	-1.553940e-10	-4.751156e+00	-1.348496e+01
3.750000e-06	-6.774178e-07	-2.249656e-10	-4.958010e+00	-1.808450e+01
3.760000e-06	-7.054511e-07	-2.965753e-10	-5.163186e+00	-2.270164e+01
3.770000e-06	-7.332607e-07	-3.690046e-10	-5.366724e+00	-2.735323e+01
3.780000e-06	-7.608566e-07	-4.416308e-10	-5.568697e+00	-3.205242e+01
3.790000e-06	-7.882778e-07	-5.137235e-10	-5.769393e+00	-3.680329e+01
3.800000e-06	-8.155630e-07	-5.872010e-10	-5.969093e+00	-4.159826e+01
3.810000e-06	-8.427545e-07	-6.616194e-10	-6.168107e+00	-4.641966e+01
3.820000e-06	-8.698854e-07	-7.349654e-10	-6.366678e+00	-5.124505e+01
3.830000e-06	-8.969011e-07	-8.089840e-10	-6.564405e+00	-5.605460e+01
3.840000e-06	-9.237527e-07	-8.829429e-10	-6.760932e+00	-6.083767e+01
3.850000e-06	-9.504412e-07	-9.570090e-10	-6.956264e+00	-6.559626e+01
3.860000e-06	-9.769484e-07	-1.029127e-09	-7.150270e+00	-7.034373e+01
3.870000e-06	-1.003298e-06	-1.100210e-09	-7.343125e+00	-7.509937e+01
3.880000e-06	-1.029492e-06	-1.174099e-09	-7.534834e+00	-7.988055e+01
3.890000e-06	-1.055483e-06	-1.249484e-09	-7.725067e+00	-8.469562e+01
3.900000e-06	-1.081261e-06	-1.325648e-09	-7.913735e+00	-8.954000e+01
3.910000e-06	-1.106886e-06	-1.399582e-09	-8.101282e+00	-9.439722e+01
3.920000e-06	-1.132401e-06	-1.472973e-09	-8.288027e+00	-9.924434e+01
3.930000e-06	-1.157763e-06	-1.547800e-09	-8.473648e+00	-1.040599e+02
3.940000e-06	-1.182886e-06	-1.622090e-09	-8.657523e+00	-1.088310e+02
3.950000e-06	-1.207713e-06	-1.696296e-09	-8.839229e+00	-1.135574e+02
3.960000e-06	-1.232212e-06	-1.769009e-09	-9.018541e+00	-1.182505e+02
3.970000e-06	-1.256423e-06	-1.840413e-09	-9.195737e+00	-1.229273e+02
3.980000e-06	-1.280451e-06	-1.911702e-09	-9.371603e+00	-1.276035e+02
3.990000e-06	-1.304323e-06	-1.983196e-09	-9.546321e+00	-1.322857e+02
4.000000e-06	-1.327998e-06	-2.055540e-09	-9.719599e+00	-1.369684e+02
4.010000e-06	-1.351429e-06	-2.128808e-09	-9.891084e+00	-1.416349e+02
4.020000e-06	-1.374618e-06	-2.201382e-09	-1.006081e+01	-1.462633e+02
4.030000e-06	-1.397584e-06	-2.270667e-09	-1.022889e+01	-1.508341e+02
4.040000e-06	-1.420291e-06	-2.337155e-09	-1.039509e+01	-1.553372e+02
4.050000e-06	-1.442767e-06	-2.404410e-09	-1.055959e+01	-1.597749e+02
4.060000e-06	-1.465075e-06	-2.472426e-09	-1.072286e+01	-1.641598e+02
4.070000e-06	-1.487131e-06	-2.540260e-09	-1.088429e+01	-1.685095e+02
4.080000e-06	-1.508802e-06	-2.606876e-09	-1.104290e+01	-1.728382e+02
4.090000e-06	-1.530085e-06	-2.673126e-09	-1.119866e+01	-1.771502e+02
4.100000e-06	-1.551028e-06	-2.741062e-09	-1.135195e+01	-1.814377e+02
4.110000e-06	-1.571685e-06	-2.807876e-09	-1.150314e+01	-1.856825e+02
4.120000e-06	-1.592061e-06	-2.871410e-09	-1.165227e+01	-1.898625e+02
4.130000e-06	-1.612155e-06	-2.933040e-09	-1.179934e+01	-1.939596e+02
4.140000e-06	-1.631958e-06	-2.995836e-09	-1.194427e+01	-1.979658e+02
4.150000e-06	-1.651359e-06	-3.059815e-09	-1.208627e+01	-2.018855e+02
4.160000e-06	-1.670333e-06	-3.122905e-09	-1.222514e+01	-2.057327e+02
4.170000e-06	-1.689006e-06	-3.182099e-09	-1.236181e+01	-2.095252e+02
4.180000e-06	-1.707428e-06	-3.238923e-09	-1.249664e+01	-2.132763e+02
4.190000e-06	-1.725567e-06	-3.297884e-09	-1.262940e+01	-2.169896e+02
4.200000e-06	-1.743416e-06	-3.357389e-09	-1.276004e+01	-2.206572e+02
4.210000e-06	-1.761033e-06	-3.413931e-09	-1.288897e+01	-2.242630e+02
4.220000e-06	-1.778437e-06	-3.468254e-09	-1.301635e+01	-2.277887e+02
4.230000e-06	-1.795538e-06	-3.522853e-09	-1.314152e+01	-2.312217e+02
4.240000e-06	-1.812329e-06	-3.576618e-09	-1.326440e+01	-2.345598e+02
4.250000e-06	-1.828809e-06	-3.628768e-09	-1.338502e+01	-2.378118e+02
4.260000e-06	-1.844989e-06	-3.680300e-09	-1.350344e+01	-2.409936e+02
4.270000e-06	-1.860913e-06	-3.732315e-09	-1.362000e+01	-2.441214e+02
4.280000e-06	-1.876509e-06	-3.783936e-09	-1.373414e+01	-2.472036e+02
4.290000e-06	-1.891661e-06	-3.832945e-09	-1.384504e+01	-2.502373e+02
4.300000e-06	-1.906380e-06	-3.879587e-09	-1.395276e+01	-2.532072e+02
4.310000e-06	-1.920807e-06	-3.925583e-09	-1.405836e+01	-2.560915e+02
4.320000e-06	-1.934967e-06	-3.971572e-09	-1.416199e+01	-2.588690e+02
4.330000e-06	-1.948767e-06	-4.015176e-09	-1.426300e+01	-2.615276e+02
4.340000e-06	-1.962210e-06	-4.055312e-09	-1.436139e+01	-2.640687e+02
4.350000e-06	-1.975329e-06	-4.094416e-09	-1.445741e+01	-2.665076e+02
4.360000e-06	-1.988180e-06	-4.134473e-09	-1.455146e+01	-2.688683e+02
4.370000e-06	-2.000746e-06	-4.174095e-09	-1.464343e+01	-2.711754e+02
4.380000e-06	-2.012904e-06	-4.210833e-09	-1.473241e+01	-2.734458e+02
4.390000e-06	-2.024586e-06	-4.245478e-09	-1.481791e+01	-2.756839e+02
4.400000e-06	-2.035870e-06	-4.279504e-09	-1.490050e+01	-2.778806e+02
4.410000e-06	-2.046864e-06	-4.312338e-09	-1.498097e+01	-2.800180e+02
4.420000e-06	-2.057541e-06	-4.344024e-09	-1.505911e+01	-2.820770e+02
4.430000e-06	-2.067842e-06	-4.376294e-09	-1.513451e+01	-2.840442e+02
4.440000e-06	-2.077784e-06	-4.408443e-09	-1.520727e+01	-2.859172e+02
4.450000e-06	-2.087438e-06	-4.440196e-09	-1.527792e+01	-2.877045e+02
4.460000e-06	-2.096774e-06	-4.469232e-09	-1.534626e+01	-2.894219e+02
4.470000e-06	-2.105632e-06	-4.492710e-09	-1.541109e+01	-2.910857e+02
4.480000e-06	-2.113995e-06	-4.515338e-09	-1.547229e+01	-2.927061e+02
4.490000e-06	-2.122015e-06	-4.540283e-09	-1.553099e+01	-2.942834e+02
4.500000e-06	-2.129731e-06	-4.565031e-09	-1.558747e+01	-2.958081e+02
4.510000e-06	-2.137120e-06	-4.587365e-09	-1.564155e+01	-2.972653e+02
4.520000e-06	-2.144137e-06	-4.609969e-09	-1.569290e+01	-2.986407e+02
4.530000e-06	-2.150791e-06	-4.632924e-09	-1.574161e+01	-2.999265e+02
4.540000e-06	-2.157176e-06	-4.652739e-09	-1.578834e+01	-3.011246e+02
4.550000e-06	-2.163180e-06	-4.668324e-09	-1.583228e+01	-3.022464e+02
4.560000e-06	-2.168623e-06	-4.681316e-09	-1.587212e+01	-3.033077e+02
4.570000e-06	-2.173545e-06	-4.695185e-09	-1.590814e+01	-3.043238e+02
4.580000e-06	-2.178031e-06	-4.710530e-09	-1.594098e+01	-3.053032e+02
4.590000e-06	-2.182133e-06	-4.724919e-09	-1.597100e+01	-3.062455e+02
4.600000e-06	-2.185877e-06	-4.739183e-09	-1.599840e+01	-3.071415e+02
4.610000e-06	-2.189258e-06	-4.754801e-09	-1.602314e+01	-3.079776e+02
4.620000e-06	-2.192336e-06	-4.768923e-09	-1.604567e+01	-3.087410e+02
4.630000e-06	-2.194991e-06	-4.778385e-09	-1.606511e+01	-3.094245e+02
4.640000e-06	-2.197111e-06	-4.786098e-09	-1.608062e+01	-3.100292e+02
4.650000e-06	-2.198833e-06	-4.794356e-09	-1.609323e+01	-3.105636e+02
4.660000e-06	-2.200250e-06	-4.801548e-09	-1.610360e+01	-3.110406e+02
4.670000e-06	-2.201311e-06	-4.806236e-09	-1.611136e+01	-3.114728e+02
4.680000e-06	-2.202002e-06	-4.811082e-09	-1.611642e+01	-3.118692e+02
4.690000e-06	-2.202329e-06	-4.818841e-09	-1.611881e+01	-3.122324e+02
