# Temperatura_=_20.0
# Concentracion g/m^3_=_10000.0
# C_Vs_to_Am_M_A/Vsm_=_65563218390.804596
# pendiente_HvsI_1/m_=_3716.3
# ordenada_HvsI_A/m_=_1297.0
# frecuencia_Hz_=_213067.67369072564

Tiempo_(s)	Campo_(V.s)	Magnetizacion_(V.s)	Campo_(kA/m)	Magnetizacion_(A/m)
0.000000e+00	-2.202114e-06	-4.852535e-09	-1.611874e+01	-3.139662e+02
1.000000e-08	-2.202030e-06	-4.858273e-09	-1.611812e+01	-3.142939e+02
2.000000e-08	-2.201501e-06	-4.858976e-09	-1.611425e+01	-3.145883e+02
3.000000e-08	-2.200470e-06	-4.857725e-09	-1.610671e+01	-3.148443e+02
4.000000e-08	-2.199054e-06	-4.856916e-09	-1.609634e+01	-3.150490e+02
5.000000e-08	-2.197286e-06	-4.857778e-09	-1.608340e+01	-3.151854e+02
6.000000e-08	-2.195099e-06	-4.855179e-09	-1.606739e+01	-3.152390e+02
7.000000e-08	-2.192480e-06	-4.849960e-09	-1.604822e+01	-3.152032e+02
8.000000e-08	-2.189500e-06	-4.866860e-09	-1.602641e+01	-3.150830e+02
9.000000e-08	-2.186267e-06	-4.857051e-09	-1.600274e+01	-3.148949e+02
1.000000e-07	-2.182665e-06	-4.839836e-09	-1.597638e+01	-3.146613e+02
1.100000e-07	-2.178502e-06	-4.848789e-09	-1.594590e+01	-3.144038e+02
1.200000e-07	-2.173885e-06	-4.841186e-09	-1.591211e+01	-3.141350e+02
1.300000e-07	-2.168926e-06	-4.818101e-09	-1.587582e+01	-3.138544e+02
1.400000e-07	-2.163543e-06	-4.814478e-09	-1.583641e+01	-3.135485e+02
1.500000e-07	-2.157632e-06	-4.822592e-09	-1.579315e+01	-3.131958e+02
1.600000e-07	-2.151212e-06	-4.820247e-09	-1.574615e+01	-3.127756e+02
1.700000e-07	-2.144410e-06	-4.805315e-09	-1.569636e+01	-3.122758e+02
1.800000e-07	-2.137263e-06	-4.791404e-09	-1.564405e+01	-3.116984e+02
1.900000e-07	-2.129741e-06	-4.793133e-09	-1.558899e+01	-3.110592e+02
2.000000e-07	-2.121908e-06	-4.780754e-09	-1.553166e+01	-3.103825e+02
2.100000e-07	-2.113820e-06	-4.748062e-09	-1.547246e+01	-3.096924e+02
2.200000e-07	-2.105384e-06	-4.743681e-09	-1.541071e+01	-3.090036e+02
2.300000e-07	-2.096504e-06	-4.741958e-09	-1.534571e+01	-3.083161e+02
2.400000e-07	-2.087255e-06	-4.721017e-09	-1.527801e+01	-3.076153e+02
2.500000e-07	-2.077729e-06	-4.711492e-09	-1.520828e+01	-3.068771e+02
2.600000e-07	-2.067836e-06	-4.705037e-09	-1.513587e+01	-3.060776e+02
2.700000e-07	-2.057413e-06	-4.699343e-09	-1.505958e+01	-3.052014e+02
2.800000e-07	-2.046532e-06	-4.666922e-09	-1.497993e+01	-3.042478e+02
2.900000e-07	-2.035359e-06	-4.655382e-09	-1.489815e+01	-3.032305e+02
3.000000e-07	-2.023876e-06	-4.646447e-09	-1.481410e+01	-3.021722e+02
3.100000e-07	-2.012042e-06	-4.621222e-09	-1.472748e+01	-3.010957e+02
3.200000e-07	-1.999857e-06	-4.597149e-09	-1.463828e+01	-3.000149e+02
3.300000e-07	-1.987349e-06	-4.583268e-09	-1.454673e+01	-2.989296e+02
3.400000e-07	-1.974566e-06	-4.577665e-09	-1.445316e+01	-2.978258e+02
3.500000e-07	-1.961458e-06	-4.545865e-09	-1.435721e+01	-2.966815e+02
3.600000e-07	-1.947887e-06	-4.527565e-09	-1.425788e+01	-2.954755e+02
3.700000e-07	-1.933861e-06	-4.517044e-09	-1.415522e+01	-2.941961e+02
3.800000e-07	-1.919516e-06	-4.489496e-09	-1.405021e+01	-2.928462e+02
3.900000e-07	-1.904860e-06	-4.464934e-09	-1.394294e+01	-2.914419e+02
4.000000e-07	-1.889874e-06	-4.442695e-09	-1.383325e+01	-2.900076e+02
4.100000e-07	-1.874570e-06	-4.423300e-09	-1.372123e+01	-2.885664e+02
4.200000e-07	-1.858964e-06	-4.400252e-09	-1.360700e+01	-2.871320e+02
4.300000e-07	-1.843110e-06	-4.376732e-09	-1.349095e+01	-2.857040e+02
4.400000e-07	-1.826970e-06	-4.356391e-09	-1.337281e+01	-2.842689e+02
4.500000e-07	-1.810437e-06	-4.326327e-09	-1.325179e+01	-2.828054e+02
4.600000e-07	-1.793479e-06	-4.305319e-09	-1.312767e+01	-2.812928e+02
4.700000e-07	-1.776158e-06	-4.283612e-09	-1.300088e+01	-2.797183e+02
4.800000e-07	-1.758546e-06	-4.260155e-09	-1.287197e+01	-2.780809e+02
4.900000e-07	-1.740657e-06	-4.234132e-09	-1.274103e+01	-2.763900e+02
5.000000e-07	-1.722474e-06	-4.201952e-09	-1.260793e+01	-2.746604e+02
5.100000e-07	-1.703998e-06	-4.179515e-09	-1.247270e+01	-2.729052e+02
5.200000e-07	-1.685220e-06	-4.147123e-09	-1.233525e+01	-2.711293e+02
5.300000e-07	-1.666179e-06	-4.112245e-09	-1.219587e+01	-2.693280e+02
5.400000e-07	-1.646842e-06	-4.084436e-09	-1.205433e+01	-2.674893e+02
5.500000e-07	-1.627122e-06	-4.059113e-09	-1.190999e+01	-2.655991e+02
5.600000e-07	-1.606964e-06	-4.032833e-09	-1.176244e+01	-2.636489e+02
5.700000e-07	-1.586370e-06	-3.998372e-09	-1.161170e+01	-2.616395e+02
5.800000e-07	-1.565444e-06	-3.968628e-09	-1.145853e+01	-2.595821e+02
5.900000e-07	-1.544225e-06	-3.934023e-09	-1.130321e+01	-2.574939e+02
6.000000e-07	-1.522748e-06	-3.896843e-09	-1.114600e+01	-2.553917e+02
6.100000e-07	-1.501019e-06	-3.864451e-09	-1.098695e+01	-2.532852e+02
6.200000e-07	-1.479001e-06	-3.827636e-09	-1.082580e+01	-2.511723e+02
6.300000e-07	-1.456770e-06	-3.797074e-09	-1.066307e+01	-2.490408e+02
6.400000e-07	-1.434376e-06	-3.765388e-09	-1.049915e+01	-2.468725e+02
6.500000e-07	-1.411732e-06	-3.731528e-09	-1.033341e+01	-2.446513e+02
6.600000e-07	-1.388712e-06	-3.697302e-09	-1.016490e+01	-2.423695e+02
6.700000e-07	-1.365315e-06	-3.660765e-09	-9.993649e+00	-2.400316e+02
6.800000e-07	-1.341632e-06	-3.626463e-09	-9.820300e+00	-2.376523e+02
6.900000e-07	-1.317731e-06	-3.586723e-09	-9.645347e+00	-2.352510e+02
7.000000e-07	-1.293648e-06	-3.547566e-09	-9.469072e+00	-2.328434e+02
7.100000e-07	-1.269376e-06	-3.508851e-09	-9.291406e+00	-2.304350e+02
7.200000e-07	-1.244893e-06	-3.470304e-09	-9.112199e+00	-2.280181e+02
7.300000e-07	-1.220214e-06	-3.433221e-09	-8.931555e+00	-2.255745e+02
7.400000e-07	-1.195343e-06	-3.391050e-09	-8.749511e+00	-2.230821e+02
7.500000e-07	-1.170272e-06	-3.352421e-09	-8.566003e+00	-2.205236e+02
7.600000e-07	-1.144982e-06	-3.315421e-09	-8.380889e+00	-2.178933e+02
7.700000e-07	-1.119511e-06	-3.275626e-09	-8.194449e+00	-2.151993e+02
7.800000e-07	-1.093919e-06	-3.232897e-09	-8.007119e+00	-2.124611e+02
7.900000e-07	-1.068169e-06	-3.186212e-09	-7.818644e+00	-2.097021e+02
8.000000e-07	-1.042212e-06	-3.143217e-09	-7.628645e+00	-2.069403e+02
8.100000e-07	-1.016053e-06	-3.099715e-09	-7.437167e+00	-2.041824e+02
8.200000e-07	-9.896504e-07	-3.055309e-09	-7.243910e+00	-2.014208e+02
8.300000e-07	-9.629618e-07	-3.010583e-09	-7.048559e+00	-1.986371e+02
8.400000e-07	-9.360565e-07	-2.967161e-09	-6.851621e+00	-1.958091e+02
8.500000e-07	-9.090149e-07	-2.927322e-09	-6.653685e+00	-1.929198e+02
8.600000e-07	-8.818921e-07	-2.882496e-09	-6.455155e+00	-1.899636e+02
8.700000e-07	-8.546989e-07	-2.835504e-09	-6.256111e+00	-1.869483e+02
8.800000e-07	-8.273973e-07	-2.785933e-09	-6.056272e+00	-1.838917e+02
8.900000e-07	-7.999299e-07	-2.735381e-09	-5.855220e+00	-1.808147e+02
9.000000e-07	-7.723100e-07	-2.686876e-09	-5.653051e+00	-1.777330e+02
9.100000e-07	-7.445546e-07	-2.637104e-09	-5.449891e+00	-1.746514e+02
9.200000e-07	-7.166659e-07	-2.588448e-09	-5.245755e+00	-1.715626e+02
9.300000e-07	-6.886564e-07	-2.539704e-09	-5.040735e+00	-1.684502e+02
9.400000e-07	-6.605423e-07	-2.492374e-09	-4.834949e+00	-1.652956e+02
9.500000e-07	-6.323117e-07	-2.444303e-09	-4.628311e+00	-1.620851e+02
9.600000e-07	-6.039021e-07	-2.393547e-09	-4.420362e+00	-1.588146e+02
9.700000e-07	-5.753444e-07	-2.342879e-09	-4.211329e+00	-1.554900e+02
9.800000e-07	-5.467140e-07	-2.289531e-09	-4.001764e+00	-1.521238e+02
9.900000e-07	-5.180354e-07	-2.234753e-09	-3.791846e+00	-1.487292e+02
1.000000e-06	-4.893077e-07	-2.180178e-09	-3.581569e+00	-1.453135e+02
1.010000e-06	-4.605460e-07	-2.125525e-09	-3.371043e+00	-1.418757e+02
1.020000e-06	-4.317544e-07	-2.071617e-09	-3.160298e+00	-1.384072e+02
1.030000e-06	-4.028962e-07	-2.017589e-09	-2.949065e+00	-1.348958e+02
1.040000e-06	-3.739738e-07	-1.964364e-09	-2.737363e+00	-1.313324e+02
1.050000e-06	-3.449956e-07	-1.909874e-09	-2.525253e+00	-1.277153e+02
1.060000e-06	-3.159193e-07	-1.852639e-09	-2.312424e+00	-1.240523e+02
1.070000e-06	-2.867438e-07	-1.793838e-09	-2.098868e+00	-1.203578e+02
1.080000e-06	-2.574930e-07	-1.734113e-09	-1.884763e+00	-1.166477e+02
1.090000e-06	-2.281573e-07	-1.677036e-09	-1.670035e+00	-1.129320e+02
1.100000e-06	-1.987447e-07	-1.618533e-09	-1.454745e+00	-1.092109e+02
1.110000e-06	-1.692951e-07	-1.560136e-09	-1.239184e+00	-1.054736e+02
1.120000e-06	-1.398220e-07	-1.503526e-09	-1.023450e+00	-1.017020e+02
1.130000e-06	-1.103001e-07	-1.445741e-09	-8.073598e-01	-9.787737e+01
1.140000e-06	-8.072616e-08	-1.387631e-09	-5.908885e-01	-9.398781e+01
1.150000e-06	-5.111488e-08	-1.326223e-09	-3.741438e-01	-9.003270e+01
1.160000e-06	-2.148952e-08	-1.264780e-09	-1.572961e-01	-8.602335e+01
1.170000e-06	8.110149e-09	-1.202588e-09	5.936358e-02	-8.197898e+01
1.180000e-06	3.772117e-08	-1.139114e-09	2.761063e-01	-7.791964e+01
1.190000e-06	6.731632e-08	-1.076825e-09	4.927329e-01	-7.385898e+01
1.200000e-06	9.683795e-08	-1.014080e-09	7.088214e-01	-6.979949e+01
1.210000e-06	1.262891e-07	-9.533264e-10	9.243941e-01	-6.573225e+01
1.220000e-06	1.556896e-07	-8.928405e-10	1.139596e+00	-6.164091e+01
1.230000e-06	1.850624e-07	-8.306696e-10	1.354595e+00	-5.750852e+01
1.240000e-06	2.143678e-07	-7.677114e-10	1.569101e+00	-5.332421e+01
1.250000e-06	2.435981e-07	-7.034488e-10	1.783057e+00	-4.908718e+01
1.260000e-06	2.727703e-07	-6.368734e-10	1.996587e+00	-4.480638e+01
1.270000e-06	3.018538e-07	-5.677449e-10	2.209469e+00	-4.049617e+01
1.280000e-06	3.308578e-07	-5.005991e-10	2.421769e+00	-3.616975e+01
1.290000e-06	3.598210e-07	-4.371478e-10	2.633770e+00	-3.183318e+01
1.300000e-06	3.887027e-07	-3.740114e-10	2.845174e+00	-2.748240e+01
1.310000e-06	4.175030e-07	-3.097854e-10	3.055982e+00	-2.310467e+01
1.320000e-06	4.462644e-07	-2.431096e-10	3.266506e+00	-1.868374e+01
1.330000e-06	4.749904e-07	-1.752358e-10	3.476771e+00	-1.420683e+01
1.340000e-06	5.036775e-07	-1.040667e-10	3.686751e+00	-9.670470e+00
1.350000e-06	5.323254e-07	-2.927560e-11	3.896444e+00	-5.083011e+00
1.360000e-06	5.609048e-07	4.368940e-11	4.105635e+00	-4.624502e-01
1.370000e-06	5.893717e-07	1.127937e-10	4.314004e+00	4.169482e+00
1.380000e-06	6.177464e-07	1.794422e-10	4.521697e+00	8.794891e+00
1.390000e-06	6.460264e-07	2.483957e-10	4.728697e+00	1.340604e+01
1.400000e-06	6.741862e-07	3.201854e-10	4.934818e+00	1.800807e+01
1.410000e-06	7.022273e-07	3.938107e-10	5.140070e+00	2.261704e+01
1.420000e-06	7.301498e-07	4.670343e-10	5.344452e+00	2.725410e+01
1.430000e-06	7.579495e-07	5.392621e-10	5.547937e+00	3.193788e+01
1.440000e-06	7.856167e-07	6.131567e-10	5.750451e+00	3.667786e+01
1.450000e-06	8.131369e-07	6.869123e-10	5.951890e+00	4.147117e+01
1.460000e-06	8.404853e-07	7.577531e-10	6.152072e+00	4.630357e+01
1.470000e-06	8.677015e-07	8.268409e-10	6.351285e+00	5.115430e+01
1.480000e-06	8.948319e-07	8.980781e-10	6.549870e+00	5.600273e+01
1.490000e-06	9.218752e-07	9.728892e-10	6.747818e+00	6.083434e+01
1.500000e-06	9.487967e-07	1.049570e-09	6.944875e+00	6.564417e+01
1.510000e-06	9.755169e-07	1.126068e-09	7.140458e+00	7.043656e+01
1.520000e-06	1.001970e-06	1.199554e-09	7.334089e+00	7.522183e+01
1.530000e-06	1.028125e-06	1.271699e-09	7.525530e+00	8.001130e+01
1.540000e-06	1.054000e-06	1.344984e-09	7.714925e+00	8.481269e+01
1.550000e-06	1.079665e-06	1.416122e-09	7.902791e+00	8.962750e+01
1.560000e-06	1.105197e-06	1.485014e-09	8.089676e+00	9.445092e+01
1.570000e-06	1.130617e-06	1.554368e-09	8.275736e+00	9.927409e+01
1.580000e-06	1.155873e-06	1.625845e-09	8.460603e+00	1.040874e+02
1.590000e-06	1.180908e-06	1.700304e-09	8.643851e+00	1.088833e+02
1.600000e-06	1.205721e-06	1.775770e-09	8.825478e+00	1.136578e+02
1.610000e-06	1.230349e-06	1.851260e-09	9.005747e+00	1.184103e+02
1.620000e-06	1.254775e-06	1.926523e-09	9.184536e+00	1.231417e+02
1.630000e-06	1.279009e-06	1.998635e-09	9.361917e+00	1.278528e+02
1.640000e-06	1.303076e-06	2.068009e-09	9.538081e+00	1.325428e+02
1.650000e-06	1.326982e-06	2.135210e-09	9.713068e+00	1.372091e+02
1.660000e-06	1.350717e-06	2.201434e-09	9.886799e+00	1.418482e+02
1.670000e-06	1.374176e-06	2.269206e-09	1.005851e+01	1.464566e+02
1.680000e-06	1.397229e-06	2.340956e-09	1.022725e+01	1.510324e+02
1.690000e-06	1.419897e-06	2.413194e-09	1.039317e+01	1.555748e+02
1.700000e-06	1.442310e-06	2.483714e-09	1.055723e+01	1.600832e+02
1.710000e-06	1.464536e-06	2.553158e-09	1.071991e+01	1.645566e+02
1.720000e-06	1.486570e-06	2.618917e-09	1.088119e+01	1.689918e+02
1.730000e-06	1.508359e-06	2.682545e-09	1.104068e+01	1.733836e+02
1.740000e-06	1.529891e-06	2.743579e-09	1.119829e+01	1.777256e+02
1.750000e-06	1.551174e-06	2.805756e-09	1.135408e+01	1.820118e+02
1.760000e-06	1.572176e-06	2.872030e-09	1.150780e+01	1.862386e+02
1.770000e-06	1.592888e-06	2.936996e-09	1.165941e+01	1.904055e+02
1.780000e-06	1.613257e-06	2.998248e-09	1.180850e+01	1.945146e+02
1.790000e-06	1.633149e-06	3.056805e-09	1.195410e+01	1.985695e+02
1.800000e-06	1.652608e-06	3.114388e-09	1.209654e+01	2.025725e+02
1.810000e-06	1.671780e-06	3.172599e-09	1.223687e+01	2.065232e+02
1.820000e-06	1.690688e-06	3.229538e-09	1.237527e+01	2.104179e+02
1.830000e-06	1.709316e-06	3.284674e-09	1.251162e+01	2.142499e+02
1.840000e-06	1.727679e-06	3.338341e-09	1.264604e+01	2.180126e+02
1.850000e-06	1.745755e-06	3.391209e-09	1.277834e+01	2.217011e+02
1.860000e-06	1.763534e-06	3.442763e-09	1.290848e+01	2.253146e+02
1.870000e-06	1.781095e-06	3.493024e-09	1.303702e+01	2.288564e+02
1.880000e-06	1.798410e-06	3.544667e-09	1.316376e+01	2.323324e+02
1.890000e-06	1.815338e-06	3.596357e-09	1.328767e+01	2.357481e+02
1.900000e-06	1.831797e-06	3.646093e-09	1.340814e+01	2.391059e+02
1.910000e-06	1.847858e-06	3.692863e-09	1.352570e+01	2.424031e+02
1.920000e-06	1.863647e-06	3.737273e-09	1.364128e+01	2.456317e+02
1.930000e-06	1.879169e-06	3.781515e-09	1.375489e+01	2.487806e+02
1.940000e-06	1.894363e-06	3.824945e-09	1.386611e+01	2.518388e+02
1.950000e-06	1.909226e-06	3.865888e-09	1.397490e+01	2.547987e+02
1.960000e-06	1.923802e-06	3.905419e-09	1.408159e+01	2.576580e+02
1.970000e-06	1.938118e-06	3.946472e-09	1.418638e+01	2.604202e+02
1.980000e-06	1.952097e-06	3.986708e-09	1.428869e+01	2.630927e+02
1.990000e-06	1.965653e-06	4.023678e-09	1.438793e+01	2.656839e+02
2.000000e-06	1.978780e-06	4.058605e-09	1.448401e+01	2.682007e+02
2.010000e-06	1.991537e-06	4.092824e-09	1.457738e+01	2.706463e+02
2.020000e-06	2.003970e-06	4.127748e-09	1.466839e+01	2.730205e+02
2.030000e-06	2.016093e-06	4.161486e-09	1.475713e+01	2.753210e+02
2.040000e-06	2.027896e-06	4.192860e-09	1.484352e+01	2.775462e+02
2.050000e-06	2.039352e-06	4.223562e-09	1.492738e+01	2.796961e+02
2.060000e-06	2.050534e-06	4.253161e-09	1.500923e+01	2.817738e+02
2.070000e-06	2.061422e-06	4.281425e-09	1.508892e+01	2.837845e+02
2.080000e-06	2.071857e-06	4.308226e-09	1.516530e+01	2.857331e+02
2.090000e-06	2.081793e-06	4.335224e-09	1.523803e+01	2.876227e+02
2.100000e-06	2.091338e-06	4.363489e-09	1.530790e+01	2.894533e+02
2.110000e-06	2.100549e-06	4.390116e-09	1.537531e+01	2.912215e+02
2.120000e-06	2.109394e-06	4.413168e-09	1.544006e+01	2.929228e+02
2.130000e-06	2.117901e-06	4.434508e-09	1.550233e+01	2.945536e+02
2.140000e-06	2.126095e-06	4.456983e-09	1.556231e+01	2.961131e+02
2.150000e-06	2.133990e-06	4.479776e-09	1.562009e+01	2.976038e+02
2.160000e-06	2.141565e-06	4.502071e-09	1.567554e+01	2.990307e+02
2.170000e-06	2.148718e-06	4.522957e-09	1.572790e+01	3.003990e+02
2.180000e-06	2.155462e-06	4.542894e-09	1.577726e+01	3.017116e+02
2.190000e-06	2.161826e-06	4.561391e-09	1.582385e+01	3.029677e+02
2.200000e-06	2.167760e-06	4.577917e-09	1.586728e+01	3.041628e+02
2.210000e-06	2.173253e-06	4.592387e-09	1.590749e+01	3.052906e+02
2.220000e-06	2.178368e-06	4.606102e-09	1.594493e+01	3.063463e+02
2.230000e-06	2.183128e-06	4.621327e-09	1.597977e+01	3.073287e+02
2.240000e-06	2.187437e-06	4.636573e-09	1.601131e+01	3.082416e+02
2.250000e-06	2.191243e-06	4.651539e-09	1.603916e+01	3.090931e+02
2.260000e-06	2.194603e-06	4.666326e-09	1.606376e+01	3.098926e+02
2.270000e-06	2.197601e-06	4.680618e-09	1.608570e+01	3.106475e+02
2.280000e-06	2.200228e-06	4.693444e-09	1.610493e+01	3.113607e+02
2.290000e-06	2.202448e-06	4.703098e-09	1.612119e+01	3.120297e+02
2.300000e-06	2.204319e-06	4.710815e-09	1.613488e+01	3.126482e+02
2.310000e-06	2.205880e-06	4.719659e-09	1.614630e+01	3.132098e+02
2.320000e-06	2.207075e-06	4.729100e-09	1.615505e+01	3.137112e+02
2.330000e-06	2.207801e-06	4.737372e-09	1.616037e+01	3.141547e+02
2.340000e-06	2.208052e-06	4.743966e-09	1.616220e+01	3.145475e+02
2.350000e-06	2.207928e-06	4.749495e-09	1.616129e+01	3.148991e+02
2.360000e-06	2.207453e-06	4.754262e-09	1.615782e+01	3.152162e+02
2.370000e-06	2.206640e-06	4.758628e-09	1.615187e+01	3.154992e+02
2.380000e-06	2.205488e-06	4.763533e-09	1.614344e+01	3.157401e+02
2.390000e-06	2.204022e-06	4.767802e-09	1.613270e+01	3.159238e+02
2.400000e-06	2.202239e-06	4.773862e-09	1.611966e+01	3.160337e+02
2.410000e-06	2.199992e-06	4.779745e-09	1.610321e+01	3.160573e+02
2.420000e-06	2.197212e-06	4.763023e-09	1.608286e+01	3.159917e+02
2.430000e-06	2.194041e-06	4.776553e-09	1.605965e+01	3.158465e+02
2.440000e-06	2.190531e-06	4.770965e-09	1.603396e+01	3.156408e+02
2.450000e-06	2.186533e-06	4.748321e-09	1.600469e+01	3.153978e+02
2.460000e-06	2.182129e-06	4.770712e-09	1.597245e+01	3.151365e+02
2.470000e-06	2.177545e-06	4.766423e-09	1.593890e+01	3.148654e+02
2.480000e-06	2.172649e-06	4.767353e-09	1.590307e+01	3.145791e+02
2.490000e-06	2.167090e-06	4.740796e-09	1.586237e+01	3.142604e+02
2.500000e-06	2.160917e-06	4.750069e-09	1.581719e+01	3.138873e+02
2.510000e-06	2.154487e-06	4.754661e-09	1.577012e+01	3.134409e+02
2.520000e-06	2.147784e-06	4.732604e-09	1.572106e+01	3.129140e+02
2.530000e-06	2.140586e-06	4.712503e-09	1.566838e+01	3.123136e+02
2.540000e-06	2.132951e-06	4.714158e-09	1.561249e+01	3.116594e+02
2.550000e-06	2.125081e-06	4.721758e-09	1.555488e+01	3.109767e+02
2.560000e-06	2.116908e-06	4.689300e-09	1.549506e+01	3.102870e+02
2.570000e-06	2.108188e-06	4.686841e-09	1.543123e+01	3.096005e+02
2.580000e-06	2.098953e-06	4.689212e-09	1.536363e+01	3.089117e+02
2.590000e-06	2.089397e-06	4.674682e-09	1.529369e+01	3.082018e+02
2.600000e-06	2.079529e-06	4.645770e-09	1.522146e+01	3.074457e+02
2.610000e-06	2.069289e-06	4.645925e-09	1.514651e+01	3.066215e+02
2.620000e-06	2.058733e-06	4.641692e-09	1.506924e+01	3.057185e+02
2.630000e-06	2.047870e-06	4.609880e-09	1.498972e+01	3.047414e+02
2.640000e-06	2.036669e-06	4.592020e-09	1.490773e+01	3.037081e+02
2.650000e-06	2.025096e-06	4.602413e-09	1.482303e+01	3.026421e+02
2.660000e-06	2.013074e-06	4.581181e-09	1.473503e+01	3.015643e+02
2.670000e-06	2.000580e-06	4.548536e-09	1.464358e+01	3.004837e+02
2.680000e-06	1.987738e-06	4.542237e-09	1.454958e+01	2.993951e+02
2.690000e-06	1.974640e-06	4.537608e-09	1.445370e+01	2.982809e+02
2.700000e-06	1.961180e-06	4.505671e-09	1.435518e+01	2.971181e+02
2.710000e-06	1.947347e-06	4.483367e-09	1.425393e+01	2.958881e+02
2.720000e-06	1.933249e-06	4.485128e-09	1.415074e+01	2.945840e+02
2.730000e-06	1.918878e-06	4.456829e-09	1.404555e+01	2.932136e+02
2.740000e-06	1.904126e-06	4.427848e-09	1.393756e+01	2.917970e+02
2.750000e-06	1.888918e-06	4.414866e-09	1.382625e+01	2.903591e+02
2.760000e-06	1.873326e-06	4.393808e-09	1.371212e+01	2.889204e+02
2.770000e-06	1.857434e-06	4.362045e-09	1.359580e+01	2.874900e+02
2.780000e-06	1.841245e-06	4.342401e-09	1.347730e+01	2.860627e+02
2.790000e-06	1.824762e-06	4.334186e-09	1.335665e+01	2.846213e+02
2.800000e-06	1.807991e-06	4.306722e-09	1.323389e+01	2.831437e+02
2.810000e-06	1.790925e-06	4.278215e-09	1.310897e+01	2.816114e+02
2.820000e-06	1.773578e-06	4.259869e-09	1.298200e+01	2.800154e+02
2.830000e-06	1.756012e-06	4.236571e-09	1.285342e+01	2.783588e+02
2.840000e-06	1.738199e-06	4.207051e-09	1.272304e+01	2.766537e+02
2.850000e-06	1.720018e-06	4.174905e-09	1.258996e+01	2.749150e+02
2.860000e-06	1.701469e-06	4.157081e-09	1.245418e+01	2.731535e+02
2.870000e-06	1.682633e-06	4.135653e-09	1.231631e+01	2.713708e+02
2.880000e-06	1.663516e-06	4.099146e-09	1.217638e+01	2.695591e+02
2.890000e-06	1.644069e-06	4.071726e-09	1.203404e+01	2.677048e+02
2.900000e-06	1.624302e-06	4.048164e-09	1.188935e+01	2.657952e+02
2.910000e-06	1.604254e-06	4.018388e-09	1.174261e+01	2.638247e+02
2.920000e-06	1.583932e-06	3.983914e-09	1.159385e+01	2.617978e+02
2.930000e-06	1.563300e-06	3.955885e-09	1.144283e+01	2.597285e+02
2.940000e-06	1.542336e-06	3.925947e-09	1.128938e+01	2.576348e+02
2.950000e-06	1.521036e-06	3.890580e-09	1.113347e+01	2.555317e+02
2.960000e-06	1.499319e-06	3.862098e-09	1.097452e+01	2.534247e+02
2.970000e-06	1.477220e-06	3.828514e-09	1.081276e+01	2.513082e+02
2.980000e-06	1.454876e-06	3.794405e-09	1.064921e+01	2.491670e+02
2.990000e-06	1.432330e-06	3.762105e-09	1.048417e+01	2.469828e+02
3.000000e-06	1.409561e-06	3.727378e-09	1.031751e+01	2.447417e+02
3.010000e-06	1.386539e-06	3.696082e-09	1.014900e+01	2.424401e+02
3.020000e-06	1.363292e-06	3.660412e-09	9.978841e+00	2.400867e+02
3.030000e-06	1.339825e-06	3.622163e-09	9.807072e+00	2.376986e+02
3.040000e-06	1.316135e-06	3.587001e-09	9.633672e+00	2.352947e+02
3.050000e-06	1.292265e-06	3.551746e-09	9.458948e+00	2.328879e+02
3.060000e-06	1.268229e-06	3.513185e-09	9.283015e+00	2.304791e+02
3.070000e-06	1.243990e-06	3.475678e-09	9.105593e+00	2.280564e+02
3.080000e-06	1.219465e-06	3.445035e-09	8.926074e+00	2.255992e+02
3.090000e-06	1.194597e-06	3.410297e-09	8.744050e+00	2.230862e+02
3.100000e-06	1.169413e-06	3.369709e-09	8.559716e+00	2.205036e+02
3.110000e-06	1.144010e-06	3.327827e-09	8.373770e+00	2.178503e+02
3.120000e-06	1.118450e-06	3.285857e-09	8.186681e+00	2.151394e+02
3.130000e-06	1.092756e-06	3.246077e-09	7.998609e+00	2.123923e+02
3.140000e-06	1.066884e-06	3.202747e-09	7.809233e+00	2.096318e+02
3.150000e-06	1.040800e-06	3.162447e-09	7.618308e+00	2.068724e+02
3.160000e-06	1.014548e-06	3.124798e-09	7.426156e+00	2.041158e+02
3.170000e-06	9.881548e-07	3.081973e-09	7.232963e+00	2.013500e+02
3.180000e-06	9.616088e-07	3.038988e-09	7.038655e+00	1.985542e+02
3.190000e-06	9.348906e-07	2.995176e-09	6.843087e+00	1.957072e+02
3.200000e-06	9.080039e-07	2.949966e-09	6.646285e+00	1.927955e+02
3.210000e-06	8.809754e-07	2.903885e-09	6.448445e+00	1.898182e+02
3.220000e-06	8.538510e-07	2.859218e-09	6.249904e+00	1.867871e+02
3.230000e-06	8.266261e-07	2.815927e-09	6.050627e+00	1.837222e+02
3.240000e-06	7.992824e-07	2.769086e-09	5.850480e+00	1.806432e+02
3.250000e-06	7.718147e-07	2.723512e-09	5.649426e+00	1.775627e+02
3.260000e-06	7.441924e-07	2.679037e-09	5.447240e+00	1.744810e+02
3.270000e-06	7.163369e-07	2.634821e-09	5.243347e+00	1.713871e+02
3.280000e-06	6.881981e-07	2.589240e-09	5.037380e+00	1.682630e+02
3.290000e-06	6.598181e-07	2.540376e-09	4.829648e+00	1.650910e+02
3.300000e-06	6.313037e-07	2.493646e-09	4.620932e+00	1.618605e+02
3.310000e-06	6.026929e-07	2.444283e-09	4.411511e+00	1.585710e+02
3.320000e-06	5.739883e-07	2.392314e-09	4.201403e+00	1.552313e+02
3.330000e-06	5.452426e-07	2.341429e-09	3.990994e+00	1.518549e+02
3.340000e-06	5.164572e-07	2.291834e-09	3.780294e+00	1.484534e+02
3.350000e-06	4.876288e-07	2.243427e-09	3.569280e+00	1.450316e+02
3.360000e-06	4.587437e-07	2.191842e-09	3.357850e+00	1.415854e+02
3.370000e-06	4.297983e-07	2.139601e-09	3.145980e+00	1.381043e+02
3.380000e-06	4.007937e-07	2.088121e-09	2.933676e+00	1.345765e+02
3.390000e-06	3.717154e-07	2.036057e-09	2.720832e+00	1.309950e+02
3.400000e-06	3.425716e-07	1.982324e-09	2.507510e+00	1.273616e+02
3.410000e-06	3.133441e-07	1.925539e-09	2.293574e+00	1.236868e+02
3.420000e-06	2.840443e-07	1.869262e-09	2.079109e+00	1.199862e+02
3.430000e-06	2.546835e-07	1.813454e-09	1.864198e+00	1.162745e+02
3.440000e-06	2.252647e-07	1.758350e-09	1.648862e+00	1.125585e+02
3.450000e-06	1.958120e-07	1.703405e-09	1.433278e+00	1.088345e+02
3.460000e-06	1.663193e-07	1.647820e-09	1.217402e+00	1.050885e+02
3.470000e-06	1.368056e-07	1.593496e-09	1.001371e+00	1.013013e+02
3.480000e-06	1.073168e-07	1.535911e-09	7.855235e-01	9.745582e+01
3.490000e-06	7.783952e-08	1.474441e-09	5.697593e-01	9.354378e+01
3.500000e-06	4.833564e-08	1.411233e-09	3.538007e-01	8.956891e+01
3.510000e-06	1.882481e-08	1.347913e-09	1.377913e-01	8.554595e+01
3.520000e-06	-1.068132e-08	1.287145e-09	-7.818369e-02	8.149530e+01
3.530000e-06	-4.017779e-08	1.225869e-09	-2.940880e-01	7.743549e+01
3.540000e-06	-6.966953e-08	1.165533e-09	-5.099577e-01	7.337662e+01
3.550000e-06	-9.916636e-08	1.105951e-09	-7.258647e-01	6.931698e+01
3.560000e-06	-1.286450e-07	1.046239e-09	-9.416382e-01	6.524439e+01
3.570000e-06	-1.580967e-07	9.834833e-10	-1.157215e+00	6.114147e+01
3.580000e-06	-1.875215e-07	9.166771e-10	-1.372595e+00	5.699272e+01
3.590000e-06	-2.168922e-07	8.508010e-10	-1.587579e+00	5.279054e+01
3.600000e-06	-2.462140e-07	7.842409e-10	-1.802204e+00	4.853782e+01
3.610000e-06	-2.754707e-07	7.174055e-10	-2.016353e+00	4.424604e+01
3.620000e-06	-3.046707e-07	6.517100e-10	-2.230088e+00	3.992996e+01
3.630000e-06	-3.338286e-07	5.879119e-10	-2.443514e+00	3.560084e+01
3.640000e-06	-3.629220e-07	5.254709e-10	-2.656468e+00	3.126131e+01
3.650000e-06	-3.919513e-07	4.601543e-10	-2.868953e+00	2.690391e+01
3.660000e-06	-4.209099e-07	3.913743e-10	-3.080920e+00	2.251392e+01
3.670000e-06	-4.498075e-07	3.204785e-10	-3.292441e+00	1.807552e+01
3.680000e-06	-4.786497e-07	2.488272e-10	-3.503556e+00	1.357864e+01
3.690000e-06	-5.074428e-07	1.774829e-10	-3.714312e+00	9.023905e+00
3.700000e-06	-5.361966e-07	1.072234e-10	-3.924780e+00	4.423510e+00
3.710000e-06	-5.649202e-07	4.001806e-11	-4.135027e+00	-2.024238e-01
3.720000e-06	-5.935649e-07	-2.648467e-11	-4.344697e+00	-4.832652e+00
3.730000e-06	-6.220952e-07	-9.386205e-11	-4.553529e+00	-9.452262e+00
3.740000e-06	-6.505156e-07	-1.644471e-10	-4.761557e+00	-1.405795e+01
3.750000e-06	-6.787575e-07	-2.368564e-10	-4.968278e+00	-1.865913e+01
3.760000e-06	-7.067778e-07	-3.091511e-10	-5.173377e+00	-2.327445e+01
3.770000e-06	-7.345863e-07	-3.818605e-10	-5.376927e+00	-2.792505e+01
3.780000e-06	-7.621592e-07	-4.546958e-10	-5.578751e+00	-3.262698e+01
3.790000e-06	-7.895416e-07	-5.283009e-10	-5.779181e+00	-3.738556e+01
3.800000e-06	-8.168082e-07	-5.995929e-10	-5.978764e+00	-4.219359e+01
3.810000e-06	-8.439932e-07	-6.710110e-10	-6.177748e+00	-4.703386e+01
3.820000e-06	-8.711021e-07	-7.442877e-10	-6.376177e+00	-5.188489e+01
3.830000e-06	-8.980979e-07	-8.192437e-10	-6.573777e+00	-5.672759e+01
3.840000e-06	-9.249280e-07	-8.947190e-10	-6.770164e+00	-6.155059e+01
3.850000e-06	-9.515771e-07	-9.687119e-10	-6.965226e+00	-6.635237e+01
3.860000e-06	-9.780491e-07	-1.041477e-09	-7.158993e+00	-7.113989e+01
3.870000e-06	-1.004369e-06	-1.114673e-09	-7.351646e+00	-7.592440e+01
3.880000e-06	-1.030535e-06	-1.188591e-09	-7.543173e+00	-8.071641e+01
3.890000e-06	-1.056516e-06	-1.262566e-09	-7.733344e+00	-8.552164e+01
3.900000e-06	-1.082304e-06	-1.337155e-09	-7.922107e+00	-9.033923e+01
3.910000e-06	-1.107928e-06	-1.411923e-09	-8.109665e+00	-9.516264e+01
3.920000e-06	-1.133423e-06	-1.485886e-09	-8.296281e+00	-9.998235e+01
3.930000e-06	-1.158747e-06	-1.559389e-09	-8.481642e+00	-1.047892e+02
3.940000e-06	-1.183846e-06	-1.632766e-09	-8.665354e+00	-1.095768e+02
3.950000e-06	-1.208655e-06	-1.706804e-09	-8.846951e+00	-1.143425e+02
3.960000e-06	-1.233136e-06	-1.780137e-09	-9.026141e+00	-1.190864e+02
3.970000e-06	-1.257328e-06	-1.851363e-09	-9.203223e+00	-1.238097e+02
3.980000e-06	-1.281336e-06	-1.922094e-09	-9.378953e+00	-1.285126e+02
3.990000e-06	-1.305191e-06	-1.992913e-09	-9.553565e+00	-1.331936e+02
4.000000e-06	-1.328851e-06	-2.064164e-09	-9.726746e+00	-1.378498e+02
4.010000e-06	-1.352299e-06	-2.136145e-09	-9.898374e+00	-1.424774e+02
4.020000e-06	-1.375499e-06	-2.207769e-09	-1.006820e+01	-1.470736e+02
4.030000e-06	-1.398425e-06	-2.278465e-09	-1.023600e+01	-1.516367e+02
4.040000e-06	-1.421105e-06	-2.350360e-09	-1.040202e+01	-1.561661e+02
4.050000e-06	-1.443579e-06	-2.421324e-09	-1.056652e+01	-1.606615e+02
4.060000e-06	-1.465870e-06	-2.489980e-09	-1.072968e+01	-1.651210e+02
4.070000e-06	-1.487919e-06	-2.557248e-09	-1.089107e+01	-1.695406e+02
4.080000e-06	-1.509593e-06	-2.623820e-09	-1.104972e+01	-1.739147e+02
4.090000e-06	-1.530845e-06	-2.690014e-09	-1.120527e+01	-1.782367e+02
4.100000e-06	-1.551754e-06	-2.755587e-09	-1.135832e+01	-1.825013e+02
4.110000e-06	-1.572403e-06	-2.820596e-09	-1.150946e+01	-1.867060e+02
4.120000e-06	-1.592778e-06	-2.885583e-09	-1.165860e+01	-1.908513e+02
4.130000e-06	-1.612874e-06	-2.950616e-09	-1.180570e+01	-1.949400e+02
4.140000e-06	-1.632645e-06	-3.015252e-09	-1.195041e+01	-1.989755e+02
4.150000e-06	-1.651987e-06	-3.079998e-09	-1.209199e+01	-2.029594e+02
4.160000e-06	-1.670929e-06	-3.143307e-09	-1.223064e+01	-2.068900e+02
4.170000e-06	-1.689575e-06	-3.203253e-09	-1.236713e+01	-2.107625e+02
4.180000e-06	-1.707999e-06	-3.261957e-09	-1.250198e+01	-2.145700e+02
4.190000e-06	-1.726165e-06	-3.321450e-09	-1.263495e+01	-2.183060e+02
4.200000e-06	-1.744031e-06	-3.380511e-09	-1.276573e+01	-2.219671e+02
4.210000e-06	-1.761651e-06	-3.438202e-09	-1.289470e+01	-2.255539e+02
4.220000e-06	-1.779045e-06	-3.494018e-09	-1.302202e+01	-2.290710e+02
4.230000e-06	-1.796162e-06	-3.550185e-09	-1.314731e+01	-2.325243e+02
4.240000e-06	-1.812937e-06	-3.604976e-09	-1.327010e+01	-2.359187e+02
4.250000e-06	-1.829373e-06	-3.656874e-09	-1.339040e+01	-2.392548e+02
4.260000e-06	-1.845534e-06	-3.707740e-09	-1.350870e+01	-2.425280e+02
4.270000e-06	-1.861448e-06	-3.759200e-09	-1.362518e+01	-2.457290e+02
4.280000e-06	-1.877045e-06	-3.812481e-09	-1.373935e+01	-2.488463e+02
4.290000e-06	-1.892216e-06	-3.863875e-09	-1.385039e+01	-2.518697e+02
4.300000e-06	-1.906955e-06	-3.910660e-09	-1.395827e+01	-2.547933e+02
4.310000e-06	-1.921369e-06	-3.955048e-09	-1.406378e+01	-2.576169e+02
4.320000e-06	-1.935503e-06	-4.000290e-09	-1.416723e+01	-2.603457e+02
4.330000e-06	-1.949315e-06	-4.044544e-09	-1.426833e+01	-2.629877e+02
4.340000e-06	-1.962800e-06	-4.084854e-09	-1.436704e+01	-2.655513e+02
4.350000e-06	-1.975957e-06	-4.123509e-09	-1.446335e+01	-2.680419e+02
4.360000e-06	-1.988797e-06	-4.163493e-09	-1.455733e+01	-2.704616e+02
4.370000e-06	-2.001329e-06	-4.203877e-09	-1.464906e+01	-2.728093e+02
4.380000e-06	-2.013441e-06	-4.242579e-09	-1.473772e+01	-2.750826e+02
4.390000e-06	-2.025061e-06	-4.278097e-09	-1.482277e+01	-2.772801e+02
4.400000e-06	-2.036301e-06	-4.310654e-09	-1.490505e+01	-2.794032e+02
4.410000e-06	-2.047248e-06	-4.342727e-09	-1.498517e+01	-2.814559e+02
4.420000e-06	-2.057862e-06	-4.374743e-09	-1.506286e+01	-2.834432e+02
4.430000e-06	-2.068118e-06	-4.406532e-09	-1.513793e+01	-2.853700e+02
4.440000e-06	-2.078028e-06	-4.437633e-09	-1.521047e+01	-2.872381e+02
4.450000e-06	-2.087647e-06	-4.467965e-09	-1.528088e+01	-2.890463e+02
4.460000e-06	-2.096947e-06	-4.497128e-09	-1.534895e+01	-2.907905e+02
4.470000e-06	-2.105799e-06	-4.523199e-09	-1.541374e+01	-2.924665e+02
4.480000e-06	-2.114168e-06	-4.546954e-09	-1.547501e+01	-2.940712e+02
4.490000e-06	-2.122154e-06	-4.570569e-09	-1.553346e+01	-2.956051e+02
4.500000e-06	-2.129829e-06	-4.593743e-09	-1.558963e+01	-2.970718e+02
4.510000e-06	-2.137178e-06	-4.615511e-09	-1.564343e+01	-2.984766e+02
4.520000e-06	-2.144156e-06	-4.637466e-09	-1.569450e+01	-2.998242e+02
4.530000e-06	-2.150788e-06	-4.659609e-09	-1.574305e+01	-3.011163e+02
4.540000e-06	-2.157121e-06	-4.680054e-09	-1.578940e+01	-3.023506e+02
4.550000e-06	-2.163065e-06	-4.697015e-09	-1.583291e+01	-3.035218e+02
4.560000e-06	-2.168473e-06	-4.712151e-09	-1.587250e+01	-3.046238e+02
4.570000e-06	-2.173362e-06	-4.727509e-09	-1.590829e+01	-3.056527e+02
4.580000e-06	-2.177847e-06	-4.741961e-09	-1.594112e+01	-3.066090e+02
4.590000e-06	-2.181942e-06	-4.755320e-09	-1.597109e+01	-3.074984e+02
4.600000e-06	-2.185651e-06	-4.768323e-09	-1.599823e+01	-3.083296e+02
4.610000e-06	-2.189016e-06	-4.780243e-09	-1.602287e+01	-3.091118e+02
4.620000e-06	-2.192059e-06	-4.790341e-09	-1.604514e+01	-3.098510e+02
4.630000e-06	-2.194680e-06	-4.799412e-09	-1.606433e+01	-3.105482e+02
4.640000e-06	-2.196812e-06	-4.807619e-09	-1.607993e+01	-3.111992e+02
4.650000e-06	-2.198543e-06	-4.815148e-09	-1.609260e+01	-3.117974e+02
4.660000e-06	-2.199941e-06	-4.822258e-09	-1.610283e+01	-3.123370e+02
4.670000e-06	-2.200989e-06	-4.829348e-09	-1.611051e+01	-3.128166e+02
4.680000e-06	-2.201655e-06	-4.836455e-09	-1.611538e+01	-3.132403e+02
4.690000e-06	-2.201979e-06	-4.843880e-09	-1.611775e+01	-3.136166e+02
