# Temperatura_=_20.0
# Concentracion g/m^3_=_10000.0
# C_Vs_to_Am_M_A/Vsm_=_65563218390.804596
# pendiente_HvsI_1/m_=_3716.3
# ordenada_HvsI_A/m_=_1297.0
# frecuencia_Hz_=_213064.46034958682

Tiempo_(s)	Campo_(V.s)	Magnetizacion_(V.s)	Campo_(kA/m)	Magnetizacion_(A/m)
0.000000e+00	-2.200047e-06	-4.841171e-09	-1.611862e+01	-3.136232e+02
1.000000e-08	-2.199963e-06	-4.845376e-09	-1.611800e+01	-3.139531e+02
2.000000e-08	-2.199467e-06	-4.846728e-09	-1.611437e+01	-3.142381e+02
3.000000e-08	-2.198440e-06	-4.848566e-09	-1.610685e+01	-3.144718e+02
4.000000e-08	-2.197012e-06	-4.850536e-09	-1.609638e+01	-3.146492e+02
5.000000e-08	-2.195266e-06	-4.845095e-09	-1.608359e+01	-3.147679e+02
6.000000e-08	-2.193140e-06	-4.832379e-09	-1.606801e+01	-3.148283e+02
7.000000e-08	-2.190527e-06	-4.885609e-09	-1.604887e+01	-3.148326e+02
8.000000e-08	-2.187511e-06	-4.851290e-09	-1.602677e+01	-3.147831e+02
9.000000e-08	-2.184304e-06	-4.824196e-09	-1.600328e+01	-3.146813e+02
1.000000e-07	-2.180758e-06	-4.875367e-09	-1.597729e+01	-3.145266e+02
1.100000e-07	-2.176600e-06	-4.910273e-09	-1.594684e+01	-3.143168e+02
1.200000e-07	-2.172003e-06	-4.765170e-09	-1.591316e+01	-3.140492e+02
1.300000e-07	-2.167087e-06	-4.787921e-09	-1.587714e+01	-3.137220e+02
1.400000e-07	-2.161722e-06	-4.860249e-09	-1.583783e+01	-3.133358e+02
1.500000e-07	-2.155843e-06	-4.807475e-09	-1.579476e+01	-3.128942e+02
1.600000e-07	-2.149400e-06	-4.845370e-09	-1.574756e+01	-3.124032e+02
1.700000e-07	-2.142579e-06	-4.775482e-09	-1.569758e+01	-3.118700e+02
1.800000e-07	-2.135447e-06	-4.787294e-09	-1.564532e+01	-3.113012e+02
1.900000e-07	-2.127895e-06	-4.822792e-09	-1.559000e+01	-3.107006e+02
2.000000e-07	-2.120051e-06	-4.794087e-09	-1.553253e+01	-3.100692e+02
2.100000e-07	-2.112001e-06	-4.715174e-09	-1.547355e+01	-3.094045e+02
2.200000e-07	-2.103580e-06	-4.735590e-09	-1.541185e+01	-3.087021e+02
2.300000e-07	-2.094705e-06	-4.768345e-09	-1.534683e+01	-3.079575e+02
2.400000e-07	-2.085450e-06	-4.717823e-09	-1.527903e+01	-3.071678e+02
2.500000e-07	-2.075929e-06	-4.721222e-09	-1.520927e+01	-3.063332e+02
2.600000e-07	-2.066067e-06	-4.717540e-09	-1.513701e+01	-3.054568e+02
2.700000e-07	-2.055692e-06	-4.673781e-09	-1.506101e+01	-3.045440e+02
2.800000e-07	-2.044859e-06	-4.653703e-09	-1.498164e+01	-3.036010e+02
2.900000e-07	-2.033706e-06	-4.663413e-09	-1.489992e+01	-3.026323e+02
3.000000e-07	-2.022236e-06	-4.662643e-09	-1.481589e+01	-3.016399e+02
3.100000e-07	-2.010397e-06	-4.592223e-09	-1.472915e+01	-3.006223e+02
3.200000e-07	-1.998216e-06	-4.590109e-09	-1.463990e+01	-2.995753e+02
3.300000e-07	-1.985705e-06	-4.623804e-09	-1.454824e+01	-2.984928e+02
3.400000e-07	-1.972938e-06	-4.570999e-09	-1.445471e+01	-2.973690e+02
3.500000e-07	-1.959862e-06	-4.520493e-09	-1.435891e+01	-2.962001e+02
3.600000e-07	-1.946269e-06	-4.516059e-09	-1.425932e+01	-2.949845e+02
3.700000e-07	-1.932170e-06	-4.525660e-09	-1.415602e+01	-2.937239e+02
3.800000e-07	-1.917806e-06	-4.487602e-09	-1.405078e+01	-2.924213e+02
3.900000e-07	-1.903185e-06	-4.462050e-09	-1.394366e+01	-2.910808e+02
4.000000e-07	-1.888197e-06	-4.445865e-09	-1.383385e+01	-2.897058e+02
4.100000e-07	-1.872888e-06	-4.406192e-09	-1.372169e+01	-2.882985e+02
4.200000e-07	-1.857290e-06	-4.408011e-09	-1.360741e+01	-2.868598e+02
4.300000e-07	-1.841427e-06	-4.385183e-09	-1.349119e+01	-2.853901e+02
4.400000e-07	-1.825336e-06	-4.335184e-09	-1.337330e+01	-2.838903e+02
4.500000e-07	-1.808898e-06	-4.315411e-09	-1.325287e+01	-2.823618e+02
4.600000e-07	-1.791964e-06	-4.310656e-09	-1.312880e+01	-2.808073e+02
4.700000e-07	-1.774615e-06	-4.291011e-09	-1.300170e+01	-2.792292e+02
4.800000e-07	-1.757012e-06	-4.237258e-09	-1.287273e+01	-2.776285e+02
4.900000e-07	-1.739147e-06	-4.213646e-09	-1.274184e+01	-2.760032e+02
5.000000e-07	-1.720988e-06	-4.201427e-09	-1.260880e+01	-2.743474e+02
5.100000e-07	-1.702551e-06	-4.177408e-09	-1.247372e+01	-2.726518e+02
5.200000e-07	-1.683811e-06	-4.146440e-09	-1.233642e+01	-2.709052e+02
5.300000e-07	-1.664794e-06	-4.099024e-09	-1.219709e+01	-2.690976e+02
5.400000e-07	-1.645514e-06	-4.079429e-09	-1.205584e+01	-2.672228e+02
5.500000e-07	-1.625843e-06	-4.059608e-09	-1.191172e+01	-2.652814e+02
5.600000e-07	-1.605679e-06	-4.025732e-09	-1.176399e+01	-2.632811e+02
5.700000e-07	-1.585105e-06	-3.989208e-09	-1.161325e+01	-2.612357e+02
5.800000e-07	-1.564205e-06	-3.953585e-09	-1.146013e+01	-2.591617e+02
5.900000e-07	-1.543008e-06	-3.932280e-09	-1.130483e+01	-2.570742e+02
6.000000e-07	-1.521567e-06	-3.897469e-09	-1.114775e+01	-2.549830e+02
6.100000e-07	-1.499879e-06	-3.856851e-09	-1.098885e+01	-2.528902e+02
6.200000e-07	-1.477863e-06	-3.818343e-09	-1.082754e+01	-2.507898e+02
6.300000e-07	-1.455606e-06	-3.790006e-09	-1.066448e+01	-2.486702e+02
6.400000e-07	-1.433235e-06	-3.772094e-09	-1.050058e+01	-2.465177e+02
6.500000e-07	-1.410647e-06	-3.731955e-09	-1.033509e+01	-2.443213e+02
6.600000e-07	-1.387687e-06	-3.692187e-09	-1.016687e+01	-2.420754e+02
6.700000e-07	-1.364308e-06	-3.657770e-09	-9.995590e+00	-2.397813e+02
6.800000e-07	-1.340605e-06	-3.624517e-09	-9.821923e+00	-2.374458e+02
6.900000e-07	-1.316717e-06	-3.590836e-09	-9.646913e+00	-2.350779e+02
7.000000e-07	-1.292677e-06	-3.544281e-09	-9.470780e+00	-2.326851e+02
7.100000e-07	-1.268423e-06	-3.508604e-09	-9.293089e+00	-2.302699e+02
7.200000e-07	-1.243941e-06	-3.477582e-09	-9.113716e+00	-2.278291e+02
7.300000e-07	-1.219270e-06	-3.442979e-09	-8.932966e+00	-2.253549e+02
7.400000e-07	-1.194411e-06	-3.399284e-09	-8.750838e+00	-2.228380e+02
7.500000e-07	-1.169326e-06	-3.349130e-09	-8.567052e+00	-2.202717e+02
7.600000e-07	-1.144026e-06	-3.313996e-09	-8.381692e+00	-2.176552e+02
7.700000e-07	-1.118581e-06	-3.276814e-09	-8.195273e+00	-2.149941e+02
7.800000e-07	-1.093032e-06	-3.234839e-09	-8.008089e+00	-2.122993e+02
7.900000e-07	-1.067330e-06	-3.188033e-09	-7.819778e+00	-2.095828e+02
8.000000e-07	-1.041413e-06	-3.142100e-09	-7.629898e+00	-2.068534e+02
8.100000e-07	-1.015280e-06	-3.104511e-09	-7.438434e+00	-2.041135e+02
8.200000e-07	-9.888935e-07	-3.057513e-09	-7.245116e+00	-2.013571e+02
8.300000e-07	-9.622294e-07	-3.009086e-09	-7.049762e+00	-1.985723e+02
8.400000e-07	-9.353516e-07	-2.964636e-09	-6.852842e+00	-1.957447e+02
8.500000e-07	-9.083347e-07	-2.926287e-09	-6.654903e+00	-1.928631e+02
8.600000e-07	-8.812349e-07	-2.887931e-09	-6.456357e+00	-1.899233e+02
8.700000e-07	-8.540478e-07	-2.837089e-09	-6.257171e+00	-1.869302e+02
8.800000e-07	-8.267341e-07	-2.787750e-09	-6.057058e+00	-1.838964e+02
8.900000e-07	-7.992786e-07	-2.739517e-09	-5.855905e+00	-1.808374e+02
9.000000e-07	-7.717055e-07	-2.692172e-09	-5.653891e+00	-1.777671e+02
9.100000e-07	-7.439944e-07	-2.642932e-09	-5.450866e+00	-1.746922e+02
9.200000e-07	-7.161467e-07	-2.589159e-09	-5.246840e+00	-1.716098e+02
9.300000e-07	-6.881851e-07	-2.544982e-09	-5.041980e+00	-1.685088e+02
9.400000e-07	-6.601036e-07	-2.500323e-09	-4.836241e+00	-1.653733e+02
9.500000e-07	-6.318882e-07	-2.453448e-09	-4.629521e+00	-1.621882e+02
9.600000e-07	-6.035310e-07	-2.401961e-09	-4.421762e+00	-1.589444e+02
9.700000e-07	-5.750438e-07	-2.347511e-09	-4.213052e+00	-1.556417e+02
9.800000e-07	-5.464554e-07	-2.297220e-09	-4.003599e+00	-1.522882e+02
9.900000e-07	-5.178067e-07	-2.241409e-09	-3.793705e+00	-1.488971e+02
1.000000e-06	-4.891133e-07	-2.187074e-09	-3.583482e+00	-1.454814e+02
1.010000e-06	-4.603840e-07	-2.133167e-09	-3.372998e+00	-1.420493e+02
1.020000e-06	-4.316100e-07	-2.081681e-09	-3.162185e+00	-1.386013e+02
1.030000e-06	-4.027836e-07	-2.032396e-09	-2.950989e+00	-1.351303e+02
1.040000e-06	-3.738958e-07	-1.976509e-09	-2.739343e+00	-1.316250e+02
1.050000e-06	-3.449323e-07	-1.920329e-09	-2.527143e+00	-1.280745e+02
1.060000e-06	-3.159068e-07	-1.862136e-09	-2.314487e+00	-1.244729e+02
1.070000e-06	-2.867993e-07	-1.804436e-09	-2.101232e+00	-1.208215e+02
1.080000e-06	-2.575963e-07	-1.747512e-09	-1.887276e+00	-1.171284e+02
1.090000e-06	-2.283235e-07	-1.689098e-09	-1.672809e+00	-1.134048e+02
1.100000e-06	-1.989738e-07	-1.632332e-09	-1.457779e+00	-1.096608e+02
1.110000e-06	-1.695684e-07	-1.574263e-09	-1.242341e+00	-1.059004e+02
1.120000e-06	-1.401404e-07	-1.518834e-09	-1.026737e+00	-1.021201e+02
1.130000e-06	-1.106857e-07	-1.460678e-09	-8.109377e-01	-9.830961e+01
1.140000e-06	-8.116270e-08	-1.398696e-09	-5.946375e-01	-9.445575e+01
1.150000e-06	-5.156660e-08	-1.337860e-09	-3.778021e-01	-9.054758e+01
1.160000e-06	-2.197337e-08	-1.275413e-09	-1.609876e-01	-8.658099e+01
1.170000e-06	7.596433e-09	-1.213483e-09	5.565517e-02	-8.256075e+01
1.180000e-06	3.717560e-08	-1.150133e-09	2.723666e-01	-7.849942e+01
1.190000e-06	6.674564e-08	-1.087734e-09	4.890112e-01	-7.441313e+01
1.200000e-06	9.625125e-08	-1.026963e-09	7.051836e-01	-7.031605e+01
1.210000e-06	1.256966e-07	-9.659728e-10	9.209148e-01	-6.621538e+01
1.220000e-06	1.551225e-07	-9.051194e-10	1.136503e+00	-6.210874e+01
1.230000e-06	1.845325e-07	-8.404902e-10	1.351975e+00	-5.798493e+01
1.240000e-06	2.138606e-07	-7.749520e-10	1.566847e+00	-5.382782e+01
1.250000e-06	2.430669e-07	-7.108986e-10	1.780827e+00	-4.962180e+01
1.260000e-06	2.722054e-07	-6.469997e-10	1.994309e+00	-4.535693e+01
1.270000e-06	3.012870e-07	-5.827545e-10	2.207376e+00	-4.103194e+01
1.280000e-06	3.302788e-07	-5.154659e-10	2.419784e+00	-3.665392e+01
1.290000e-06	3.591982e-07	-4.489818e-10	2.631661e+00	-3.223528e+01
1.300000e-06	3.880574e-07	-3.830467e-10	2.843098e+00	-2.778888e+01
1.310000e-06	4.168608e-07	-3.158322e-10	3.054125e+00	-2.332349e+01
1.320000e-06	4.456277e-07	-2.483433e-10	3.264886e+00	-1.884122e+01
1.330000e-06	4.743528e-07	-1.776848e-10	3.475340e+00	-1.433773e+01
1.340000e-06	5.030297e-07	-1.074773e-10	3.685441e+00	-9.805040e+00
1.350000e-06	5.316539e-07	-3.667344e-11	3.895156e+00	-5.235788e+00
1.360000e-06	5.602136e-07	3.485538e-11	4.104398e+00	-6.270121e-01
1.370000e-06	5.886899e-07	1.065553e-10	4.313030e+00	4.017913e+00
1.380000e-06	6.170584e-07	1.780616e-10	4.520871e+00	8.690038e+00
1.390000e-06	6.453248e-07	2.472590e-10	4.727964e+00	1.337793e+01
1.400000e-06	6.734896e-07	3.185630e-10	4.934313e+00	1.807187e+01
1.410000e-06	7.015322e-07	3.914222e-10	5.139767e+00	2.276738e+01
1.420000e-06	7.294482e-07	4.635437e-10	5.344293e+00	2.746683e+01
1.430000e-06	7.572250e-07	5.352768e-10	5.547800e+00	3.217821e+01
1.440000e-06	7.848467e-07	6.065100e-10	5.750170e+00	3.691182e+01
1.450000e-06	8.123064e-07	6.794811e-10	5.951353e+00	4.167583e+01
1.460000e-06	8.396133e-07	7.524391e-10	6.151416e+00	4.647265e+01
1.470000e-06	8.667944e-07	8.248667e-10	6.350559e+00	5.129734e+01
1.480000e-06	8.938903e-07	8.976474e-10	6.549077e+00	5.613870e+01
1.490000e-06	9.209040e-07	9.712090e-10	6.746992e+00	6.098269e+01
1.500000e-06	9.477994e-07	1.047344e-09	6.944041e+00	6.581677e+01
1.510000e-06	9.745044e-07	1.121341e-09	7.139695e+00	7.063372e+01
1.520000e-06	1.000929e-06	1.193646e-09	7.333291e+00	7.543343e+01
1.530000e-06	1.027008e-06	1.266331e-09	7.524361e+00	8.022214e+01
1.540000e-06	1.052802e-06	1.340755e-09	7.713338e+00	8.500952e+01
1.550000e-06	1.078423e-06	1.416121e-09	7.901055e+00	8.980471e+01
1.560000e-06	1.103931e-06	1.488822e-09	8.087938e+00	9.461269e+01
1.570000e-06	1.129327e-06	1.559739e-09	8.273999e+00	9.943242e+01
1.580000e-06	1.154558e-06	1.630398e-09	8.458854e+00	1.042571e+02
1.590000e-06	1.179577e-06	1.703638e-09	8.642155e+00	1.090764e+02
1.600000e-06	1.204386e-06	1.778811e-09	8.823917e+00	1.138795e+02
1.610000e-06	1.229029e-06	1.852839e-09	9.004470e+00	1.186580e+02
1.620000e-06	1.253452e-06	1.926375e-09	9.183403e+00	1.234076e+02
1.630000e-06	1.277642e-06	1.999060e-09	9.360626e+00	1.281276e+02
1.640000e-06	1.301666e-06	2.070467e-09	9.536642e+00	1.328196e+02
1.650000e-06	1.325552e-06	2.138648e-09	9.711642e+00	1.374853e+02
1.660000e-06	1.349256e-06	2.205429e-09	9.885310e+00	1.421247e+02
1.670000e-06	1.372629e-06	2.274646e-09	1.005655e+01	1.467353e+02
1.680000e-06	1.395604e-06	2.344646e-09	1.022487e+01	1.513133e+02
1.690000e-06	1.418241e-06	2.414807e-09	1.039073e+01	1.558544e+02
1.700000e-06	1.440642e-06	2.485516e-09	1.055484e+01	1.603558e+02
1.710000e-06	1.462882e-06	2.555242e-09	1.071779e+01	1.648173e+02
1.720000e-06	1.484923e-06	2.623339e-09	1.087927e+01	1.692402e+02
1.730000e-06	1.506675e-06	2.688359e-09	1.103863e+01	1.736266e+02
1.740000e-06	1.528161e-06	2.749371e-09	1.119605e+01	1.779770e+02
1.750000e-06	1.549416e-06	2.810861e-09	1.135178e+01	1.822890e+02
1.760000e-06	1.570384e-06	2.876069e-09	1.150540e+01	1.865564e+02
1.770000e-06	1.591050e-06	2.942392e-09	1.165681e+01	1.907702e+02
1.780000e-06	1.611367e-06	3.005086e-09	1.180566e+01	1.949207e+02
1.790000e-06	1.631248e-06	3.064770e-09	1.195132e+01	1.989999e+02
1.800000e-06	1.650699e-06	3.122632e-09	1.209383e+01	2.030031e+02
1.810000e-06	1.669863e-06	3.180150e-09	1.223423e+01	2.069301e+02
1.820000e-06	1.688825e-06	3.236337e-09	1.237316e+01	2.107842e+02
1.830000e-06	1.707494e-06	3.290087e-09	1.250993e+01	2.145704e+02
1.840000e-06	1.725857e-06	3.344058e-09	1.264447e+01	2.182928e+02
1.850000e-06	1.743925e-06	3.398813e-09	1.277684e+01	2.219533e+02
1.860000e-06	1.761683e-06	3.452993e-09	1.290695e+01	2.255504e+02
1.870000e-06	1.779227e-06	3.504674e-09	1.303548e+01	2.290803e+02
1.880000e-06	1.796551e-06	3.553979e-09	1.316241e+01	2.325381e+02
1.890000e-06	1.813490e-06	3.602171e-09	1.328651e+01	2.359201e+02
1.900000e-06	1.829922e-06	3.649630e-09	1.340690e+01	2.392248e+02
1.910000e-06	1.845950e-06	3.696023e-09	1.352433e+01	2.424533e+02
1.920000e-06	1.861727e-06	3.740633e-09	1.363992e+01	2.456082e+02
1.930000e-06	1.877213e-06	3.783332e-09	1.375338e+01	2.486917e+02
1.940000e-06	1.892381e-06	3.827006e-09	1.386451e+01	2.517043e+02
1.950000e-06	1.907229e-06	3.869511e-09	1.397329e+01	2.546440e+02
1.960000e-06	1.921767e-06	3.908995e-09	1.407980e+01	2.575059e+02
1.970000e-06	1.936075e-06	3.947327e-09	1.418463e+01	2.602848e+02
1.980000e-06	1.950088e-06	3.984152e-09	1.428730e+01	2.629761e+02
1.990000e-06	1.963639e-06	4.019108e-09	1.438658e+01	2.655783e+02
2.000000e-06	1.976694e-06	4.052677e-09	1.448223e+01	2.680935e+02
2.010000e-06	1.989412e-06	4.085983e-09	1.457540e+01	2.705268e+02
2.020000e-06	2.001861e-06	4.119714e-09	1.466661e+01	2.728850e+02
2.030000e-06	2.014003e-06	4.154272e-09	1.475557e+01	2.751738e+02
2.040000e-06	2.025822e-06	4.187193e-09	1.484216e+01	2.773967e+02
2.050000e-06	2.037295e-06	4.217854e-09	1.492622e+01	2.795537e+02
2.060000e-06	2.048466e-06	4.247046e-09	1.500806e+01	2.816421e+02
2.070000e-06	2.059366e-06	4.274525e-09	1.508792e+01	2.836583e+02
2.080000e-06	2.069847e-06	4.301204e-09	1.516471e+01	2.855996e+02
2.090000e-06	2.079802e-06	4.328289e-09	1.523764e+01	2.874662e+02
2.100000e-06	2.089348e-06	4.355447e-09	1.530758e+01	2.892611e+02
2.110000e-06	2.098540e-06	4.381309e-09	1.537493e+01	2.909900e+02
2.120000e-06	2.107354e-06	4.404431e-09	1.543950e+01	2.926589e+02
2.130000e-06	2.115830e-06	4.425769e-09	1.550160e+01	2.942719e+02
2.140000e-06	2.123990e-06	4.447416e-09	1.556139e+01	2.958301e+02
2.150000e-06	2.131870e-06	4.469404e-09	1.561912e+01	2.973309e+02
2.160000e-06	2.139450e-06	4.491910e-09	1.567466e+01	2.987690e+02
2.170000e-06	2.146598e-06	4.513520e-09	1.572702e+01	3.001387e+02
2.180000e-06	2.153336e-06	4.533798e-09	1.577639e+01	3.014361e+02
2.190000e-06	2.159703e-06	4.551826e-09	1.582304e+01	3.026608e+02
2.200000e-06	2.165639e-06	4.566756e-09	1.586653e+01	3.038163e+02
2.210000e-06	2.171158e-06	4.580009e-09	1.590696e+01	3.049088e+02
2.220000e-06	2.176284e-06	4.593360e-09	1.594452e+01	3.059452e+02
2.230000e-06	2.181038e-06	4.608462e-09	1.597935e+01	3.069306e+02
2.240000e-06	2.185375e-06	4.623807e-09	1.601113e+01	3.078665e+02
2.250000e-06	2.189186e-06	4.638368e-09	1.603904e+01	3.087509e+02
2.260000e-06	2.192516e-06	4.652751e-09	1.606344e+01	3.095788e+02
2.270000e-06	2.195497e-06	4.666539e-09	1.608528e+01	3.103445e+02
2.280000e-06	2.198134e-06	4.678754e-09	1.610460e+01	3.110443e+02
2.290000e-06	2.200384e-06	4.686732e-09	1.612109e+01	3.116779e+02
2.300000e-06	2.202258e-06	4.692604e-09	1.613482e+01	3.122495e+02
2.310000e-06	2.203822e-06	4.700955e-09	1.614627e+01	3.127663e+02
2.320000e-06	2.205047e-06	4.710173e-09	1.615525e+01	3.132365e+02
2.330000e-06	2.205771e-06	4.718182e-09	1.616055e+01	3.136672e+02
2.340000e-06	2.205996e-06	4.724688e-09	1.616220e+01	3.140622e+02
2.350000e-06	2.205881e-06	4.730876e-09	1.616136e+01	3.144208e+02
2.360000e-06	2.205426e-06	4.736379e-09	1.615803e+01	3.147388e+02
2.370000e-06	2.204618e-06	4.741178e-09	1.615211e+01	3.150100e+02
2.380000e-06	2.203464e-06	4.746198e-09	1.614365e+01	3.152281e+02
2.390000e-06	2.201955e-06	4.756147e-09	1.613260e+01	3.153889e+02
2.400000e-06	2.200170e-06	4.775310e-09	1.611952e+01	3.154909e+02
2.410000e-06	2.197946e-06	4.732082e-09	1.610322e+01	3.155351e+02
2.420000e-06	2.195106e-06	4.762118e-09	1.608242e+01	3.155240e+02
2.430000e-06	2.191894e-06	4.759624e-09	1.605888e+01	3.154597e+02
2.440000e-06	2.188433e-06	4.692288e-09	1.603353e+01	3.153431e+02
2.450000e-06	2.184426e-06	4.729572e-09	1.600417e+01	3.151730e+02
2.460000e-06	2.179960e-06	4.822529e-09	1.597145e+01	3.149471e+02
2.470000e-06	2.175399e-06	4.783589e-09	1.593804e+01	3.146626e+02
2.480000e-06	2.170583e-06	4.687419e-09	1.590275e+01	3.143184e+02
2.490000e-06	2.165040e-06	4.724025e-09	1.586214e+01	3.139160e+02
2.500000e-06	2.158809e-06	4.799758e-09	1.581649e+01	3.134597e+02
2.510000e-06	2.152354e-06	4.749804e-09	1.576920e+01	3.129563e+02
2.520000e-06	2.145675e-06	4.634736e-09	1.572026e+01	3.124127e+02
2.530000e-06	2.138460e-06	4.707980e-09	1.566740e+01	3.118350e+02
2.540000e-06	2.130766e-06	4.773211e-09	1.561103e+01	3.112262e+02
2.550000e-06	2.122913e-06	4.704170e-09	1.555350e+01	3.105861e+02
2.560000e-06	2.114825e-06	4.640851e-09	1.549424e+01	3.099115e+02
2.570000e-06	2.106131e-06	4.702849e-09	1.543054e+01	3.091977e+02
2.580000e-06	2.096865e-06	4.701262e-09	1.536265e+01	3.084407e+02
2.590000e-06	2.087324e-06	4.600634e-09	1.529275e+01	3.076383e+02
2.600000e-06	2.077490e-06	4.631495e-09	1.522071e+01	3.067916e+02
2.610000e-06	2.067247e-06	4.701395e-09	1.514566e+01	3.059046e+02
2.620000e-06	2.056687e-06	4.612753e-09	1.506830e+01	3.049830e+02
2.630000e-06	2.045850e-06	4.545574e-09	1.498890e+01	3.040328e+02
2.640000e-06	2.034687e-06	4.619214e-09	1.490711e+01	3.030579e+02
2.650000e-06	2.023195e-06	4.617822e-09	1.482291e+01	3.020591e+02
2.660000e-06	2.011286e-06	4.503854e-09	1.473567e+01	3.010342e+02
2.670000e-06	1.998854e-06	4.508363e-09	1.464458e+01	2.999781e+02
2.680000e-06	1.986039e-06	4.597114e-09	1.455069e+01	2.988847e+02
2.690000e-06	1.972954e-06	4.531738e-09	1.445482e+01	2.977486e+02
2.700000e-06	1.959489e-06	4.464576e-09	1.435617e+01	2.965666e+02
2.710000e-06	1.945620e-06	4.490216e-09	1.425456e+01	2.953382e+02
2.720000e-06	1.931489e-06	4.476709e-09	1.415103e+01	2.940655e+02
2.730000e-06	1.917139e-06	4.425825e-09	1.404590e+01	2.927520e+02
2.740000e-06	1.902429e-06	4.423210e-09	1.393812e+01	2.914018e+02
2.750000e-06	1.887291e-06	4.417909e-09	1.382722e+01	2.900178e+02
2.760000e-06	1.871721e-06	4.367666e-09	1.371314e+01	2.886020e+02
2.770000e-06	1.855803e-06	4.370963e-09	1.359652e+01	2.871548e+02
2.780000e-06	1.839634e-06	4.366474e-09	1.347806e+01	2.856769e+02
2.790000e-06	1.823187e-06	4.300003e-09	1.335756e+01	2.841692e+02
2.800000e-06	1.806440e-06	4.281658e-09	1.323486e+01	2.826336e+02
2.810000e-06	1.789360e-06	4.284454e-09	1.310972e+01	2.810727e+02
2.820000e-06	1.771972e-06	4.256823e-09	1.298233e+01	2.794887e+02
2.830000e-06	1.754378e-06	4.222644e-09	1.285343e+01	2.778819e+02
2.840000e-06	1.736600e-06	4.196342e-09	1.272318e+01	2.762492e+02
2.850000e-06	1.718474e-06	4.176174e-09	1.259038e+01	2.745835e+02
2.860000e-06	1.699928e-06	4.156267e-09	1.245450e+01	2.728747e+02
2.870000e-06	1.681117e-06	4.130957e-09	1.231669e+01	2.711116e+02
2.880000e-06	1.662059e-06	4.087555e-09	1.217705e+01	2.692851e+02
2.890000e-06	1.642671e-06	4.069323e-09	1.203501e+01	2.673909e+02
2.900000e-06	1.622937e-06	4.055291e-09	1.189043e+01	2.654316e+02
2.910000e-06	1.602921e-06	4.010221e-09	1.174378e+01	2.634171e+02
2.920000e-06	1.582629e-06	3.981287e-09	1.159511e+01	2.613623e+02
2.930000e-06	1.562031e-06	3.948324e-09	1.144420e+01	2.592837e+02
2.940000e-06	1.541168e-06	3.914493e-09	1.129135e+01	2.571953e+02
2.950000e-06	1.519991e-06	3.897044e-09	1.113619e+01	2.551047e+02
2.960000e-06	1.498362e-06	3.863605e-09	1.097773e+01	2.530114e+02
2.970000e-06	1.476306e-06	3.823523e-09	1.081614e+01	2.509076e+02
2.980000e-06	1.453992e-06	3.795165e-09	1.065266e+01	2.487805e+02
2.990000e-06	1.431488e-06	3.770620e-09	1.048778e+01	2.466167e+02
3.000000e-06	1.408732e-06	3.728140e-09	1.032106e+01	2.444066e+02
3.010000e-06	1.385703e-06	3.690687e-09	1.015233e+01	2.421467e+02
3.020000e-06	1.362467e-06	3.661979e-09	9.982098e+00	2.398402e+02
3.030000e-06	1.339020e-06	3.623553e-09	9.810312e+00	2.374950e+02
3.040000e-06	1.315287e-06	3.594066e-09	9.636431e+00	2.351199e+02
3.050000e-06	1.291346e-06	3.556390e-09	9.461034e+00	2.327213e+02
3.060000e-06	1.267310e-06	3.515200e-09	9.284931e+00	2.303000e+02
3.070000e-06	1.243129e-06	3.484879e-09	9.107771e+00	2.278510e+02
3.080000e-06	1.218649e-06	3.447787e-09	8.928416e+00	2.253658e+02
3.090000e-06	1.193804e-06	3.410841e-09	8.746389e+00	2.228355e+02
3.100000e-06	1.168659e-06	3.369709e-09	8.562165e+00	2.202549e+02
3.110000e-06	1.143279e-06	3.329031e-09	8.376220e+00	2.176250e+02
3.120000e-06	1.117733e-06	3.294319e-09	8.189060e+00	2.149535e+02
3.130000e-06	1.092056e-06	3.254742e-09	8.000936e+00	2.122518e+02
3.140000e-06	1.066238e-06	3.211511e-09	7.811783e+00	2.095317e+02
3.150000e-06	1.040221e-06	3.169332e-09	7.621169e+00	2.068002e+02
3.160000e-06	1.013994e-06	3.134458e-09	7.429014e+00	2.040572e+02
3.170000e-06	9.876157e-07	3.093701e-09	7.235754e+00	2.012947e+02
3.180000e-06	9.611032e-07	3.048131e-09	7.041511e+00	1.984994e+02
3.190000e-06	9.344167e-07	3.005986e-09	6.845992e+00	1.956574e+02
3.200000e-06	9.075475e-07	2.961582e-09	6.649136e+00	1.927593e+02
3.210000e-06	8.805259e-07	2.919175e-09	6.451162e+00	1.898036e+02
3.220000e-06	8.534038e-07	2.871579e-09	6.252452e+00	1.867976e+02
3.230000e-06	8.262124e-07	2.823744e-09	6.053236e+00	1.837555e+02
3.240000e-06	7.989125e-07	2.779819e-09	5.853223e+00	1.806929e+02
3.250000e-06	7.715136e-07	2.733404e-09	5.652485e+00	1.776218e+02
3.260000e-06	7.439845e-07	2.688869e-09	5.450793e+00	1.745462e+02
3.270000e-06	7.162396e-07	2.642537e-09	5.247521e+00	1.714607e+02
3.280000e-06	6.882399e-07	2.598085e-09	5.042381e+00	1.683520e+02
3.290000e-06	6.599489e-07	2.552474e-09	4.835108e+00	1.652039e+02
3.300000e-06	6.314597e-07	2.501460e-09	4.626382e+00	1.620027e+02
3.310000e-06	6.028626e-07	2.451431e-09	4.416866e+00	1.587418e+02
3.320000e-06	5.741722e-07	2.398910e-09	4.206666e+00	1.554236e+02
3.330000e-06	5.454336e-07	2.347778e-09	3.996113e+00	1.520582e+02
3.340000e-06	5.166495e-07	2.298271e-09	3.785226e+00	1.486594e+02
3.350000e-06	4.878145e-07	2.249199e-09	3.573967e+00	1.452392e+02
3.360000e-06	4.589256e-07	2.199076e-09	3.362313e+00	1.418035e+02
3.370000e-06	4.299970e-07	2.145948e-09	3.150368e+00	1.383506e+02
3.380000e-06	4.010369e-07	2.096802e-09	2.938192e+00	1.348714e+02
3.390000e-06	3.719885e-07	2.045903e-09	2.725369e+00	1.313545e+02
3.400000e-06	3.428206e-07	1.991550e-09	2.511671e+00	1.277899e+02
3.410000e-06	3.135533e-07	1.934948e-09	2.297245e+00	1.241738e+02
3.420000e-06	2.842152e-07	1.877072e-09	2.082299e+00	1.205098e+02
3.430000e-06	2.548269e-07	1.821727e-09	1.866987e+00	1.168072e+02
3.440000e-06	2.253900e-07	1.765410e-09	1.651317e+00	1.130776e+02
3.450000e-06	1.959408e-07	1.710429e-09	1.435558e+00	1.093294e+02
3.460000e-06	1.664655e-07	1.655559e-09	1.219607e+00	1.055647e+02
3.470000e-06	1.369776e-07	1.598823e-09	1.003565e+00	1.017776e+02
3.480000e-06	1.075158e-07	1.541429e-09	7.877134e-01	9.795638e+01
3.490000e-06	7.804721e-08	1.479335e-09	5.718119e-01	9.408805e+01
3.500000e-06	4.855011e-08	1.418723e-09	3.557018e-01	9.016331e+01
3.510000e-06	1.904026e-08	1.358928e-09	1.394983e-01	8.618063e+01
3.520000e-06	-1.045628e-08	1.298253e-09	-7.660780e-02	8.214741e+01
3.530000e-06	-3.994993e-08	1.239231e-09	-2.926927e-01	7.807778e+01
3.540000e-06	-6.944946e-08	1.177118e-09	-5.088206e-01	7.398792e+01
3.550000e-06	-9.892008e-08	1.113457e-09	-7.247368e-01	6.989034e+01
3.560000e-06	-1.283573e-07	1.049291e-09	-9.404081e-01	6.578949e+01
3.570000e-06	-1.577616e-07	9.869561e-10	-1.155839e+00	6.168011e+01
3.580000e-06	-1.871197e-07	9.255708e-10	-1.370930e+00	5.754901e+01
3.590000e-06	-2.164388e-07	8.627297e-10	-1.585736e+00	5.337961e+01
3.600000e-06	-2.457210e-07	7.997233e-10	-1.800272e+00	4.915753e+01
3.610000e-06	-2.749637e-07	7.331027e-10	-2.014519e+00	4.487526e+01
3.620000e-06	-3.041488e-07	6.655407e-10	-2.228343e+00	4.053421e+01
3.630000e-06	-3.332712e-07	5.972371e-10	-2.441708e+00	3.614350e+01
3.640000e-06	-3.623178e-07	5.286644e-10	-2.654517e+00	3.171620e+01
3.650000e-06	-3.913147e-07	4.615209e-10	-2.866962e+00	2.726437e+01
3.660000e-06	-4.202788e-07	3.939728e-10	-3.079168e+00	2.279494e+01
3.670000e-06	-4.491743e-07	3.266103e-10	-3.290870e+00	1.830792e+01
3.680000e-06	-4.780041e-07	2.582598e-10	-3.502091e+00	1.379748e+01
3.690000e-06	-5.067916e-07	1.887620e-10	-3.713003e+00	9.255373e+00
3.700000e-06	-5.355470e-07	1.185171e-10	-3.923678e+00	4.675216e+00
3.710000e-06	-5.642525e-07	4.757927e-11	-4.133989e+00	5.586515e-02
3.720000e-06	-5.928670e-07	-2.149229e-11	-4.343633e+00	-4.597432e+00
3.730000e-06	-6.213561e-07	-9.244720e-11	-4.552358e+00	-9.274577e+00
3.740000e-06	-6.497058e-07	-1.653498e-10	-4.760061e+00	-1.396421e+01
3.750000e-06	-6.779136e-07	-2.375410e-10	-4.966726e+00	-1.865787e+01
3.760000e-06	-7.059307e-07	-3.103431e-10	-5.171993e+00	-2.335309e+01
3.770000e-06	-7.337035e-07	-3.811663e-10	-5.375470e+00	-2.805417e+01
3.780000e-06	-7.612666e-07	-4.524684e-10	-5.577410e+00	-3.277024e+01
3.790000e-06	-7.886616e-07	-5.244263e-10	-5.778120e+00	-3.751140e+01
3.800000e-06	-8.159218e-07	-5.972672e-10	-5.977841e+00	-4.228441e+01
3.810000e-06	-8.431076e-07	-6.711809e-10	-6.177018e+00	-4.708953e+01
3.820000e-06	-8.702166e-07	-7.454089e-10	-6.375631e+00	-5.191969e+01
3.830000e-06	-8.972126e-07	-8.213394e-10	-6.573417e+00	-5.676241e+01
3.840000e-06	-9.240474e-07	-8.946074e-10	-6.770022e+00	-6.160365e+01
3.850000e-06	-9.506808e-07	-9.670507e-10	-6.965151e+00	-6.643212e+01
3.860000e-06	-9.771560e-07	-1.038228e-09	-7.159121e+00	-7.124267e+01
3.870000e-06	-1.003481e-06	-1.108502e-09	-7.351994e+00	-7.603728e+01
3.880000e-06	-1.029612e-06	-1.181620e-09	-7.543440e+00	-8.082360e+01
3.890000e-06	-1.055530e-06	-1.255772e-09	-7.733326e+00	-8.561158e+01
3.900000e-06	-1.081259e-06	-1.331334e-09	-7.921831e+00	-9.040942e+01
3.910000e-06	-1.106869e-06	-1.406306e-09	-8.109463e+00	-9.522041e+01
3.920000e-06	-1.132343e-06	-1.480488e-09	-8.296099e+00	-1.000416e+02
3.930000e-06	-1.157635e-06	-1.554236e-09	-8.481397e+00	-1.048650e+02
3.940000e-06	-1.182692e-06	-1.627715e-09	-8.664976e+00	-1.096795e+02
3.950000e-06	-1.207420e-06	-1.701673e-09	-8.846145e+00	-1.144750e+02
3.960000e-06	-1.231805e-06	-1.774904e-09	-9.024801e+00	-1.192443e+02
3.970000e-06	-1.255942e-06	-1.846897e-09	-9.201642e+00	-1.239840e+02
3.980000e-06	-1.279926e-06	-1.919572e-09	-9.377360e+00	-1.286944e+02
3.990000e-06	-1.303760e-06	-1.992056e-09	-9.551984e+00	-1.333775e+02
4.000000e-06	-1.327402e-06	-2.063311e-09	-9.725193e+00	-1.380345e+02
4.010000e-06	-1.350800e-06	-2.134671e-09	-9.896618e+00	-1.426647e+02
4.020000e-06	-1.373973e-06	-2.205518e-09	-1.006640e+01	-1.472651e+02
4.030000e-06	-1.396905e-06	-2.274440e-09	-1.023441e+01	-1.518315e+02
4.040000e-06	-1.419559e-06	-2.342780e-09	-1.040038e+01	-1.563600e+02
4.050000e-06	-1.442015e-06	-2.412802e-09	-1.056490e+01	-1.608484e+02
4.060000e-06	-1.464311e-06	-2.482833e-09	-1.072826e+01	-1.652972e+02
4.070000e-06	-1.486343e-06	-2.552044e-09	-1.088967e+01	-1.697080e+02
4.080000e-06	-1.507975e-06	-2.620037e-09	-1.104816e+01	-1.740828e+02
4.090000e-06	-1.529198e-06	-2.687009e-09	-1.120365e+01	-1.784212e+02
4.100000e-06	-1.550099e-06	-2.753754e-09	-1.135678e+01	-1.827197e+02
4.110000e-06	-1.570730e-06	-2.818420e-09	-1.150794e+01	-1.869711e+02
4.120000e-06	-1.591092e-06	-2.882875e-09	-1.165711e+01	-1.911660e+02
4.130000e-06	-1.611193e-06	-2.947974e-09	-1.180439e+01	-1.952949e+02
4.140000e-06	-1.630978e-06	-3.011846e-09	-1.194934e+01	-1.993506e+02
4.150000e-06	-1.650308e-06	-3.075405e-09	-1.209096e+01	-2.033299e+02
4.160000e-06	-1.669217e-06	-3.138912e-09	-1.222950e+01	-2.072337e+02
4.170000e-06	-1.687845e-06	-3.199687e-09	-1.236598e+01	-2.110660e+02
4.180000e-06	-1.706230e-06	-3.257538e-09	-1.250068e+01	-2.148318e+02
4.190000e-06	-1.724333e-06	-3.315268e-09	-1.263331e+01	-2.185347e+02
4.200000e-06	-1.742155e-06	-3.373877e-09	-1.276388e+01	-2.221755e+02
4.210000e-06	-1.759774e-06	-3.432072e-09	-1.289296e+01	-2.257520e+02
4.220000e-06	-1.777168e-06	-3.488479e-09	-1.302040e+01	-2.292598e+02
4.230000e-06	-1.794258e-06	-3.543809e-09	-1.314561e+01	-2.326943e+02
4.240000e-06	-1.811049e-06	-3.597201e-09	-1.326863e+01	-2.360522e+02
4.250000e-06	-1.827507e-06	-3.649462e-09	-1.338921e+01	-2.393330e+02
4.260000e-06	-1.843654e-06	-3.701741e-09	-1.350751e+01	-2.425382e+02
4.270000e-06	-1.859587e-06	-3.753165e-09	-1.362424e+01	-2.456705e+02
4.280000e-06	-1.875186e-06	-3.802854e-09	-1.373853e+01	-2.487319e+02
4.290000e-06	-1.890299e-06	-3.850760e-09	-1.384925e+01	-2.517221e+02
4.300000e-06	-1.904999e-06	-3.896501e-09	-1.395696e+01	-2.546380e+02
4.310000e-06	-1.919406e-06	-3.940491e-09	-1.406250e+01	-2.574747e+02
4.320000e-06	-1.933508e-06	-3.985291e-09	-1.416582e+01	-2.602268e+02
4.330000e-06	-1.947283e-06	-4.031197e-09	-1.426674e+01	-2.628904e+02
4.340000e-06	-1.960737e-06	-4.075893e-09	-1.436532e+01	-2.654652e+02
4.350000e-06	-1.973852e-06	-4.117962e-09	-1.446140e+01	-2.679543e+02
4.360000e-06	-1.986680e-06	-4.158256e-09	-1.455538e+01	-2.703634e+02
4.370000e-06	-1.999197e-06	-4.196734e-09	-1.464709e+01	-2.726994e+02
4.380000e-06	-2.011283e-06	-4.232374e-09	-1.473564e+01	-2.749673e+02
4.390000e-06	-2.022905e-06	-4.265506e-09	-1.482079e+01	-2.771696e+02
4.400000e-06	-2.034173e-06	-4.297676e-09	-1.490334e+01	-2.793055e+02
4.410000e-06	-2.045159e-06	-4.330814e-09	-1.498383e+01	-2.813717e+02
4.420000e-06	-2.055802e-06	-4.364479e-09	-1.506181e+01	-2.833647e+02
4.430000e-06	-2.066049e-06	-4.396190e-09	-1.513688e+01	-2.852825e+02
4.440000e-06	-2.075924e-06	-4.426626e-09	-1.520923e+01	-2.871262e+02
4.450000e-06	-2.085512e-06	-4.457898e-09	-1.527948e+01	-2.888998e+02
4.460000e-06	-2.094787e-06	-4.488097e-09	-1.534743e+01	-2.906092e+02
4.470000e-06	-2.103602e-06	-4.512080e-09	-1.541202e+01	-2.922600e+02
4.480000e-06	-2.111935e-06	-4.532870e-09	-1.547307e+01	-2.938558e+02
4.490000e-06	-2.119938e-06	-4.555244e-09	-1.553170e+01	-2.953963e+02
4.500000e-06	-2.127648e-06	-4.577906e-09	-1.558819e+01	-2.968779e+02
4.510000e-06	-2.135005e-06	-4.599469e-09	-1.564209e+01	-2.982951e+02
4.520000e-06	-2.142000e-06	-4.622000e-09	-1.569333e+01	-2.996425e+02
4.530000e-06	-2.148635e-06	-4.646061e-09	-1.574195e+01	-3.009171e+02
4.540000e-06	-2.154968e-06	-4.668309e-09	-1.578834e+01	-3.021196e+02
4.550000e-06	-2.160927e-06	-4.687581e-09	-1.583201e+01	-3.032546e+02
4.560000e-06	-2.166344e-06	-4.705753e-09	-1.587169e+01	-3.043286e+02
4.570000e-06	-2.171244e-06	-4.721390e-09	-1.590759e+01	-3.053484e+02
4.580000e-06	-2.175723e-06	-4.733653e-09	-1.594041e+01	-3.063180e+02
4.590000e-06	-2.179820e-06	-4.744361e-09	-1.597042e+01	-3.072380e+02
4.600000e-06	-2.183554e-06	-4.755957e-09	-1.599778e+01	-3.081051e+02
4.610000e-06	-2.186936e-06	-4.770460e-09	-1.602256e+01	-3.089139e+02
4.620000e-06	-2.190019e-06	-4.784768e-09	-1.604515e+01	-3.096592e+02
4.630000e-06	-2.192674e-06	-4.796241e-09	-1.606460e+01	-3.103381e+02
4.640000e-06	-2.194775e-06	-4.806650e-09	-1.608000e+01	-3.109516e+02
4.650000e-06	-2.196486e-06	-4.816531e-09	-1.609253e+01	-3.115050e+02
4.660000e-06	-2.197891e-06	-4.824060e-09	-1.610282e+01	-3.120060e+02
4.670000e-06	-2.198939e-06	-4.827132e-09	-1.611050e+01	-3.124628e+02
4.680000e-06	-2.199629e-06	-4.829049e-09	-1.611555e+01	-3.128817e+02
4.690000e-06	-2.199953e-06	-4.834467e-09	-1.611793e+01	-3.132651e+02
