# Temperatura_=_20.0
# Concentracion g/m^3_=_10000.0
# C_Vs_to_Am_M_A/Vsm_=_65563218390.804596
# pendiente_HvsI_1/m_=_3716.3
# ordenada_HvsI_A/m_=_1297.0
# frecuencia_Hz_=_135115.43059082964

Tiempo_(s)	Campo_(V.s)	Magnetizacion_(V.s)	Campo_(kA/m)	Magnetizacion_(A/m)
0.000000e+00	-8.531956e-07	-1.292810e-09	-6.854548e+00	-8.338523e+01
1.000000e-08	-8.532479e-07	-1.262995e-09	-6.854968e+00	-8.338969e+01
2.000000e-08	-8.532825e-07	-1.223627e-09	-6.855246e+00	-8.339109e+01
3.000000e-08	-8.532478e-07	-1.203118e-09	-6.854968e+00	-8.339130e+01
4.000000e-08	-8.531126e-07	-1.213404e-09	-6.853881e+00	-8.339180e+01
5.000000e-08	-8.529098e-07	-1.237720e-09	-6.852252e+00	-8.339373e+01
6.000000e-08	-8.526317e-07	-1.296365e-09	-6.850017e+00	-8.339797e+01
7.000000e-08	-8.523011e-07	-1.341464e-09	-6.847362e+00	-8.340519e+01
8.000000e-08	-8.519625e-07	-1.342529e-09	-6.844642e+00	-8.341582e+01
9.000000e-08	-8.515826e-07	-1.284380e-09	-6.841589e+00	-8.343008e+01
1.000000e-07	-8.511433e-07	-1.214974e-09	-6.838060e+00	-8.344774e+01
1.100000e-07	-8.506406e-07	-1.186343e-09	-6.834022e+00	-8.346804e+01
1.200000e-07	-8.500505e-07	-1.222600e-09	-6.829280e+00	-8.348949e+01
1.300000e-07	-8.493410e-07	-1.258904e-09	-6.823581e+00	-8.350971e+01
1.400000e-07	-8.485146e-07	-1.294866e-09	-6.816941e+00	-8.352546e+01
1.500000e-07	-8.476006e-07	-1.318933e-09	-6.809598e+00	-8.353276e+01
1.600000e-07	-8.466400e-07	-1.298304e-09	-6.801881e+00	-8.352714e+01
1.700000e-07	-8.456399e-07	-1.274210e-09	-6.793846e+00	-8.350410e+01
1.800000e-07	-8.446079e-07	-1.263467e-09	-6.785555e+00	-8.345964e+01
1.900000e-07	-8.435381e-07	-1.255095e-09	-6.776960e+00	-8.339078e+01
2.000000e-07	-8.423990e-07	-1.254895e-09	-6.767808e+00	-8.329615e+01
2.100000e-07	-8.411767e-07	-1.267702e-09	-6.757988e+00	-8.317627e+01
2.200000e-07	-8.398939e-07	-1.277722e-09	-6.747682e+00	-8.303377e+01
2.300000e-07	-8.385709e-07	-1.280435e-09	-6.737053e+00	-8.287323e+01
2.400000e-07	-8.371875e-07	-1.263294e-09	-6.725939e+00	-8.270080e+01
2.500000e-07	-8.357361e-07	-1.245448e-09	-6.714279e+00	-8.252358e+01
2.600000e-07	-8.342322e-07	-1.238746e-09	-6.702196e+00	-8.234884e+01
2.700000e-07	-8.326587e-07	-1.249226e-09	-6.689555e+00	-8.218310e+01
2.800000e-07	-8.310297e-07	-1.256116e-09	-6.676468e+00	-8.203138e+01
2.900000e-07	-8.293642e-07	-1.262352e-09	-6.663087e+00	-8.189653e+01
3.000000e-07	-8.276613e-07	-1.250823e-09	-6.649406e+00	-8.177888e+01
3.100000e-07	-8.259187e-07	-1.234994e-09	-6.635406e+00	-8.167622e+01
3.200000e-07	-8.241237e-07	-1.226751e-09	-6.620985e+00	-8.158406e+01
3.300000e-07	-8.222844e-07	-1.233951e-09	-6.606208e+00	-8.149626e+01
3.400000e-07	-8.203811e-07	-1.239919e-09	-6.590917e+00	-8.140585e+01
3.500000e-07	-8.184091e-07	-1.239691e-09	-6.575075e+00	-8.130596e+01
3.600000e-07	-8.163480e-07	-1.233341e-09	-6.558515e+00	-8.119064e+01
3.700000e-07	-8.141853e-07	-1.225409e-09	-6.541140e+00	-8.105562e+01
3.800000e-07	-8.119327e-07	-1.221409e-09	-6.523043e+00	-8.089873e+01
3.900000e-07	-8.095839e-07	-1.215628e-09	-6.504173e+00	-8.072003e+01
4.000000e-07	-8.071607e-07	-1.210741e-09	-6.484705e+00	-8.052156e+01
4.100000e-07	-8.046929e-07	-1.204584e-09	-6.464879e+00	-8.030680e+01
4.200000e-07	-8.021684e-07	-1.203107e-09	-6.444597e+00	-8.008001e+01
4.300000e-07	-7.995826e-07	-1.196336e-09	-6.423822e+00	-7.984538e+01
4.400000e-07	-7.969435e-07	-1.189554e-09	-6.402620e+00	-7.960630e+01
4.500000e-07	-7.942323e-07	-1.180994e-09	-6.380839e+00	-7.936479e+01
4.600000e-07	-7.914497e-07	-1.182214e-09	-6.358483e+00	-7.912118e+01
4.700000e-07	-7.886057e-07	-1.183243e-09	-6.335634e+00	-7.887416e+01
4.800000e-07	-7.857072e-07	-1.181800e-09	-6.312348e+00	-7.862106e+01
4.900000e-07	-7.827595e-07	-1.169468e-09	-6.288667e+00	-7.835844e+01
5.000000e-07	-7.797596e-07	-1.157079e-09	-6.264566e+00	-7.808278e+01
5.100000e-07	-7.767105e-07	-1.148086e-09	-6.240069e+00	-7.779123e+01
5.200000e-07	-7.735957e-07	-1.145794e-09	-6.215044e+00	-7.748222e+01
5.300000e-07	-7.704063e-07	-1.144175e-09	-6.189422e+00	-7.715587e+01
5.400000e-07	-7.671268e-07	-1.141820e-09	-6.163074e+00	-7.681406e+01
5.500000e-07	-7.637470e-07	-1.140291e-09	-6.135921e+00	-7.646025e+01
5.600000e-07	-7.603016e-07	-1.138960e-09	-6.108241e+00	-7.609900e+01
5.700000e-07	-7.568068e-07	-1.130534e-09	-6.080163e+00	-7.573520e+01
5.800000e-07	-7.532682e-07	-1.116451e-09	-6.051734e+00	-7.537335e+01
5.900000e-07	-7.496690e-07	-1.107723e-09	-6.022819e+00	-7.501677e+01
6.000000e-07	-7.460152e-07	-1.108694e-09	-5.993464e+00	-7.466706e+01
6.100000e-07	-7.423221e-07	-1.112285e-09	-5.963793e+00	-7.432378e+01
6.200000e-07	-7.385829e-07	-1.109235e-09	-5.933753e+00	-7.398450e+01
6.300000e-07	-7.347932e-07	-1.103172e-09	-5.903307e+00	-7.364515e+01
6.400000e-07	-7.309482e-07	-1.097755e-09	-5.872416e+00	-7.330070e+01
6.500000e-07	-7.270511e-07	-1.093090e-09	-5.841107e+00	-7.294591e+01
6.600000e-07	-7.230921e-07	-1.084448e-09	-5.809301e+00	-7.257628e+01
6.700000e-07	-7.190634e-07	-1.076586e-09	-5.776934e+00	-7.218874e+01
6.800000e-07	-7.149899e-07	-1.073025e-09	-5.744207e+00	-7.178223e+01
6.900000e-07	-7.108829e-07	-1.073616e-09	-5.711212e+00	-7.135792e+01
7.000000e-07	-7.067396e-07	-1.070683e-09	-5.677925e+00	-7.091908e+01
7.100000e-07	-7.025674e-07	-1.062584e-09	-5.644405e+00	-7.047061e+01
7.200000e-07	-6.983759e-07	-1.052665e-09	-5.610731e+00	-7.001832e+01
7.300000e-07	-6.941538e-07	-1.045442e-09	-5.576811e+00	-6.956802e+01
7.400000e-07	-6.898835e-07	-1.040468e-09	-5.542503e+00	-6.912468e+01
7.500000e-07	-6.855604e-07	-1.036072e-09	-5.507771e+00	-6.869162e+01
7.600000e-07	-6.811860e-07	-1.030751e-09	-5.472628e+00	-6.827002e+01
7.700000e-07	-6.767623e-07	-1.026802e-09	-5.437089e+00	-6.785878e+01
7.800000e-07	-6.722897e-07	-1.021050e-09	-5.401155e+00	-6.745466e+01
7.900000e-07	-6.677735e-07	-1.011681e-09	-5.364872e+00	-6.705286e+01
8.000000e-07	-6.632268e-07	-1.002222e-09	-5.328344e+00	-6.664772e+01
8.100000e-07	-6.586441e-07	-9.940300e-10	-5.291527e+00	-6.623368e+01
8.200000e-07	-6.540160e-07	-9.876444e-10	-5.254345e+00	-6.580607e+01
8.300000e-07	-6.493576e-07	-9.815174e-10	-5.216920e+00	-6.536191e+01
8.400000e-07	-6.446439e-07	-9.748288e-10	-5.179049e+00	-6.490028e+01
8.500000e-07	-6.398535e-07	-9.687989e-10	-5.140564e+00	-6.442249e+01
8.600000e-07	-6.350277e-07	-9.627699e-10	-5.101794e+00	-6.393183e+01
8.700000e-07	-6.301672e-07	-9.548566e-10	-5.062745e+00	-6.343304e+01
8.800000e-07	-6.252615e-07	-9.454710e-10	-5.023332e+00	-6.293161e+01
8.900000e-07	-6.203198e-07	-9.369322e-10	-4.983631e+00	-6.243292e+01
9.000000e-07	-6.153451e-07	-9.300421e-10	-4.943664e+00	-6.194150e+01
9.100000e-07	-6.103422e-07	-9.231746e-10	-4.903471e+00	-6.146041e+01
9.200000e-07	-6.053081e-07	-9.155701e-10	-4.863027e+00	-6.099091e+01
9.300000e-07	-6.002375e-07	-9.072882e-10	-4.822290e+00	-6.053239e+01
9.400000e-07	-5.951077e-07	-8.996615e-10	-4.781077e+00	-6.008266e+01
9.500000e-07	-5.899233e-07	-8.933483e-10	-4.739426e+00	-5.963839e+01
9.600000e-07	-5.847064e-07	-8.883243e-10	-4.697514e+00	-5.919577e+01
9.700000e-07	-5.794174e-07	-8.825749e-10	-4.655022e+00	-5.875114e+01
9.800000e-07	-5.740439e-07	-8.748000e-10	-4.611852e+00	-5.830158e+01
9.900000e-07	-5.685940e-07	-8.658512e-10	-4.568067e+00	-5.784527e+01
1.000000e-06	-5.630501e-07	-8.559562e-10	-4.523527e+00	-5.738160e+01
1.010000e-06	-5.574580e-07	-8.443934e-10	-4.478601e+00	-5.691105e+01
1.020000e-06	-5.518140e-07	-8.342694e-10	-4.433257e+00	-5.643485e+01
1.030000e-06	-5.461139e-07	-8.263305e-10	-4.387463e+00	-5.595441e+01
1.040000e-06	-5.403975e-07	-8.200974e-10	-4.341537e+00	-5.547081e+01
1.050000e-06	-5.346570e-07	-8.139554e-10	-4.295419e+00	-5.498428e+01
1.060000e-06	-5.288945e-07	-8.079441e-10	-4.249123e+00	-5.449387e+01
1.070000e-06	-5.231177e-07	-8.031222e-10	-4.202712e+00	-5.399734e+01
1.080000e-06	-5.173219e-07	-7.956332e-10	-4.156148e+00	-5.349136e+01
1.090000e-06	-5.115009e-07	-7.842631e-10	-4.109383e+00	-5.297191e+01
1.100000e-06	-5.056614e-07	-7.704170e-10	-4.062468e+00	-5.243484e+01
1.110000e-06	-4.997958e-07	-7.589023e-10	-4.015345e+00	-5.187661e+01
1.120000e-06	-4.938912e-07	-7.502906e-10	-3.967907e+00	-5.129487e+01
1.130000e-06	-4.879543e-07	-7.405890e-10	-3.920210e+00	-5.068899e+01
1.140000e-06	-4.819714e-07	-7.305487e-10	-3.872144e+00	-5.006034e+01
1.150000e-06	-4.759419e-07	-7.229208e-10	-3.823703e+00	-4.941219e+01
1.160000e-06	-4.698800e-07	-7.169716e-10	-3.775002e+00	-4.874947e+01
1.170000e-06	-4.637693e-07	-7.079279e-10	-3.725909e+00	-4.807815e+01
1.180000e-06	-4.576212e-07	-6.977961e-10	-3.676515e+00	-4.740453e+01
1.190000e-06	-4.514533e-07	-6.883775e-10	-3.626963e+00	-4.673444e+01
1.200000e-06	-4.452685e-07	-6.779297e-10	-3.577274e+00	-4.607257e+01
1.210000e-06	-4.390697e-07	-6.669238e-10	-3.527473e+00	-4.542196e+01
1.220000e-06	-4.328462e-07	-6.569833e-10	-3.477474e+00	-4.478370e+01
1.230000e-06	-4.265924e-07	-6.500170e-10	-3.427230e+00	-4.415702e+01
1.240000e-06	-4.202980e-07	-6.453996e-10	-3.376662e+00	-4.353963e+01
1.250000e-06	-4.139651e-07	-6.402691e-10	-3.325783e+00	-4.292825e+01
1.260000e-06	-4.076147e-07	-6.310858e-10	-3.274765e+00	-4.231933e+01
1.270000e-06	-4.012432e-07	-6.186285e-10	-3.223576e+00	-4.170967e+01
1.280000e-06	-3.948327e-07	-6.069523e-10	-3.172074e+00	-4.109707e+01
1.290000e-06	-3.884041e-07	-5.969538e-10	-3.120427e+00	-4.048064e+01
1.300000e-06	-3.819602e-07	-5.870535e-10	-3.068657e+00	-3.986092e+01
1.310000e-06	-3.754863e-07	-5.765843e-10	-3.016646e+00	-3.923969e+01
1.320000e-06	-3.689919e-07	-5.666490e-10	-2.964470e+00	-3.861954e+01
1.330000e-06	-3.624677e-07	-5.592421e-10	-2.912055e+00	-3.800328e+01
1.340000e-06	-3.559109e-07	-5.533482e-10	-2.859377e+00	-3.739334e+01
1.350000e-06	-3.493467e-07	-5.471121e-10	-2.806641e+00	-3.679114e+01
1.360000e-06	-3.427734e-07	-5.405604e-10	-2.753831e+00	-3.619671e+01
1.370000e-06	-3.361853e-07	-5.326843e-10	-2.700903e+00	-3.560857e+01
1.380000e-06	-3.295873e-07	-5.233724e-10	-2.647894e+00	-3.502382e+01
1.390000e-06	-3.229779e-07	-5.133430e-10	-2.594795e+00	-3.443853e+01
1.400000e-06	-3.163590e-07	-5.042654e-10	-2.541618e+00	-3.384839e+01
1.410000e-06	-3.097237e-07	-4.981600e-10	-2.488311e+00	-3.324935e+01
1.420000e-06	-3.030761e-07	-4.917123e-10	-2.434905e+00	-3.263832e+01
1.430000e-06	-2.964001e-07	-4.828039e-10	-2.381270e+00	-3.201369e+01
1.440000e-06	-2.896846e-07	-4.710763e-10	-2.327317e+00	-3.137567e+01
1.450000e-06	-2.829563e-07	-4.602391e-10	-2.273263e+00	-3.072625e+01
1.460000e-06	-2.762275e-07	-4.513947e-10	-2.219203e+00	-3.006896e+01
1.470000e-06	-2.694848e-07	-4.398965e-10	-2.165033e+00	-2.940830e+01
1.480000e-06	-2.627076e-07	-4.274094e-10	-2.110585e+00	-2.874900e+01
1.490000e-06	-2.558847e-07	-4.172576e-10	-2.055770e+00	-2.809532e+01
1.500000e-06	-2.490186e-07	-4.108858e-10	-2.000608e+00	-2.745028e+01
1.510000e-06	-2.421360e-07	-4.058508e-10	-1.945313e+00	-2.681523e+01
1.520000e-06	-2.352359e-07	-3.989046e-10	-1.889879e+00	-2.618957e+01
1.530000e-06	-2.283107e-07	-3.893107e-10	-1.834241e+00	-2.557091e+01
1.540000e-06	-2.213655e-07	-3.793208e-10	-1.778444e+00	-2.495538e+01
1.550000e-06	-2.143761e-07	-3.706600e-10	-1.722291e+00	-2.433833e+01
1.560000e-06	-2.073329e-07	-3.609639e-10	-1.665706e+00	-2.371504e+01
1.570000e-06	-2.002596e-07	-3.494313e-10	-1.608880e+00	-2.308152e+01
1.580000e-06	-1.931654e-07	-3.409486e-10	-1.551885e+00	-2.243510e+01
1.590000e-06	-1.860451e-07	-3.338240e-10	-1.494681e+00	-2.177488e+01
1.600000e-06	-1.789004e-07	-3.240904e-10	-1.437281e+00	-2.110180e+01
1.610000e-06	-1.717481e-07	-3.109370e-10	-1.379819e+00	-2.041843e+01
1.620000e-06	-1.645892e-07	-2.968282e-10	-1.322304e+00	-1.972851e+01
1.630000e-06	-1.573988e-07	-2.857138e-10	-1.264538e+00	-1.903620e+01
1.640000e-06	-1.501966e-07	-2.764695e-10	-1.206675e+00	-1.834539e+01
1.650000e-06	-1.429949e-07	-2.685417e-10	-1.148817e+00	-1.765897e+01
1.660000e-06	-1.357782e-07	-2.604761e-10	-1.090838e+00	-1.697831e+01
1.670000e-06	-1.285382e-07	-2.518858e-10	-1.032672e+00	-1.630299e+01
1.680000e-06	-1.212881e-07	-2.424628e-10	-9.744253e-01	-1.563093e+01
1.690000e-06	-1.140447e-07	-2.305434e-10	-9.162316e-01	-1.495870e+01
1.700000e-06	-1.067866e-07	-2.160287e-10	-8.579203e-01	-1.428222e+01
1.710000e-06	-9.950254e-08	-2.028287e-10	-7.994004e-01	-1.359745e+01
1.720000e-06	-9.221933e-08	-1.939532e-10	-7.408873e-01	-1.290125e+01
1.730000e-06	-8.492779e-08	-1.873578e-10	-6.823073e-01	-1.219195e+01
1.740000e-06	-7.762492e-08	-1.800493e-10	-6.236363e-01	-1.146982e+01
1.750000e-06	-7.032849e-08	-1.702240e-10	-5.650170e-01	-1.073715e+01
1.760000e-06	-6.304187e-08	-1.597865e-10	-5.064765e-01	-9.997994e+00
1.770000e-06	-5.574804e-08	-1.499277e-10	-4.478781e-01	-9.257643e+00
1.780000e-06	-4.842245e-08	-1.378299e-10	-3.890245e-01	-8.521852e+00
1.790000e-06	-4.107106e-08	-1.248980e-10	-3.299637e-01	-7.795982e+00
1.800000e-06	-3.371945e-08	-1.130755e-10	-2.709011e-01	-7.084195e+00
1.810000e-06	-2.638307e-08	-1.010428e-10	-2.119608e-01	-6.388815e+00
1.820000e-06	-1.904809e-08	-8.979556e-11	-1.530318e-01	-5.709990e+00
1.830000e-06	-1.170463e-08	-7.990353e-11	-9.403461e-02	-5.045682e+00
1.840000e-06	-4.356523e-09	-7.161138e-11	-3.500018e-02	-4.392006e+00
1.850000e-06	2.979722e-09	-6.528284e-11	2.393900e-02	-3.743861e+00
1.860000e-06	1.030579e-08	-5.954539e-11	8.279639e-02	-3.095732e+00
1.870000e-06	1.764397e-08	-5.315510e-11	1.417511e-01	-2.442551e+00
1.880000e-06	2.498279e-08	-4.515158e-11	2.007110e-01	-1.780453e+00
1.890000e-06	3.231206e-08	-3.471843e-11	2.595942e-01	-1.107321e+00
1.900000e-06	3.964581e-08	-2.179800e-11	3.185133e-01	-4.230124e-01
1.910000e-06	4.697593e-08	-8.310817e-12	3.774032e-01	2.707499e-01
1.920000e-06	5.428804e-08	3.879672e-12	4.361485e-01	9.708151e-01
1.930000e-06	6.159638e-08	1.323126e-11	4.948635e-01	1.673279e+00
1.940000e-06	6.891221e-08	2.167793e-11	5.536386e-01	2.374285e+00
1.950000e-06	7.623958e-08	3.047544e-11	6.125065e-01	3.070800e+00
1.960000e-06	8.356165e-08	3.938537e-11	6.713318e-01	3.761243e+00
1.970000e-06	9.086922e-08	4.703423e-11	7.300406e-01	4.445830e+00
1.980000e-06	9.817960e-08	5.438635e-11	7.887720e-01	5.126596e+00
1.990000e-06	1.054855e-07	6.408308e-11	8.474675e-01	5.807068e+00
2.000000e-06	1.127722e-07	7.378408e-11	9.060085e-01	6.491649e+00
2.010000e-06	1.200404e-07	8.263111e-11	9.644007e-01	7.184815e+00
2.020000e-06	1.272900e-07	9.114903e-11	1.022644e+00	7.890258e+00
2.030000e-06	1.345152e-07	1.004915e-10	1.080691e+00	8.610137e+00
2.040000e-06	1.417301e-07	1.117697e-10	1.138656e+00	9.344557e+00
2.050000e-06	1.489336e-07	1.243426e-10	1.196528e+00	1.009138e+01
2.060000e-06	1.561126e-07	1.351356e-10	1.254204e+00	1.084639e+01
2.070000e-06	1.632778e-07	1.440413e-10	1.311769e+00	1.160389e+01
2.080000e-06	1.704300e-07	1.531165e-10	1.369229e+00	1.235744e+01
2.090000e-06	1.775682e-07	1.650607e-10	1.426578e+00	1.310087e+01
2.100000e-06	1.846872e-07	1.789628e-10	1.483772e+00	1.382919e+01
2.110000e-06	1.917739e-07	1.913939e-10	1.540706e+00	1.453941e+01
2.120000e-06	1.988271e-07	2.009812e-10	1.597371e+00	1.523098e+01
2.130000e-06	2.058704e-07	2.086580e-10	1.653957e+00	1.590595e+01
2.140000e-06	2.128978e-07	2.153899e-10	1.710415e+00	1.656861e+01
2.150000e-06	2.198902e-07	2.206500e-10	1.766591e+00	1.722482e+01
2.160000e-06	2.268358e-07	2.270645e-10	1.822392e+00	1.788112e+01
2.170000e-06	2.337366e-07	2.370030e-10	1.877833e+00	1.854365e+01
2.180000e-06	2.406203e-07	2.498732e-10	1.933136e+00	1.921714e+01
2.190000e-06	2.474825e-07	2.628266e-10	1.988267e+00	1.990416e+01
2.200000e-06	2.543222e-07	2.748581e-10	2.043217e+00	2.060466e+01
2.210000e-06	2.611271e-07	2.850820e-10	2.097888e+00	2.131593e+01
2.220000e-06	2.678891e-07	2.941317e-10	2.152213e+00	2.203298e+01
2.230000e-06	2.746291e-07	3.032598e-10	2.206362e+00	2.274934e+01
2.240000e-06	2.813548e-07	3.114233e-10	2.260396e+00	2.345803e+01
2.250000e-06	2.880562e-07	3.210372e-10	2.314235e+00	2.415266e+01
2.260000e-06	2.947411e-07	3.338338e-10	2.367942e+00	2.482844e+01
2.270000e-06	3.014092e-07	3.455940e-10	2.421513e+00	2.548296e+01
2.280000e-06	3.080563e-07	3.553276e-10	2.474915e+00	2.611659e+01
2.290000e-06	3.146947e-07	3.656875e-10	2.528248e+00	2.673249e+01
2.300000e-06	3.213129e-07	3.774144e-10	2.581419e+00	2.733614e+01
2.310000e-06	3.279053e-07	3.896108e-10	2.634381e+00	2.793463e+01
2.320000e-06	3.344880e-07	4.008571e-10	2.687266e+00	2.853559e+01
2.330000e-06	3.410697e-07	4.121029e-10	2.740144e+00	2.914614e+01
2.340000e-06	3.476470e-07	4.247439e-10	2.792986e+00	2.977193e+01
2.350000e-06	3.542125e-07	4.378175e-10	2.845733e+00	3.041638e+01
2.360000e-06	3.607576e-07	4.487988e-10	2.898316e+00	3.108030e+01
2.370000e-06	3.672827e-07	4.576960e-10	2.950738e+00	3.176190e+01
2.380000e-06	3.737932e-07	4.671149e-10	3.003043e+00	3.245719e+01
2.390000e-06	3.802883e-07	4.790697e-10	3.055225e+00	3.316064e+01
2.400000e-06	3.867585e-07	4.907789e-10	3.107206e+00	3.386610e+01
2.410000e-06	3.931909e-07	5.019404e-10	3.158884e+00	3.456768e+01
2.420000e-06	3.995834e-07	5.156950e-10	3.210241e+00	3.526061e+01
2.430000e-06	4.059521e-07	5.301655e-10	3.261407e+00	3.594178e+01
2.440000e-06	4.122795e-07	5.419482e-10	3.312241e+00	3.661001e+01
2.450000e-06	4.185643e-07	5.505618e-10	3.362733e+00	3.726601e+01
2.460000e-06	4.248379e-07	5.584934e-10	3.413135e+00	3.791198e+01
2.470000e-06	4.310835e-07	5.673607e-10	3.463312e+00	3.855103e+01
2.480000e-06	4.372811e-07	5.779996e-10	3.513104e+00	3.918646e+01
2.490000e-06	4.434523e-07	5.891746e-10	3.562683e+00	3.982108e+01
2.500000e-06	4.496046e-07	6.000305e-10	3.612110e+00	4.045669e+01
2.510000e-06	4.557458e-07	6.112869e-10	3.661448e+00	4.109376e+01
2.520000e-06	4.618770e-07	6.221104e-10	3.710706e+00	4.173141e+01
2.530000e-06	4.679750e-07	6.314900e-10	3.759697e+00	4.236767e+01
2.540000e-06	4.740317e-07	6.397691e-10	3.808357e+00	4.299996e+01
2.550000e-06	4.800284e-07	6.473917e-10	3.856534e+00	4.362564e+01
2.560000e-06	4.859734e-07	6.557156e-10	3.904296e+00	4.424271e+01
2.570000e-06	4.919055e-07	6.651064e-10	3.951954e+00	4.485019e+01
2.580000e-06	4.978169e-07	6.746201e-10	3.999446e+00	4.544852e+01
2.590000e-06	5.036890e-07	6.849113e-10	4.046623e+00	4.603948e+01
2.600000e-06	5.095344e-07	6.947442e-10	4.093584e+00	4.662605e+01
2.610000e-06	5.153562e-07	7.035366e-10	4.140356e+00	4.721182e+01
2.620000e-06	5.211630e-07	7.110734e-10	4.187008e+00	4.780044e+01
2.630000e-06	5.269553e-07	7.175327e-10	4.233544e+00	4.839488e+01
2.640000e-06	5.327299e-07	7.253596e-10	4.279936e+00	4.899686e+01
2.650000e-06	5.384873e-07	7.340817e-10	4.326191e+00	4.960646e+01
2.660000e-06	5.442143e-07	7.440361e-10	4.372202e+00	5.022192e+01
2.670000e-06	5.498962e-07	7.530875e-10	4.417850e+00	5.083983e+01
2.680000e-06	5.555368e-07	7.604308e-10	4.463166e+00	5.145558e+01
2.690000e-06	5.611234e-07	7.695563e-10	4.508048e+00	5.206399e+01
2.700000e-06	5.666236e-07	7.805268e-10	4.552237e+00	5.266005e+01
2.710000e-06	5.720483e-07	7.905651e-10	4.595819e+00	5.323973e+01
2.720000e-06	5.773936e-07	7.979811e-10	4.638763e+00	5.380051e+01
2.730000e-06	5.826473e-07	8.052566e-10	4.680971e+00	5.434184e+01
2.740000e-06	5.878309e-07	8.144312e-10	4.722616e+00	5.486512e+01
2.750000e-06	5.929631e-07	8.237767e-10	4.763848e+00	5.537355e+01
2.760000e-06	5.980756e-07	8.306677e-10	4.804921e+00	5.587155e+01
2.770000e-06	6.031606e-07	8.372285e-10	4.845774e+00	5.636411e+01
2.780000e-06	6.082153e-07	8.445815e-10	4.886384e+00	5.685595e+01
2.790000e-06	6.132358e-07	8.532275e-10	4.926718e+00	5.735087e+01
2.800000e-06	6.182103e-07	8.627918e-10	4.966683e+00	5.785113e+01
2.810000e-06	6.231557e-07	8.719393e-10	5.006415e+00	5.835721e+01
2.820000e-06	6.280618e-07	8.804670e-10	5.045829e+00	5.886776e+01
2.830000e-06	6.329279e-07	8.895970e-10	5.084924e+00	5.937997e+01
2.840000e-06	6.377425e-07	8.984994e-10	5.123604e+00	5.989005e+01
2.850000e-06	6.425051e-07	9.049943e-10	5.161867e+00	6.039397e+01
2.860000e-06	6.472126e-07	9.108832e-10	5.199687e+00	6.088814e+01
2.870000e-06	6.518769e-07	9.180228e-10	5.237160e+00	6.137009e+01
2.880000e-06	6.565180e-07	9.263391e-10	5.274446e+00	6.183882e+01
2.890000e-06	6.611178e-07	9.355810e-10	5.311401e+00	6.229504e+01
2.900000e-06	6.656606e-07	9.464508e-10	5.347897e+00	6.274100e+01
2.910000e-06	6.701654e-07	9.561390e-10	5.384089e+00	6.318011e+01
2.920000e-06	6.746486e-07	9.630080e-10	5.420106e+00	6.361637e+01
2.930000e-06	6.790705e-07	9.674258e-10	5.455632e+00	6.405370e+01
2.940000e-06	6.834187e-07	9.713706e-10	5.490566e+00	6.449532e+01
2.950000e-06	6.877218e-07	9.778020e-10	5.525137e+00	6.494321e+01
2.960000e-06	6.919970e-07	9.853971e-10	5.559483e+00	6.539784e+01
2.970000e-06	6.962382e-07	9.930930e-10	5.593557e+00	6.585817e+01
2.980000e-06	7.004535e-07	1.003399e-09	5.627422e+00	6.632186e+01
2.990000e-06	7.046463e-07	1.015031e-09	5.661107e+00	6.678577e+01
3.000000e-06	7.088134e-07	1.024393e-09	5.694586e+00	6.724649e+01
3.010000e-06	7.129415e-07	1.033071e-09	5.727751e+00	6.770097e+01
3.020000e-06	7.170090e-07	1.042369e-09	5.760429e+00	6.814705e+01
3.030000e-06	7.210254e-07	1.051598e-09	5.792697e+00	6.858376e+01
3.040000e-06	7.249851e-07	1.059507e-09	5.824508e+00	6.901145e+01
3.050000e-06	7.288592e-07	1.064622e-09	5.855633e+00	6.943162e+01
3.060000e-06	7.326727e-07	1.070592e-09	5.886271e+00	6.984653e+01
3.070000e-06	7.364522e-07	1.078924e-09	5.916635e+00	7.025865e+01
3.080000e-06	7.401910e-07	1.087736e-09	5.946673e+00	7.067011e+01
3.090000e-06	7.438661e-07	1.094350e-09	5.976198e+00	7.108215e+01
3.100000e-06	7.474934e-07	1.100861e-09	6.005340e+00	7.149471e+01
3.110000e-06	7.510885e-07	1.110589e-09	6.034222e+00	7.190635e+01
3.120000e-06	7.546270e-07	1.120498e-09	6.062651e+00	7.231435e+01
3.130000e-06	7.581140e-07	1.126400e-09	6.090665e+00	7.271510e+01
3.140000e-06	7.615440e-07	1.129441e-09	6.118222e+00	7.310464e+01
3.150000e-06	7.649342e-07	1.135352e-09	6.145458e+00	7.347938e+01
3.160000e-06	7.682500e-07	1.143150e-09	6.172098e+00	7.383668e+01
3.170000e-06	7.714821e-07	1.148942e-09	6.198064e+00	7.417546e+01
3.180000e-06	7.746702e-07	1.151857e-09	6.223678e+00	7.449636e+01
3.190000e-06	7.777978e-07	1.155369e-09	6.248804e+00	7.480184e+01
3.200000e-06	7.808474e-07	1.160706e-09	6.273305e+00	7.509581e+01
3.210000e-06	7.838270e-07	1.164457e-09	6.297243e+00	7.538307e+01
3.220000e-06	7.867668e-07	1.166383e-09	6.320861e+00	7.566859e+01
3.230000e-06	7.896641e-07	1.170383e-09	6.344138e+00	7.595671e+01
3.240000e-06	7.924957e-07	1.176547e-09	6.366887e+00	7.625040e+01
3.250000e-06	7.952571e-07	1.182445e-09	6.389072e+00	7.655078e+01
3.260000e-06	7.979510e-07	1.184645e-09	6.410714e+00	7.685685e+01
3.270000e-06	8.005899e-07	1.185011e-09	6.431916e+00	7.716561e+01
3.280000e-06	8.031889e-07	1.187071e-09	6.452796e+00	7.747247e+01
3.290000e-06	8.057394e-07	1.192194e-09	6.473286e+00	7.777197e+01
3.300000e-06	8.082197e-07	1.198397e-09	6.493213e+00	7.805858e+01
3.310000e-06	8.106308e-07	1.201711e-09	6.512583e+00	7.832764e+01
3.320000e-06	8.129597e-07	1.204668e-09	6.531294e+00	7.857607e+01
3.330000e-06	8.151789e-07	1.208112e-09	6.549123e+00	7.880293e+01
3.340000e-06	8.172977e-07	1.210697e-09	6.566145e+00	7.900962e+01
3.350000e-06	8.193269e-07	1.210917e-09	6.582448e+00	7.919970e+01
3.360000e-06	8.212727e-07	1.210388e-09	6.598080e+00	7.937845e+01
3.370000e-06	8.231436e-07	1.210637e-09	6.613111e+00	7.955206e+01
3.380000e-06	8.249625e-07	1.211791e-09	6.627724e+00	7.972677e+01
3.390000e-06	8.267626e-07	1.214248e-09	6.642186e+00	7.990791e+01
3.400000e-06	8.285382e-07	1.219627e-09	6.656451e+00	8.009913e+01
3.410000e-06	8.302664e-07	1.225772e-09	6.670335e+00	8.030187e+01
3.420000e-06	8.319444e-07	1.229132e-09	6.683817e+00	8.051512e+01
3.430000e-06	8.335706e-07	1.229624e-09	6.696882e+00	8.073562e+01
3.440000e-06	8.351350e-07	1.230554e-09	6.709450e+00	8.095830e+01
3.450000e-06	8.366375e-07	1.233779e-09	6.721520e+00	8.117707e+01
3.460000e-06	8.380800e-07	1.237523e-09	6.733110e+00	8.138566e+01
3.470000e-06	8.394697e-07	1.240579e-09	6.744274e+00	8.157853e+01
3.480000e-06	8.408125e-07	1.242007e-09	6.755063e+00	8.175163e+01
3.490000e-06	8.420895e-07	1.245071e-09	6.765322e+00	8.190294e+01
3.500000e-06	8.433058e-07	1.251851e-09	6.775093e+00	8.203267e+01
3.510000e-06	8.444705e-07	1.260935e-09	6.784451e+00	8.214316e+01
3.520000e-06	8.455750e-07	1.267795e-09	6.793324e+00	8.223845e+01
3.530000e-06	8.466322e-07	1.264556e-09	6.801818e+00	8.232366e+01
3.540000e-06	8.476579e-07	1.240862e-09	6.810059e+00	8.240421e+01
3.550000e-06	8.486472e-07	1.208288e-09	6.818007e+00	8.248503e+01
3.560000e-06	8.495976e-07	1.198310e-09	6.825642e+00	8.256995e+01
3.570000e-06	8.504984e-07	1.225138e-09	6.832879e+00	8.266120e+01
3.580000e-06	8.513339e-07	1.269672e-09	6.839591e+00	8.275923e+01
3.590000e-06	8.520907e-07	1.301016e-09	6.845671e+00	8.286278e+01
3.600000e-06	8.527392e-07	1.294021e-09	6.850881e+00	8.296919e+01
3.610000e-06	8.532813e-07	1.280464e-09	6.855236e+00	8.307487e+01
3.620000e-06	8.537409e-07	1.260588e-09	6.858929e+00	8.317590e+01
3.630000e-06	8.541370e-07	1.234919e-09	6.862111e+00	8.326860e+01
3.640000e-06	8.544545e-07	1.228721e-09	6.864662e+00	8.334999e+01
3.650000e-06	8.547044e-07	1.259407e-09	6.866669e+00	8.341814e+01
3.660000e-06	8.549205e-07	1.289540e-09	6.868406e+00	8.347228e+01
3.670000e-06	8.550982e-07	1.309911e-09	6.869834e+00	8.351284e+01
3.680000e-06	8.552129e-07	1.306685e-09	6.870755e+00	8.354116e+01
3.690000e-06	8.552787e-07	1.271983e-09	6.871283e+00	8.355926e+01
3.700000e-06	8.552994e-07	1.231474e-09	6.871450e+00	8.356953e+01
3.710000e-06	8.552383e-07	1.227244e-09	6.870959e+00	8.357435e+01
3.720000e-06	8.551127e-07	1.267948e-09	6.869950e+00	8.357595e+01
3.730000e-06	8.549539e-07	1.316065e-09	6.868674e+00	8.357622e+01
3.740000e-06	8.547631e-07	1.340578e-09	6.867141e+00	8.357666e+01
3.750000e-06	8.545179e-07	1.330479e-09	6.865171e+00	8.357845e+01
3.760000e-06	8.541851e-07	1.316596e-09	6.862497e+00	8.358249e+01
3.770000e-06	8.537668e-07	1.284529e-09	6.859137e+00	8.358944e+01
3.780000e-06	8.532816e-07	1.247060e-09	6.855239e+00	8.359980e+01
3.790000e-06	8.527458e-07	1.239687e-09	6.850935e+00	8.361377e+01
3.800000e-06	8.521886e-07	1.264016e-09	6.846458e+00	8.363118e+01
3.810000e-06	8.516040e-07	1.309148e-09	6.841761e+00	8.365133e+01
3.820000e-06	8.509843e-07	1.343563e-09	6.836783e+00	8.367277e+01
3.830000e-06	8.503277e-07	1.337815e-09	6.831508e+00	8.369322e+01
3.840000e-06	8.496282e-07	1.295558e-09	6.825887e+00	8.370951e+01
3.850000e-06	8.488822e-07	1.267259e-09	6.819895e+00	8.371769e+01
3.860000e-06	8.480481e-07	1.260114e-09	6.813193e+00	8.371334e+01
3.870000e-06	8.470984e-07	1.278568e-09	6.805564e+00	8.369193e+01
3.880000e-06	8.460447e-07	1.291888e-09	6.797098e+00	8.364940e+01
3.890000e-06	8.449068e-07	1.293455e-09	6.787956e+00	8.358267e+01
3.900000e-06	8.436747e-07	1.287322e-09	6.778057e+00	8.349021e+01
3.910000e-06	8.423806e-07	1.284020e-09	6.767661e+00	8.337238e+01
3.920000e-06	8.410552e-07	1.282684e-09	6.757012e+00	8.323163e+01
3.930000e-06	8.396814e-07	1.272555e-09	6.745975e+00	8.307239e+01
3.940000e-06	8.382679e-07	1.268018e-09	6.734619e+00	8.290070e+01
3.950000e-06	8.368160e-07	1.267712e-09	6.722955e+00	8.272362e+01
3.960000e-06	8.352978e-07	1.279544e-09	6.710758e+00	8.254842e+01
3.970000e-06	8.336933e-07	1.278219e-09	6.697867e+00	8.238173e+01
3.980000e-06	8.320279e-07	1.270479e-09	6.684488e+00	8.222871e+01
3.990000e-06	8.303142e-07	1.253008e-09	6.670720e+00	8.209242e+01
4.000000e-06	8.285629e-07	1.249128e-09	6.656650e+00	8.197341e+01
4.010000e-06	8.267768e-07	1.249616e-09	6.642300e+00	8.186966e+01
4.020000e-06	8.249260e-07	1.257254e-09	6.627431e+00	8.177685e+01
4.030000e-06	8.229987e-07	1.255453e-09	6.611947e+00	8.168896e+01
4.040000e-06	8.210295e-07	1.252133e-09	6.596127e+00	8.159906e+01
4.050000e-06	8.190022e-07	1.247657e-09	6.579840e+00	8.150022e+01
4.060000e-06	8.168839e-07	1.248106e-09	6.562821e+00	8.138639e+01
4.070000e-06	8.146879e-07	1.247535e-09	6.545179e+00	8.125314e+01
4.080000e-06	8.124235e-07	1.245456e-09	6.526987e+00	8.109812e+01
4.090000e-06	8.101036e-07	1.244527e-09	6.508348e+00	8.092120e+01
4.100000e-06	8.077392e-07	1.243080e-09	6.489353e+00	8.072427e+01
4.110000e-06	8.052762e-07	1.241328e-09	6.469565e+00	8.051073e+01
4.120000e-06	8.026867e-07	1.235831e-09	6.448761e+00	8.028479e+01
4.130000e-06	8.000075e-07	1.231944e-09	6.427237e+00	8.005069e+01
4.140000e-06	7.972553e-07	1.227275e-09	6.405125e+00	7.981190e+01
4.150000e-06	7.944245e-07	1.226130e-09	6.382382e+00	7.957056e+01
4.160000e-06	7.915366e-07	1.221502e-09	6.359182e+00	7.932718e+01
4.170000e-06	7.886026e-07	1.216506e-09	6.335610e+00	7.908054e+01
4.180000e-06	7.856167e-07	1.210412e-09	6.311622e+00	7.882809e+01
4.190000e-06	7.825894e-07	1.208027e-09	6.287300e+00	7.856642e+01
4.200000e-06	7.795289e-07	1.209174e-09	6.262712e+00	7.829198e+01
4.210000e-06	7.764185e-07	1.208142e-09	6.237723e+00	7.800185e+01
4.220000e-06	7.732462e-07	1.202163e-09	6.212237e+00	7.769434e+01
4.230000e-06	7.700237e-07	1.196526e-09	6.186347e+00	7.736939e+01
4.240000e-06	7.667487e-07	1.192204e-09	6.160036e+00	7.702877e+01
4.250000e-06	7.634285e-07	1.188209e-09	6.133362e+00	7.667582e+01
4.260000e-06	7.600596e-07	1.181518e-09	6.106296e+00	7.631501e+01
4.270000e-06	7.566436e-07	1.175187e-09	6.078852e+00	7.595126e+01
4.280000e-06	7.531777e-07	1.172809e-09	6.051007e+00	7.558912e+01
4.290000e-06	7.496659e-07	1.171890e-09	6.022794e+00	7.523203e+01
4.300000e-06	7.461071e-07	1.166357e-09	5.994202e+00	7.488175e+01
4.310000e-06	7.424866e-07	1.156113e-09	5.965115e+00	7.453802e+01
4.320000e-06	7.388026e-07	1.147761e-09	5.935518e+00	7.419855e+01
4.330000e-06	7.350828e-07	1.143917e-09	5.905633e+00	7.385941e+01
4.340000e-06	7.313444e-07	1.141138e-09	5.875599e+00	7.351560e+01
4.350000e-06	7.275725e-07	1.137548e-09	5.845295e+00	7.316188e+01
4.360000e-06	7.237614e-07	1.134666e-09	5.814677e+00	7.279364e+01
4.370000e-06	7.199300e-07	1.134228e-09	5.783897e+00	7.240768e+01
4.380000e-06	7.160633e-07	1.130551e-09	5.752831e+00	7.200275e+01
4.390000e-06	7.121360e-07	1.121119e-09	5.721279e+00	7.157984e+01
4.400000e-06	7.081286e-07	1.110777e-09	5.689084e+00	7.114206e+01
4.410000e-06	7.040282e-07	1.103445e-09	5.656141e+00	7.069419e+01
4.420000e-06	6.998474e-07	1.101536e-09	5.622553e+00	7.024200e+01
4.430000e-06	6.955785e-07	1.100281e-09	5.588257e+00	6.979135e+01
4.440000e-06	6.912338e-07	1.094431e-09	5.553352e+00	6.934729e+01
4.450000e-06	6.868269e-07	1.084933e-09	5.517947e+00	6.891331e+01
4.460000e-06	6.823562e-07	1.077003e-09	5.482030e+00	6.849079e+01
4.470000e-06	6.778323e-07	1.070351e-09	5.445684e+00	6.807879e+01
4.480000e-06	6.732619e-07	1.063741e-09	5.408966e+00	6.767427e+01
4.490000e-06	6.686598e-07	1.057682e-09	5.371993e+00	6.727250e+01
4.500000e-06	6.640315e-07	1.055646e-09	5.334809e+00	6.686787e+01
4.510000e-06	6.593882e-07	1.056968e-09	5.297505e+00	6.645478e+01
4.520000e-06	6.547181e-07	1.056114e-09	5.259986e+00	6.602846e+01
4.530000e-06	6.499962e-07	1.048671e-09	5.222050e+00	6.558576e+01
4.540000e-06	6.452384e-07	1.037594e-09	5.183826e+00	6.512558e+01
4.550000e-06	6.404341e-07	1.026858e-09	5.145229e+00	6.464905e+01
4.560000e-06	6.355672e-07	1.016767e-09	5.106128e+00	6.415931e+01
4.570000e-06	6.306561e-07	1.006760e-09	5.066672e+00	6.366101e+01
4.580000e-06	6.256959e-07	9.997139e-10	5.026822e+00	6.315960e+01
4.590000e-06	6.206918e-07	9.946447e-10	4.986619e+00	6.266051e+01
4.600000e-06	6.156646e-07	9.872023e-10	4.946231e+00	6.216836e+01
4.610000e-06	6.105920e-07	9.768373e-10	4.905478e+00	6.168635e+01
4.620000e-06	6.054511e-07	9.670486e-10	4.864176e+00	6.121590e+01
4.630000e-06	6.002545e-07	9.596525e-10	4.822427e+00	6.075655e+01
4.640000e-06	5.950227e-07	9.534527e-10	4.780395e+00	6.030622e+01
4.650000e-06	5.897536e-07	9.478657e-10	4.738063e+00	5.986165e+01
4.660000e-06	5.844351e-07	9.406400e-10	4.695334e+00	5.941905e+01
4.670000e-06	5.790791e-07	9.320135e-10	4.652305e+00	5.897473e+01
4.680000e-06	5.737056e-07	9.223120e-10	4.609134e+00	5.852568e+01
4.690000e-06	5.683140e-07	9.126592e-10	4.565817e+00	5.806999e+01
4.700000e-06	5.628988e-07	9.034823e-10	4.522312e+00	5.760694e+01
4.710000e-06	5.574689e-07	8.968851e-10	4.478689e+00	5.713695e+01
4.720000e-06	5.520119e-07	8.928108e-10	4.434847e+00	5.666118e+01
4.730000e-06	5.465125e-07	8.882951e-10	4.390665e+00	5.618106e+01
4.740000e-06	5.409808e-07	8.800254e-10	4.346223e+00	5.569771e+01
4.750000e-06	5.354105e-07	8.688538e-10	4.301472e+00	5.521146e+01
4.760000e-06	5.297746e-07	8.567500e-10	4.256193e+00	5.472145e+01
4.770000e-06	5.240786e-07	8.450636e-10	4.210432e+00	5.422557e+01
4.780000e-06	5.183214e-07	8.361313e-10	4.164179e+00	5.372054e+01
4.790000e-06	5.124856e-07	8.291213e-10	4.117294e+00	5.320239e+01
4.800000e-06	5.066001e-07	8.227248e-10	4.070010e+00	5.266695e+01
4.810000e-06	5.006730e-07	8.163025e-10	4.022392e+00	5.211061e+01
4.820000e-06	4.946723e-07	8.073932e-10	3.974182e+00	5.153089e+01
4.830000e-06	4.885907e-07	7.953739e-10	3.925323e+00	5.092702e+01
4.840000e-06	4.824744e-07	7.839817e-10	3.876185e+00	5.030018e+01
4.850000e-06	4.763336e-07	7.738657e-10	3.826850e+00	4.965350e+01
4.860000e-06	4.701636e-07	7.628627e-10	3.777280e+00	4.899179e+01
4.870000e-06	4.639771e-07	7.527635e-10	3.727578e+00	4.832097e+01
4.880000e-06	4.577852e-07	7.437830e-10	3.677833e+00	4.764731e+01
4.890000e-06	4.515824e-07	7.343357e-10	3.628000e+00	4.697675e+01
4.900000e-06	4.453643e-07	7.249598e-10	3.578043e+00	4.631407e+01
4.910000e-06	4.391273e-07	7.141510e-10	3.527936e+00	4.566247e+01
4.920000e-06	4.328553e-07	7.015822e-10	3.477547e+00	4.502319e+01
4.930000e-06	4.265572e-07	6.888607e-10	3.426948e+00	4.439564e+01
4.940000e-06	4.202241e-07	6.776700e-10	3.376068e+00	4.377760e+01
4.950000e-06	4.138448e-07	6.706587e-10	3.324817e+00	4.316588e+01
4.960000e-06	4.074537e-07	6.672315e-10	3.273471e+00	4.255690e+01
4.970000e-06	4.010495e-07	6.617935e-10	3.222019e+00	4.194742e+01
4.980000e-06	3.946072e-07	6.534617e-10	3.170262e+00	4.133513e+01
4.990000e-06	3.881346e-07	6.440286e-10	3.118262e+00	4.071904e+01
5.000000e-06	3.816334e-07	6.340852e-10	3.066031e+00	4.009955e+01
5.010000e-06	3.751050e-07	6.229512e-10	3.013582e+00	3.947837e+01
5.020000e-06	3.685417e-07	6.133726e-10	2.960853e+00	3.885803e+01
5.030000e-06	3.619459e-07	6.060455e-10	2.907863e+00	3.824137e+01
5.040000e-06	3.553279e-07	6.018678e-10	2.854694e+00	3.763085e+01
5.050000e-06	3.486907e-07	5.984725e-10	2.801371e+00	3.702799e+01
5.060000e-06	3.420339e-07	5.897131e-10	2.747890e+00	3.643297e+01
5.070000e-06	3.353642e-07	5.766249e-10	2.694306e+00	3.584441e+01
5.080000e-06	3.286764e-07	5.652660e-10	2.640576e+00	3.525953e+01
5.090000e-06	3.219584e-07	5.548569e-10	2.586604e+00	3.467447e+01
5.100000e-06	3.152129e-07	5.431812e-10	2.532411e+00	3.408492e+01
5.110000e-06	3.084559e-07	5.321193e-10	2.478125e+00	3.348677e+01
5.120000e-06	3.016776e-07	5.224615e-10	2.423669e+00	3.287683e+01
5.130000e-06	2.948683e-07	5.160177e-10	2.368963e+00	3.225337e+01
5.140000e-06	2.880317e-07	5.067795e-10	2.314038e+00	3.161643e+01
5.150000e-06	2.811607e-07	4.965439e-10	2.258837e+00	3.096786e+01
5.160000e-06	2.742756e-07	4.849083e-10	2.203522e+00	3.031108e+01
5.170000e-06	2.673782e-07	4.762172e-10	2.148108e+00	2.965053e+01
5.180000e-06	2.604654e-07	4.700394e-10	2.092571e+00	2.899096e+01
5.190000e-06	2.535413e-07	4.626922e-10	2.036943e+00	2.833669e+01
5.200000e-06	2.466022e-07	4.501593e-10	1.981195e+00	2.769087e+01
5.210000e-06	2.396542e-07	4.347659e-10	1.925374e+00	2.705499e+01
5.220000e-06	2.326978e-07	4.219171e-10	1.869487e+00	2.642864e+01
5.230000e-06	2.257337e-07	4.093080e-10	1.813538e+00	2.580954e+01
5.240000e-06	2.187531e-07	3.958489e-10	1.757456e+00	2.519394e+01
5.250000e-06	2.117614e-07	3.850779e-10	1.701285e+00	2.457721e+01
5.260000e-06	2.047697e-07	3.776238e-10	1.645114e+00	2.395463e+01
5.270000e-06	1.977738e-07	3.700938e-10	1.588909e+00	2.332209e+01
5.280000e-06	1.907754e-07	3.614135e-10	1.532684e+00	2.267683e+01
5.290000e-06	1.837688e-07	3.494661e-10	1.476393e+00	2.201776e+01
5.300000e-06	1.767571e-07	3.355560e-10	1.420061e+00	2.134569e+01
5.310000e-06	1.697467e-07	3.178589e-10	1.363740e+00	2.066307e+01
5.320000e-06	1.627223e-07	3.018722e-10	1.307306e+00	1.997354e+01
5.330000e-06	1.556839e-07	2.890822e-10	1.250760e+00	1.928129e+01
5.340000e-06	1.486459e-07	2.787632e-10	1.194217e+00	1.859025e+01
5.350000e-06	1.416075e-07	2.690257e-10	1.137670e+00	1.790341e+01
5.360000e-06	1.345699e-07	2.613144e-10	1.081130e+00	1.722227e+01
5.370000e-06	1.275213e-07	2.532533e-10	1.024502e+00	1.654658e+01
5.380000e-06	1.204542e-07	2.420808e-10	9.677257e-01	1.587437e+01
5.390000e-06	1.133792e-07	2.258498e-10	9.108851e-01	1.520233e+01
5.400000e-06	1.063079e-07	2.075271e-10	8.540748e-01	1.452638e+01
5.410000e-06	9.923636e-08	1.928389e-10	7.972619e-01	1.384245e+01
5.420000e-06	9.215312e-08	1.803583e-10	7.403554e-01	1.314730e+01
5.430000e-06	8.505482e-08	1.697451e-10	6.833279e-01	1.243913e+01
5.440000e-06	7.795226e-08	1.599514e-10	6.262661e-01	1.171803e+01
5.450000e-06	7.084535e-08	1.502908e-10	5.691694e-01	1.098612e+01
5.460000e-06	6.371963e-08	1.393553e-10	5.119216e-01	1.024733e+01
5.470000e-06	5.657497e-08	1.265711e-10	4.545216e-01	9.506874e+00
5.480000e-06	4.943636e-08	1.117419e-10	3.971702e-01	8.770502e+00
5.490000e-06	4.231888e-08	9.710369e-11	3.399886e-01	8.043641e+00
5.500000e-06	3.522039e-08	8.363382e-11	2.829595e-01	7.330578e+00
5.510000e-06	2.812532e-08	7.119853e-11	2.259579e-01	6.633810e+00
5.520000e-06	2.099270e-08	5.988584e-11	1.686548e-01	5.953670e+00
5.530000e-06	1.384268e-08	5.123092e-11	1.112117e-01	5.288294e+00
5.540000e-06	6.696641e-09	4.517492e-11	5.380061e-02	4.633931e+00
5.550000e-06	-4.503953e-10	3.742286e-11	-3.618463e-03	3.985551e+00
5.560000e-06	-7.596899e-09	2.798638e-11	-6.103326e-02	3.337641e+00
5.570000e-06	-1.474367e-08	1.945363e-11	-1.184502e-01	2.685065e+00
5.580000e-06	-2.188272e-08	9.929709e-12	-1.758051e-01	2.023834e+00
5.590000e-06	-2.901644e-08	-1.911459e-12	-2.331172e-01	1.351669e+00
5.600000e-06	-3.615460e-08	-1.342171e-11	-2.904650e-01	6.682658e-01
5.610000e-06	-4.328727e-08	-2.334320e-11	-3.477687e-01	-2.479781e-02
5.620000e-06	-5.040125e-08	-3.131520e-11	-4.049222e-01	-7.244660e-01
5.630000e-06	-5.750278e-08	-3.785357e-11	-4.619756e-01	-1.426868e+00
5.640000e-06	-6.459151e-08	-4.392797e-11	-5.189263e-01	-2.128111e+00
5.650000e-06	-7.167945e-08	-5.119072e-11	-5.758705e-01	-2.825069e+00
5.660000e-06	-7.877055e-08	-6.083729e-11	-6.328402e-01	-3.516020e+00
5.670000e-06	-8.587203e-08	-7.243307e-11	-6.898933e-01	-4.201025e+00
5.680000e-06	-9.297859e-08	-8.451960e-11	-7.469873e-01	-4.881977e+00
5.690000e-06	-1.000734e-07	-9.789107e-11	-8.039868e-01	-5.562297e+00
5.700000e-06	-1.071467e-07	-1.107441e-10	-8.608130e-01	-6.246345e+00
5.710000e-06	-1.142144e-07	-1.210300e-10	-9.175953e-01	-6.938622e+00
5.720000e-06	-1.212812e-07	-1.293833e-10	-9.743692e-01	-7.642918e+00
5.730000e-06	-1.283282e-07	-1.364131e-10	-1.030985e+00	-8.361545e+00
5.740000e-06	-1.353636e-07	-1.452500e-10	-1.087507e+00	-9.094788e+00
5.750000e-06	-1.423922e-07	-1.566249e-10	-1.143975e+00	-9.840692e+00
5.760000e-06	-1.494239e-07	-1.690813e-10	-1.200467e+00	-1.059521e+01
5.770000e-06	-1.564501e-07	-1.835322e-10	-1.256916e+00	-1.135273e+01
5.780000e-06	-1.634708e-07	-1.983122e-10	-1.313320e+00	-1.210684e+01
5.790000e-06	-1.704966e-07	-2.123929e-10	-1.369764e+00	-1.285131e+01
5.800000e-06	-1.775175e-07	-2.245232e-10	-1.426171e+00	-1.358102e+01
5.810000e-06	-1.845225e-07	-2.329632e-10	-1.482448e+00	-1.429278e+01
5.820000e-06	-1.915161e-07	-2.412625e-10	-1.538634e+00	-1.498586e+01
5.830000e-06	-1.985094e-07	-2.509918e-10	-1.594819e+00	-1.566206e+01
5.840000e-06	-2.054982e-07	-2.613982e-10	-1.650967e+00	-1.632552e+01
5.850000e-06	-2.124831e-07	-2.732469e-10	-1.707083e+00	-1.698200e+01
5.860000e-06	-2.194641e-07	-2.857007e-10	-1.763168e+00	-1.763803e+01
5.870000e-06	-2.264391e-07	-2.972912e-10	-1.819205e+00	-1.829982e+01
5.880000e-06	-2.334067e-07	-3.093325e-10	-1.875183e+00	-1.897225e+01
5.890000e-06	-2.403623e-07	-3.216629e-10	-1.931064e+00	-1.965810e+01
5.900000e-06	-2.473033e-07	-3.341035e-10	-1.986827e+00	-2.035753e+01
5.910000e-06	-2.542228e-07	-3.467469e-10	-2.042418e+00	-2.106804e+01
5.920000e-06	-2.611251e-07	-3.583575e-10	-2.097871e+00	-2.178482e+01
5.930000e-06	-2.680299e-07	-3.685915e-10	-2.153345e+00	-2.250149e+01
5.940000e-06	-2.749414e-07	-3.785175e-10	-2.208871e+00	-2.321107e+01
5.950000e-06	-2.818224e-07	-3.883133e-10	-2.264152e+00	-2.390706e+01
5.960000e-06	-2.886529e-07	-3.982257e-10	-2.319029e+00	-2.458453e+01
5.970000e-06	-2.954663e-07	-4.085543e-10	-2.373767e+00	-2.524083e+01
5.980000e-06	-3.022669e-07	-4.210825e-10	-2.428403e+00	-2.587611e+01
5.990000e-06	-3.090254e-07	-4.349368e-10	-2.482701e+00	-2.649328e+01
6.000000e-06	-3.157452e-07	-4.462227e-10	-2.536688e+00	-2.709769e+01
6.010000e-06	-3.224439e-07	-4.539662e-10	-2.590505e+00	-2.769630e+01
6.020000e-06	-3.291085e-07	-4.600233e-10	-2.644048e+00	-2.829675e+01
6.030000e-06	-3.357420e-07	-4.685704e-10	-2.697342e+00	-2.890624e+01
6.040000e-06	-3.423699e-07	-4.783367e-10	-2.750590e+00	-2.953058e+01
6.050000e-06	-3.489941e-07	-4.865169e-10	-2.803808e+00	-3.017339e+01
6.060000e-06	-3.555952e-07	-4.931606e-10	-2.856841e+00	-3.083571e+01
6.070000e-06	-3.621630e-07	-5.030684e-10	-2.909607e+00	-3.151595e+01
6.080000e-06	-3.687039e-07	-5.155113e-10	-2.962156e+00	-3.221028e+01
6.090000e-06	-3.752227e-07	-5.275672e-10	-3.014528e+00	-3.291327e+01
6.100000e-06	-3.817099e-07	-5.396635e-10	-3.066646e+00	-3.361877e+01
6.110000e-06	-3.881501e-07	-5.505304e-10	-3.118387e+00	-3.432087e+01
6.120000e-06	-3.945588e-07	-5.616124e-10	-3.169874e+00	-3.501465e+01
6.130000e-06	-4.009585e-07	-5.710244e-10	-3.221289e+00	-3.569685e+01
6.140000e-06	-4.073246e-07	-5.785633e-10	-3.272434e+00	-3.636614e+01
6.150000e-06	-4.136424e-07	-5.856250e-10	-3.323191e+00	-3.702307e+01
6.160000e-06	-4.199390e-07	-5.936857e-10	-3.373777e+00	-3.766976e+01
6.170000e-06	-4.262144e-07	-6.047483e-10	-3.424194e+00	-3.830924e+01
6.180000e-06	-4.324724e-07	-6.163011e-10	-3.474470e+00	-3.894483e+01
6.190000e-06	-4.387108e-07	-6.265349e-10	-3.524590e+00	-3.957942e+01
6.200000e-06	-4.449269e-07	-6.360731e-10	-3.574529e+00	-4.021490e+01
6.210000e-06	-4.511350e-07	-6.450427e-10	-3.624405e+00	-4.085185e+01
6.220000e-06	-4.573213e-07	-6.523307e-10	-3.674106e+00	-4.148950e+01
6.230000e-06	-4.634888e-07	-6.589069e-10	-3.723655e+00	-4.212595e+01
6.240000e-06	-4.696383e-07	-6.647838e-10	-3.773060e+00	-4.275866e+01
6.250000e-06	-4.757394e-07	-6.705948e-10	-3.822076e+00	-4.338497e+01
6.260000e-06	-4.818034e-07	-6.787198e-10	-3.870794e+00	-4.400279e+01
6.270000e-06	-4.878438e-07	-6.875818e-10	-3.919323e+00	-4.461106e+01
6.280000e-06	-4.938539e-07	-6.965135e-10	-3.967608e+00	-4.521008e+01
6.290000e-06	-4.998163e-07	-7.063361e-10	-4.015510e+00	-4.580155e+01
6.300000e-06	-5.057055e-07	-7.167843e-10	-4.062823e+00	-4.638833e+01
6.310000e-06	-5.115264e-07	-7.261146e-10	-4.109588e+00	-4.697401e+01
6.320000e-06	-5.172814e-07	-7.334272e-10	-4.155823e+00	-4.756225e+01
6.330000e-06	-5.229615e-07	-7.404855e-10	-4.201457e+00	-4.815610e+01
6.340000e-06	-5.285917e-07	-7.472306e-10	-4.246690e+00	-4.875741e+01
6.350000e-06	-5.341645e-07	-7.534126e-10	-4.291462e+00	-4.936640e+01
6.360000e-06	-5.396742e-07	-7.613902e-10	-4.335726e+00	-4.998146e+01
6.370000e-06	-5.451604e-07	-7.704992e-10	-4.379802e+00	-5.059932e+01
6.380000e-06	-5.506175e-07	-7.798974e-10	-4.423645e+00	-5.121543e+01
6.390000e-06	-5.560408e-07	-7.884868e-10	-4.467215e+00	-5.182463e+01
6.400000e-06	-5.614438e-07	-7.956242e-10	-4.510623e+00	-5.242188e+01
6.410000e-06	-5.668209e-07	-8.025271e-10	-4.553822e+00	-5.300303e+01
6.420000e-06	-5.721745e-07	-8.093367e-10	-4.596833e+00	-5.356542e+01
6.430000e-06	-5.775071e-07	-8.171491e-10	-4.639675e+00	-5.410832e+01
6.440000e-06	-5.827934e-07	-8.258327e-10	-4.682145e+00	-5.463300e+01
6.450000e-06	-5.880372e-07	-8.341036e-10	-4.724274e+00	-5.514249e+01
6.460000e-06	-5.932502e-07	-8.428532e-10	-4.766154e+00	-5.564116e+01
6.470000e-06	-5.984154e-07	-8.523966e-10	-4.807652e+00	-5.613397e+01
6.480000e-06	-6.035190e-07	-8.602600e-10	-4.848654e+00	-5.662569e+01
6.490000e-06	-6.085872e-07	-8.666059e-10	-4.889371e+00	-5.712023e+01
6.500000e-06	-6.136304e-07	-8.733641e-10	-4.929889e+00	-5.761999e+01
6.510000e-06	-6.186239e-07	-8.816041e-10	-4.970006e+00	-5.812559e+01
6.520000e-06	-6.235692e-07	-8.913044e-10	-5.009736e+00	-5.863584e+01
6.530000e-06	-6.284716e-07	-8.989137e-10	-5.049122e+00	-5.914803e+01
6.540000e-06	-6.333258e-07	-9.033197e-10	-5.088120e+00	-5.965843e+01
6.550000e-06	-6.381424e-07	-9.091189e-10	-5.126817e+00	-6.016299e+01
6.560000e-06	-6.429226e-07	-9.182124e-10	-5.165221e+00	-6.065808e+01
6.570000e-06	-6.476527e-07	-9.293159e-10	-5.203222e+00	-6.114109e+01
6.580000e-06	-6.523499e-07	-9.401681e-10	-5.240960e+00	-6.161090e+01
6.590000e-06	-6.570149e-07	-9.502272e-10	-5.278438e+00	-6.206808e+01
6.600000e-06	-6.616393e-07	-9.589009e-10	-5.315590e+00	-6.251476e+01
6.610000e-06	-6.662356e-07	-9.655729e-10	-5.352517e+00	-6.295428e+01
6.620000e-06	-6.708006e-07	-9.731477e-10	-5.389192e+00	-6.339060e+01
6.630000e-06	-6.753232e-07	-9.804141e-10	-5.425526e+00	-6.382770e+01
6.640000e-06	-6.798023e-07	-9.880304e-10	-5.461511e+00	-6.426885e+01
6.650000e-06	-6.842497e-07	-9.983335e-10	-5.497242e+00	-6.471616e+01
6.660000e-06	-6.886403e-07	-1.006768e-09	-5.532516e+00	-6.517023e+01
6.670000e-06	-6.929374e-07	-1.011772e-09	-5.567039e+00	-6.563014e+01
6.680000e-06	-6.971544e-07	-1.016817e-09	-5.600918e+00	-6.609366e+01
6.690000e-06	-7.012964e-07	-1.023970e-09	-5.634195e+00	-6.655766e+01
6.700000e-06	-7.053435e-07	-1.031886e-09	-5.666709e+00	-6.701875e+01
6.710000e-06	-7.093169e-07	-1.039853e-09	-5.698631e+00	-6.747384e+01
6.720000e-06	-7.132374e-07	-1.048342e-09	-5.730128e+00	-6.792065e+01
6.730000e-06	-7.171089e-07	-1.056486e-09	-5.761232e+00	-6.835813e+01
6.740000e-06	-7.209405e-07	-1.063637e-09	-5.792015e+00	-6.878652e+01
6.750000e-06	-7.247367e-07	-1.069056e-09	-5.822513e+00	-6.920722e+01
6.760000e-06	-7.285054e-07	-1.073593e-09	-5.852791e+00	-6.962246e+01
6.770000e-06	-7.322431e-07	-1.078993e-09	-5.882819e+00	-7.003471e+01
6.780000e-06	-7.359533e-07	-1.085654e-09	-5.912627e+00	-7.044615e+01
6.790000e-06	-7.396176e-07	-1.093612e-09	-5.942066e+00	-7.085810e+01
6.800000e-06	-7.432176e-07	-1.102644e-09	-5.970988e+00	-7.127063e+01
6.810000e-06	-7.467646e-07	-1.111573e-09	-5.999485e+00	-7.168243e+01
6.820000e-06	-7.502668e-07	-1.117720e-09	-6.027621e+00	-7.209085e+01
6.830000e-06	-7.537162e-07	-1.121777e-09	-6.055334e+00	-7.249234e+01
6.840000e-06	-7.571098e-07	-1.127220e-09	-6.082597e+00	-7.288294e+01
6.850000e-06	-7.604570e-07	-1.133152e-09	-6.109489e+00	-7.325901e+01
6.860000e-06	-7.637544e-07	-1.136938e-09	-6.135980e+00	-7.361782e+01
6.870000e-06	-7.670014e-07	-1.140355e-09	-6.162066e+00	-7.395812e+01
6.880000e-06	-7.702009e-07	-1.145249e-09	-6.187771e+00	-7.428043e+01
6.890000e-06	-7.733362e-07	-1.150649e-09	-6.212960e+00	-7.458705e+01
6.900000e-06	-7.764150e-07	-1.156110e-09	-6.237695e+00	-7.488178e+01
6.910000e-06	-7.794681e-07	-1.161019e-09	-6.262224e+00	-7.516939e+01
6.920000e-06	-7.824881e-07	-1.165717e-09	-6.286486e+00	-7.545487e+01
6.930000e-06	-7.854504e-07	-1.170135e-09	-6.310285e+00	-7.574261e+01
6.940000e-06	-7.883591e-07	-1.174325e-09	-6.333653e+00	-7.603576e+01
6.950000e-06	-7.912145e-07	-1.176378e-09	-6.356593e+00	-7.633557e+01
6.960000e-06	-7.940019e-07	-1.176471e-09	-6.378987e+00	-7.664124e+01
6.970000e-06	-7.967199e-07	-1.177564e-09	-6.400824e+00	-7.694992e+01
6.980000e-06	-7.993495e-07	-1.181031e-09	-6.421950e+00	-7.725712e+01
6.990000e-06	-8.018690e-07	-1.187382e-09	-6.442192e+00	-7.755743e+01
7.000000e-06	-8.042957e-07	-1.193718e-09	-6.461688e+00	-7.784530e+01
7.010000e-06	-8.066629e-07	-1.197979e-09	-6.480706e+00	-7.811595e+01
7.020000e-06	-8.089709e-07	-1.202222e-09	-6.499248e+00	-7.836615e+01
7.030000e-06	-8.112025e-07	-1.207926e-09	-6.517177e+00	-7.859478e+01
7.040000e-06	-8.133623e-07	-1.212578e-09	-6.534528e+00	-7.880302e+01
7.050000e-06	-8.154759e-07	-1.214355e-09	-6.551509e+00	-7.899428e+01
7.060000e-06	-8.175483e-07	-1.213931e-09	-6.568159e+00	-7.917373e+01
7.070000e-06	-8.195523e-07	-1.214218e-09	-6.584258e+00	-7.934752e+01
7.080000e-06	-8.214901e-07	-1.217722e-09	-6.599827e+00	-7.952190e+01
7.090000e-06	-8.233730e-07	-1.222448e-09	-6.614954e+00	-7.970232e+01
7.100000e-06	-8.252013e-07	-1.226677e-09	-6.629643e+00	-7.989260e+01
7.110000e-06	-8.269747e-07	-1.232122e-09	-6.643890e+00	-8.009436e+01
7.120000e-06	-8.286897e-07	-1.239225e-09	-6.657669e+00	-8.030682e+01
7.130000e-06	-8.303452e-07	-1.245085e-09	-6.670969e+00	-8.052687e+01
7.140000e-06	-8.319463e-07	-1.247815e-09	-6.683831e+00	-8.074958e+01
7.150000e-06	-8.334768e-07	-1.249224e-09	-6.696128e+00	-8.096891e+01
7.160000e-06	-8.349434e-07	-1.252536e-09	-6.707910e+00	-8.117855e+01
7.170000e-06	-8.363868e-07	-1.256523e-09	-6.719507e+00	-8.137289e+01
7.180000e-06	-8.378119e-07	-1.258580e-09	-6.730956e+00	-8.154773e+01
7.190000e-06	-8.392004e-07	-1.259657e-09	-6.742111e+00	-8.170086e+01
7.200000e-06	-8.405348e-07	-1.259895e-09	-6.752832e+00	-8.183232e+01
7.210000e-06	-8.417992e-07	-1.258671e-09	-6.762990e+00	-8.194426e+01
7.220000e-06	-8.429801e-07	-1.259704e-09	-6.772477e+00	-8.204062e+01
7.230000e-06	-8.440730e-07	-1.275215e-09	-6.781258e+00	-8.212645e+01
7.240000e-06	-8.450761e-07	-1.309824e-09	-6.789316e+00	-8.220716e+01
7.250000e-06	-8.459785e-07	-1.340952e-09	-6.796566e+00	-8.228778e+01
7.260000e-06	-8.468247e-07	-1.335609e-09	-6.803364e+00	-8.237223e+01
7.270000e-06	-8.476671e-07	-1.296785e-09	-6.810132e+00	-8.246290e+01
7.280000e-06	-8.484866e-07	-1.252359e-09	-6.816716e+00	-8.256038e+01
7.290000e-06	-8.492304e-07	-1.247696e-09	-6.822692e+00	-8.266354e+01
7.300000e-06	-8.498774e-07	-1.267684e-09	-6.827890e+00	-8.276982e+01
7.310000e-06	-8.504519e-07	-1.285254e-09	-6.832505e+00	-8.287569e+01
7.320000e-06	-8.509662e-07	-1.304756e-09	-6.836637e+00	-8.297725e+01
7.330000e-06	-8.514328e-07	-1.338231e-09	-6.840386e+00	-8.307075e+01
7.340000e-06	-8.518405e-07	-1.337396e-09	-6.843661e+00	-8.315316e+01
7.350000e-06	-8.521835e-07	-1.318012e-09	-6.846417e+00	-8.322243e+01
7.360000e-06	-8.524788e-07	-1.292615e-09	-6.848789e+00	-8.327773e+01
7.370000e-06	-8.527280e-07	-1.285892e-09	-6.850791e+00	-8.331937e+01
7.380000e-06	-8.529232e-07	-1.306431e-09	-6.852359e+00	-8.334862e+01
7.390000e-06	-8.530675e-07	-1.340696e-09	-6.853519e+00	-8.336747e+01
7.400000e-06	-8.531525e-07	-1.352418e-09	-6.854201e+00	-8.337828e+01
