# Temperatura_=_20.0
# Concentracion g/m^3_=_10000.0
# C_Vs_to_Am_M_A/Vsm_=_65563218390.804596
# pendiente_HvsI_1/m_=_3716.3
# ordenada_HvsI_A/m_=_1297.0
# frecuencia_Hz_=_300954.6887604631

Tiempo_(s)	Campo_(V.s)	Magnetizacion_(V.s)	Campo_(kA/m)	Magnetizacion_(A/m)
0.000000e+00	-5.475825e-06	-9.701423e-09	-3.826146e+01	-6.359580e+02
1.000000e-08	-5.472880e-06	-9.700240e-09	-3.824089e+01	-6.357666e+02
2.000000e-08	-5.468138e-06	-9.699022e-09	-3.820775e+01	-6.355301e+02
3.000000e-08	-5.461807e-06	-9.695238e-09	-3.816351e+01	-6.352295e+02
4.000000e-08	-5.453792e-06	-9.685640e-09	-3.810751e+01	-6.348265e+02
5.000000e-08	-5.443917e-06	-9.674529e-09	-3.803851e+01	-6.342965e+02
6.000000e-08	-5.431987e-06	-9.663643e-09	-3.795515e+01	-6.336515e+02
7.000000e-08	-5.418010e-06	-9.645914e-09	-3.785749e+01	-6.329308e+02
8.000000e-08	-5.401795e-06	-9.630707e-09	-3.774419e+01	-6.321665e+02
9.000000e-08	-5.383246e-06	-9.647215e-09	-3.761458e+01	-6.313518e+02
1.000000e-07	-5.362679e-06	-9.640980e-09	-3.747087e+01	-6.304406e+02
1.100000e-07	-5.340271e-06	-9.607224e-09	-3.731430e+01	-6.293829e+02
1.200000e-07	-5.316253e-06	-9.582133e-09	-3.714648e+01	-6.281726e+02
1.300000e-07	-5.290792e-06	-9.527482e-09	-3.696857e+01	-6.268659e+02
1.400000e-07	-5.263618e-06	-9.521391e-09	-3.677870e+01	-6.255528e+02
1.500000e-07	-5.234636e-06	-9.565381e-09	-3.657619e+01	-6.242942e+02
1.600000e-07	-5.204024e-06	-9.484990e-09	-3.636229e+01	-6.230672e+02
1.700000e-07	-5.171631e-06	-9.462631e-09	-3.613596e+01	-6.217636e+02
1.800000e-07	-5.137153e-06	-9.480177e-09	-3.589504e+01	-6.202458e+02
1.900000e-07	-5.100981e-06	-9.395930e-09	-3.564230e+01	-6.184301e+02
2.000000e-07	-5.063313e-06	-9.412160e-09	-3.537910e+01	-6.163391e+02
2.100000e-07	-5.023796e-06	-9.394405e-09	-3.510298e+01	-6.140885e+02
2.200000e-07	-4.982423e-06	-9.303571e-09	-3.481389e+01	-6.118132e+02
2.300000e-07	-4.939107e-06	-9.307647e-09	-3.451123e+01	-6.095820e+02
2.400000e-07	-4.893911e-06	-9.293984e-09	-3.419543e+01	-6.073581e+02
2.500000e-07	-4.846928e-06	-9.232638e-09	-3.386714e+01	-6.050293e+02
2.600000e-07	-4.797906e-06	-9.174193e-09	-3.352461e+01	-6.024869e+02
2.700000e-07	-4.746756e-06	-9.111420e-09	-3.316721e+01	-5.996973e+02
2.800000e-07	-4.693691e-06	-9.093330e-09	-3.279642e+01	-5.967183e+02
2.900000e-07	-4.638960e-06	-9.066426e-09	-3.241400e+01	-5.936522e+02
3.000000e-07	-4.582649e-06	-9.028338e-09	-3.202053e+01	-5.905713e+02
3.100000e-07	-4.524542e-06	-8.964451e-09	-3.161452e+01	-5.874698e+02
3.200000e-07	-4.464684e-06	-8.902107e-09	-3.119627e+01	-5.842728e+02
3.300000e-07	-4.403325e-06	-8.873193e-09	-3.076754e+01	-5.808931e+02
3.400000e-07	-4.340514e-06	-8.799929e-09	-3.032865e+01	-5.772913e+02
3.500000e-07	-4.276304e-06	-8.727343e-09	-2.988000e+01	-5.734971e+02
3.600000e-07	-4.210509e-06	-8.660956e-09	-2.942027e+01	-5.695773e+02
3.700000e-07	-4.142973e-06	-8.610372e-09	-2.894837e+01	-5.655801e+02
3.800000e-07	-4.073885e-06	-8.583949e-09	-2.846563e+01	-5.614962e+02
3.900000e-07	-4.003426e-06	-8.516338e-09	-2.797331e+01	-5.572664e+02
4.000000e-07	-3.931657e-06	-8.429485e-09	-2.747183e+01	-5.528275e+02
4.100000e-07	-3.858543e-06	-8.349681e-09	-2.696096e+01	-5.481617e+02
4.200000e-07	-3.783846e-06	-8.288601e-09	-2.643902e+01	-5.433097e+02
4.300000e-07	-3.707523e-06	-8.219404e-09	-2.590573e+01	-5.383409e+02
4.400000e-07	-3.629672e-06	-8.125280e-09	-2.536176e+01	-5.332990e+02
4.500000e-07	-3.550171e-06	-8.038175e-09	-2.480626e+01	-5.281660e+02
4.600000e-07	-3.469209e-06	-7.964723e-09	-2.424055e+01	-5.228666e+02
4.700000e-07	-3.387114e-06	-7.897930e-09	-2.366692e+01	-5.173131e+02
4.800000e-07	-3.303904e-06	-7.809437e-09	-2.308551e+01	-5.114561e+02
4.900000e-07	-3.219682e-06	-7.700451e-09	-2.249702e+01	-5.053106e+02
5.000000e-07	-3.134509e-06	-7.602266e-09	-2.190188e+01	-4.989410e+02
5.100000e-07	-3.048334e-06	-7.514265e-09	-2.129975e+01	-4.924195e+02
5.200000e-07	-2.961196e-06	-7.418847e-09	-2.069089e+01	-4.857862e+02
5.300000e-07	-2.873123e-06	-7.304793e-09	-2.007550e+01	-4.790342e+02
5.400000e-07	-2.784008e-06	-7.186905e-09	-1.945282e+01	-4.721224e+02
5.500000e-07	-2.693649e-06	-7.083785e-09	-1.882144e+01	-4.650010e+02
5.600000e-07	-2.602111e-06	-6.984382e-09	-1.818184e+01	-4.576306e+02
5.700000e-07	-2.509687e-06	-6.870817e-09	-1.753604e+01	-4.499851e+02
5.800000e-07	-2.416483e-06	-6.739146e-09	-1.688479e+01	-4.420473e+02
5.900000e-07	-2.322457e-06	-6.611276e-09	-1.622780e+01	-4.338065e+02
6.000000e-07	-2.227670e-06	-6.490405e-09	-1.556549e+01	-4.252656e+02
6.100000e-07	-2.132159e-06	-6.359373e-09	-1.489813e+01	-4.164492e+02
6.200000e-07	-2.035934e-06	-6.212792e-09	-1.422577e+01	-4.074006e+02
6.300000e-07	-1.939010e-06	-6.060615e-09	-1.354852e+01	-3.981611e+02
6.400000e-07	-1.841197e-06	-5.919822e-09	-1.286507e+01	-3.887399e+02
6.500000e-07	-1.742482e-06	-5.783714e-09	-1.217532e+01	-3.790939e+02
6.600000e-07	-1.643076e-06	-5.635192e-09	-1.148073e+01	-3.691355e+02
6.700000e-07	-1.543106e-06	-5.470666e-09	-1.078221e+01	-3.587677e+02
6.800000e-07	-1.442660e-06	-5.303896e-09	-1.008036e+01	-3.479312e+02
6.900000e-07	-1.341772e-06	-5.138603e-09	-9.375417e+00	-3.366337e+02
7.000000e-07	-1.240475e-06	-4.964485e-09	-8.667626e+00	-3.249459e+02
7.100000e-07	-1.138739e-06	-4.775289e-09	-7.956761e+00	-3.129620e+02
7.200000e-07	-1.036564e-06	-4.578550e-09	-7.242824e+00	-3.007474e+02
7.300000e-07	-9.340409e-07	-4.388983e-09	-6.526463e+00	-2.883008e+02
7.400000e-07	-8.312353e-07	-4.202045e-09	-5.808125e+00	-2.755493e+02
7.500000e-07	-7.281434e-07	-4.003938e-09	-5.087787e+00	-2.623771e+02
7.600000e-07	-6.247697e-07	-3.789462e-09	-4.365480e+00	-2.486732e+02
7.700000e-07	-5.211942e-07	-3.568767e-09	-3.641762e+00	-2.343714e+02
7.800000e-07	-4.174982e-07	-3.346445e-09	-2.917203e+00	-2.194679e+02
7.900000e-07	-3.136676e-07	-3.114575e-09	-2.191703e+00	-2.040099e+02
8.000000e-07	-2.096725e-07	-2.866160e-09	-1.465054e+00	-1.880631e+02
8.100000e-07	-1.055822e-07	-2.607976e-09	-7.377391e-01	-1.716758e+02
8.200000e-07	-1.479630e-09	-2.352003e-09	-1.033868e-02	-1.548537e+02
8.300000e-07	1.025935e-07	-2.093444e-09	7.168561e-01	-1.375560e+02
8.400000e-07	2.066694e-07	-1.821806e-09	1.444070e+00	-1.197122e+02
8.500000e-07	3.107035e-07	-1.533549e-09	2.170991e+00	-1.012519e+02
8.600000e-07	4.146042e-07	-1.237382e-09	2.896982e+00	-8.213244e+01
8.700000e-07	5.183236e-07	-9.383165e-10	3.621704e+00	-6.235392e+01
8.800000e-07	6.218867e-07	-6.313874e-10	4.345335e+00	-4.195530e+01
8.900000e-07	7.252751e-07	-3.101006e-10	5.067745e+00	-2.099718e+01
9.000000e-07	8.284018e-07	2.235684e-11	5.788327e+00	4.574975e-01
9.100000e-07	9.312461e-07	3.565183e-10	6.506935e+00	2.235304e+01
9.200000e-07	1.033765e-06	6.918435e-10	7.223272e+00	4.463661e+01
9.300000e-07	1.135925e-06	1.034502e-09	7.937094e+00	6.724537e+01
9.400000e-07	1.237682e-06	1.386616e-09	8.648111e+00	9.009611e+01
9.500000e-07	1.338974e-06	1.740975e-09	9.355867e+00	1.130856e+02
9.600000e-07	1.439771e-06	2.089813e-09	1.006017e+01	1.361007e+02
9.700000e-07	1.540147e-06	2.433816e-09	1.076153e+01	1.590288e+02
9.800000e-07	1.640104e-06	2.780604e-09	1.145996e+01	1.817586e+02
9.900000e-07	1.739490e-06	3.127530e-09	1.215441e+01	2.041702e+02
1.000000e-06	1.838165e-06	3.465354e-09	1.284389e+01	2.261223e+02
1.010000e-06	1.935993e-06	3.787288e-09	1.352745e+01	2.474540e+02
1.020000e-06	2.032928e-06	4.095708e-09	1.420476e+01	2.680078e+02
1.030000e-06	2.129114e-06	4.396547e-09	1.487685e+01	2.876691e+02
1.040000e-06	2.224656e-06	4.684486e-09	1.554444e+01	3.063997e+02
1.050000e-06	2.319425e-06	4.955091e-09	1.620661e+01	3.242453e+02
1.060000e-06	2.413365e-06	5.209195e-09	1.686301e+01	3.413061e+02
1.070000e-06	2.506556e-06	5.455563e-09	1.751417e+01	3.576823e+02
1.080000e-06	2.599015e-06	5.698230e-09	1.816021e+01	3.734227e+02
1.090000e-06	2.690680e-06	5.930281e-09	1.880070e+01	3.885023e+02
1.100000e-06	2.781246e-06	6.146061e-09	1.943352e+01	4.028421e+02
1.110000e-06	2.870555e-06	6.348770e-09	2.005755e+01	4.163573e+02
1.120000e-06	2.958831e-06	6.543584e-09	2.067436e+01	4.290097e+02
1.130000e-06	3.046148e-06	6.727099e-09	2.128448e+01	4.408362e+02
1.140000e-06	3.132440e-06	6.896710e-09	2.188743e+01	4.519414e+02
1.150000e-06	3.217743e-06	7.052668e-09	2.248347e+01	4.624608e+02
1.160000e-06	3.302051e-06	7.203685e-09	2.307256e+01	4.725152e+02
1.170000e-06	3.385253e-06	7.354438e-09	2.365392e+01	4.821751e+02
1.180000e-06	3.467179e-06	7.499420e-09	2.422637e+01	4.914498e+02
1.190000e-06	3.547811e-06	7.633208e-09	2.478977e+01	5.003010e+02
1.200000e-06	3.627129e-06	7.756940e-09	2.534399e+01	5.086723e+02
1.210000e-06	3.705150e-06	7.876553e-09	2.588915e+01	5.165231e+02
1.220000e-06	3.781900e-06	7.991461e-09	2.642543e+01	5.238546e+02
1.230000e-06	3.857185e-06	8.097363e-09	2.695147e+01	5.307184e+02
1.240000e-06	3.930776e-06	8.193559e-09	2.746568e+01	5.372047e+02
1.250000e-06	4.002827e-06	8.285971e-09	2.796912e+01	5.434133e+02
1.260000e-06	4.073514e-06	8.379424e-09	2.846304e+01	5.494175e+02
1.270000e-06	4.142769e-06	8.472482e-09	2.894694e+01	5.552384e+02
1.280000e-06	4.210646e-06	8.557603e-09	2.942123e+01	5.608410e+02
1.290000e-06	4.276999e-06	8.634837e-09	2.988485e+01	5.661565e+02
1.300000e-06	4.341696e-06	8.708954e-09	3.033692e+01	5.711203e+02
1.310000e-06	4.404924e-06	8.781261e-09	3.077871e+01	5.757075e+02
1.320000e-06	4.466781e-06	8.847940e-09	3.121093e+01	5.799485e+02
1.330000e-06	4.527218e-06	8.906333e-09	3.163322e+01	5.839187e+02
1.340000e-06	4.586076e-06	8.962228e-09	3.204448e+01	5.877079e+02
1.350000e-06	4.643116e-06	9.019620e-09	3.244304e+01	5.913863e+02
1.360000e-06	4.698425e-06	9.076644e-09	3.282950e+01	5.949834e+02
1.370000e-06	4.752108e-06	9.128480e-09	3.320460e+01	5.984842e+02
1.380000e-06	4.803926e-06	9.174330e-09	3.356667e+01	6.018426e+02
1.390000e-06	4.853666e-06	9.219665e-09	3.391422e+01	6.050028e+02
1.400000e-06	4.901462e-06	9.266265e-09	3.424819e+01	6.079216e+02
1.410000e-06	4.947590e-06	9.308203e-09	3.457050e+01	6.105856e+02
1.420000e-06	4.992138e-06	9.342998e-09	3.488177e+01	6.130207e+02
1.430000e-06	5.034881e-06	9.375127e-09	3.518043e+01	6.152880e+02
1.440000e-06	5.075698e-06	9.408906e-09	3.546564e+01	6.174654e+02
1.450000e-06	5.114750e-06	9.444352e-09	3.573851e+01	6.196160e+02
1.460000e-06	5.152116e-06	9.477040e-09	3.599959e+01	6.217581e+02
1.470000e-06	5.187723e-06	9.505233e-09	3.624840e+01	6.238505e+02
1.480000e-06	5.221374e-06	9.532172e-09	3.648353e+01	6.258089e+02
1.490000e-06	5.253140e-06	9.558205e-09	3.670549e+01	6.275479e+02
1.500000e-06	5.283244e-06	9.581056e-09	3.691583e+01	6.290277e+02
1.510000e-06	5.311644e-06	9.598900e-09	3.711427e+01	6.302798e+02
1.520000e-06	5.338065e-06	9.613071e-09	3.729888e+01	6.313921e+02
1.530000e-06	5.362387e-06	9.628255e-09	3.746883e+01	6.324617e+02
1.540000e-06	5.384841e-06	9.645580e-09	3.762573e+01	6.335420e+02
1.550000e-06	5.405582e-06	9.663321e-09	3.777065e+01	6.346168e+02
1.560000e-06	5.424515e-06	9.678587e-09	3.790294e+01	6.356185e+02
1.570000e-06	5.441478e-06	9.690526e-09	3.802147e+01	6.364746e+02
1.580000e-06	5.456461e-06	9.701449e-09	3.812616e+01	6.371542e+02
1.590000e-06	5.469404e-06	9.710538e-09	3.821660e+01	6.376817e+02
1.600000e-06	5.480140e-06	9.715796e-09	3.829161e+01	6.381126e+02
1.610000e-06	5.488715e-06	9.718721e-09	3.835153e+01	6.384905e+02
1.620000e-06	5.495411e-06	9.722126e-09	3.839832e+01	6.388181e+02
1.630000e-06	5.500321e-06	9.728953e-09	3.843262e+01	6.390613e+02
1.640000e-06	5.503290e-06	9.736283e-09	3.845337e+01	6.391816e+02
1.650000e-06	5.504239e-06	9.739618e-09	3.846000e+01	6.391684e+02
1.660000e-06	5.503335e-06	9.738697e-09	3.845368e+01	6.390481e+02
1.670000e-06	5.500729e-06	9.733582e-09	3.843547e+01	6.388612e+02
1.680000e-06	5.496367e-06	9.729454e-09	3.840500e+01	6.386290e+02
1.690000e-06	5.490035e-06	9.721980e-09	3.836075e+01	6.383363e+02
1.700000e-06	5.481876e-06	9.711936e-09	3.830374e+01	6.379452e+02
1.710000e-06	5.472146e-06	9.704074e-09	3.823575e+01	6.374282e+02
1.720000e-06	5.460620e-06	9.703552e-09	3.815522e+01	6.367931e+02
1.730000e-06	5.447005e-06	9.713488e-09	3.806009e+01	6.360777e+02
1.740000e-06	5.431303e-06	9.691413e-09	3.795037e+01	6.353168e+02
1.750000e-06	5.413366e-06	9.641678e-09	3.782504e+01	6.345085e+02
1.760000e-06	5.392706e-06	9.630669e-09	3.768068e+01	6.336095e+02
1.770000e-06	5.369650e-06	9.627143e-09	3.751958e+01	6.325682e+02
1.780000e-06	5.345253e-06	9.649981e-09	3.734911e+01	6.313718e+02
1.790000e-06	5.320014e-06	9.637331e-09	3.717276e+01	6.300704e+02
1.800000e-06	5.293288e-06	9.535049e-09	3.698602e+01	6.287533e+02
1.810000e-06	5.264279e-06	9.579543e-09	3.678332e+01	6.274874e+02
1.820000e-06	5.233403e-06	9.587493e-09	3.656758e+01	6.262603e+02
1.830000e-06	5.201008e-06	9.501725e-09	3.634122e+01	6.249708e+02
1.840000e-06	5.166716e-06	9.551591e-09	3.610161e+01	6.234808e+02
1.850000e-06	5.130641e-06	9.484328e-09	3.584954e+01	6.216972e+02
1.860000e-06	5.092697e-06	9.408955e-09	3.558441e+01	6.196305e+02
1.870000e-06	5.052836e-06	9.475745e-09	3.530589e+01	6.173894e+02
1.880000e-06	5.011338e-06	9.378580e-09	3.501593e+01	6.151109e+02
1.890000e-06	4.968072e-06	9.308875e-09	3.471362e+01	6.128742e+02
1.900000e-06	4.923157e-06	9.310046e-09	3.439978e+01	6.106533e+02
1.910000e-06	4.876583e-06	9.255947e-09	3.407435e+01	6.083410e+02
1.920000e-06	4.828014e-06	9.290942e-09	3.373498e+01	6.058240e+02
1.930000e-06	4.777614e-06	9.217650e-09	3.338282e+01	6.030588e+02
1.940000e-06	4.725270e-06	9.144292e-09	3.301708e+01	6.000946e+02
1.950000e-06	4.670833e-06	9.118915e-09	3.263671e+01	5.970325e+02
1.960000e-06	4.614630e-06	9.042710e-09	3.224400e+01	5.939511e+02
1.970000e-06	4.556810e-06	9.032078e-09	3.183999e+01	5.908538e+02
1.980000e-06	4.497556e-06	8.943289e-09	3.142596e+01	5.876708e+02
1.990000e-06	4.436689e-06	8.895035e-09	3.100066e+01	5.843129e+02
2.000000e-06	4.374052e-06	8.877230e-09	3.056300e+01	5.807339e+02
2.010000e-06	4.309880e-06	8.808109e-09	3.011460e+01	5.769565e+02
2.020000e-06	4.244173e-06	8.781920e-09	2.965549e+01	5.730463e+02
2.030000e-06	4.177011e-06	8.662171e-09	2.918620e+01	5.690560e+02
2.040000e-06	4.108332e-06	8.600772e-09	2.870632e+01	5.649829e+02
2.050000e-06	4.038009e-06	8.563112e-09	2.821495e+01	5.607713e+02
2.060000e-06	3.966213e-06	8.483881e-09	2.771329e+01	5.563560e+02
2.070000e-06	3.893009e-06	8.421075e-09	2.720178e+01	5.517126e+02
2.080000e-06	3.818415e-06	8.313475e-09	2.668057e+01	5.468766e+02
2.090000e-06	3.742280e-06	8.271934e-09	2.614859e+01	5.419166e+02
2.100000e-06	3.664517e-06	8.205906e-09	2.560524e+01	5.368814e+02
2.110000e-06	3.585317e-06	8.121987e-09	2.505183e+01	5.317602e+02
2.120000e-06	3.504896e-06	8.027008e-09	2.448990e+01	5.264824e+02
2.130000e-06	3.423379e-06	7.923564e-09	2.392032e+01	5.209587e+02
2.140000e-06	3.340705e-06	7.864254e-09	2.334265e+01	5.151339e+02
2.150000e-06	3.256871e-06	7.764103e-09	2.275687e+01	5.090160e+02
2.160000e-06	3.171798e-06	7.663740e-09	2.216244e+01	5.026659e+02
2.170000e-06	3.085402e-06	7.545744e-09	2.155876e+01	4.961572e+02
2.180000e-06	2.997883e-06	7.452337e-09	2.094723e+01	4.895347e+02
2.190000e-06	2.909440e-06	7.370661e-09	2.032925e+01	4.827962e+02
2.200000e-06	2.820076e-06	7.259202e-09	1.970484e+01	4.759031e+02
2.210000e-06	2.729749e-06	7.142425e-09	1.907369e+01	4.688056e+02
2.220000e-06	2.638546e-06	7.019992e-09	1.843642e+01	4.614625e+02
2.230000e-06	2.546525e-06	6.923577e-09	1.779344e+01	4.538467e+02
2.240000e-06	2.453561e-06	6.805396e-09	1.714387e+01	4.459401e+02
2.250000e-06	2.359489e-06	6.670522e-09	1.648656e+01	4.377312e+02
2.260000e-06	2.264405e-06	6.531587e-09	1.582218e+01	4.292209e+02
2.270000e-06	2.168583e-06	6.402587e-09	1.515263e+01	4.204314e+02
2.280000e-06	2.072113e-06	6.279205e-09	1.447856e+01	4.114046e+02
2.290000e-06	1.974963e-06	6.137057e-09	1.379974e+01	4.021836e+02
2.300000e-06	1.877170e-06	5.987833e-09	1.311643e+01	3.927821e+02
2.310000e-06	1.778773e-06	5.833885e-09	1.242890e+01	3.831631e+02
2.320000e-06	1.679817e-06	5.688580e-09	1.173745e+01	3.732422e+02
2.330000e-06	1.580370e-06	5.532981e-09	1.104258e+01	3.629214e+02
2.340000e-06	1.480436e-06	5.363126e-09	1.034431e+01	3.521352e+02
2.350000e-06	1.379955e-06	5.185662e-09	9.642220e+00	3.408839e+02
2.360000e-06	1.278859e-06	5.011962e-09	8.935828e+00	3.292326e+02
2.370000e-06	1.177221e-06	4.841800e-09	8.225643e+00	3.172755e+02
2.380000e-06	1.075076e-06	4.657406e-09	7.511927e+00	3.050836e+02
2.390000e-06	9.723938e-07	4.462185e-09	6.794448e+00	2.926635e+02
2.400000e-06	8.692125e-07	4.265530e-09	6.073485e+00	2.799490e+02
2.410000e-06	7.657026e-07	4.072361e-09	5.350226e+00	2.668270e+02
2.420000e-06	6.620443e-07	3.868395e-09	4.625930e+00	2.531834e+02
2.430000e-06	5.582387e-07	3.646393e-09	3.900605e+00	2.389462e+02
2.440000e-06	4.542851e-07	3.413783e-09	3.174245e+00	2.241049e+02
2.450000e-06	3.502371e-07	3.181989e-09	2.447226e+00	2.087023e+02
2.460000e-06	2.460975e-07	2.948653e-09	1.719567e+00	1.928043e+02
2.470000e-06	1.418576e-07	2.700996e-09	9.912076e-01	1.764622e+02
2.480000e-06	3.753334e-08	2.439318e-09	2.622583e-01	1.596872e+02
2.490000e-06	-6.674178e-08	2.173858e-09	-4.663476e-01	1.424427e+02
2.500000e-06	-1.709241e-07	1.909624e-09	-1.194305e+00	1.246603e+02
2.510000e-06	-2.751116e-07	1.636619e-09	-1.922299e+00	1.062680e+02
2.520000e-06	-3.792425e-07	1.345380e-09	-2.649897e+00	8.721915e+01
2.530000e-06	-4.832798e-07	1.040030e-09	-3.376841e+00	6.750918e+01
2.540000e-06	-5.871490e-07	7.305560e-10	-4.102611e+00	4.717354e+01
2.550000e-06	-6.907593e-07	4.180228e-10	-4.826571e+00	2.627150e+01
2.560000e-06	-7.941356e-07	9.458093e-11	-5.548897e+00	4.866442e+00
2.570000e-06	-8.972517e-07	-2.431469e-10	-6.269404e+00	-1.698512e+01
2.580000e-06	-9.999934e-07	-5.881722e-10	-6.987296e+00	-3.923061e+01
2.590000e-06	-1.102237e-06	-9.307297e-10	-7.701706e+00	-6.180887e+01
2.600000e-06	-1.203888e-06	-1.273198e-09	-8.411978e+00	-8.463910e+01
2.610000e-06	-1.304955e-06	-1.625360e-09	-9.118168e+00	-1.076199e+02
2.620000e-06	-1.405439e-06	-1.983850e-09	-9.820285e+00	-1.306384e+02
2.630000e-06	-1.505359e-06	-2.335568e-09	-1.051845e+01	-1.535819e+02
2.640000e-06	-1.604800e-06	-2.675089e-09	-1.121329e+01	-1.763392e+02
2.650000e-06	-1.703764e-06	-3.011037e-09	-1.190478e+01	-1.987920e+02
2.660000e-06	-1.802225e-06	-3.350073e-09	-1.259276e+01	-2.208016e+02
2.670000e-06	-1.900103e-06	-3.683111e-09	-1.327667e+01	-2.422083e+02
2.680000e-06	-1.997339e-06	-3.997182e-09	-1.395609e+01	-2.628529e+02
2.690000e-06	-2.093903e-06	-4.292888e-09	-1.463082e+01	-2.826139e+02
2.700000e-06	-2.189805e-06	-4.581205e-09	-1.530091e+01	-3.014442e+02
2.710000e-06	-2.285077e-06	-4.862074e-09	-1.596662e+01	-3.193812e+02
2.720000e-06	-2.379643e-06	-5.127465e-09	-1.662738e+01	-3.365216e+02
2.730000e-06	-2.473182e-06	-5.373828e-09	-1.728097e+01	-3.529683e+02
2.740000e-06	-2.565545e-06	-5.610265e-09	-1.792634e+01	-3.687775e+02
2.750000e-06	-2.656944e-06	-5.846612e-09	-1.856498e+01	-3.839319e+02
2.760000e-06	-2.747467e-06	-6.074751e-09	-1.919749e+01	-3.983561e+02
2.770000e-06	-2.836965e-06	-6.282123e-09	-1.982284e+01	-4.119634e+02
2.780000e-06	-2.925445e-06	-6.470954e-09	-2.044109e+01	-4.247087e+02
2.790000e-06	-3.013058e-06	-6.652950e-09	-2.105326e+01	-4.366204e+02
2.800000e-06	-3.099737e-06	-6.830969e-09	-2.165892e+01	-4.477973e+02
2.810000e-06	-3.185164e-06	-6.996177e-09	-2.225583e+01	-4.583739e+02
2.820000e-06	-3.269231e-06	-7.144361e-09	-2.284323e+01	-4.684744e+02
2.830000e-06	-3.352168e-06	-7.285198e-09	-2.342275e+01	-4.781758e+02
2.840000e-06	-3.434043e-06	-7.427491e-09	-2.399483e+01	-4.874938e+02
2.850000e-06	-3.514716e-06	-7.568279e-09	-2.455852e+01	-4.963938e+02
2.860000e-06	-3.594166e-06	-7.697831e-09	-2.511366e+01	-5.048198e+02
2.870000e-06	-3.672293e-06	-7.814634e-09	-2.565957e+01	-5.127280e+02
2.880000e-06	-3.748897e-06	-7.926400e-09	-2.619483e+01	-5.201142e+02
2.890000e-06	-3.824023e-06	-8.036343e-09	-2.671975e+01	-5.270251e+02
2.900000e-06	-3.897749e-06	-8.139785e-09	-2.723490e+01	-5.335478e+02
2.910000e-06	-3.970107e-06	-8.233154e-09	-2.774050e+01	-5.397826e+02
2.920000e-06	-4.041103e-06	-8.321349e-09	-2.823657e+01	-5.458074e+02
2.930000e-06	-4.110505e-06	-8.409361e-09	-2.872150e+01	-5.516495e+02
2.940000e-06	-4.178253e-06	-8.496202e-09	-2.919488e+01	-5.572793e+02
2.950000e-06	-4.244586e-06	-8.577323e-09	-2.965837e+01	-5.626298e+02
2.960000e-06	-4.309539e-06	-8.651773e-09	-3.011222e+01	-5.676342e+02
2.970000e-06	-4.373115e-06	-8.723404e-09	-3.055645e+01	-5.722620e+02
2.980000e-06	-4.435115e-06	-8.793085e-09	-3.098966e+01	-5.765378e+02
2.990000e-06	-4.495295e-06	-8.857493e-09	-3.141016e+01	-5.805335e+02
3.000000e-06	-4.553837e-06	-8.913483e-09	-3.181921e+01	-5.843389e+02
3.010000e-06	-4.610951e-06	-8.965262e-09	-3.221829e+01	-5.880277e+02
3.020000e-06	-4.666550e-06	-9.019177e-09	-3.260678e+01	-5.916343e+02
3.030000e-06	-4.720291e-06	-9.075582e-09	-3.298229e+01	-5.951480e+02
3.040000e-06	-4.771992e-06	-9.128059e-09	-3.334354e+01	-5.985251e+02
3.050000e-06	-4.821702e-06	-9.175620e-09	-3.369088e+01	-6.017098e+02
3.060000e-06	-4.869389e-06	-9.221794e-09	-3.402408e+01	-6.046565e+02
3.070000e-06	-4.915210e-06	-9.268500e-09	-3.434425e+01	-6.073481e+02
3.080000e-06	-4.959474e-06	-9.310448e-09	-3.465354e+01	-6.098061e+02
3.090000e-06	-5.002236e-06	-9.343468e-09	-3.495233e+01	-6.120885e+02
3.100000e-06	-5.043394e-06	-9.373255e-09	-3.523992e+01	-6.142727e+02
3.110000e-06	-5.082875e-06	-9.405939e-09	-3.551578e+01	-6.164251e+02
3.120000e-06	-5.120533e-06	-9.441148e-09	-3.577891e+01	-6.185698e+02
3.130000e-06	-5.156329e-06	-9.474664e-09	-3.602903e+01	-6.206718e+02
3.140000e-06	-5.190378e-06	-9.502984e-09	-3.626694e+01	-6.226499e+02
3.150000e-06	-5.222670e-06	-9.528723e-09	-3.649258e+01	-6.244162e+02
3.160000e-06	-5.253093e-06	-9.555477e-09	-3.670516e+01	-6.259243e+02
3.170000e-06	-5.281545e-06	-9.579187e-09	-3.690396e+01	-6.271980e+02
3.180000e-06	-5.308076e-06	-9.597501e-09	-3.708935e+01	-6.283211e+02
3.190000e-06	-5.332819e-06	-9.611887e-09	-3.726223e+01	-6.293924e+02
3.200000e-06	-5.355734e-06	-9.627581e-09	-3.742235e+01	-6.304718e+02
3.210000e-06	-5.376608e-06	-9.645105e-09	-3.756820e+01	-6.315507e+02
3.220000e-06	-5.395559e-06	-9.660790e-09	-3.770062e+01	-6.325648e+02
3.230000e-06	-5.412788e-06	-9.672116e-09	-3.782100e+01	-6.334398e+02
3.240000e-06	-5.428105e-06	-9.681895e-09	-3.792802e+01	-6.341388e+02
3.250000e-06	-5.441169e-06	-9.692764e-09	-3.801931e+01	-6.346809e+02
3.260000e-06	-5.452025e-06	-9.703284e-09	-3.809516e+01	-6.351203e+02
3.270000e-06	-5.460990e-06	-9.710061e-09	-3.815780e+01	-6.355037e+02
3.280000e-06	-5.468096e-06	-9.713281e-09	-3.820745e+01	-6.358386e+02
3.290000e-06	-5.473193e-06	-9.714823e-09	-3.824307e+01	-6.360938e+02
3.300000e-06	-5.476405e-06	-9.713964e-09	-3.826551e+01	-6.362291e+02
3.310000e-06	-5.477841e-06	-9.710790e-09	-3.827554e+01	-6.362303e+02
3.320000e-06	-5.477431e-06	-9.705808e-09	-3.827268e+01	-6.361203e+02
