# Temperatura_=_20.0
# Concentracion g/m^3_=_10000.0
# C_Vs_to_Am_M_A/Vsm_=_65563218390.804596
# pendiente_HvsI_1/m_=_3716.3
# ordenada_HvsI_A/m_=_1297.0
# frecuencia_Hz_=_300968.64696212596

Tiempo_(s)	Campo_(V.s)	Magnetizacion_(V.s)	Campo_(kA/m)	Magnetizacion_(A/m)
0.000000e+00	-5.475043e-06	-1.410942e-10	-3.825718e+01	-9.760452e+00
1.000000e-08	-5.472305e-06	-1.396574e-10	-3.823805e+01	-9.678633e+00
2.000000e-08	-5.467715e-06	-1.412694e-10	-3.820598e+01	-9.679020e+00
3.000000e-08	-5.461520e-06	-1.426240e-10	-3.816269e+01	-9.688495e+00
4.000000e-08	-5.453665e-06	-1.379183e-10	-3.810780e+01	-9.633455e+00
5.000000e-08	-5.443990e-06	-1.320723e-10	-3.804020e+01	-9.498981e+00
6.000000e-08	-5.432213e-06	-1.285461e-10	-3.795791e+01	-9.342591e+00
7.000000e-08	-5.418464e-06	-1.132480e-10	-3.786184e+01	-9.249506e+00
8.000000e-08	-5.402524e-06	-1.350750e-10	-3.775045e+01	-9.261341e+00
9.000000e-08	-5.384167e-06	-1.808880e-10	-3.762218e+01	-9.333188e+00
1.000000e-07	-5.363750e-06	-1.525189e-10	-3.747952e+01	-9.356219e+00
1.100000e-07	-5.341463e-06	-1.295856e-10	-3.732378e+01	-9.235133e+00
1.200000e-07	-5.317563e-06	-1.010640e-10	-3.715679e+01	-8.966530e+00
1.300000e-07	-5.292303e-06	-3.199438e-11	-3.698028e+01	-8.658465e+00
1.400000e-07	-5.265345e-06	-1.712827e-10	-3.679191e+01	-8.469871e+00
1.500000e-07	-5.236477e-06	-1.689639e-10	-3.659019e+01	-8.505418e+00
1.600000e-07	-5.206031e-06	-2.885437e-11	-3.637745e+01	-8.736322e+00
1.700000e-07	-5.173880e-06	-1.686572e-10	-3.615279e+01	-9.004160e+00
1.800000e-07	-5.139506e-06	-1.379191e-10	-3.591260e+01	-9.110550e+00
1.900000e-07	-5.103369e-06	-6.432078e-11	-3.566009e+01	-8.937326e+00
2.000000e-07	-5.065846e-06	-1.909551e-10	-3.539790e+01	-8.519993e+00
2.100000e-07	-5.026514e-06	-9.332788e-11	-3.512306e+01	-8.027175e+00
2.200000e-07	-4.985308e-06	-3.810090e-11	-3.483514e+01	-7.660067e+00
2.300000e-07	-4.942151e-06	-1.438719e-10	-3.453357e+01	-7.536829e+00
2.400000e-07	-4.897141e-06	-1.254941e-10	-3.421906e+01	-7.633743e+00
2.500000e-07	-4.850321e-06	-1.334597e-10	-3.389190e+01	-7.814875e+00
2.600000e-07	-4.801548e-06	-8.780581e-11	-3.355110e+01	-7.924045e+00
2.700000e-07	-4.750729e-06	-6.296088e-11	-3.319600e+01	-7.876278e+00
2.800000e-07	-4.697886e-06	-1.174633e-10	-3.282676e+01	-7.693113e+00
2.900000e-07	-4.643253e-06	-1.155695e-10	-3.244500e+01	-7.468298e+00
3.000000e-07	-4.587012e-06	-9.900360e-11	-3.205202e+01	-7.296280e+00
3.100000e-07	-4.529065e-06	-7.194656e-11	-3.164711e+01	-7.214676e+00
3.200000e-07	-4.469359e-06	-9.962237e-11	-3.122991e+01	-7.194650e+00
3.300000e-07	-4.408160e-06	-1.232622e-10	-3.080228e+01	-7.176125e+00
3.400000e-07	-4.345558e-06	-9.805505e-11	-3.036484e+01	-7.115849e+00
3.500000e-07	-4.281533e-06	-7.803117e-11	-2.991746e+01	-7.013704e+00
3.600000e-07	-4.215822e-06	-4.260286e-11	-2.945831e+01	-6.903903e+00
3.700000e-07	-4.148328e-06	-7.619031e-11	-2.898668e+01	-6.824110e+00
3.800000e-07	-4.079288e-06	-1.199889e-10	-2.850426e+01	-6.787791e+00
3.900000e-07	-4.008869e-06	-9.459515e-11	-2.801221e+01	-6.777532e+00
4.000000e-07	-3.937177e-06	-8.121401e-11	-2.751126e+01	-6.758966e+00
4.100000e-07	-3.864264e-06	-8.365680e-11	-2.700177e+01	-6.701645e+00
4.200000e-07	-3.789795e-06	-1.098452e-10	-2.648142e+01	-6.592940e+00
4.300000e-07	-3.713570e-06	-9.729287e-11	-2.594879e+01	-6.440448e+00
4.400000e-07	-3.635787e-06	-5.988848e-11	-2.540528e+01	-6.267145e+00
4.500000e-07	-3.556579e-06	-4.809587e-11	-2.485181e+01	-6.104533e+00
4.600000e-07	-3.475861e-06	-6.841712e-11	-2.428778e+01	-5.984259e+00
4.700000e-07	-3.393835e-06	-1.029963e-10	-2.371462e+01	-5.925710e+00
4.800000e-07	-3.310725e-06	-9.063075e-11	-2.313389e+01	-5.921045e+00
4.900000e-07	-3.226550e-06	-7.294987e-11	-2.254571e+01	-5.926915e+00
5.000000e-07	-3.141447e-06	-7.087120e-11	-2.195105e+01	-5.874629e+00
5.100000e-07	-3.055321e-06	-8.439858e-11	-2.134923e+01	-5.701648e+00
5.200000e-07	-2.968178e-06	-8.471052e-11	-2.074032e+01	-5.390828e+00
5.300000e-07	-2.880107e-06	-5.630584e-11	-2.012492e+01	-4.992371e+00
5.400000e-07	-2.791136e-06	-4.048773e-11	-1.950323e+01	-4.608484e+00
5.500000e-07	-2.700998e-06	-5.437275e-11	-1.887338e+01	-4.342602e+00
5.600000e-07	-2.609587e-06	-7.626558e-11	-1.823464e+01	-4.240060e+00
5.700000e-07	-2.517242e-06	-6.736745e-11	-1.758938e+01	-4.257122e+00
5.800000e-07	-2.424080e-06	-4.728570e-11	-1.693840e+01	-4.280668e+00
5.900000e-07	-2.330071e-06	-4.595778e-11	-1.628151e+01	-4.189651e+00
6.000000e-07	-2.235395e-06	-6.122498e-11	-1.561996e+01	-3.922125e+00
6.100000e-07	-2.140048e-06	-6.178069e-11	-1.495371e+01	-3.507373e+00
6.200000e-07	-2.043889e-06	-3.768841e-11	-1.428179e+01	-3.044858e+00
6.300000e-07	-1.946957e-06	-1.739203e-11	-1.360448e+01	-2.645449e+00
6.400000e-07	-1.849259e-06	-2.298508e-11	-1.292181e+01	-2.372711e+00
6.500000e-07	-1.750767e-06	-3.794548e-11	-1.223359e+01	-2.218501e+00
6.600000e-07	-1.651456e-06	-3.293124e-11	-1.153965e+01	-2.121789e+00
6.700000e-07	-1.551474e-06	-1.835568e-11	-1.084102e+01	-2.011416e+00
6.800000e-07	-1.451072e-06	-1.693583e-11	-1.013945e+01	-1.841963e+00
6.900000e-07	-1.350323e-06	-3.175066e-11	-9.435462e+00	-1.603119e+00
7.000000e-07	-1.249148e-06	-3.517831e-11	-8.728493e+00	-1.305818e+00
7.100000e-07	-1.147472e-06	-1.660102e-11	-8.018031e+00	-9.645500e-01
7.200000e-07	-1.045286e-06	3.450573e-12	-7.303997e+00	-5.931115e-01
7.300000e-07	-9.427919e-07	6.614537e-12	-6.587814e+00	-2.143852e-01
7.400000e-07	-8.400984e-07	8.861279e-13	-5.870237e+00	1.310057e-01
7.500000e-07	-7.370922e-07	6.074429e-12	-5.150475e+00	3.934098e-01
7.600000e-07	-6.337731e-07	1.836447e-11	-4.428527e+00	5.414928e-01
7.700000e-07	-5.300970e-07	1.761076e-11	-3.704084e+00	5.908332e-01
7.800000e-07	-4.262605e-07	3.236934e-12	-2.978520e+00	6.100004e-01
7.900000e-07	-3.224756e-07	-1.903336e-12	-2.253317e+00	6.929238e-01
8.000000e-07	-2.185849e-07	1.049849e-11	-1.527375e+00	9.096972e-01
8.100000e-07	-1.145033e-07	2.712665e-11	-8.000983e-01	1.264976e+00
8.200000e-07	-1.033358e-08	3.000022e-11	-7.220648e-02	1.690779e+00
8.300000e-07	9.383182e-08	2.467710e-11	6.556553e-01	2.079687e+00
8.400000e-07	1.979152e-07	2.825894e-11	1.382944e+00	2.339391e+00
8.500000e-07	3.018797e-07	3.943305e-11	2.109402e+00	2.437163e+00
8.600000e-07	4.058175e-07	4.263620e-11	2.835673e+00	2.410780e+00
8.700000e-07	5.096224e-07	3.263332e-11	3.561017e+00	2.343942e+00
8.800000e-07	6.131314e-07	2.619727e-11	4.284292e+00	2.324160e+00
8.900000e-07	7.163771e-07	3.361273e-11	5.005727e+00	2.407006e+00
9.000000e-07	8.193952e-07	4.565969e-11	5.725572e+00	2.601490e+00
9.100000e-07	9.222364e-07	4.759756e-11	6.444181e+00	2.876189e+00
9.200000e-07	1.024813e-06	4.165091e-11	7.160941e+00	3.176052e+00
9.300000e-07	1.126975e-06	4.370580e-11	7.874804e+00	3.440317e+00
9.400000e-07	1.228667e-06	5.623751e-11	8.585386e+00	3.618370e+00
9.500000e-07	1.329969e-06	6.525607e-11	9.293234e+00	3.684568e+00
9.600000e-07	1.430896e-06	5.887770e-11	9.998472e+00	3.650735e+00
9.700000e-07	1.531357e-06	4.751505e-11	1.070045e+01	3.569568e+00
9.800000e-07	1.631365e-06	4.743961e-11	1.139926e+01	3.520981e+00
9.900000e-07	1.730794e-06	5.653967e-11	1.209402e+01	3.580846e+00
1.000000e-06	1.829540e-06	6.021165e-11	1.278402e+01	3.784083e+00
1.010000e-06	1.927498e-06	5.652451e-11	1.346851e+01	4.102135e+00
1.020000e-06	2.024513e-06	5.787152e-11	1.414640e+01	4.450646e+00
1.030000e-06	2.120763e-06	7.001606e-11	1.481896e+01	4.727214e+00
1.040000e-06	2.216373e-06	8.060654e-11	1.548704e+01	4.860918e+00
1.050000e-06	2.311267e-06	7.705773e-11	1.615011e+01	4.847160e+00
1.060000e-06	2.405342e-06	6.617886e-11	1.680747e+01	4.748990e+00
1.070000e-06	2.498555e-06	6.094693e-11	1.745880e+01	4.664991e+00
1.080000e-06	2.591081e-06	6.516186e-11	1.810533e+01	4.681962e+00
1.090000e-06	2.682920e-06	6.828382e-11	1.874706e+01	4.837158e+00
1.100000e-06	2.773690e-06	6.571359e-11	1.938132e+01	5.107046e+00
1.110000e-06	2.863132e-06	6.729571e-11	2.000630e+01	5.423852e+00
1.120000e-06	2.951476e-06	7.871065e-11	2.062361e+01	5.707875e+00
1.130000e-06	3.038907e-06	8.873898e-11	2.123454e+01	5.899283e+00
1.140000e-06	3.125335e-06	8.964802e-11	2.183846e+01	5.977736e+00
1.150000e-06	3.210726e-06	8.291709e-11	2.243514e+01	5.965970e+00
1.160000e-06	3.295086e-06	7.976364e-11	2.302460e+01	5.919437e+00
1.170000e-06	3.378366e-06	8.517914e-11	2.360653e+01	5.906421e+00
1.180000e-06	3.460476e-06	8.851070e-11	2.418028e+01	5.984009e+00
1.190000e-06	3.541331e-06	8.725033e-11	2.474526e+01	6.176696e+00
1.200000e-06	3.620840e-06	8.747203e-11	2.530083e+01	6.465712e+00
1.210000e-06	3.698965e-06	9.466832e-11	2.584674e+01	6.795313e+00
1.220000e-06	3.775831e-06	1.045454e-10	2.638384e+01	7.095742e+00
1.230000e-06	3.851311e-06	1.090826e-10	2.691127e+01	7.313664e+00
1.240000e-06	3.925141e-06	1.065141e-10	2.742715e+01	7.435308e+00
1.250000e-06	3.997390e-06	1.054727e-10	2.793200e+01	7.490142e+00
1.260000e-06	4.068201e-06	1.097267e-10	2.842679e+01	7.533230e+00
1.270000e-06	4.137674e-06	1.138207e-10	2.891224e+01	7.616441e+00
1.280000e-06	4.205875e-06	1.125176e-10	2.938880e+01	7.764506e+00
1.290000e-06	4.272452e-06	1.108024e-10	2.985401e+01	7.967920e+00
1.300000e-06	4.337258e-06	1.153169e-10	3.030685e+01	8.193736e+00
1.310000e-06	4.400632e-06	1.232709e-10	3.074968e+01	8.405206e+00
1.320000e-06	4.462651e-06	1.285802e-10	3.118304e+01	8.578262e+00
1.330000e-06	4.523250e-06	1.286260e-10	3.160648e+01	8.707806e+00
1.340000e-06	4.582219e-06	1.279157e-10	3.201853e+01	8.804566e+00
1.350000e-06	4.639336e-06	1.311125e-10	3.241763e+01	8.887919e+00
1.360000e-06	4.694767e-06	1.338064e-10	3.280496e+01	8.979069e+00
1.370000e-06	4.748621e-06	1.321882e-10	3.318127e+01	9.095257e+00
1.380000e-06	4.800585e-06	1.308342e-10	3.354437e+01	9.243862e+00
1.390000e-06	4.850376e-06	1.343999e-10	3.389229e+01	9.417290e+00
1.400000e-06	4.898249e-06	1.410651e-10	3.422680e+01	9.592738e+00
1.410000e-06	4.944443e-06	1.447206e-10	3.454958e+01	9.740538e+00
1.420000e-06	4.989051e-06	1.445788e-10	3.486129e+01	9.839357e+00
1.430000e-06	5.031950e-06	1.459279e-10	3.516104e+01	9.889610e+00
1.440000e-06	5.072875e-06	1.496687e-10	3.544701e+01	9.914825e+00
1.450000e-06	5.111999e-06	1.515539e-10	3.572039e+01	9.947439e+00
1.460000e-06	5.149491e-06	1.510502e-10	3.598237e+01	1.000713e+01
1.470000e-06	5.185310e-06	1.496279e-10	3.623266e+01	1.008707e+01
1.480000e-06	5.219161e-06	1.497505e-10	3.646919e+01	1.015947e+01
1.490000e-06	5.251037e-06	1.523958e-10	3.669193e+01	1.019804e+01
1.500000e-06	5.281204e-06	1.554600e-10	3.690273e+01	1.020084e+01
1.510000e-06	5.309732e-06	1.577313e-10	3.710206e+01	1.019499e+01
1.520000e-06	5.336287e-06	1.587377e-10	3.728762e+01	1.021721e+01
1.530000e-06	5.360698e-06	1.588272e-10	3.745819e+01	1.028344e+01
1.540000e-06	5.383243e-06	1.585073e-10	3.761573e+01	1.037140e+01
1.550000e-06	5.404139e-06	1.594546e-10	3.776174e+01	1.043241e+01
1.560000e-06	5.423281e-06	1.596745e-10	3.789549e+01	1.042686e+01
1.570000e-06	5.440363e-06	1.578954e-10	3.801486e+01	1.035775e+01
1.580000e-06	5.455428e-06	1.580862e-10	3.812013e+01	1.027502e+01
1.590000e-06	5.468540e-06	1.599475e-10	3.821175e+01	1.024321e+01
1.600000e-06	5.479423e-06	1.614837e-10	3.828779e+01	1.029313e+01
1.610000e-06	5.488114e-06	1.615286e-10	3.834852e+01	1.039324e+01
1.620000e-06	5.494927e-06	1.612977e-10	3.839612e+01	1.046470e+01
1.630000e-06	5.499970e-06	1.629944e-10	3.843136e+01	1.043325e+01
1.640000e-06	5.503046e-06	1.646632e-10	3.845286e+01	1.028218e+01
1.650000e-06	5.504068e-06	1.651952e-10	3.846000e+01	1.006723e+01
1.660000e-06	5.503260e-06	1.600726e-10	3.845435e+01	9.880423e+00
1.670000e-06	5.500745e-06	1.538813e-10	3.843678e+01	9.786872e+00
1.680000e-06	5.496513e-06	1.562712e-10	3.840721e+01	9.780594e+00
1.690000e-06	5.490328e-06	1.569791e-10	3.836399e+01	9.792485e+00
1.700000e-06	5.482310e-06	1.529880e-10	3.830796e+01	9.745735e+00
1.710000e-06	5.472704e-06	1.512536e-10	3.824084e+01	9.617404e+00
1.720000e-06	5.461338e-06	1.630231e-10	3.816142e+01	9.458478e+00
1.730000e-06	5.447914e-06	1.899846e-10	3.806762e+01	9.354597e+00
1.740000e-06	5.432458e-06	1.257954e-10	3.795962e+01	9.355042e+00
1.750000e-06	5.414767e-06	1.015523e-10	3.783601e+01	9.424354e+00
1.760000e-06	5.394262e-06	1.314215e-10	3.769272e+01	9.457474e+00
1.770000e-06	5.371249e-06	1.461718e-10	3.753192e+01	9.353360e+00
1.780000e-06	5.346811e-06	2.552291e-10	3.736116e+01	9.096414e+00
1.790000e-06	5.321670e-06	1.353942e-10	3.718548e+01	8.784338e+00
1.800000e-06	5.295205e-06	4.936034e-11	3.700055e+01	8.575396e+00
1.810000e-06	5.266311e-06	2.378421e-10	3.679866e+01	8.584929e+00
1.820000e-06	5.235569e-06	1.076043e-10	3.658385e+01	8.799992e+00
1.830000e-06	5.203401e-06	9.445505e-11	3.635907e+01	9.072982e+00
1.840000e-06	5.169233e-06	2.453839e-10	3.612032e+01	9.203933e+00
1.850000e-06	5.133364e-06	3.701551e-11	3.586968e+01	9.061163e+00
1.860000e-06	5.095575e-06	1.071967e-10	3.560563e+01	8.662921e+00
1.870000e-06	5.055787e-06	2.361877e-10	3.532761e+01	8.167389e+00
1.880000e-06	5.014479e-06	7.009628e-11	3.503896e+01	7.778202e+00
1.890000e-06	4.971288e-06	1.166061e-10	3.473717e+01	7.626700e+00
1.900000e-06	4.926346e-06	7.323060e-11	3.442313e+01	7.704485e+00
1.910000e-06	4.879767e-06	8.387828e-11	3.409766e+01	7.883885e+00
1.920000e-06	4.831189e-06	2.102593e-10	3.375822e+01	8.005937e+00
1.930000e-06	4.780933e-06	7.109336e-11	3.340705e+01	7.975063e+00
1.940000e-06	4.728777e-06	1.105585e-10	3.304261e+01	7.801937e+00
1.950000e-06	4.674473e-06	1.250914e-10	3.266315e+01	7.575763e+00
1.960000e-06	4.618473e-06	1.175348e-10	3.227185e+01	7.394308e+00
1.970000e-06	4.560848e-06	1.588653e-10	3.186919e+01	7.302696e+00
1.980000e-06	4.501755e-06	4.104009e-11	3.145628e+01	7.278114e+00
1.990000e-06	4.440987e-06	1.024424e-10	3.103165e+01	7.261431e+00
2.000000e-06	4.378407e-06	1.012121e-10	3.059438e+01	7.205736e+00
2.010000e-06	4.314393e-06	1.280236e-10	3.014707e+01	7.106120e+00
2.020000e-06	4.248883e-06	1.576468e-10	2.968932e+01	6.994410e+00
2.030000e-06	4.181916e-06	4.864668e-11	2.922138e+01	6.909483e+00
2.040000e-06	4.113388e-06	1.177329e-10	2.874254e+01	6.868152e+00
2.050000e-06	4.043145e-06	1.090582e-10	2.825171e+01	6.855919e+00
2.060000e-06	3.971422e-06	1.137300e-10	2.775054e+01	6.839221e+00
2.070000e-06	3.898316e-06	8.722742e-11	2.723971e+01	6.786325e+00
2.080000e-06	3.823851e-06	4.843633e-11	2.671939e+01	6.682388e+00
2.090000e-06	3.747807e-06	1.265141e-10	2.618802e+01	6.533000e+00
2.100000e-06	3.670081e-06	1.100968e-10	2.564490e+01	6.359807e+00
2.110000e-06	3.590963e-06	1.194854e-10	2.509207e+01	6.193747e+00
2.120000e-06	3.510704e-06	6.773373e-11	2.453125e+01	6.066963e+00
2.130000e-06	3.429309e-06	6.993326e-11	2.396250e+01	6.000876e+00
2.140000e-06	3.346709e-06	1.083360e-10	2.338533e+01	5.991184e+00
2.150000e-06	3.263025e-06	9.148594e-11	2.280058e+01	5.998257e+00
2.160000e-06	3.178135e-06	9.477202e-11	2.220741e+01	5.954938e+00
2.170000e-06	3.091860e-06	5.548070e-11	2.160455e+01	5.796095e+00
2.180000e-06	3.004472e-06	8.807962e-11	2.099392e+01	5.498147e+00
2.190000e-06	2.916149e-06	9.657666e-11	2.037676e+01	5.104075e+00
2.200000e-06	2.826855e-06	7.583907e-11	1.975282e+01	4.712469e+00
2.210000e-06	2.736650e-06	4.893334e-11	1.912250e+01	4.429628e+00
2.220000e-06	2.645551e-06	3.765119e-11	1.848594e+01	4.309376e+00
2.230000e-06	2.553593e-06	7.758215e-11	1.784338e+01	4.317518e+00
2.240000e-06	2.460759e-06	7.446198e-11	1.719470e+01	4.345932e+00
2.250000e-06	2.366791e-06	6.184136e-11	1.653809e+01	4.270938e+00
2.260000e-06	2.271773e-06	3.628977e-11	1.587415e+01	4.021839e+00
2.270000e-06	2.176078e-06	4.509318e-11	1.520547e+01	3.618225e+00
2.280000e-06	2.079686e-06	6.163630e-11	1.453193e+01	3.154460e+00
2.290000e-06	1.982561e-06	4.590474e-11	1.385326e+01	2.743346e+00
2.300000e-06	1.884852e-06	2.683300e-11	1.317052e+01	2.455476e+00
2.310000e-06	1.786553e-06	1.743485e-11	1.248365e+01	2.290172e+00
2.320000e-06	1.687589e-06	4.008893e-11	1.179212e+01	2.190194e+00
2.330000e-06	1.588087e-06	4.335916e-11	1.109685e+01	2.083391e+00
2.340000e-06	1.488200e-06	2.207259e-11	1.039889e+01	1.920616e+00
2.350000e-06	1.387917e-06	-1.421225e-12	9.698154e+00	1.688182e+00
2.360000e-06	1.287072e-06	8.457145e-13	8.993493e+00	1.395710e+00
2.370000e-06	1.185477e-06	1.712310e-11	8.283587e+00	1.057827e+00
2.380000e-06	1.083265e-06	1.126737e-11	7.569375e+00	6.880925e-01
2.390000e-06	9.806036e-07	-6.484241e-12	6.852025e+00	3.078188e-01
2.400000e-06	8.774828e-07	-1.495462e-11	6.131463e+00	-4.424395e-02
2.410000e-06	7.740515e-07	-1.042471e-12	5.408730e+00	-3.183429e-01
2.420000e-06	6.704068e-07	3.938028e-12	4.684507e+00	-4.796269e-01
2.430000e-06	5.666130e-07	-1.429480e-11	3.959241e+00	-5.377923e-01
2.440000e-06	4.627370e-07	-3.240441e-11	3.233402e+00	-5.564739e-01
2.450000e-06	3.587198e-07	-2.962824e-11	2.506576e+00	-6.290673e-01
2.460000e-06	2.545570e-07	-1.415158e-11	1.778732e+00	-8.306143e-01
2.470000e-06	1.502782e-07	-1.687984e-11	1.050078e+00	-1.173878e+00
2.480000e-06	4.602954e-08	-3.707204e-11	3.216341e-01	-1.597703e+00
2.490000e-06	-5.811212e-08	-5.082251e-11	-4.060619e-01	-1.996410e+00
2.500000e-06	-1.622393e-07	-4.541632e-11	-1.133656e+00	-2.273510e+00
2.510000e-06	-2.664218e-07	-3.711670e-11	-1.861638e+00	-2.388674e+00
2.520000e-06	-3.705488e-07	-4.475750e-11	-2.589231e+00	-2.372772e+00
2.530000e-06	-4.744649e-07	-5.574525e-11	-3.315351e+00	-2.306497e+00
2.540000e-06	-5.782067e-07	-5.340465e-11	-4.040253e+00	-2.278949e+00
2.550000e-06	-6.818105e-07	-4.135405e-11	-4.764191e+00	-2.350242e+00
2.560000e-06	-7.852767e-07	-3.928097e-11	-5.487167e+00	-2.534381e+00
2.570000e-06	-8.884673e-07	-5.316888e-11	-6.208218e+00	-2.803562e+00
2.580000e-06	-9.912263e-07	-6.575541e-11	-6.926252e+00	-3.104378e+00
2.590000e-06	-1.093541e-06	-6.348279e-11	-7.641183e+00	-3.375887e+00
2.600000e-06	-1.195417e-06	-5.533364e-11	-8.353049e+00	-3.565669e+00
2.610000e-06	-1.296747e-06	-5.840996e-11	-9.061097e+00	-3.644727e+00
2.620000e-06	-1.397347e-06	-6.794872e-11	-9.764046e+00	-3.620473e+00
2.630000e-06	-1.497307e-06	-6.882124e-11	-1.046252e+01	-3.541530e+00
2.640000e-06	-1.596838e-06	-5.993683e-11	-1.115800e+01	-3.486136e+00
2.650000e-06	-1.695945e-06	-5.694406e-11	-1.185052e+01	-3.532418e+00
2.660000e-06	-1.794475e-06	-6.802803e-11	-1.253900e+01	-3.721187e+00
2.670000e-06	-1.892337e-06	-7.971064e-11	-1.322282e+01	-4.030919e+00
2.680000e-06	-1.989580e-06	-7.907223e-11	-1.390231e+01	-4.381868e+00
2.690000e-06	-2.086200e-06	-7.220196e-11	-1.457745e+01	-4.671182e+00
2.700000e-06	-2.182156e-06	-7.370004e-11	-1.524794e+01	-4.822433e+00
2.710000e-06	-2.277458e-06	-8.211783e-11	-1.591387e+01	-4.823187e+00
2.720000e-06	-2.371951e-06	-8.483816e-11	-1.657415e+01	-4.730293e+00
2.730000e-06	-2.465490e-06	-7.855068e-11	-1.722776e+01	-4.640732e+00
2.740000e-06	-2.558094e-06	-7.479581e-11	-1.787483e+01	-4.644730e+00
2.750000e-06	-2.649704e-06	-8.385370e-11	-1.851496e+01	-4.785927e+00
2.760000e-06	-2.740248e-06	-9.559469e-11	-1.914764e+01	-5.046933e+00
2.770000e-06	-2.829748e-06	-9.592559e-11	-1.977303e+01	-5.363312e+00
2.780000e-06	-2.918337e-06	-8.904138e-11	-2.039205e+01	-5.654983e+00
2.790000e-06	-3.006122e-06	-8.982823e-11	-2.100545e+01	-5.858775e+00
2.800000e-06	-3.092870e-06	-9.990407e-11	-2.161161e+01	-5.949663e+00
2.810000e-06	-3.178268e-06	-1.038998e-10	-2.220833e+01	-5.946052e+00
2.820000e-06	-3.262399e-06	-9.681182e-11	-2.279621e+01	-5.900712e+00
2.830000e-06	-3.345520e-06	-9.157263e-11	-2.337702e+01	-5.881680e+00
2.840000e-06	-3.427625e-06	-9.798976e-11	-2.395073e+01	-5.948377e+00
2.850000e-06	-3.508431e-06	-1.080023e-10	-2.451537e+01	-6.129557e+00
2.860000e-06	-3.588043e-06	-1.087496e-10	-2.507166e+01	-6.411112e+00
2.870000e-06	-3.666421e-06	-1.051616e-10	-2.561933e+01	-6.740409e+00
2.880000e-06	-3.743247e-06	-1.080340e-10	-2.615616e+01	-7.047754e+00
2.890000e-06	-3.818521e-06	-1.169868e-10	-2.668214e+01	-7.276690e+00
2.900000e-06	-3.892281e-06	-1.215054e-10	-2.719754e+01	-7.408626e+00
2.910000e-06	-3.964650e-06	-1.172869e-10	-2.770322e+01	-7.468912e+00
2.920000e-06	-4.035752e-06	-1.147447e-10	-2.820005e+01	-7.511182e+00
2.930000e-06	-4.105371e-06	-1.208451e-10	-2.868652e+01	-7.589007e+00
2.940000e-06	-4.173283e-06	-1.287609e-10	-2.916106e+01	-7.730715e+00
2.950000e-06	-4.239666e-06	-1.304124e-10	-2.962492e+01	-7.930219e+00
2.960000e-06	-4.304657e-06	-1.277061e-10	-3.007905e+01	-8.156197e+00
2.970000e-06	-4.368283e-06	-1.296026e-10	-3.052364e+01	-8.371375e+00
2.980000e-06	-4.430315e-06	-1.378706e-10	-3.095708e+01	-8.549830e+00
2.990000e-06	-4.490552e-06	-1.414681e-10	-3.137800e+01	-8.684450e+00
3.000000e-06	-4.549150e-06	-1.366106e-10	-3.178745e+01	-8.784591e+00
3.010000e-06	-4.606237e-06	-1.338359e-10	-3.218635e+01	-8.869053e+00
3.020000e-06	-4.661852e-06	-1.408876e-10	-3.257496e+01	-8.959129e+00
3.030000e-06	-4.715665e-06	-1.493470e-10	-3.295099e+01	-9.072761e+00
3.040000e-06	-4.767408e-06	-1.507482e-10	-3.331255e+01	-9.218668e+00
3.050000e-06	-4.817235e-06	-1.479519e-10	-3.366071e+01	-9.391000e+00
3.060000e-06	-4.865080e-06	-1.492141e-10	-3.399503e+01	-9.568347e+00
3.070000e-06	-4.911022e-06	-1.550227e-10	-3.431606e+01	-9.721119e+00
3.080000e-06	-4.955395e-06	-1.556467e-10	-3.462611e+01	-9.826321e+00
3.090000e-06	-4.998272e-06	-1.508896e-10	-3.492572e+01	-9.881696e+00
3.100000e-06	-5.039598e-06	-1.484446e-10	-3.521449e+01	-9.908725e+00
3.110000e-06	-5.079340e-06	-1.540513e-10	-3.549219e+01	-9.939914e+00
3.120000e-06	-5.117224e-06	-1.629097e-10	-3.575691e+01	-9.997239e+00
3.130000e-06	-5.153115e-06	-1.648665e-10	-3.600769e+01	-1.007682e+01
3.140000e-06	-5.187219e-06	-1.601450e-10	-3.624600e+01	-1.015224e+01
3.150000e-06	-5.219623e-06	-1.570912e-10	-3.647242e+01	-1.019579e+01
3.160000e-06	-5.250146e-06	-1.594411e-10	-3.668571e+01	-1.020226e+01
3.170000e-06	-5.278629e-06	-1.590365e-10	-3.688473e+01	-1.019620e+01
3.180000e-06	-5.305270e-06	-1.550303e-10	-3.707089e+01	-1.021475e+01
3.190000e-06	-5.330162e-06	-1.513109e-10	-3.724482e+01	-1.027735e+01
3.200000e-06	-5.353241e-06	-1.538055e-10	-3.740608e+01	-1.036579e+01
3.210000e-06	-5.374268e-06	-1.602086e-10	-3.755302e+01	-1.043279e+01
3.220000e-06	-5.393296e-06	-1.612904e-10	-3.768597e+01	-1.043586e+01
3.230000e-06	-5.410592e-06	-1.572484e-10	-3.780683e+01	-1.037254e+01
3.240000e-06	-5.426044e-06	-1.537903e-10	-3.791480e+01	-1.028874e+01
3.250000e-06	-5.439204e-06	-1.553012e-10	-3.800676e+01	-1.024974e+01
3.260000e-06	-5.450165e-06	-1.567289e-10	-3.808335e+01	-1.029198e+01
3.270000e-06	-5.459342e-06	-1.540846e-10	-3.814747e+01	-1.039070e+01
3.280000e-06	-5.466700e-06	-1.510158e-10	-3.819889e+01	-1.047008e+01
3.290000e-06	-5.471972e-06	-1.524404e-10	-3.823573e+01	-1.045249e+01
3.300000e-06	-5.475212e-06	-1.550519e-10	-3.825836e+01	-1.031341e+01
3.310000e-06	-5.476700e-06	-1.511582e-10	-3.826876e+01	-1.010175e+01
3.320000e-06	-5.476429e-06	-1.442833e-10	-3.826687e+01	-9.908522e+00
