# Temperatura_=_20.0
# Concentracion g/m^3_=_10000.0
# C_Vs_to_Am_M_A/Vsm_=_65563218390.804596
# pendiente_HvsI_1/m_=_3716.3
# ordenada_HvsI_A/m_=_1297.0
# frecuencia_Hz_=_300954.5262880867

Tiempo_(s)	Campo_(V.s)	Magnetizacion_(V.s)	Campo_(kA/m)	Magnetizacion_(A/m)
0.000000e+00	-5.498482e-06	-9.748057e-09	-3.827024e+01	-6.390299e+02
1.000000e-08	-5.497382e-06	-9.744482e-09	-3.826258e+01	-6.386620e+02
2.000000e-08	-5.494286e-06	-9.743435e-09	-3.824103e+01	-6.383342e+02
3.000000e-08	-5.489353e-06	-9.738826e-09	-3.820670e+01	-6.380779e+02
4.000000e-08	-5.482744e-06	-9.730527e-09	-3.816070e+01	-6.378236e+02
5.000000e-08	-5.474484e-06	-9.721458e-09	-3.810320e+01	-6.374609e+02
6.000000e-08	-5.464340e-06	-9.714505e-09	-3.803260e+01	-6.369227e+02
7.000000e-08	-5.452084e-06	-9.702960e-09	-3.794730e+01	-6.362303e+02
8.000000e-08	-5.437795e-06	-9.681728e-09	-3.784784e+01	-6.354627e+02
9.000000e-08	-5.421261e-06	-9.676741e-09	-3.773277e+01	-6.346784e+02
1.000000e-07	-5.402452e-06	-9.686869e-09	-3.760185e+01	-6.338525e+02
1.100000e-07	-5.381614e-06	-9.675211e-09	-3.745681e+01	-6.328870e+02
1.200000e-07	-5.358898e-06	-9.651244e-09	-3.729871e+01	-6.316915e+02
1.300000e-07	-5.334600e-06	-9.601690e-09	-3.712959e+01	-6.302764e+02
1.400000e-07	-5.308866e-06	-9.545948e-09	-3.695048e+01	-6.287791e+02
1.500000e-07	-5.281416e-06	-9.575081e-09	-3.675943e+01	-6.273923e+02
1.600000e-07	-5.252158e-06	-9.569479e-09	-3.655579e+01	-6.262327e+02
1.700000e-07	-5.221270e-06	-9.507157e-09	-3.634080e+01	-6.252410e+02
1.800000e-07	-5.188556e-06	-9.514782e-09	-3.611310e+01	-6.241904e+02
1.900000e-07	-5.153761e-06	-9.484188e-09	-3.587092e+01	-6.228090e+02
2.000000e-07	-5.117335e-06	-9.442098e-09	-3.561740e+01	-6.209410e+02
2.100000e-07	-5.079326e-06	-9.451167e-09	-3.535285e+01	-6.186423e+02
2.200000e-07	-5.039445e-06	-9.393440e-09	-3.507527e+01	-6.161438e+02
2.300000e-07	-4.997672e-06	-9.335513e-09	-3.478453e+01	-6.137077e+02
2.400000e-07	-4.953914e-06	-9.337743e-09	-3.447996e+01	-6.114695e+02
2.500000e-07	-4.908337e-06	-9.315785e-09	-3.416274e+01	-6.093684e+02
2.600000e-07	-4.860896e-06	-9.260615e-09	-3.383254e+01	-6.072059e+02
2.700000e-07	-4.811344e-06	-9.189043e-09	-3.348765e+01	-6.047837e+02
2.800000e-07	-4.759777e-06	-9.149521e-09	-3.312874e+01	-6.020262e+02
2.900000e-07	-4.706367e-06	-9.129333e-09	-3.275700e+01	-5.990081e+02
3.000000e-07	-4.651243e-06	-9.095097e-09	-3.237333e+01	-5.958791e+02
3.100000e-07	-4.594525e-06	-9.054173e-09	-3.197856e+01	-5.927506e+02
3.200000e-07	-4.536058e-06	-8.985315e-09	-3.157163e+01	-5.896257e+02
3.300000e-07	-4.475870e-06	-8.934411e-09	-3.115271e+01	-5.864167e+02
3.400000e-07	-4.414156e-06	-8.895168e-09	-3.072317e+01	-5.830260e+02
3.500000e-07	-4.350970e-06	-8.826607e-09	-3.028338e+01	-5.794224e+02
3.600000e-07	-4.286268e-06	-8.753630e-09	-2.983305e+01	-5.756558e+02
3.700000e-07	-4.219870e-06	-8.693818e-09	-2.937091e+01	-5.718041e+02
3.800000e-07	-4.151828e-06	-8.656278e-09	-2.889732e+01	-5.678991e+02
3.900000e-07	-4.082338e-06	-8.616977e-09	-2.841367e+01	-5.638914e+02
4.000000e-07	-4.011533e-06	-8.547769e-09	-2.792085e+01	-5.596803e+02
4.100000e-07	-3.939378e-06	-8.460252e-09	-2.741864e+01	-5.551848e+02
4.200000e-07	-3.865686e-06	-8.385206e-09	-2.690573e+01	-5.504017e+02
4.300000e-07	-3.790415e-06	-8.326280e-09	-2.638184e+01	-5.454067e+02
4.400000e-07	-3.713609e-06	-8.245941e-09	-2.584726e+01	-5.403026e+02
4.500000e-07	-3.635184e-06	-8.148707e-09	-2.530141e+01	-5.351518e+02
4.600000e-07	-3.555154e-06	-8.063620e-09	-2.474439e+01	-5.299424e+02
4.700000e-07	-3.473804e-06	-7.995543e-09	-2.417818e+01	-5.246044e+02
4.800000e-07	-3.391378e-06	-7.930255e-09	-2.360448e+01	-5.190579e+02
4.900000e-07	-3.307894e-06	-7.839465e-09	-2.302342e+01	-5.132536e+02
5.000000e-07	-3.223319e-06	-7.732992e-09	-2.243477e+01	-5.071809e+02
5.100000e-07	-3.137718e-06	-7.636620e-09	-2.183897e+01	-5.008486e+02
5.200000e-07	-3.051156e-06	-7.548560e-09	-2.123649e+01	-4.942646e+02
5.300000e-07	-2.963648e-06	-7.445630e-09	-2.062742e+01	-4.874368e+02
5.400000e-07	-2.875070e-06	-7.323718e-09	-2.001090e+01	-4.803903e+02
5.500000e-07	-2.785286e-06	-7.207815e-09	-1.938599e+01	-4.731771e+02
5.600000e-07	-2.694337e-06	-7.109329e-09	-1.875298e+01	-4.658567e+02
5.700000e-07	-2.602370e-06	-7.011681e-09	-1.811287e+01	-4.584501e+02
5.800000e-07	-2.509554e-06	-6.894926e-09	-1.746686e+01	-4.509024e+02
5.900000e-07	-2.415869e-06	-6.762556e-09	-1.681480e+01	-4.430874e+02
6.000000e-07	-2.321308e-06	-6.631943e-09	-1.615664e+01	-4.348661e+02
6.100000e-07	-2.226080e-06	-6.505938e-09	-1.549384e+01	-4.261676e+02
6.200000e-07	-2.130159e-06	-6.369788e-09	-1.482622e+01	-4.170391e+02
6.300000e-07	-2.033397e-06	-6.219356e-09	-1.415274e+01	-4.076281e+02
6.400000e-07	-1.935862e-06	-6.069348e-09	-1.347388e+01	-3.980989e+02
6.500000e-07	-1.837591e-06	-5.930929e-09	-1.278990e+01	-3.885339e+02
6.600000e-07	-1.738493e-06	-5.795313e-09	-1.210017e+01	-3.788794e+02
6.700000e-07	-1.638643e-06	-5.643280e-09	-1.140520e+01	-3.689701e+02
6.800000e-07	-1.538233e-06	-5.475119e-09	-1.070633e+01	-3.586156e+02
6.900000e-07	-1.437375e-06	-5.306048e-09	-1.000434e+01	-3.476970e+02
7.000000e-07	-1.336078e-06	-5.139758e-09	-9.299297e+00	-3.362168e+02
7.100000e-07	-1.234310e-06	-4.962345e-09	-8.590979e+00	-3.242791e+02
7.200000e-07	-1.132064e-06	-4.767855e-09	-7.879329e+00	-3.120217e+02
7.300000e-07	-1.029459e-06	-4.568833e-09	-7.165184e+00	-2.995410e+02
7.400000e-07	-9.265611e-07	-4.377831e-09	-6.449000e+00	-2.868513e+02
7.500000e-07	-8.233581e-07	-4.188719e-09	-5.730692e+00	-2.738899e+02
7.600000e-07	-7.198673e-07	-3.984976e-09	-5.010381e+00	-2.605519e+02
7.700000e-07	-6.161114e-07	-3.766109e-09	-4.288225e+00	-2.467306e+02
7.800000e-07	-5.122190e-07	-3.542717e-09	-3.565119e+00	-2.323460e+02
7.900000e-07	-4.082173e-07	-3.318699e-09	-2.841252e+00	-2.173586e+02
8.000000e-07	-3.040318e-07	-3.085135e-09	-2.116105e+00	-2.017717e+02
8.100000e-07	-1.996566e-07	-2.834386e-09	-1.389639e+00	-1.856258e+02
8.200000e-07	-9.513848e-08	-2.574501e-09	-6.621777e-01	-1.689820e+02
8.300000e-07	9.431695e-09	-2.316620e-09	6.564597e-02	-1.518933e+02
8.400000e-07	1.139642e-07	-2.057204e-09	7.932075e-01	-1.343743e+02
8.500000e-07	2.184139e-07	-1.785058e-09	1.520192e+00	-1.163837e+02
8.600000e-07	3.228135e-07	-1.495907e-09	2.246829e+00	-9.783631e+01
8.700000e-07	4.271270e-07	-1.195799e-09	2.972866e+00	-7.864113e+01
8.800000e-07	5.312239e-07	-8.913947e-10	3.697396e+00	-5.874711e+01
8.900000e-07	6.351014e-07	-5.794193e-10	4.420398e+00	-3.816947e+01
9.000000e-07	7.387731e-07	-2.546557e-10	5.141968e+00	-1.698189e+01
9.100000e-07	8.422098e-07	7.951938e-11	5.861903e+00	4.717496e+00
9.200000e-07	9.453711e-07	4.157539e-10	6.579920e+00	2.684112e+01
9.300000e-07	1.048183e-06	7.525652e-10	7.295504e+00	4.932393e+01
9.400000e-07	1.150659e-06	1.097599e-09	8.008752e+00	7.210704e+01
9.500000e-07	1.252742e-06	1.453251e-09	8.719264e+00	9.511032e+01
9.600000e-07	1.354335e-06	1.810961e-09	9.426367e+00	1.182187e+02
9.700000e-07	1.455462e-06	2.161850e-09	1.013023e+01	1.412949e+02
9.800000e-07	1.556167e-06	2.506436e-09	1.083115e+01	1.642087e+02
9.900000e-07	1.656418e-06	2.851710e-09	1.152891e+01	1.868578e+02
1.000000e-06	1.756108e-06	3.196606e-09	1.222277e+01	2.091620e+02
1.010000e-06	1.855096e-06	3.532044e-09	1.291174e+01	2.310336e+02
1.020000e-06	1.953304e-06	3.852703e-09	1.359528e+01	2.523489e+02
1.030000e-06	2.050749e-06	4.162565e-09	1.427351e+01	2.729480e+02
1.040000e-06	2.147372e-06	4.464918e-09	1.494602e+01	2.926721e+02
1.050000e-06	2.243155e-06	4.755022e-09	1.561268e+01	3.114184e+02
1.060000e-06	2.338211e-06	5.026849e-09	1.627429e+01	3.291794e+02
1.070000e-06	2.432523e-06	5.279322e-09	1.693072e+01	3.460396e+02
1.080000e-06	2.525997e-06	5.520630e-09	1.758131e+01	3.621287e+02
1.090000e-06	2.618683e-06	5.756771e-09	1.822642e+01	3.775588e+02
1.100000e-06	2.710524e-06	5.985536e-09	1.886564e+01	3.923790e+02
1.110000e-06	2.801286e-06	6.200920e-09	1.949736e+01	4.065685e+02
1.120000e-06	2.890860e-06	6.403039e-09	2.012081e+01	4.200653e+02
1.130000e-06	2.979302e-06	6.596891e-09	2.073638e+01	4.328081e+02
1.140000e-06	3.066753e-06	6.781517e-09	2.134505e+01	4.447690e+02
1.150000e-06	3.153201e-06	6.953000e-09	2.194674e+01	4.559661e+02
1.160000e-06	3.238574e-06	7.110761e-09	2.254095e+01	4.664594e+02
1.170000e-06	3.322957e-06	7.260913e-09	2.312827e+01	4.763400e+02
1.180000e-06	3.406335e-06	7.408261e-09	2.370859e+01	4.857145e+02
1.190000e-06	3.488549e-06	7.550334e-09	2.428081e+01	4.946861e+02
1.200000e-06	3.569422e-06	7.681834e-09	2.484370e+01	5.033281e+02
1.210000e-06	3.648906e-06	7.804953e-09	2.539692e+01	5.116614e+02
1.220000e-06	3.727112e-06	7.924920e-09	2.594124e+01	5.196471e+02
1.230000e-06	3.804045e-06	8.041156e-09	2.647671e+01	5.272071e+02
1.240000e-06	3.879516e-06	8.149889e-09	2.700199e+01	5.342692e+02
1.250000e-06	3.953340e-06	8.248731e-09	2.751583e+01	5.408140e+02
1.260000e-06	4.025571e-06	8.339504e-09	2.801856e+01	5.468981e+02
1.270000e-06	4.096381e-06	8.428630e-09	2.851141e+01	5.526374e+02
1.280000e-06	4.165828e-06	8.516416e-09	2.899477e+01	5.581578e+02
1.290000e-06	4.233909e-06	8.598163e-09	2.946863e+01	5.635423e+02
1.300000e-06	4.300444e-06	8.674512e-09	2.993172e+01	5.688015e+02
1.310000e-06	4.365291e-06	8.749131e-09	3.038306e+01	5.738832e+02
1.320000e-06	4.428614e-06	8.823832e-09	3.082380e+01	5.787102e+02
1.330000e-06	4.490521e-06	8.894536e-09	3.125468e+01	5.832228e+02
1.340000e-06	4.551048e-06	8.957299e-09	3.167595e+01	5.874053e+02
1.350000e-06	4.610014e-06	9.015918e-09	3.208637e+01	5.912867e+02
1.360000e-06	4.667102e-06	9.073933e-09	3.248371e+01	5.949250e+02
1.370000e-06	4.722437e-06	9.128331e-09	3.286885e+01	5.983865e+02
1.380000e-06	4.776156e-06	9.177445e-09	3.324274e+01	6.017279e+02
1.390000e-06	4.827988e-06	9.222996e-09	3.360350e+01	6.049830e+02
1.400000e-06	4.877719e-06	9.270249e-09	3.394963e+01	6.081539e+02
1.410000e-06	4.925521e-06	9.319705e-09	3.428235e+01	6.112092e+02
1.420000e-06	4.971655e-06	9.363537e-09	3.460344e+01	6.140954e+02
1.430000e-06	5.016168e-06	9.399785e-09	3.491326e+01	6.167610e+02
1.440000e-06	5.058881e-06	9.433914e-09	3.521055e+01	6.191849e+02
1.450000e-06	5.099651e-06	9.469380e-09	3.549431e+01	6.213920e+02
1.460000e-06	5.138628e-06	9.505064e-09	3.576560e+01	6.234427e+02
1.470000e-06	5.175971e-06	9.535930e-09	3.602551e+01	6.253994e+02
1.480000e-06	5.211601e-06	9.560855e-09	3.627350e+01	6.272919e+02
1.490000e-06	5.245246e-06	9.585045e-09	3.650768e+01	6.291041e+02
1.500000e-06	5.276934e-06	9.611523e-09	3.672823e+01	6.307928e+02
1.510000e-06	5.306914e-06	9.637157e-09	3.693689e+01	6.323242e+02
1.520000e-06	5.335188e-06	9.657971e-09	3.713368e+01	6.337009e+02
1.530000e-06	5.361479e-06	9.675627e-09	3.731668e+01	6.349563e+02
1.540000e-06	5.385661e-06	9.694311e-09	3.748498e+01	6.361232e+02
1.550000e-06	5.407961e-06	9.712463e-09	3.764019e+01	6.372001e+02
1.560000e-06	5.428622e-06	9.726685e-09	3.778400e+01	6.381487e+02
1.570000e-06	5.447529e-06	9.735697e-09	3.791560e+01	6.389266e+02
1.580000e-06	5.464366e-06	9.740942e-09	3.803278e+01	6.395332e+02
1.590000e-06	5.479154e-06	9.747831e-09	3.813571e+01	6.400289e+02
1.600000e-06	5.491940e-06	9.756564e-09	3.822470e+01	6.405060e+02
1.610000e-06	5.502514e-06	9.764904e-09	3.829830e+01	6.410252e+02
1.620000e-06	5.510925e-06	9.771500e-09	3.835684e+01	6.415635e+02
1.630000e-06	5.517428e-06	9.777559e-09	3.840210e+01	6.420155e+02
1.640000e-06	5.522166e-06	9.784654e-09	3.843508e+01	6.422553e+02
1.650000e-06	5.524988e-06	9.788368e-09	3.845472e+01	6.422198e+02
1.660000e-06	5.525747e-06	9.785436e-09	3.846000e+01	6.419546e+02
1.670000e-06	5.524622e-06	9.777586e-09	3.845218e+01	6.415879e+02
1.680000e-06	5.521816e-06	9.770625e-09	3.843264e+01	6.412484e+02
1.690000e-06	5.517261e-06	9.767481e-09	3.840094e+01	6.409826e+02
1.700000e-06	5.510706e-06	9.763854e-09	3.835532e+01	6.407333e+02
1.710000e-06	5.502324e-06	9.756874e-09	3.829698e+01	6.403904e+02
1.720000e-06	5.492372e-06	9.750504e-09	3.822771e+01	6.398766e+02
1.730000e-06	5.480618e-06	9.753082e-09	3.814590e+01	6.392004e+02
1.740000e-06	5.466792e-06	9.751828e-09	3.804967e+01	6.384371e+02
1.750000e-06	5.450896e-06	9.717571e-09	3.793903e+01	6.376529e+02
1.760000e-06	5.432610e-06	9.683215e-09	3.781175e+01	6.368364e+02
1.770000e-06	5.411538e-06	9.662912e-09	3.766509e+01	6.358961e+02
1.780000e-06	5.388201e-06	9.664976e-09	3.750266e+01	6.347344e+02
1.790000e-06	5.363595e-06	9.695838e-09	3.733140e+01	6.333433e+02
1.800000e-06	5.338178e-06	9.640390e-09	3.715449e+01	6.318444e+02
1.810000e-06	5.311185e-06	9.588185e-09	3.696662e+01	6.304299e+02
1.820000e-06	5.281829e-06	9.620187e-09	3.676230e+01	6.292354e+02
1.830000e-06	5.250769e-06	9.582371e-09	3.654611e+01	6.282290e+02
1.840000e-06	5.218152e-06	9.567869e-09	3.631910e+01	6.272027e+02
1.850000e-06	5.183549e-06	9.576212e-09	3.607825e+01	6.258808e+02
1.860000e-06	5.147212e-06	9.491663e-09	3.582534e+01	6.240826e+02
1.870000e-06	5.108931e-06	9.488916e-09	3.555890e+01	6.218326e+02
1.880000e-06	5.068758e-06	9.497387e-09	3.527930e+01	6.193439e+02
1.890000e-06	5.027000e-06	9.400332e-09	3.498865e+01	6.168848e+02
1.900000e-06	4.983334e-06	9.350420e-09	3.468473e+01	6.146159e+02
1.910000e-06	4.937956e-06	9.326326e-09	3.436889e+01	6.125040e+02
1.920000e-06	4.890873e-06	9.324941e-09	3.404119e+01	6.103625e+02
1.930000e-06	4.841821e-06	9.313684e-09	3.369978e+01	6.079842e+02
1.940000e-06	4.791031e-06	9.240839e-09	3.334627e+01	6.052716e+02
1.950000e-06	4.738207e-06	9.199225e-09	3.297861e+01	6.022805e+02
1.960000e-06	4.683314e-06	9.139221e-09	3.259655e+01	5.991570e+02
1.970000e-06	4.626744e-06	9.092860e-09	3.220281e+01	5.960239e+02
1.980000e-06	4.568552e-06	9.055335e-09	3.179779e+01	5.929009e+02
1.990000e-06	4.508872e-06	8.978836e-09	3.138240e+01	5.897092e+02
2.000000e-06	4.447443e-06	8.946976e-09	3.095485e+01	5.863469e+02
2.010000e-06	4.384314e-06	8.904790e-09	3.051547e+01	5.827707e+02
2.020000e-06	4.319762e-06	8.860733e-09	3.006617e+01	5.790209e+02
2.030000e-06	4.253740e-06	8.797852e-09	2.960665e+01	5.751761e+02
2.040000e-06	4.186268e-06	8.701501e-09	2.913703e+01	5.712784e+02
2.050000e-06	4.117049e-06	8.651374e-09	2.865526e+01	5.672895e+02
2.060000e-06	4.046157e-06	8.597199e-09	2.816184e+01	5.631121e+02
2.070000e-06	3.973888e-06	8.531074e-09	2.765884e+01	5.586581e+02
2.080000e-06	3.900225e-06	8.441299e-09	2.714614e+01	5.539113e+02
2.090000e-06	3.825117e-06	8.359936e-09	2.662337e+01	5.489387e+02
2.100000e-06	3.748377e-06	8.308108e-09	2.608925e+01	5.438432e+02
2.110000e-06	3.670108e-06	8.237519e-09	2.554448e+01	5.386965e+02
2.120000e-06	3.590552e-06	8.154803e-09	2.499076e+01	5.334973e+02
2.130000e-06	3.509813e-06	8.049451e-09	2.442881e+01	5.281814e+02
2.140000e-06	3.427909e-06	7.966064e-09	2.385874e+01	5.226671e+02
2.150000e-06	3.344848e-06	7.890370e-09	2.328063e+01	5.168995e+02
2.160000e-06	3.260642e-06	7.794236e-09	2.269455e+01	5.108633e+02
2.170000e-06	3.175136e-06	7.689331e-09	2.209941e+01	5.045660e+02
2.180000e-06	3.088322e-06	7.583060e-09	2.149517e+01	4.980161e+02
2.190000e-06	3.000370e-06	7.495564e-09	2.088301e+01	4.912206e+02
2.200000e-06	2.911474e-06	7.397301e-09	2.026428e+01	4.842012e+02
2.210000e-06	2.821662e-06	7.279353e-09	1.963918e+01	4.770064e+02
2.220000e-06	2.730943e-06	7.150137e-09	1.900776e+01	4.696971e+02
2.230000e-06	2.639297e-06	7.035248e-09	1.836989e+01	4.623026e+02
2.240000e-06	2.546671e-06	6.934020e-09	1.772520e+01	4.547800e+02
2.250000e-06	2.453129e-06	6.817221e-09	1.707414e+01	4.470108e+02
2.260000e-06	2.358590e-06	6.686698e-09	1.641613e+01	4.388528e+02
2.270000e-06	2.263106e-06	6.552517e-09	1.575155e+01	4.302209e+02
2.280000e-06	2.166889e-06	6.426020e-09	1.508186e+01	4.211450e+02
2.290000e-06	2.069986e-06	6.291217e-09	1.440740e+01	4.117620e+02
2.300000e-06	1.972393e-06	6.138845e-09	1.372814e+01	4.022403e+02
2.310000e-06	1.874204e-06	5.978901e-09	1.304473e+01	3.926789e+02
2.320000e-06	1.775419e-06	5.828837e-09	1.235718e+01	3.830439e+02
2.330000e-06	1.676031e-06	5.688080e-09	1.166542e+01	3.731816e+02
2.340000e-06	1.576129e-06	5.533308e-09	1.097008e+01	3.628990e+02
2.350000e-06	1.475620e-06	5.361913e-09	1.027053e+01	3.520623e+02
2.360000e-06	1.374489e-06	5.183479e-09	9.566646e+00	3.406561e+02
2.370000e-06	1.272786e-06	5.009013e-09	8.858776e+00	3.287737e+02
2.380000e-06	1.170556e-06	4.830400e-09	8.147239e+00	3.165530e+02
2.390000e-06	1.067888e-06	4.637511e-09	7.432657e+00	3.040996e+02
2.400000e-06	9.647318e-07	4.435782e-09	6.714674e+00	2.914406e+02
2.410000e-06	8.611426e-07	4.238405e-09	5.993678e+00	2.785224e+02
2.420000e-06	7.572750e-07	4.045343e-09	5.270744e+00	2.652436e+02
2.430000e-06	6.532522e-07	3.839431e-09	4.546730e+00	2.514955e+02
2.440000e-06	5.490557e-07	3.615683e-09	3.821508e+00	2.371933e+02
2.450000e-06	4.446855e-07	3.382813e-09	3.095076e+00	2.222912e+02
2.460000e-06	3.402285e-07	3.151349e-09	2.368040e+00	2.067867e+02
2.470000e-06	2.357096e-07	2.914861e-09	1.640573e+00	1.907156e+02
2.480000e-06	1.311167e-07	2.660318e-09	9.125912e-01	1.741376e+02
2.490000e-06	2.642767e-08	2.391184e-09	1.839404e-01	1.571089e+02
2.500000e-06	-7.823441e-08	2.120442e-09	-5.445229e-01	1.396510e+02
2.510000e-06	-1.828181e-07	1.852726e-09	-1.272441e+00	1.217308e+02
2.520000e-06	-2.873476e-07	1.576733e-09	-1.999981e+00	1.032673e+02
2.530000e-06	-3.917951e-07	1.284426e-09	-2.726951e+00	8.416765e+01
2.540000e-06	-4.961690e-07	9.798190e-10	-3.453408e+00	6.437263e+01
2.550000e-06	-6.003963e-07	6.706501e-10	-4.178846e+00	4.388767e+01
2.560000e-06	-7.043769e-07	3.564664e-10	-4.902566e+00	2.277982e+01
2.570000e-06	-8.080810e-07	2.832889e-11	-5.624361e+00	1.146138e+00
2.580000e-06	-9.115486e-07	-3.143853e-10	-6.344511e+00	-2.092286e+01
2.590000e-06	-1.014640e-06	-6.619914e-10	-7.062040e+00	-4.335933e+01
2.600000e-06	-1.117216e-06	-1.005111e-09	-7.775985e+00	-6.610522e+01
2.610000e-06	-1.219269e-06	-1.348100e-09	-8.486290e+00	-8.908483e+01
2.620000e-06	-1.320752e-06	-1.701288e-09	-9.192623e+00	-1.121879e+02
2.630000e-06	-1.421689e-06	-2.059582e-09	-9.895163e+00	-1.352787e+02
2.640000e-06	-1.522083e-06	-2.409054e-09	-1.059392e+01	-1.582243e+02
2.650000e-06	-1.621935e-06	-2.748788e-09	-1.128890e+01	-1.809179e+02
2.660000e-06	-1.721247e-06	-3.087635e-09	-1.198013e+01	-2.032777e+02
2.670000e-06	-1.819983e-06	-3.427549e-09	-1.266735e+01	-2.252191e+02
2.680000e-06	-1.918109e-06	-3.759908e-09	-1.335032e+01	-2.466246e+02
2.690000e-06	-2.015571e-06	-4.071852e-09	-1.402867e+01	-2.673379e+02
2.700000e-06	-2.112336e-06	-4.367152e-09	-1.470217e+01	-2.871967e+02
2.710000e-06	-2.208484e-06	-4.655397e-09	-1.537137e+01	-3.060871e+02
2.720000e-06	-2.304050e-06	-4.934361e-09	-1.603652e+01	-3.239870e+02
2.730000e-06	-2.398857e-06	-5.197714e-09	-1.669640e+01	-3.409698e+02
2.740000e-06	-2.492634e-06	-5.440700e-09	-1.734910e+01	-3.571627e+02
2.750000e-06	-2.585312e-06	-5.673912e-09	-1.799415e+01	-3.726838e+02
2.760000e-06	-2.677020e-06	-5.905393e-09	-1.863245e+01	-3.875925e+02
2.770000e-06	-2.767763e-06	-6.128330e-09	-1.926403e+01	-4.018769e+02
2.780000e-06	-2.857479e-06	-6.333289e-09	-1.988847e+01	-4.154783e+02
2.790000e-06	-2.946170e-06	-6.522770e-09	-2.050577e+01	-4.283331e+02
2.800000e-06	-3.033951e-06	-6.708078e-09	-2.111674e+01	-4.404072e+02
2.810000e-06	-3.120826e-06	-6.888730e-09	-2.172141e+01	-4.517122e+02
2.820000e-06	-3.206458e-06	-7.053305e-09	-2.231741e+01	-4.623026e+02
2.830000e-06	-3.290708e-06	-7.198476e-09	-2.290381e+01	-4.722658e+02
2.840000e-06	-3.373787e-06	-7.335915e-09	-2.348205e+01	-4.817076e+02
2.850000e-06	-3.455820e-06	-7.474448e-09	-2.405301e+01	-4.907327e+02
2.860000e-06	-3.536730e-06	-7.611498e-09	-2.461615e+01	-4.994207e+02
2.870000e-06	-3.616470e-06	-7.738955e-09	-2.517116e+01	-5.078007e+02
2.880000e-06	-3.694797e-06	-7.858159e-09	-2.571633e+01	-5.158419e+02
2.890000e-06	-3.771503e-06	-7.974396e-09	-2.625021e+01	-5.234693e+02
2.900000e-06	-3.846722e-06	-8.085970e-09	-2.677374e+01	-5.306069e+02
2.910000e-06	-3.920524e-06	-8.188613e-09	-2.728742e+01	-5.372254e+02
2.920000e-06	-3.992954e-06	-8.280237e-09	-2.779154e+01	-5.433708e+02
2.930000e-06	-4.064072e-06	-8.366618e-09	-2.828654e+01	-5.491527e+02
2.940000e-06	-4.133615e-06	-8.451877e-09	-2.877056e+01	-5.546994e+02
2.950000e-06	-4.201480e-06	-8.536563e-09	-2.924292e+01	-5.601024e+02
2.960000e-06	-4.267922e-06	-8.617954e-09	-2.970536e+01	-5.653831e+02
2.970000e-06	-4.332940e-06	-8.695112e-09	-3.015789e+01	-5.704963e+02
2.980000e-06	-4.396566e-06	-8.770546e-09	-3.060074e+01	-5.753657e+02
2.990000e-06	-4.458610e-06	-8.842672e-09	-3.103257e+01	-5.799269e+02
3.000000e-06	-4.518845e-06	-8.908584e-09	-3.145182e+01	-5.841572e+02
3.010000e-06	-4.577483e-06	-8.965823e-09	-3.185995e+01	-5.880800e+02
3.020000e-06	-4.634623e-06	-9.018852e-09	-3.225765e+01	-5.917505e+02
3.030000e-06	-4.690193e-06	-9.073608e-09	-3.264442e+01	-5.952350e+02
3.040000e-06	-4.743861e-06	-9.127054e-09	-3.301796e+01	-5.985923e+02
3.050000e-06	-4.795490e-06	-9.176622e-09	-3.337731e+01	-6.018603e+02
3.060000e-06	-4.845192e-06	-9.224646e-09	-3.372324e+01	-6.050460e+02
3.070000e-06	-4.892823e-06	-9.271652e-09	-3.405476e+01	-6.081223e+02
3.080000e-06	-4.938592e-06	-9.316983e-09	-3.437332e+01	-6.110378e+02
3.090000e-06	-4.982857e-06	-9.358850e-09	-3.468141e+01	-6.137386e+02
3.100000e-06	-5.025600e-06	-9.396694e-09	-3.497891e+01	-6.161981e+02
3.110000e-06	-5.066728e-06	-9.432033e-09	-3.526516e+01	-6.184346e+02
3.120000e-06	-5.106223e-06	-9.464410e-09	-3.554006e+01	-6.205050e+02
3.130000e-06	-5.143869e-06	-9.495488e-09	-3.580208e+01	-6.224738e+02
3.140000e-06	-5.179594e-06	-9.526671e-09	-3.605073e+01	-6.243770e+02
3.150000e-06	-5.213542e-06	-9.555804e-09	-3.628701e+01	-6.262046e+02
3.160000e-06	-5.245717e-06	-9.581735e-09	-3.651095e+01	-6.279151e+02
3.170000e-06	-5.275960e-06	-9.605299e-09	-3.672145e+01	-6.294713e+02
3.180000e-06	-5.304227e-06	-9.626485e-09	-3.691819e+01	-6.308700e+02
3.190000e-06	-5.330644e-06	-9.645746e-09	-3.710206e+01	-6.321419e+02
3.200000e-06	-5.355301e-06	-9.663329e-09	-3.727368e+01	-6.333220e+02
3.210000e-06	-5.378078e-06	-9.679236e-09	-3.743221e+01	-6.344150e+02
3.220000e-06	-5.398771e-06	-9.693823e-09	-3.757624e+01	-6.353864e+02
3.230000e-06	-5.417571e-06	-9.707219e-09	-3.770708e+01	-6.361917e+02
3.240000e-06	-5.434633e-06	-9.719186e-09	-3.782584e+01	-6.368219e+02
3.250000e-06	-5.449747e-06	-9.729083e-09	-3.793103e+01	-6.373295e+02
3.260000e-06	-5.462612e-06	-9.738106e-09	-3.802058e+01	-6.378056e+02
3.270000e-06	-5.473291e-06	-9.745376e-09	-3.809490e+01	-6.383195e+02
3.280000e-06	-5.482120e-06	-9.751448e-09	-3.815635e+01	-6.388615e+02
3.290000e-06	-5.489135e-06	-9.757804e-09	-3.820518e+01	-6.393355e+02
3.300000e-06	-5.494112e-06	-9.761993e-09	-3.823982e+01	-6.396134e+02
3.310000e-06	-5.497133e-06	-9.761040e-09	-3.826085e+01	-6.396185e+02
3.320000e-06	-5.498381e-06	-9.755579e-09	-3.826953e+01	-6.393810e+02
