# Temperatura_=_20.0
# Concentracion g/m^3_=_10000.0
# C_Vs_to_Am_M_A/Vsm_=_65563218390.804596
# pendiente_HvsI_1/m_=_3716.3
# ordenada_HvsI_A/m_=_1297.0
# frecuencia_Hz_=_300953.73453568947

Tiempo_(s)	Campo_(V.s)	Magnetizacion_(V.s)	Campo_(kA/m)	Magnetizacion_(A/m)
0.000000e+00	-5.501189e-06	-9.733469e-09	-3.826911e+01	-6.374846e+02
1.000000e-08	-5.500138e-06	-9.736476e-09	-3.826180e+01	-6.374536e+02
2.000000e-08	-5.497091e-06	-9.734915e-09	-3.824061e+01	-6.373455e+02
3.000000e-08	-5.492194e-06	-9.728364e-09	-3.820654e+01	-6.371216e+02
4.000000e-08	-5.485646e-06	-9.722432e-09	-3.816099e+01	-6.367372e+02
5.000000e-08	-5.477482e-06	-9.715164e-09	-3.810420e+01	-6.361780e+02
6.000000e-08	-5.467463e-06	-9.705488e-09	-3.803450e+01	-6.354836e+02
7.000000e-08	-5.455311e-06	-9.688993e-09	-3.794996e+01	-6.347348e+02
8.000000e-08	-5.441145e-06	-9.663496e-09	-3.785142e+01	-6.340045e+02
9.000000e-08	-5.424750e-06	-9.676063e-09	-3.773736e+01	-6.333045e+02
1.000000e-07	-5.406016e-06	-9.697151e-09	-3.760705e+01	-6.325676e+02
1.100000e-07	-5.385237e-06	-9.660157e-09	-3.746250e+01	-6.316833e+02
1.200000e-07	-5.362570e-06	-9.631393e-09	-3.730481e+01	-6.305701e+02
1.300000e-07	-5.338309e-06	-9.588331e-09	-3.713604e+01	-6.292344e+02
1.400000e-07	-5.312622e-06	-9.529731e-09	-3.695734e+01	-6.277750e+02
1.500000e-07	-5.285211e-06	-9.608814e-09	-3.676666e+01	-6.263250e+02
1.600000e-07	-5.255994e-06	-9.572367e-09	-3.656341e+01	-6.249696e+02
1.700000e-07	-5.225206e-06	-9.461452e-09	-3.634924e+01	-6.236926e+02
1.800000e-07	-5.192562e-06	-9.529022e-09	-3.612215e+01	-6.223910e+02
1.900000e-07	-5.157725e-06	-9.477376e-09	-3.587980e+01	-6.209430e+02
2.000000e-07	-5.121283e-06	-9.414212e-09	-3.562629e+01	-6.192823e+02
2.100000e-07	-5.083347e-06	-9.464204e-09	-3.536239e+01	-6.174259e+02
2.200000e-07	-5.043531e-06	-9.387125e-09	-3.508541e+01	-6.154384e+02
2.300000e-07	-5.001839e-06	-9.335956e-09	-3.479538e+01	-6.133637e+02
2.400000e-07	-4.958180e-06	-9.346218e-09	-3.449166e+01	-6.111808e+02
2.500000e-07	-4.912706e-06	-9.295463e-09	-3.417533e+01	-6.088180e+02
2.600000e-07	-4.865419e-06	-9.255663e-09	-3.384637e+01	-6.062187e+02
2.700000e-07	-4.815981e-06	-9.173786e-09	-3.350245e+01	-6.034049e+02
2.800000e-07	-4.764446e-06	-9.130989e-09	-3.314395e+01	-6.004863e+02
2.900000e-07	-4.711053e-06	-9.121116e-09	-3.277252e+01	-5.975987e+02
3.000000e-07	-4.655975e-06	-9.079694e-09	-3.238937e+01	-5.948108e+02
3.100000e-07	-4.599292e-06	-9.047289e-09	-3.199506e+01	-5.920637e+02
3.200000e-07	-4.540801e-06	-8.985667e-09	-3.158816e+01	-5.891921e+02
3.300000e-07	-4.480587e-06	-8.935707e-09	-3.116928e+01	-5.860182e+02
3.400000e-07	-4.418916e-06	-8.886335e-09	-3.074027e+01	-5.824595e+02
3.500000e-07	-4.355787e-06	-8.822498e-09	-3.030111e+01	-5.785805e+02
3.600000e-07	-4.291172e-06	-8.754377e-09	-2.985161e+01	-5.745522e+02
3.700000e-07	-4.224839e-06	-8.676099e-09	-2.939017e+01	-5.705465e+02
3.800000e-07	-4.156721e-06	-8.639447e-09	-2.891630e+01	-5.666338e+02
3.900000e-07	-4.087134e-06	-8.602584e-09	-2.843222e+01	-5.627470e+02
4.000000e-07	-4.016235e-06	-8.533540e-09	-2.793901e+01	-5.587316e+02
4.100000e-07	-3.944031e-06	-8.453249e-09	-2.743672e+01	-5.544425e+02
4.200000e-07	-3.870465e-06	-8.371824e-09	-2.692496e+01	-5.498240e+02
4.300000e-07	-3.795359e-06	-8.319425e-09	-2.640248e+01	-5.449250e+02
4.400000e-07	-3.718637e-06	-8.249046e-09	-2.586876e+01	-5.398483e+02
4.500000e-07	-3.640273e-06	-8.153848e-09	-2.532362e+01	-5.346769e+02
4.600000e-07	-3.560248e-06	-8.060962e-09	-2.476692e+01	-5.294270e+02
4.700000e-07	-3.478803e-06	-7.983000e-09	-2.420035e+01	-5.240541e+02
4.800000e-07	-3.396290e-06	-7.919472e-09	-2.362635e+01	-5.184962e+02
4.900000e-07	-3.312716e-06	-7.831943e-09	-2.304496e+01	-5.127180e+02
5.000000e-07	-3.228071e-06	-7.727858e-09	-2.245613e+01	-5.067235e+02
5.100000e-07	-3.142381e-06	-7.626573e-09	-2.186003e+01	-5.005337e+02
5.200000e-07	-3.055688e-06	-7.543513e-09	-2.125695e+01	-4.941549e+02
5.300000e-07	-2.968131e-06	-7.454001e-09	-2.064786e+01	-4.875637e+02
5.400000e-07	-2.879614e-06	-7.335724e-09	-2.003208e+01	-4.807228e+02
5.500000e-07	-2.789942e-06	-7.211715e-09	-1.940828e+01	-4.736118e+02
5.600000e-07	-2.699031e-06	-7.100884e-09	-1.877585e+01	-4.662469e+02
5.700000e-07	-2.607030e-06	-7.001903e-09	-1.813585e+01	-4.586725e+02
5.800000e-07	-2.514227e-06	-6.889474e-09	-1.749026e+01	-4.509305e+02
5.900000e-07	-2.420571e-06	-6.758997e-09	-1.683875e+01	-4.430279e+02
6.000000e-07	-2.326017e-06	-6.627140e-09	-1.618098e+01	-4.349276e+02
6.100000e-07	-2.230784e-06	-6.507246e-09	-1.551849e+01	-4.265674e+02
6.200000e-07	-2.134846e-06	-6.384996e-09	-1.485109e+01	-4.178934e+02
6.300000e-07	-2.038129e-06	-6.240799e-09	-1.417828e+01	-4.088857e+02
6.400000e-07	-1.940624e-06	-6.083158e-09	-1.349999e+01	-3.995602e+02
6.500000e-07	-1.842228e-06	-5.933058e-09	-1.281549e+01	-3.899490e+02
6.600000e-07	-1.742980e-06	-5.794696e-09	-1.212507e+01	-3.800752e+02
6.700000e-07	-1.643088e-06	-5.647926e-09	-1.143017e+01	-3.699378e+02
6.800000e-07	-1.542682e-06	-5.482866e-09	-1.073169e+01	-3.595126e+02
6.900000e-07	-1.441831e-06	-5.310751e-09	-1.003012e+01	-3.487656e+02
7.000000e-07	-1.340587e-06	-5.146926e-09	-9.325815e+00	-3.376662e+02
7.100000e-07	-1.238837e-06	-4.981148e-09	-8.617993e+00	-3.261936e+02
7.200000e-07	-1.136563e-06	-4.796803e-09	-7.906523e+00	-3.143378e+02
7.300000e-07	-1.033911e-06	-4.597556e-09	-7.192420e+00	-3.020967e+02
7.400000e-07	-9.309368e-07	-4.399313e-09	-6.476078e+00	-2.894738e+02
7.500000e-07	-8.276665e-07	-4.207612e-09	-5.757676e+00	-2.764747e+02
7.600000e-07	-7.241401e-07	-4.009473e-09	-5.037493e+00	-2.630990e+02
7.700000e-07	-6.204037e-07	-3.796089e-09	-4.315849e+00	-2.493316e+02
7.800000e-07	-5.164519e-07	-3.573835e-09	-3.592706e+00	-2.351372e+02
7.900000e-07	-4.123420e-07	-3.354548e-09	-2.868464e+00	-2.204661e+02
8.000000e-07	-3.081448e-07	-3.131344e-09	-2.143614e+00	-2.052703e+02
8.100000e-07	-2.038060e-07	-2.890127e-09	-1.417780e+00	-1.895230e+02
8.200000e-07	-9.937091e-08	-2.630314e-09	-6.912754e-01	-1.732273e+02
8.300000e-07	5.067289e-09	-2.366406e-09	3.525068e-02	-1.564068e+02
8.400000e-07	1.095106e-07	-2.107074e-09	7.618121e-01	-1.390832e+02
8.500000e-07	2.139215e-07	-1.841742e-09	1.488149e+00	-1.212543e+02
8.600000e-07	3.182784e-07	-1.559883e-09	2.214109e+00	-1.028875e+02
8.700000e-07	4.225213e-07	-1.265282e-09	2.939277e+00	-8.393551e+01
8.800000e-07	5.265923e-07	-9.685768e-10	3.663248e+00	-6.436434e+01
8.900000e-07	6.305260e-07	-6.677733e-10	4.386265e+00	-4.417654e+01
9.000000e-07	7.342558e-07	-3.517593e-10	5.107863e+00	-2.341604e+01
9.100000e-07	8.377310e-07	-1.781959e-11	5.827690e+00	-2.152757e+00
9.200000e-07	9.409697e-07	3.206765e-10	6.545872e+00	1.954134e+01
9.300000e-07	1.043899e-06	6.539641e-10	7.261904e+00	4.160874e+01
9.400000e-07	1.146444e-06	9.887757e-10	7.975257e+00	6.400519e+01
9.500000e-07	1.248591e-06	1.335104e-09	8.685848e+00	8.668285e+01
9.600000e-07	1.350312e-06	1.689604e-09	9.393470e+00	1.095690e+02
9.700000e-07	1.451570e-06	2.039339e-09	1.009787e+01	1.325533e+02
9.800000e-07	1.552350e-06	2.382348e-09	1.079895e+01	1.554896e+02
9.900000e-07	1.652678e-06	2.728353e-09	1.149689e+01	1.782116e+02
1.000000e-06	1.752528e-06	3.079312e-09	1.219149e+01	2.005535e+02
1.010000e-06	1.851742e-06	3.420332e-09	1.288167e+01	2.223700e+02
1.020000e-06	1.950118e-06	3.739306e-09	1.356603e+01	2.435499e+02
1.030000e-06	2.047518e-06	4.041984e-09	1.424360e+01	2.640205e+02
1.040000e-06	2.144049e-06	4.340546e-09	1.491512e+01	2.837442e+02
1.050000e-06	2.239918e-06	4.634270e-09	1.558203e+01	3.027062e+02
1.060000e-06	2.335089e-06	4.911806e-09	1.624409e+01	3.208990e+02
1.070000e-06	2.429432e-06	5.171419e-09	1.690038e+01	3.383101e+02
1.080000e-06	2.522958e-06	5.420935e-09	1.755100e+01	3.549199e+02
1.090000e-06	2.615732e-06	5.665594e-09	1.819639e+01	3.707108e+02
1.100000e-06	2.707729e-06	5.899284e-09	1.883636e+01	3.856835e+02
1.110000e-06	2.798695e-06	6.113811e-09	1.946917e+01	3.998676e+02
1.120000e-06	2.888349e-06	6.313220e-09	2.009285e+01	4.133176e+02
1.130000e-06	2.976879e-06	6.506262e-09	2.070871e+01	4.260952e+02
1.140000e-06	3.064487e-06	6.694601e-09	2.131816e+01	4.382466e+02
1.150000e-06	3.151055e-06	6.871591e-09	2.192037e+01	4.497910e+02
1.160000e-06	3.236538e-06	7.033321e-09	2.251503e+01	4.607277e+02
1.170000e-06	3.321020e-06	7.187134e-09	2.310273e+01	4.710575e+02
1.180000e-06	3.404521e-06	7.340883e-09	2.368361e+01	4.808029e+02
1.190000e-06	3.486808e-06	7.489728e-09	2.425604e+01	4.900129e+02
1.200000e-06	3.567748e-06	7.623620e-09	2.481910e+01	4.987479e+02
1.210000e-06	3.647350e-06	7.744144e-09	2.537285e+01	5.070566e+02
1.220000e-06	3.725630e-06	7.862564e-09	2.591741e+01	5.149618e+02
1.230000e-06	3.802636e-06	7.980442e-09	2.645310e+01	5.224656e+02
1.240000e-06	3.878230e-06	8.091022e-09	2.697897e+01	5.295699e+02
1.250000e-06	3.952140e-06	8.190486e-09	2.749313e+01	5.362961e+02
1.260000e-06	4.024467e-06	8.282616e-09	2.799627e+01	5.426877e+02
1.270000e-06	4.095438e-06	8.376431e-09	2.848998e+01	5.487930e+02
1.280000e-06	4.165015e-06	8.471772e-09	2.897400e+01	5.546400e+02
1.290000e-06	4.233235e-06	8.559565e-09	2.944857e+01	5.602237e+02
1.300000e-06	4.299880e-06	8.637077e-09	2.991219e+01	5.655151e+02
1.310000e-06	4.364793e-06	8.710372e-09	3.036376e+01	5.704893e+02
1.320000e-06	4.428196e-06	8.782372e-09	3.080482e+01	5.751509e+02
1.330000e-06	4.490188e-06	8.850251e-09	3.123607e+01	5.795422e+02
1.340000e-06	4.550833e-06	8.910678e-09	3.165795e+01	5.837255e+02
1.350000e-06	4.609920e-06	8.967831e-09	3.206899e+01	5.877536e+02
1.360000e-06	4.667141e-06	9.028843e-09	3.246705e+01	5.916470e+02
1.370000e-06	4.722631e-06	9.089960e-09	3.285306e+01	5.953908e+02
1.380000e-06	4.776483e-06	9.145809e-09	3.322768e+01	5.989513e+02
1.390000e-06	4.828500e-06	9.194489e-09	3.358954e+01	6.022993e+02
1.400000e-06	4.878407e-06	9.239781e-09	3.393672e+01	6.054247e+02
1.410000e-06	4.926320e-06	9.285053e-09	3.427003e+01	6.083391e+02
1.420000e-06	4.972528e-06	9.326012e-09	3.459147e+01	6.110674e+02
1.430000e-06	5.017152e-06	9.362292e-09	3.490190e+01	6.136395e+02
1.440000e-06	5.059999e-06	9.397357e-09	3.519997e+01	6.160851e+02
1.450000e-06	5.100852e-06	9.434111e-09	3.548416e+01	6.184291e+02
1.460000e-06	5.139939e-06	9.472736e-09	3.575608e+01	6.206843e+02
1.470000e-06	5.177410e-06	9.506557e-09	3.601674e+01	6.228426e+02
1.480000e-06	5.213161e-06	9.533664e-09	3.626544e+01	6.248720e+02
1.490000e-06	5.246889e-06	9.557642e-09	3.650008e+01	6.267272e+02
1.500000e-06	5.278686e-06	9.581711e-09	3.672127e+01	6.283749e+02
1.510000e-06	5.308819e-06	9.605844e-09	3.693089e+01	6.298187e+02
1.520000e-06	5.337213e-06	9.626604e-09	3.712841e+01	6.311076e+02
1.530000e-06	5.363586e-06	9.644175e-09	3.731188e+01	6.323162e+02
1.540000e-06	5.387840e-06	9.661109e-09	3.748061e+01	6.335066e+02
1.550000e-06	5.410240e-06	9.678970e-09	3.763643e+01	6.346938e+02
1.560000e-06	5.430927e-06	9.697257e-09	3.778034e+01	6.358374e+02
1.570000e-06	5.449844e-06	9.712004e-09	3.791194e+01	6.368663e+02
1.580000e-06	5.466803e-06	9.721071e-09	3.802991e+01	6.377210e+02
1.590000e-06	5.481715e-06	9.728559e-09	3.813365e+01	6.383855e+02
1.600000e-06	5.494551e-06	9.737214e-09	3.822294e+01	6.388896e+02
1.610000e-06	5.505144e-06	9.745146e-09	3.829663e+01	6.392839e+02
1.620000e-06	5.513610e-06	9.750112e-09	3.835552e+01	6.396069e+02
1.630000e-06	5.520190e-06	9.753268e-09	3.840130e+01	6.398692e+02
1.640000e-06	5.524993e-06	9.757322e-09	3.843471e+01	6.400622e+02
1.650000e-06	5.527870e-06	9.762865e-09	3.845472e+01	6.401779e+02
1.660000e-06	5.528629e-06	9.766655e-09	3.846000e+01	6.402211e+02
1.670000e-06	5.527498e-06	9.762987e-09	3.845213e+01	6.401995e+02
1.680000e-06	5.524736e-06	9.757508e-09	3.843292e+01	6.401043e+02
1.690000e-06	5.520232e-06	9.756059e-09	3.840159e+01	6.398999e+02
1.700000e-06	5.513774e-06	9.752703e-09	3.835667e+01	6.395405e+02
1.710000e-06	5.505534e-06	9.743220e-09	3.829934e+01	6.390052e+02
1.720000e-06	5.495664e-06	9.732041e-09	3.823068e+01	6.383258e+02
1.730000e-06	5.483909e-06	9.735486e-09	3.814891e+01	6.375795e+02
1.740000e-06	5.470064e-06	9.737602e-09	3.805259e+01	6.368440e+02
1.750000e-06	5.454210e-06	9.678306e-09	3.794230e+01	6.361421e+02
1.760000e-06	5.436041e-06	9.653309e-09	3.781592e+01	6.354170e+02
1.770000e-06	5.415048e-06	9.655605e-09	3.766988e+01	6.345603e+02
1.780000e-06	5.391700e-06	9.659249e-09	3.750745e+01	6.334819e+02
1.790000e-06	5.367060e-06	9.711638e-09	3.733605e+01	6.321737e+02
1.800000e-06	5.341657e-06	9.594075e-09	3.715933e+01	6.307237e+02
1.810000e-06	5.314726e-06	9.541123e-09	3.697199e+01	6.292653e+02
1.820000e-06	5.285345e-06	9.643071e-09	3.676759e+01	6.278948e+02
1.830000e-06	5.254220e-06	9.520077e-09	3.655108e+01	6.266115e+02
1.840000e-06	5.221624e-06	9.502066e-09	3.632432e+01	6.253214e+02
1.850000e-06	5.187082e-06	9.560601e-09	3.608403e+01	6.239003e+02
1.860000e-06	5.150855e-06	9.403957e-09	3.583201e+01	6.222708e+02
1.870000e-06	5.112660e-06	9.443389e-09	3.556631e+01	6.204389e+02
1.880000e-06	5.072509e-06	9.479817e-09	3.528699e+01	6.184663e+02
1.890000e-06	5.030777e-06	9.355081e-09	3.499669e+01	6.164037e+02
1.900000e-06	4.987183e-06	9.359796e-09	3.469342e+01	6.142400e+02
1.910000e-06	4.941914e-06	9.289630e-09	3.437851e+01	6.119076e+02
1.920000e-06	4.894911e-06	9.285293e-09	3.405153e+01	6.093431e+02
1.930000e-06	4.845900e-06	9.304159e-09	3.371058e+01	6.065549e+02
1.940000e-06	4.795141e-06	9.177623e-09	3.335748e+01	6.036426e+02
1.950000e-06	4.742318e-06	9.167281e-09	3.299001e+01	6.007440e+02
1.960000e-06	4.687450e-06	9.105065e-09	3.260832e+01	5.979422e+02
1.970000e-06	4.630951e-06	9.057115e-09	3.221529e+01	5.951977e+02
1.980000e-06	4.572851e-06	9.037867e-09	3.181112e+01	5.923559e+02
1.990000e-06	4.513272e-06	8.948922e-09	3.139666e+01	5.892334e+02
2.000000e-06	4.451951e-06	8.934913e-09	3.097007e+01	5.857293e+02
2.010000e-06	4.388903e-06	8.857023e-09	3.053148e+01	5.818871e+02
2.020000e-06	4.324416e-06	8.829743e-09	3.008287e+01	5.778683e+02
2.030000e-06	4.258413e-06	8.771445e-09	2.962372e+01	5.738520e+02
2.040000e-06	4.190908e-06	8.645658e-09	2.915413e+01	5.699271e+02
2.050000e-06	4.121737e-06	8.620081e-09	2.867293e+01	5.660450e+02
2.060000e-06	4.050945e-06	8.552402e-09	2.818047e+01	5.620582e+02
2.070000e-06	3.978748e-06	8.514040e-09	2.767823e+01	5.578143e+02
2.080000e-06	3.905123e-06	8.423710e-09	2.716606e+01	5.532421e+02
2.090000e-06	3.830048e-06	8.327038e-09	2.664379e+01	5.483773e+02
2.100000e-06	3.753365e-06	8.283572e-09	2.611035e+01	5.433198e+02
2.110000e-06	3.675079e-06	8.201257e-09	2.556575e+01	5.381592e+02
2.120000e-06	3.595465e-06	8.139507e-09	2.501191e+01	5.329223e+02
2.130000e-06	3.514686e-06	8.025754e-09	2.444997e+01	5.275709e+02
2.140000e-06	3.432792e-06	7.943928e-09	2.388028e+01	5.220426e+02
2.150000e-06	3.349762e-06	7.871518e-09	2.330268e+01	5.162965e+02
2.160000e-06	3.265527e-06	7.778414e-09	2.271669e+01	5.103316e+02
2.170000e-06	3.179952e-06	7.680037e-09	2.212139e+01	5.041688e+02
2.180000e-06	3.093041e-06	7.557737e-09	2.151679e+01	4.978177e+02
2.190000e-06	3.005122e-06	7.477086e-09	2.090519e+01	4.912592e+02
2.200000e-06	2.916287e-06	7.384452e-09	2.028720e+01	4.844560e+02
2.210000e-06	2.826470e-06	7.282680e-09	1.966238e+01	4.773836e+02
2.220000e-06	2.735783e-06	7.158376e-09	1.903152e+01	4.700526e+02
2.230000e-06	2.644216e-06	7.035329e-09	1.839453e+01	4.625051e+02
2.240000e-06	2.551685e-06	6.932121e-09	1.775084e+01	4.547857e+02
2.250000e-06	2.458153e-06	6.813224e-09	1.710018e+01	4.469074e+02
2.260000e-06	2.363548e-06	6.685263e-09	1.644206e+01	4.388389e+02
2.270000e-06	2.268036e-06	6.543855e-09	1.577763e+01	4.305197e+02
2.280000e-06	2.171826e-06	6.419528e-09	1.510835e+01	4.218928e+02
2.290000e-06	2.074915e-06	6.297636e-09	1.443418e+01	4.129325e+02
2.300000e-06	1.977305e-06	6.160337e-09	1.375516e+01	4.036506e+02
2.310000e-06	1.879073e-06	6.006423e-09	1.307180e+01	3.940783e+02
2.320000e-06	1.780263e-06	5.848810e-09	1.238443e+01	3.842416e+02
2.330000e-06	1.680898e-06	5.702763e-09	1.169320e+01	3.741429e+02
2.340000e-06	1.581060e-06	5.549395e-09	1.099867e+01	3.637609e+02
2.350000e-06	1.480640e-06	5.381219e-09	1.030010e+01	3.530620e+02
2.360000e-06	1.379499e-06	5.201333e-09	9.596509e+00	3.420145e+02
2.370000e-06	1.277654e-06	5.028610e-09	8.888025e+00	3.305961e+02
2.380000e-06	1.175268e-06	4.860565e-09	8.175776e+00	3.187953e+02
2.390000e-06	1.072472e-06	4.681857e-09	7.460671e+00	3.066092e+02
2.400000e-06	9.692593e-07	4.487293e-09	6.742669e+00	2.940406e+02
2.410000e-06	8.656843e-07	4.284790e-09	6.022148e+00	2.810950e+02
2.420000e-06	7.618338e-07	4.086767e-09	5.299710e+00	2.677736e+02
2.430000e-06	6.578297e-07	3.883233e-09	4.576204e+00	2.540639e+02
2.440000e-06	5.536471e-07	3.664644e-09	3.851455e+00	2.399334e+02
2.450000e-06	4.492818e-07	3.432102e-09	3.125437e+00	2.253336e+02
2.460000e-06	3.448004e-07	3.198162e-09	2.398610e+00	2.102151e+02
2.470000e-06	2.402124e-07	2.967345e-09	1.671042e+00	1.945472e+02
2.480000e-06	1.355393e-07	2.726995e-09	9.428816e-01	1.783286e+02
2.490000e-06	3.078403e-08	2.469766e-09	2.141496e-01	1.615815e+02
2.500000e-06	-7.395015e-08	2.201681e-09	-5.144355e-01	1.443293e+02
2.510000e-06	-1.785991e-07	1.933107e-09	-1.242428e+00	1.265739e+02
2.520000e-06	-2.831888e-07	1.659252e-09	-1.970008e+00	1.082868e+02
2.530000e-06	-3.877626e-07	1.370984e-09	-2.697477e+00	8.942120e+01
2.540000e-06	-4.922193e-07	1.066619e-09	-3.424132e+00	6.993939e+01
2.550000e-06	-5.964395e-07	7.548782e-10	-4.149141e+00	4.983791e+01
2.560000e-06	-7.004276e-07	4.446591e-10	-4.872537e+00	2.915533e+01
2.570000e-06	-8.042049e-07	1.305173e-10	-5.594465e+00	7.959308e+00
2.580000e-06	-9.077122e-07	-1.960191e-10	-6.314516e+00	-1.367714e+01
2.590000e-06	-1.010854e-06	-5.356072e-10	-7.032025e+00	-3.569406e+01
2.600000e-06	-1.113552e-06	-8.771452e-10	-7.746444e+00	-5.804607e+01
2.610000e-06	-1.215795e-06	-1.218343e-09	-8.457701e+00	-8.068718e+01
2.620000e-06	-1.317569e-06	-1.567074e-09	-9.165692e+00	-1.035493e+02
2.630000e-06	-1.418734e-06	-1.923412e-09	-9.869446e+00	-1.265278e+02
2.640000e-06	-1.519206e-06	-2.278078e-09	-1.056838e+01	-1.494809e+02
2.650000e-06	-1.618981e-06	-2.621565e-09	-1.126247e+01	-1.722438e+02
2.660000e-06	-1.718186e-06	-2.954796e-09	-1.195259e+01	-1.946495e+02
2.670000e-06	-1.816936e-06	-3.286101e-09	-1.263955e+01	-2.165488e+02
2.680000e-06	-1.915147e-06	-3.616491e-09	-1.332275e+01	-2.378249e+02
2.690000e-06	-2.012678e-06	-3.934080e-09	-1.400123e+01	-2.583998e+02
2.700000e-06	-2.109515e-06	-4.233650e-09	-1.467487e+01	-2.782315e+02
2.710000e-06	-2.205662e-06	-4.521360e-09	-1.534373e+01	-2.973027e+02
2.720000e-06	-2.301144e-06	-4.804406e-09	-1.600795e+01	-3.156059e+02
2.730000e-06	-2.395995e-06	-5.079532e-09	-1.666778e+01	-3.331297e+02
2.740000e-06	-2.490021e-06	-5.334942e-09	-1.732187e+01	-3.498553e+02
2.750000e-06	-2.582911e-06	-5.570136e-09	-1.796807e+01	-3.657637e+02
2.760000e-06	-2.674663e-06	-5.797049e-09	-1.860634e+01	-3.808521e+02
2.770000e-06	-2.765476e-06	-6.021152e-09	-1.923808e+01	-3.951459e+02
2.780000e-06	-2.855317e-06	-6.233205e-09	-1.986306e+01	-4.086968e+02
2.790000e-06	-2.944039e-06	-6.426178e-09	-2.048026e+01	-4.215670e+02
2.800000e-06	-3.031756e-06	-6.607664e-09	-2.109046e+01	-4.338060e+02
2.810000e-06	-3.118642e-06	-6.789130e-09	-2.169488e+01	-4.454369e+02
2.820000e-06	-3.204406e-06	-6.965831e-09	-2.229151e+01	-4.564606e+02
2.830000e-06	-3.288800e-06	-7.124816e-09	-2.287860e+01	-4.668763e+02
2.840000e-06	-3.372002e-06	-7.266590e-09	-2.345739e+01	-4.767028e+02
2.850000e-06	-3.454097e-06	-7.401764e-09	-2.402849e+01	-4.859855e+02
2.860000e-06	-3.535038e-06	-7.539273e-09	-2.459156e+01	-4.947848e+02
2.870000e-06	-3.614799e-06	-7.671698e-09	-2.514641e+01	-5.031523e+02
2.880000e-06	-3.693223e-06	-7.790360e-09	-2.569197e+01	-5.111147e+02
2.890000e-06	-3.770117e-06	-7.900005e-09	-2.622689e+01	-5.186760e+02
2.900000e-06	-3.845461e-06	-8.009460e-09	-2.675102e+01	-5.258366e+02
2.910000e-06	-3.919329e-06	-8.119511e-09	-2.726488e+01	-5.326146e+02
2.920000e-06	-3.991779e-06	-8.222069e-09	-2.776888e+01	-5.390508e+02
2.930000e-06	-4.062925e-06	-8.314570e-09	-2.826381e+01	-5.451945e+02
2.940000e-06	-4.132627e-06	-8.399886e-09	-2.874869e+01	-5.510779e+02
2.950000e-06	-4.200662e-06	-8.484275e-09	-2.922198e+01	-5.567006e+02
2.960000e-06	-4.267162e-06	-8.567265e-09	-2.968459e+01	-5.620357e+02
2.970000e-06	-4.332243e-06	-8.644045e-09	-3.013732e+01	-5.670557e+02
2.980000e-06	-4.395957e-06	-8.714877e-09	-3.058055e+01	-5.717602e+02
2.990000e-06	-4.458152e-06	-8.783055e-09	-3.101321e+01	-5.761864e+02
3.000000e-06	-4.518488e-06	-8.851587e-09	-3.143294e+01	-5.803956e+02
3.010000e-06	-4.577087e-06	-8.917074e-09	-3.184058e+01	-5.844437e+02
3.020000e-06	-4.634270e-06	-8.975072e-09	-3.223838e+01	-5.883565e+02
3.030000e-06	-4.689954e-06	-9.028489e-09	-3.262574e+01	-5.921235e+02
3.040000e-06	-4.743787e-06	-9.083089e-09	-3.300024e+01	-5.957123e+02
3.050000e-06	-4.795602e-06	-9.137723e-09	-3.336069e+01	-5.990917e+02
3.060000e-06	-4.845487e-06	-9.186576e-09	-3.370771e+01	-6.022486e+02
3.070000e-06	-4.893308e-06	-9.229597e-09	-3.404038e+01	-6.051918e+02
3.080000e-06	-4.939184e-06	-9.271837e-09	-3.435952e+01	-6.079448e+02
3.090000e-06	-4.983465e-06	-9.314600e-09	-3.466756e+01	-6.105374e+02
3.100000e-06	-5.026218e-06	-9.356102e-09	-3.496497e+01	-6.129993e+02
3.110000e-06	-5.067404e-06	-9.392150e-09	-3.525149e+01	-6.153566e+02
3.120000e-06	-5.106948e-06	-9.422878e-09	-3.552657e+01	-6.176243e+02
3.130000e-06	-5.144598e-06	-9.455994e-09	-3.578849e+01	-6.197980e+02
3.140000e-06	-5.180326e-06	-9.492629e-09	-3.603703e+01	-6.218484e+02
3.150000e-06	-5.214315e-06	-9.524738e-09	-3.627347e+01	-6.237311e+02
3.160000e-06	-5.246601e-06	-9.548784e-09	-3.649807e+01	-6.254092e+02
3.170000e-06	-5.277019e-06	-9.569533e-09	-3.670967e+01	-6.268801e+02
3.180000e-06	-5.305400e-06	-9.590413e-09	-3.690711e+01	-6.281867e+02
3.190000e-06	-5.331900e-06	-9.611238e-09	-3.709146e+01	-6.294022e+02
3.200000e-06	-5.356656e-06	-9.628623e-09	-3.726367e+01	-6.305929e+02
3.210000e-06	-5.379567e-06	-9.643614e-09	-3.742305e+01	-6.317819e+02
3.220000e-06	-5.400383e-06	-9.660247e-09	-3.756786e+01	-6.329357e+02
3.230000e-06	-5.419290e-06	-9.680655e-09	-3.769938e+01	-6.339853e+02
3.240000e-06	-5.436483e-06	-9.699529e-09	-3.781898e+01	-6.348670e+02
3.250000e-06	-5.451778e-06	-9.710632e-09	-3.792539e+01	-6.355577e+02
3.260000e-06	-5.464840e-06	-9.716831e-09	-3.801625e+01	-6.360817e+02
3.270000e-06	-5.475673e-06	-9.722050e-09	-3.809161e+01	-6.364887e+02
3.280000e-06	-5.484614e-06	-9.727815e-09	-3.815381e+01	-6.368205e+02
3.290000e-06	-5.491676e-06	-9.731880e-09	-3.820294e+01	-6.370918e+02
3.300000e-06	-5.496694e-06	-9.732567e-09	-3.823785e+01	-6.372953e+02
3.310000e-06	-5.499763e-06	-9.732145e-09	-3.825919e+01	-6.374221e+02
3.320000e-06	-5.501052e-06	-9.732874e-09	-3.826816e+01	-6.374749e+02
