# Temperatura_=_20.0
# Concentracion g/m^3_=_10000.0
# C_Vs_to_Am_M_A/Vsm_=_65563218390.804596
# pendiente_HvsI_1/m_=_3716.3
# ordenada_HvsI_A/m_=_1297.0
# frecuencia_Hz_=_269806.2934609473

Tiempo_(s)	Campo_(V.s)	Magnetizacion_(V.s)	Campo_(kA/m)	Magnetizacion_(A/m)
0.000000e+00	-2.286566e-06	-5.011316e-09	-1.612532e+01	-3.258676e+02
1.000000e-08	-2.286367e-06	-5.019141e-09	-1.612392e+01	-3.262671e+02
2.000000e-08	-2.285734e-06	-5.023028e-09	-1.611945e+01	-3.265515e+02
3.000000e-08	-2.284489e-06	-5.023360e-09	-1.611067e+01	-3.267288e+02
4.000000e-08	-2.282410e-06	-5.020985e-09	-1.609601e+01	-3.268204e+02
5.000000e-08	-2.279439e-06	-5.013029e-09	-1.607506e+01	-3.268449e+02
6.000000e-08	-2.275722e-06	-5.010840e-09	-1.604885e+01	-3.268042e+02
7.000000e-08	-2.271401e-06	-5.055751e-09	-1.601837e+01	-3.266829e+02
8.000000e-08	-2.266377e-06	-5.048791e-09	-1.598294e+01	-3.264607e+02
9.000000e-08	-2.260677e-06	-4.930391e-09	-1.594274e+01	-3.261296e+02
1.000000e-07	-2.254500e-06	-4.965929e-09	-1.589919e+01	-3.257037e+02
1.100000e-07	-2.247862e-06	-5.064233e-09	-1.585237e+01	-3.252155e+02
1.200000e-07	-2.240569e-06	-5.038156e-09	-1.580094e+01	-3.246989e+02
1.300000e-07	-2.232639e-06	-4.881744e-09	-1.574502e+01	-3.241697e+02
1.400000e-07	-2.224316e-06	-4.937871e-09	-1.568632e+01	-3.236155e+02
1.500000e-07	-2.215433e-06	-5.060122e-09	-1.562368e+01	-3.230008e+02
1.600000e-07	-2.205610e-06	-4.949149e-09	-1.555440e+01	-3.222857e+02
1.700000e-07	-2.194853e-06	-4.850991e-09	-1.547854e+01	-3.214473e+02
1.800000e-07	-2.183369e-06	-4.940843e-09	-1.539755e+01	-3.204911e+02
1.900000e-07	-2.171189e-06	-4.959341e-09	-1.531166e+01	-3.194478e+02
2.000000e-07	-2.158255e-06	-4.812629e-09	-1.522045e+01	-3.183561e+02
2.100000e-07	-2.144712e-06	-4.867340e-09	-1.512494e+01	-3.172425e+02
2.200000e-07	-2.130635e-06	-4.929658e-09	-1.502566e+01	-3.161092e+02
2.300000e-07	-2.115881e-06	-4.798244e-09	-1.492162e+01	-3.149351e+02
2.400000e-07	-2.100303e-06	-4.727205e-09	-1.481176e+01	-3.136886e+02
2.500000e-07	-2.083975e-06	-4.862283e-09	-1.469661e+01	-3.123441e+02
2.600000e-07	-2.066985e-06	-4.814299e-09	-1.457679e+01	-3.108933e+02
2.700000e-07	-2.049391e-06	-4.658919e-09	-1.445271e+01	-3.093463e+02
2.800000e-07	-2.031317e-06	-4.701614e-09	-1.432526e+01	-3.077241e+02
2.900000e-07	-2.012662e-06	-4.765904e-09	-1.419369e+01	-3.060482e+02
3.000000e-07	-1.993313e-06	-4.652184e-09	-1.405724e+01	-3.043326e+02
3.100000e-07	-1.973415e-06	-4.594768e-09	-1.391692e+01	-3.025809e+02
3.200000e-07	-1.953138e-06	-4.627799e-09	-1.377392e+01	-3.007889e+02
3.300000e-07	-1.932492e-06	-4.581403e-09	-1.362832e+01	-2.989473e+02
3.400000e-07	-1.911390e-06	-4.540522e-09	-1.347951e+01	-2.970450e+02
3.500000e-07	-1.889766e-06	-4.534543e-09	-1.332701e+01	-2.950710e+02
3.600000e-07	-1.867586e-06	-4.480887e-09	-1.317059e+01	-2.930178e+02
3.700000e-07	-1.844846e-06	-4.420742e-09	-1.301022e+01	-2.908862e+02
3.800000e-07	-1.821569e-06	-4.438838e-09	-1.284607e+01	-2.886883e+02
3.900000e-07	-1.797766e-06	-4.405793e-09	-1.267820e+01	-2.864478e+02
4.000000e-07	-1.773637e-06	-4.337993e-09	-1.250804e+01	-2.841918e+02
4.100000e-07	-1.749234e-06	-4.297242e-09	-1.233595e+01	-2.819383e+02
4.200000e-07	-1.724353e-06	-4.285944e-09	-1.216048e+01	-2.796833e+02
4.300000e-07	-1.698811e-06	-4.262808e-09	-1.198036e+01	-2.773969e+02
4.400000e-07	-1.672449e-06	-4.206835e-09	-1.179445e+01	-2.750318e+02
4.500000e-07	-1.645318e-06	-4.150600e-09	-1.160311e+01	-2.725442e+02
4.600000e-07	-1.617616e-06	-4.127818e-09	-1.140775e+01	-2.699160e+02
4.700000e-07	-1.589533e-06	-4.110328e-09	-1.120971e+01	-2.671675e+02
4.800000e-07	-1.561215e-06	-4.044215e-09	-1.101000e+01	-2.643517e+02
4.900000e-07	-1.532610e-06	-3.993383e-09	-1.080827e+01	-2.615316e+02
5.000000e-07	-1.503497e-06	-3.955840e-09	-1.060296e+01	-2.587494e+02
5.100000e-07	-1.473905e-06	-3.913940e-09	-1.039427e+01	-2.560045e+02
5.200000e-07	-1.443978e-06	-3.874741e-09	-1.018322e+01	-2.532505e+02
5.300000e-07	-1.413741e-06	-3.829664e-09	-9.969986e+00	-2.504156e+02
5.400000e-07	-1.383149e-06	-3.766056e-09	-9.754246e+00	-2.474353e+02
5.500000e-07	-1.352167e-06	-3.720437e-09	-9.535749e+00	-2.442832e+02
5.600000e-07	-1.320764e-06	-3.693077e-09	-9.314292e+00	-2.409836e+02
5.700000e-07	-1.288965e-06	-3.631727e-09	-9.090038e+00	-2.375996e+02
5.800000e-07	-1.256923e-06	-3.561923e-09	-8.864069e+00	-2.342047e+02
5.900000e-07	-1.224711e-06	-3.515635e-09	-8.636904e+00	-2.308484e+02
6.000000e-07	-1.192292e-06	-3.482011e-09	-8.408280e+00	-2.275361e+02
6.100000e-07	-1.159545e-06	-3.426669e-09	-8.177343e+00	-2.242283e+02
6.200000e-07	-1.126387e-06	-3.359533e-09	-7.943508e+00	-2.208608e+02
6.300000e-07	-1.092813e-06	-3.304280e-09	-7.706734e+00	-2.173751e+02
6.400000e-07	-1.058775e-06	-3.261313e-09	-7.466696e+00	-2.137434e+02
6.500000e-07	-1.024122e-06	-3.207486e-09	-7.222310e+00	-2.099790e+02
6.600000e-07	-9.888942e-07	-3.136873e-09	-6.973879e+00	-2.061283e+02
6.700000e-07	-9.532801e-07	-3.074371e-09	-6.722722e+00	-2.022485e+02
6.800000e-07	-9.173677e-07	-3.021247e-09	-6.469460e+00	-1.983826e+02
6.900000e-07	-8.812662e-07	-2.969090e-09	-6.214865e+00	-1.945413e+02
7.000000e-07	-8.450685e-07	-2.906634e-09	-5.959591e+00	-1.906998e+02
7.100000e-07	-8.087729e-07	-2.838029e-09	-5.703628e+00	-1.868094e+02
7.200000e-07	-7.723714e-07	-2.774225e-09	-5.446917e+00	-1.828190e+02
7.300000e-07	-7.358355e-07	-2.718054e-09	-5.189259e+00	-1.786971e+02
7.400000e-07	-6.991140e-07	-2.656339e-09	-4.930291e+00	-1.744464e+02
7.500000e-07	-6.621899e-07	-2.583090e-09	-4.669895e+00	-1.701022e+02
7.600000e-07	-6.250298e-07	-2.513306e-09	-4.407835e+00	-1.657183e+02
7.700000e-07	-5.876485e-07	-2.451950e-09	-4.144215e+00	-1.613419e+02
7.800000e-07	-5.500647e-07	-2.390372e-09	-3.879166e+00	-1.569919e+02
7.900000e-07	-5.123046e-07	-2.316077e-09	-3.612874e+00	-1.526480e+02
8.000000e-07	-4.744148e-07	-2.238308e-09	-3.345668e+00	-1.482580e+02
8.100000e-07	-4.363656e-07	-2.170485e-09	-3.077337e+00	-1.437607e+02
8.200000e-07	-3.982172e-07	-2.106978e-09	-2.808307e+00	-1.391148e+02
8.300000e-07	-3.600111e-07	-2.033994e-09	-2.538870e+00	-1.343189e+02
8.400000e-07	-3.217369e-07	-1.951964e-09	-2.268953e+00	-1.294143e+02
8.500000e-07	-2.833929e-07	-1.875441e-09	-1.998544e+00	-1.244653e+02
8.600000e-07	-2.450176e-07	-1.803991e-09	-1.727913e+00	-1.195287e+02
8.700000e-07	-2.066351e-07	-1.730133e-09	-1.457232e+00	-1.146259e+02
8.800000e-07	-1.682140e-07	-1.646950e-09	-1.186278e+00	-1.097322e+02
8.900000e-07	-1.297539e-07	-1.565174e-09	-9.150504e-01	-1.047901e+02
9.000000e-07	-9.119326e-08	-1.490549e-09	-6.431130e-01	-9.973919e+01
9.100000e-07	-5.260759e-08	-1.414308e-09	-3.709992e-01	-9.454694e+01
9.200000e-07	-1.407627e-08	-1.332084e-09	-9.926869e-02	-8.922469e+01
9.300000e-07	2.447719e-08	-1.246131e-09	1.726180e-01	-8.381990e+01
9.400000e-07	6.304856e-08	-1.165733e-09	4.446310e-01	-7.838937e+01
9.500000e-07	1.016076e-07	-1.088639e-09	7.165571e-01	-7.296835e+01
9.600000e-07	1.401247e-07	-1.005958e-09	9.881875e-01	-6.755258e+01
9.700000e-07	1.785989e-07	-9.161857e-10	1.259515e+00	-6.210283e+01
9.800000e-07	2.170697e-07	-8.287193e-10	1.530819e+00	-5.656866e+01
9.900000e-07	2.554854e-07	-7.454708e-10	1.801734e+00	-5.091743e+01
1.000000e-06	2.938148e-07	-6.596776e-10	2.072040e+00	-4.515194e+01
1.010000e-06	3.320961e-07	-5.683544e-10	2.342008e+00	-3.930693e+01
1.020000e-06	3.703367e-07	-4.787153e-10	2.611688e+00	-3.342741e+01
1.030000e-06	4.084939e-07	-3.941791e-10	2.880780e+00	-2.754184e+01
1.040000e-06	4.465586e-07	-3.067066e-10	3.149221e+00	-2.164618e+01
1.050000e-06	4.845282e-07	-2.114124e-10	3.416990e+00	-1.570779e+01
1.060000e-06	5.224010e-07	-1.123627e-10	3.684076e+00	-9.686242e+00
1.070000e-06	5.600821e-07	-2.016056e-11	3.949810e+00	-3.558450e+00
1.080000e-06	5.975196e-07	6.878982e-11	4.213827e+00	2.666910e+00
1.090000e-06	6.347737e-07	1.625724e-10	4.476551e+00	8.953874e+00
1.100000e-06	6.718247e-07	2.611069e-10	4.737842e+00	1.525946e+01
1.110000e-06	7.086358e-07	3.572972e-10	4.997441e+00	2.155750e+01
1.120000e-06	7.452694e-07	4.492224e-10	5.255788e+00	2.785207e+01
1.130000e-06	7.817538e-07	5.457712e-10	5.513084e+00	3.417312e+01
1.140000e-06	8.181101e-07	6.478316e-10	5.769475e+00	4.055734e+01
1.150000e-06	8.543837e-07	7.498445e-10	6.025284e+00	4.702559e+01
1.160000e-06	8.905421e-07	8.478724e-10	6.280280e+00	5.356964e+01
1.170000e-06	9.265000e-07	9.468358e-10	6.533863e+00	6.015490e+01
1.180000e-06	9.622280e-07	1.049228e-09	6.785824e+00	6.673652e+01
1.190000e-06	9.976424e-07	1.152371e-09	7.035573e+00	7.327922e+01
1.200000e-06	1.032607e-06	1.251366e-09	7.282151e+00	7.977016e+01
1.210000e-06	1.067102e-06	1.346197e-09	7.525416e+00	8.621911e+01
1.220000e-06	1.101026e-06	1.442637e-09	7.764657e+00	9.264779e+01
1.230000e-06	1.134387e-06	1.541660e-09	7.999925e+00	9.907556e+01
1.240000e-06	1.167304e-06	1.640780e-09	8.232060e+00	1.055092e+02
1.250000e-06	1.199865e-06	1.737902e-09	8.461687e+00	1.119407e+02
1.260000e-06	1.232207e-06	1.834855e-09	8.689770e+00	1.183518e+02
1.270000e-06	1.264422e-06	1.932986e-09	8.916954e+00	1.247206e+02
1.280000e-06	1.296454e-06	2.030430e-09	9.142850e+00	1.310277e+02
1.290000e-06	1.328173e-06	2.123051e-09	9.366540e+00	1.372584e+02
1.300000e-06	1.359509e-06	2.212678e-09	9.587532e+00	1.434049e+02
1.310000e-06	1.390415e-06	2.303619e-09	9.805487e+00	1.494675e+02
1.320000e-06	1.420863e-06	2.395889e-09	1.002021e+01	1.554557e+02
1.330000e-06	1.450960e-06	2.487295e-09	1.023246e+01	1.613874e+02
1.340000e-06	1.480725e-06	2.576433e-09	1.044237e+01	1.672820e+02
1.350000e-06	1.510073e-06	2.663976e-09	1.064933e+01	1.731507e+02
1.360000e-06	1.538977e-06	2.752191e-09	1.085317e+01	1.789867e+02
1.370000e-06	1.567550e-06	2.839690e-09	1.105468e+01	1.847624e+02
1.380000e-06	1.595912e-06	2.924984e-09	1.125469e+01	1.904370e+02
1.390000e-06	1.624013e-06	3.007745e-09	1.145287e+01	1.959738e+02
1.400000e-06	1.651716e-06	3.087647e-09	1.164823e+01	2.013565e+02
1.410000e-06	1.678816e-06	3.167688e-09	1.183935e+01	2.065983e+02
1.420000e-06	1.705137e-06	3.247172e-09	1.202497e+01	2.117348e+02
1.430000e-06	1.730621e-06	3.324236e-09	1.220468e+01	2.168051e+02
1.440000e-06	1.755451e-06	3.400548e-09	1.237979e+01	2.218296e+02
1.450000e-06	1.779862e-06	3.476835e-09	1.255194e+01	2.267972e+02
1.460000e-06	1.803862e-06	3.550648e-09	1.272120e+01	2.316704e+02
1.470000e-06	1.827336e-06	3.620749e-09	1.288674e+01	2.364041e+02
1.480000e-06	1.850266e-06	3.688216e-09	1.304845e+01	2.409694e+02
1.490000e-06	1.872761e-06	3.754203e-09	1.320708e+01	2.453675e+02
1.500000e-06	1.894806e-06	3.819347e-09	1.336255e+01	2.496267e+02
1.510000e-06	1.916288e-06	3.883373e-09	1.351405e+01	2.537840e+02
1.520000e-06	1.937231e-06	3.945389e-09	1.366174e+01	2.578628e+02
1.530000e-06	1.957743e-06	4.005287e-09	1.380639e+01	2.618596e+02
1.540000e-06	1.977918e-06	4.062314e-09	1.394867e+01	2.657482e+02
1.550000e-06	1.997674e-06	4.116844e-09	1.408800e+01	2.694967e+02
1.560000e-06	2.016827e-06	4.169009e-09	1.422307e+01	2.730874e+02
1.570000e-06	2.035276e-06	4.218460e-09	1.435317e+01	2.765264e+02
1.580000e-06	2.053103e-06	4.267151e-09	1.447889e+01	2.798368e+02
1.590000e-06	2.070452e-06	4.315511e-09	1.460124e+01	2.830406e+02
1.600000e-06	2.087255e-06	4.362071e-09	1.471974e+01	2.861418e+02
1.610000e-06	2.103332e-06	4.405067e-09	1.483312e+01	2.891213e+02
1.620000e-06	2.118667e-06	4.444562e-09	1.494126e+01	2.919486e+02
1.630000e-06	2.133392e-06	4.481988e-09	1.504511e+01	2.946027e+02
1.640000e-06	2.147518e-06	4.517719e-09	1.514473e+01	2.970895e+02
1.650000e-06	2.161030e-06	4.550359e-09	1.524002e+01	2.994424e+02
1.660000e-06	2.173960e-06	4.581112e-09	1.533120e+01	3.017065e+02
1.670000e-06	2.186308e-06	4.613210e-09	1.541828e+01	3.039134e+02
1.680000e-06	2.198003e-06	4.645349e-09	1.550076e+01	3.060634e+02
1.690000e-06	2.208841e-06	4.674902e-09	1.557719e+01	3.081246e+02
1.700000e-06	2.218685e-06	4.701468e-09	1.564661e+01	3.100520e+02
1.710000e-06	2.227663e-06	4.725114e-09	1.570992e+01	3.118140e+02
1.720000e-06	2.236094e-06	4.746846e-09	1.576938e+01	3.134124e+02
1.730000e-06	2.244077e-06	4.768139e-09	1.582568e+01	3.148817e+02
1.740000e-06	2.251505e-06	4.788448e-09	1.587806e+01	3.162707e+02
1.750000e-06	2.258347e-06	4.808125e-09	1.592631e+01	3.176149e+02
1.760000e-06	2.264526e-06	4.827575e-09	1.596989e+01	3.189176e+02
1.770000e-06	2.270013e-06	4.845745e-09	1.600858e+01	3.201502e+02
1.780000e-06	2.274926e-06	4.861970e-09	1.604323e+01	3.212705e+02
1.790000e-06	2.279404e-06	4.876739e-09	1.607481e+01	3.222493e+02
1.800000e-06	2.283426e-06	4.891183e-09	1.610318e+01	3.230878e+02
1.810000e-06	2.286812e-06	4.903263e-09	1.612705e+01	3.238164e+02
1.820000e-06	2.289284e-06	4.912679e-09	1.614449e+01	3.244771e+02
1.830000e-06	2.290781e-06	4.921069e-09	1.615504e+01	3.250998e+02
1.840000e-06	2.291551e-06	4.928033e-09	1.616048e+01	3.256867e+02
1.850000e-06	2.291796e-06	4.934101e-09	1.616220e+01	3.262147e+02
1.860000e-06	2.291513e-06	4.940795e-09	1.616020e+01	3.266513e+02
1.870000e-06	2.290634e-06	4.946181e-09	1.615401e+01	3.269751e+02
1.880000e-06	2.289157e-06	4.950768e-09	1.614359e+01	3.271869e+02
1.890000e-06	2.287072e-06	4.956216e-09	1.612889e+01	3.273054e+02
1.900000e-06	2.284396e-06	4.967199e-09	1.611001e+01	3.273520e+02
1.910000e-06	2.281224e-06	4.962744e-09	1.608765e+01	3.273349e+02
1.920000e-06	2.277623e-06	4.905093e-09	1.606225e+01	3.272437e+02
1.930000e-06	2.273272e-06	4.945038e-09	1.603157e+01	3.270579e+02
1.940000e-06	2.267753e-06	5.034236e-09	1.599264e+01	3.267635e+02
1.950000e-06	2.261357e-06	4.937719e-09	1.594754e+01	3.263672e+02
1.960000e-06	2.254537e-06	4.872455e-09	1.589944e+01	3.258965e+02
1.970000e-06	2.247229e-06	4.918851e-09	1.584791e+01	3.253872e+02
1.980000e-06	2.239208e-06	5.019631e-09	1.579134e+01	3.248631e+02
1.990000e-06	2.230640e-06	4.897464e-09	1.573091e+01	3.243212e+02
2.000000e-06	2.221760e-06	4.814019e-09	1.566829e+01	3.237322e+02
2.010000e-06	2.212255e-06	4.929643e-09	1.560126e+01	3.230552e+02
2.020000e-06	2.201938e-06	4.948452e-09	1.552850e+01	3.222596e+02
2.030000e-06	2.191066e-06	4.825522e-09	1.545183e+01	3.213412e+02
2.040000e-06	2.179667e-06	4.826864e-09	1.537145e+01	3.203235e+02
2.050000e-06	2.167402e-06	4.923139e-09	1.528495e+01	3.192449e+02
2.060000e-06	2.154174e-06	4.789098e-09	1.519166e+01	3.181379e+02
2.070000e-06	2.140094e-06	4.734136e-09	1.509237e+01	3.170134e+02
2.080000e-06	2.125306e-06	4.857639e-09	1.498808e+01	3.158571e+02
2.090000e-06	2.109957e-06	4.834101e-09	1.487984e+01	3.146391e+02
2.100000e-06	2.094154e-06	4.653961e-09	1.476839e+01	3.133300e+02
2.110000e-06	2.077873e-06	4.718465e-09	1.465358e+01	3.119152e+02
2.120000e-06	2.060977e-06	4.807410e-09	1.453442e+01	3.103992e+02
2.130000e-06	2.043527e-06	4.668459e-09	1.441136e+01	3.088004e+02
2.140000e-06	2.025531e-06	4.584717e-09	1.428445e+01	3.071413e+02
2.150000e-06	2.006897e-06	4.675999e-09	1.415304e+01	3.054388e+02
2.160000e-06	1.987736e-06	4.644395e-09	1.401791e+01	3.037002e+02
2.170000e-06	1.968231e-06	4.554509e-09	1.388036e+01	3.019234e+02
2.180000e-06	1.948300e-06	4.564760e-09	1.373980e+01	3.001004e+02
2.190000e-06	1.927703e-06	4.535766e-09	1.359455e+01	2.982205e+02
2.200000e-06	1.906326e-06	4.483801e-09	1.344379e+01	2.962723e+02
2.210000e-06	1.884126e-06	4.486928e-09	1.328724e+01	2.942469e+02
2.220000e-06	1.861223e-06	4.455207e-09	1.312572e+01	2.921415e+02
2.230000e-06	1.837868e-06	4.383347e-09	1.296101e+01	2.899645e+02
2.240000e-06	1.814157e-06	4.376211e-09	1.279380e+01	2.877360e+02
2.250000e-06	1.789987e-06	4.351924e-09	1.262335e+01	2.854833e+02
2.260000e-06	1.765304e-06	4.300909e-09	1.244928e+01	2.832290e+02
2.270000e-06	1.740181e-06	4.270096e-09	1.227211e+01	2.809775e+02
2.280000e-06	1.714592e-06	4.226457e-09	1.209165e+01	2.787071e+02
2.290000e-06	1.688518e-06	4.204919e-09	1.190777e+01	2.763746e+02
2.300000e-06	1.661936e-06	4.189665e-09	1.172030e+01	2.739325e+02
2.310000e-06	1.634884e-06	4.115451e-09	1.152953e+01	2.713518e+02
2.320000e-06	1.607512e-06	4.062281e-09	1.133649e+01	2.686396e+02
2.330000e-06	1.579896e-06	4.056362e-09	1.114174e+01	2.658400e+02
2.340000e-06	1.551972e-06	4.003310e-09	1.094482e+01	2.630159e+02
2.350000e-06	1.523605e-06	3.949235e-09	1.074477e+01	2.602196e+02
2.360000e-06	1.494591e-06	3.926242e-09	1.054015e+01	2.574663e+02
2.370000e-06	1.464875e-06	3.870973e-09	1.033059e+01	2.547236e+02
2.380000e-06	1.434571e-06	3.832993e-09	1.011688e+01	2.519247e+02
2.390000e-06	1.403684e-06	3.811850e-09	9.899058e+00	2.489991e+02
2.400000e-06	1.372361e-06	3.744910e-09	9.678164e+00	2.459050e+02
2.410000e-06	1.340811e-06	3.681347e-09	9.455669e+00	2.426498e+02
2.420000e-06	1.309062e-06	3.654992e-09	9.231766e+00	2.392865e+02
2.430000e-06	1.277077e-06	3.609200e-09	9.006199e+00	2.358888e+02
2.440000e-06	1.244672e-06	3.543661e-09	8.777678e+00	2.325175e+02
2.450000e-06	1.211788e-06	3.485208e-09	8.545774e+00	2.291939e+02
2.460000e-06	1.178572e-06	3.440735e-09	8.311528e+00	2.258919e+02
2.470000e-06	1.145084e-06	3.407203e-09	8.075364e+00	2.225526e+02
2.480000e-06	1.111335e-06	3.349156e-09	7.837356e+00	2.191122e+02
2.490000e-06	1.077279e-06	3.281444e-09	7.597188e+00	2.155306e+02
2.500000e-06	1.042879e-06	3.232946e-09	7.354594e+00	2.118074e+02
2.510000e-06	1.008127e-06	3.183254e-09	7.109513e+00	2.079800e+02
2.520000e-06	9.730579e-07	3.117893e-09	6.862198e+00	2.041048e+02
2.530000e-06	9.377361e-07	3.055983e-09	6.613102e+00	2.002322e+02
2.540000e-06	9.023006e-07	2.997218e-09	6.363204e+00	1.963847e+02
2.550000e-06	8.667847e-07	2.942037e-09	6.112739e+00	1.925487e+02
2.560000e-06	8.311183e-07	2.890366e-09	5.861212e+00	1.886816e+02
2.570000e-06	7.953331e-07	2.828412e-09	5.608848e+00	1.847302e+02
2.580000e-06	7.593720e-07	2.760393e-09	5.355243e+00	1.806546e+02
2.590000e-06	7.231792e-07	2.696949e-09	5.100004e+00	1.764452e+02
2.600000e-06	6.867928e-07	2.639253e-09	4.843400e+00	1.721276e+02
2.610000e-06	6.501264e-07	2.573744e-09	4.584821e+00	1.677517e+02
2.620000e-06	6.130575e-07	2.499001e-09	4.323404e+00	1.633698e+02
2.630000e-06	5.756015e-07	2.430301e-09	4.059257e+00	1.590122e+02
2.640000e-06	5.378636e-07	2.372978e-09	3.793122e+00	1.546717e+02
2.650000e-06	4.998935e-07	2.313697e-09	3.525348e+00	1.503049e+02
2.660000e-06	4.616542e-07	2.242889e-09	3.255677e+00	1.458504e+02
2.670000e-06	4.231590e-07	2.169548e-09	2.984201e+00	1.412572e+02
2.680000e-06	3.844467e-07	2.101421e-09	2.711195e+00	1.365095e+02
2.690000e-06	3.455723e-07	2.031873e-09	2.437045e+00	1.316354e+02
2.700000e-06	3.065845e-07	1.952895e-09	2.162095e+00	1.266947e+02
2.710000e-06	2.675193e-07	1.873276e-09	1.886600e+00	1.217504e+02
2.720000e-06	2.283950e-07	1.802084e-09	1.610687e+00	1.168377e+02
2.730000e-06	1.892255e-07	1.734831e-09	1.334456e+00	1.119471e+02
2.740000e-06	1.500021e-07	1.663301e-09	1.057845e+00	1.070293e+02
2.750000e-06	1.106993e-07	1.586193e-09	7.806738e-01	1.020211e+02
2.760000e-06	7.137549e-08	1.508441e-09	5.033542e-01	9.687781e+01
2.770000e-06	3.204104e-08	1.429071e-09	2.259598e-01	9.159587e+01
2.780000e-06	-7.311014e-09	1.345273e-09	-5.155873e-02	8.621296e+01
2.790000e-06	-4.666288e-08	1.258568e-09	-3.290759e-01	8.078635e+01
2.800000e-06	-8.600636e-08	1.174709e-09	-6.065340e-01	7.536143e+01
2.810000e-06	-1.253234e-07	1.095111e-09	-8.838055e-01	6.994777e+01
2.820000e-06	-1.646143e-07	1.016070e-09	-1.160893e+00	6.451590e+01
2.830000e-06	-2.038684e-07	9.331627e-10	-1.437720e+00	5.901579e+01
2.840000e-06	-2.430531e-07	8.451287e-10	-1.714059e+00	5.340605e+01
2.850000e-06	-2.821788e-07	7.571958e-10	-1.989981e+00	4.767693e+01
2.860000e-06	-3.212399e-07	6.695757e-10	-2.265448e+00	4.185425e+01
2.870000e-06	-3.602212e-07	5.787999e-10	-2.540352e+00	3.598264e+01
2.880000e-06	-3.990691e-07	4.855568e-10	-2.814315e+00	3.009868e+01
2.890000e-06	-4.377178e-07	3.956604e-10	-3.086873e+00	2.420979e+01
2.900000e-06	-4.761693e-07	3.094232e-10	-3.358041e+00	1.829118e+01
2.910000e-06	-5.144138e-07	2.209046e-10	-3.627749e+00	1.230211e+01
2.920000e-06	-5.524435e-07	1.258468e-10	-3.895942e+00	6.211321e+00
2.930000e-06	-5.901886e-07	2.908543e-11	-4.162128e+00	1.641274e-02
2.940000e-06	-6.275364e-07	-6.539404e-11	-4.425512e+00	-6.254084e+00
2.950000e-06	-6.644797e-07	-1.617881e-10	-4.686043e+00	-1.255675e+01
2.960000e-06	-7.010388e-07	-2.601200e-10	-4.943866e+00	-1.885755e+01
2.970000e-06	-7.372915e-07	-3.582397e-10	-5.199527e+00	-2.515005e+01
2.980000e-06	-7.732972e-07	-4.539938e-10	-5.453446e+00	-3.145716e+01
2.990000e-06	-8.091084e-07	-5.484083e-10	-5.705994e+00	-3.781594e+01
3.000000e-06	-8.447872e-07	-6.439507e-10	-5.957608e+00	-4.425467e+01
3.010000e-06	-8.803564e-07	-7.432548e-10	-6.208449e+00	-5.077535e+01
3.020000e-06	-9.158350e-07	-8.441918e-10	-6.458651e+00	-5.735089e+01
3.030000e-06	-9.511581e-07	-9.426696e-10	-6.707757e+00	-6.393760e+01
3.040000e-06	-9.862810e-07	-1.040569e-09	-6.955450e+00	-7.049505e+01
3.050000e-06	-1.021127e-06	-1.140374e-09	-7.201195e+00	-7.700226e+01
3.060000e-06	-1.055628e-06	-1.241944e-09	-7.444499e+00	-8.346220e+01
3.070000e-06	-1.089758e-06	-1.341407e-09	-7.685188e+00	-8.989421e+01
3.080000e-06	-1.123555e-06	-1.437175e-09	-7.923531e+00	-9.631990e+01
3.090000e-06	-1.157081e-06	-1.533785e-09	-8.159964e+00	-1.027509e+02
3.100000e-06	-1.190345e-06	-1.634356e-09	-8.394553e+00	-1.091839e+02
3.110000e-06	-1.223253e-06	-1.733555e-09	-8.626622e+00	-1.156033e+02
3.120000e-06	-1.255776e-06	-1.829950e-09	-8.855984e+00	-1.219877e+02
3.130000e-06	-1.287950e-06	-1.925709e-09	-9.082881e+00	-1.283164e+02
3.140000e-06	-1.319785e-06	-2.022583e-09	-9.307389e+00	-1.345729e+02
3.150000e-06	-1.351397e-06	-2.119672e-09	-9.530323e+00	-1.407470e+02
3.160000e-06	-1.382808e-06	-2.213678e-09	-9.751841e+00	-1.468361e+02
3.170000e-06	-1.413885e-06	-2.305367e-09	-9.970997e+00	-1.528465e+02
3.180000e-06	-1.444496e-06	-2.396857e-09	-1.018688e+01	-1.587939e+02
3.190000e-06	-1.474491e-06	-2.487670e-09	-1.039841e+01	-1.646981e+02
3.200000e-06	-1.503750e-06	-2.577045e-09	-1.060475e+01	-1.705743e+02
3.210000e-06	-1.532316e-06	-2.666927e-09	-1.080620e+01	-1.764225e+02
3.220000e-06	-1.560344e-06	-2.756651e-09	-1.100386e+01	-1.822215e+02
3.230000e-06	-1.588056e-06	-2.846311e-09	-1.119929e+01	-1.879336e+02
3.240000e-06	-1.615538e-06	-2.933323e-09	-1.139310e+01	-1.935185e+02
3.250000e-06	-1.642688e-06	-3.016327e-09	-1.158456e+01	-1.989517e+02
3.260000e-06	-1.669411e-06	-3.096901e-09	-1.177302e+01	-2.042364e+02
3.270000e-06	-1.695657e-06	-3.176259e-09	-1.195811e+01	-2.094025e+02
3.280000e-06	-1.721397e-06	-3.254643e-09	-1.213964e+01	-2.144905e+02
3.290000e-06	-1.746644e-06	-3.330929e-09	-1.231768e+01	-2.195289e+02
3.300000e-06	-1.771362e-06	-3.406388e-09	-1.249200e+01	-2.245177e+02
3.310000e-06	-1.795537e-06	-3.481311e-09	-1.266248e+01	-2.294266e+02
3.320000e-06	-1.819323e-06	-3.556479e-09	-1.283023e+01	-2.342104e+02
3.330000e-06	-1.842800e-06	-3.629739e-09	-1.299579e+01	-2.388324e+02
3.340000e-06	-1.865877e-06	-3.698099e-09	-1.315854e+01	-2.432833e+02
3.350000e-06	-1.888355e-06	-3.762978e-09	-1.331706e+01	-2.475838e+02
3.360000e-06	-1.910012e-06	-3.827311e-09	-1.346979e+01	-2.517705e+02
3.370000e-06	-1.930806e-06	-3.890866e-09	-1.361643e+01	-2.558735e+02
3.380000e-06	-1.950910e-06	-3.952230e-09	-1.375821e+01	-2.598989e+02
3.390000e-06	-1.970615e-06	-4.013005e-09	-1.389717e+01	-2.638264e+02
3.400000e-06	-1.989975e-06	-4.073638e-09	-1.403370e+01	-2.676237e+02
3.410000e-06	-2.008825e-06	-4.133052e-09	-1.416663e+01	-2.712666e+02
3.420000e-06	-2.027067e-06	-4.189265e-09	-1.429528e+01	-2.747533e+02
3.430000e-06	-2.044765e-06	-4.241745e-09	-1.442009e+01	-2.781027e+02
3.440000e-06	-2.061942e-06	-4.292065e-09	-1.454123e+01	-2.813396e+02
3.450000e-06	-2.078568e-06	-4.341076e-09	-1.465848e+01	-2.844752e+02
3.460000e-06	-2.094702e-06	-4.388724e-09	-1.477226e+01	-2.874976e+02
3.470000e-06	-2.110399e-06	-4.434951e-09	-1.488296e+01	-2.903779e+02
3.480000e-06	-2.125592e-06	-4.478908e-09	-1.499010e+01	-2.930898e+02
3.490000e-06	-2.140047e-06	-4.522458e-09	-1.509204e+01	-2.956289e+02
3.500000e-06	-2.153512e-06	-4.563458e-09	-1.518700e+01	-2.980207e+02
3.510000e-06	-2.166080e-06	-4.599315e-09	-1.527563e+01	-3.003088e+02
3.520000e-06	-2.177966e-06	-4.633720e-09	-1.535945e+01	-3.025321e+02
3.530000e-06	-2.189226e-06	-4.669232e-09	-1.543886e+01	-3.047024e+02
3.540000e-06	-2.199858e-06	-4.704508e-09	-1.551384e+01	-3.067972e+02
3.550000e-06	-2.209865e-06	-4.736788e-09	-1.558441e+01	-3.087730e+02
3.560000e-06	-2.219283e-06	-4.765256e-09	-1.565083e+01	-3.105910e+02
3.570000e-06	-2.228117e-06	-4.792786e-09	-1.571313e+01	-3.122405e+02
3.580000e-06	-2.236377e-06	-4.819785e-09	-1.577138e+01	-3.137467e+02
3.590000e-06	-2.244175e-06	-4.842570e-09	-1.582637e+01	-3.151564e+02
3.600000e-06	-2.251537e-06	-4.863112e-09	-1.587829e+01	-3.165125e+02
3.610000e-06	-2.258212e-06	-4.883748e-09	-1.592536e+01	-3.178301e+02
3.620000e-06	-2.264030e-06	-4.903729e-09	-1.596639e+01	-3.190897e+02
3.630000e-06	-2.268955e-06	-4.921752e-09	-1.600112e+01	-3.202509e+02
3.640000e-06	-2.273156e-06	-4.937526e-09	-1.603075e+01	-3.212775e+02
3.650000e-06	-2.276852e-06	-4.950651e-09	-1.605681e+01	-3.221597e+02
3.660000e-06	-2.279977e-06	-4.961711e-09	-1.607885e+01	-3.229195e+02
3.670000e-06	-2.282465e-06	-4.972086e-09	-1.609640e+01	-3.235976e+02
3.680000e-06	-2.284380e-06	-4.982350e-09	-1.610990e+01	-3.242303e+02
3.690000e-06	-2.285731e-06	-4.992089e-09	-1.611943e+01	-3.248299e+02
3.700000e-06	-2.286409e-06	-5.001413e-09	-1.612421e+01	-3.253802e+02
