# Temperatura_=_20.0
# Concentracion g/m^3_=_10000.0
# C_Vs_to_Am_M_A/Vsm_=_65563218390.804596
# pendiente_HvsI_1/m_=_3716.3
# ordenada_HvsI_A/m_=_1297.0
# frecuencia_Hz_=_269722.40751497063

Tiempo_(s)	Campo_(V.s)	Magnetizacion_(V.s)	Campo_(kA/m)	Magnetizacion_(A/m)
0.000000e+00	-9.123163e-07	-1.421137e-09	-6.860264e+00	-9.163116e+01
1.000000e-08	-9.121131e-07	-1.422201e-09	-6.858737e+00	-9.166543e+01
2.000000e-08	-9.116425e-07	-1.418823e-09	-6.855198e+00	-9.167356e+01
3.000000e-08	-9.109663e-07	-1.418591e-09	-6.850113e+00	-9.166663e+01
4.000000e-08	-9.100504e-07	-1.431969e-09	-6.843226e+00	-9.165621e+01
5.000000e-08	-9.089200e-07	-1.419323e-09	-6.834725e+00	-9.164653e+01
6.000000e-08	-9.076791e-07	-1.396466e-09	-6.825394e+00	-9.162873e+01
7.000000e-08	-9.061587e-07	-1.416994e-09	-6.813962e+00	-9.158184e+01
8.000000e-08	-9.042142e-07	-1.404930e-09	-6.799340e+00	-9.148151e+01
9.000000e-08	-9.019201e-07	-1.407810e-09	-6.782089e+00	-9.131221e+01
1.000000e-07	-8.992549e-07	-1.419487e-09	-6.762048e+00	-9.107624e+01
1.100000e-07	-8.962817e-07	-1.383650e-09	-6.739691e+00	-9.079395e+01
1.200000e-07	-8.931845e-07	-1.388238e-09	-6.716401e+00	-9.049434e+01
1.300000e-07	-8.899928e-07	-1.390858e-09	-6.692400e+00	-9.020066e+01
1.400000e-07	-8.865947e-07	-1.394721e-09	-6.666848e+00	-8.991887e+01
1.500000e-07	-8.828843e-07	-1.384229e-09	-6.638947e+00	-8.963515e+01
1.600000e-07	-8.788953e-07	-1.354805e-09	-6.608951e+00	-8.932380e+01
1.700000e-07	-8.746973e-07	-1.363557e-09	-6.577385e+00	-8.896118e+01
1.800000e-07	-8.702350e-07	-1.367809e-09	-6.543830e+00	-8.853788e+01
1.900000e-07	-8.654867e-07	-1.358635e-09	-6.508124e+00	-8.806288e+01
2.000000e-07	-8.605058e-07	-1.324732e-09	-6.470670e+00	-8.755787e+01
2.100000e-07	-8.552825e-07	-1.320175e-09	-6.431392e+00	-8.704527e+01
2.200000e-07	-8.497527e-07	-1.324074e-09	-6.389811e+00	-8.653696e+01
2.300000e-07	-8.439180e-07	-1.324239e-09	-6.345936e+00	-8.602926e+01
2.400000e-07	-8.378534e-07	-1.309151e-09	-6.300332e+00	-8.550635e+01
2.500000e-07	-8.316120e-07	-1.289888e-09	-6.253399e+00	-8.494924e+01
2.600000e-07	-8.251330e-07	-1.284556e-09	-6.204680e+00	-8.434520e+01
2.700000e-07	-8.183664e-07	-1.276754e-09	-6.153798e+00	-8.369282e+01
2.800000e-07	-8.113676e-07	-1.265909e-09	-6.101169e+00	-8.300102e+01
2.900000e-07	-8.041719e-07	-1.246731e-09	-6.047061e+00	-8.228384e+01
3.000000e-07	-7.967241e-07	-1.238976e-09	-5.991056e+00	-8.155422e+01
3.100000e-07	-7.889818e-07	-1.226099e-09	-5.932837e+00	-8.081984e+01
3.200000e-07	-7.809853e-07	-1.220620e-09	-5.872707e+00	-8.008187e+01
3.300000e-07	-7.727843e-07	-1.204678e-09	-5.811038e+00	-7.933588e+01
3.400000e-07	-7.643807e-07	-1.186868e-09	-5.747847e+00	-7.857344e+01
3.500000e-07	-7.557428e-07	-1.169187e-09	-5.682892e+00	-7.778363e+01
3.600000e-07	-7.469064e-07	-1.163973e-09	-5.616446e+00	-7.695522e+01
3.700000e-07	-7.379062e-07	-1.158203e-09	-5.548768e+00	-7.607980e+01
3.800000e-07	-7.286802e-07	-1.138580e-09	-5.479392e+00	-7.515585e+01
3.900000e-07	-7.191972e-07	-1.114056e-09	-5.408084e+00	-7.419175e+01
4.000000e-07	-7.095269e-07	-1.102066e-09	-5.335367e+00	-7.320526e+01
4.100000e-07	-6.996998e-07	-1.099754e-09	-5.261471e+00	-7.221823e+01
4.200000e-07	-6.896552e-07	-1.079933e-09	-5.185940e+00	-7.124765e+01
4.300000e-07	-6.793618e-07	-1.054550e-09	-5.108537e+00	-7.029695e+01
4.400000e-07	-6.688797e-07	-1.041420e-09	-5.029715e+00	-6.935229e+01
4.500000e-07	-6.582417e-07	-1.039300e-09	-4.949722e+00	-6.838666e+01
4.600000e-07	-6.474207e-07	-1.020763e-09	-4.868352e+00	-6.737089e+01
4.700000e-07	-6.364091e-07	-9.905981e-10	-4.785549e+00	-6.628691e+01
4.800000e-07	-6.252142e-07	-9.718806e-10	-4.701368e+00	-6.513679e+01
4.900000e-07	-6.138374e-07	-9.654980e-10	-4.615819e+00	-6.394287e+01
5.000000e-07	-6.022617e-07	-9.520000e-10	-4.528775e+00	-6.273854e+01
5.100000e-07	-5.904978e-07	-9.276484e-10	-4.440314e+00	-6.155380e+01
5.200000e-07	-5.785703e-07	-9.073573e-10	-4.350624e+00	-6.040243e+01
5.300000e-07	-5.664994e-07	-8.927660e-10	-4.259856e+00	-5.927665e+01
5.400000e-07	-5.542670e-07	-8.779209e-10	-4.167873e+00	-5.815168e+01
5.500000e-07	-5.418512e-07	-8.578793e-10	-4.074511e+00	-5.699766e+01
5.600000e-07	-5.292812e-07	-8.364185e-10	-3.979989e+00	-5.579312e+01
5.700000e-07	-5.165652e-07	-8.181516e-10	-3.884370e+00	-5.453416e+01
5.800000e-07	-5.037218e-07	-8.036749e-10	-3.787792e+00	-5.323529e+01
5.900000e-07	-4.907513e-07	-7.865192e-10	-3.690260e+00	-5.192254e+01
6.000000e-07	-4.776077e-07	-7.615574e-10	-3.591425e+00	-5.062219e+01
6.100000e-07	-4.643073e-07	-7.362506e-10	-3.491411e+00	-4.935025e+01
6.200000e-07	-4.508882e-07	-7.193641e-10	-3.390504e+00	-4.810690e+01
6.300000e-07	-4.373606e-07	-7.060881e-10	-3.288782e+00	-4.687751e+01
6.400000e-07	-4.237141e-07	-6.855756e-10	-3.186165e+00	-4.563931e+01
6.500000e-07	-4.099388e-07	-6.602540e-10	-3.082580e+00	-4.437057e+01
6.600000e-07	-3.960253e-07	-6.397476e-10	-2.977957e+00	-4.305873e+01
6.700000e-07	-3.819775e-07	-6.228549e-10	-2.872323e+00	-4.170437e+01
6.800000e-07	-3.678165e-07	-6.014107e-10	-2.765837e+00	-4.032001e+01
6.900000e-07	-3.535382e-07	-5.753004e-10	-2.658470e+00	-3.892421e+01
7.000000e-07	-3.391219e-07	-5.526359e-10	-2.550065e+00	-3.753370e+01
7.100000e-07	-3.245815e-07	-5.345334e-10	-2.440727e+00	-3.615664e+01
7.200000e-07	-3.099677e-07	-5.144698e-10	-2.330837e+00	-3.478987e+01
7.300000e-07	-2.952839e-07	-4.893947e-10	-2.220420e+00	-3.342114e+01
7.400000e-07	-2.805039e-07	-4.643364e-10	-2.109280e+00	-3.203521e+01
7.500000e-07	-2.656428e-07	-4.445506e-10	-1.997531e+00	-3.062075e+01
7.600000e-07	-2.507311e-07	-4.249381e-10	-1.885400e+00	-2.917480e+01
7.700000e-07	-2.357641e-07	-4.000378e-10	-1.772854e+00	-2.770272e+01
7.800000e-07	-2.207394e-07	-3.713739e-10	-1.659875e+00	-2.621412e+01
7.900000e-07	-2.056602e-07	-3.462766e-10	-1.546485e+00	-2.471740e+01
8.000000e-07	-1.905170e-07	-3.266594e-10	-1.432614e+00	-2.321633e+01
8.100000e-07	-1.753179e-07	-3.047892e-10	-1.318322e+00	-2.171046e+01
8.200000e-07	-1.600740e-07	-2.780714e-10	-1.203694e+00	-2.019873e+01
8.300000e-07	-1.447956e-07	-2.528658e-10	-1.088807e+00	-1.868340e+01
8.400000e-07	-1.294943e-07	-2.321192e-10	-9.737471e-01	-1.717093e+01
8.500000e-07	-1.141642e-07	-2.107163e-10	-8.584708e-01	-1.566861e+01
8.600000e-07	-9.878648e-08	-1.858192e-10	-7.428360e-01	-1.417882e+01
8.700000e-07	-8.336012e-08	-1.608477e-10	-6.268357e-01	-1.269497e+01
8.800000e-07	-6.790588e-08	-1.391937e-10	-5.106259e-01	-1.120283e+01
8.900000e-07	-5.243871e-08	-1.179025e-10	-3.943188e-01	-9.687648e+00
9.000000e-07	-3.695604e-08	-9.377746e-11	-2.778951e-01	-8.143720e+00
9.100000e-07	-2.145690e-08	-6.826988e-11	-1.613475e-01	-6.580273e+00
9.200000e-07	-5.946151e-09	-4.482058e-11	-4.471275e-02	-5.019042e+00
9.300000e-07	9.568473e-09	-2.287031e-11	7.195121e-02	-3.483358e+00
9.400000e-07	2.507439e-08	2.717287e-13	1.885497e-01	-1.984078e+00
9.500000e-07	4.057076e-08	2.470994e-11	3.050763e-01	-5.105368e-01
9.600000e-07	5.605307e-08	4.787698e-11	4.214973e-01	9.671037e-01
9.700000e-07	7.151315e-08	6.863111e-11	5.377511e-01	2.483794e+00
9.800000e-07	8.694408e-08	9.151287e-11	6.537857e-01	4.060532e+00
9.900000e-07	1.023358e-07	1.167687e-10	7.695254e-01	5.690762e+00
1.000000e-06	1.176902e-07	1.414060e-10	8.849849e-01	7.340617e+00
1.010000e-06	1.330147e-07	1.643930e-10	1.000219e+00	8.964144e+00
1.020000e-06	1.483034e-07	1.862271e-10	1.115184e+00	1.052619e+01
1.030000e-06	1.635502e-07	2.072272e-10	1.229834e+00	1.202075e+01
1.040000e-06	1.787534e-07	2.280804e-10	1.344156e+00	1.347457e+01
1.050000e-06	1.939068e-07	2.488617e-10	1.458104e+00	1.493351e+01
1.060000e-06	2.090045e-07	2.699060e-10	1.571633e+00	1.643886e+01
1.070000e-06	2.240478e-07	2.940880e-10	1.684752e+00	1.800627e+01
1.080000e-06	2.390373e-07	3.198911e-10	1.797468e+00	1.961872e+01
1.090000e-06	2.539719e-07	3.456458e-10	1.909770e+00	2.123681e+01
1.100000e-06	2.688505e-07	3.686983e-10	2.021651e+00	2.282009e+01
1.110000e-06	2.836537e-07	3.877070e-10	2.132965e+00	2.434722e+01
1.120000e-06	2.983585e-07	4.087117e-10	2.243540e+00	2.582373e+01
1.130000e-06	3.129739e-07	4.313646e-10	2.353442e+00	2.727414e+01
1.140000e-06	3.275098e-07	4.529947e-10	2.462746e+00	2.872426e+01
1.150000e-06	3.419377e-07	4.732990e-10	2.571239e+00	3.018512e+01
1.160000e-06	3.562502e-07	4.940210e-10	2.678863e+00	3.164816e+01
1.170000e-06	3.704627e-07	5.151349e-10	2.785736e+00	3.309405e+01
1.180000e-06	3.845754e-07	5.347182e-10	2.891858e+00	3.450855e+01
1.190000e-06	3.985721e-07	5.527817e-10	2.997108e+00	3.589468e+01
1.200000e-06	4.124247e-07	5.716459e-10	3.101274e+00	3.727281e+01
1.210000e-06	4.261397e-07	5.930005e-10	3.204405e+00	3.866829e+01
1.220000e-06	4.397303e-07	6.154084e-10	3.306601e+00	4.009437e+01
1.230000e-06	4.531950e-07	6.359635e-10	3.407851e+00	4.154162e+01
1.240000e-06	4.665430e-07	6.542355e-10	3.508223e+00	4.298094e+01
1.250000e-06	4.797667e-07	6.731835e-10	3.607660e+00	4.437918e+01
1.260000e-06	4.928359e-07	6.930039e-10	3.705935e+00	4.571802e+01
1.270000e-06	5.057524e-07	7.125029e-10	3.803062e+00	4.700456e+01
1.280000e-06	5.185333e-07	7.308201e-10	3.899170e+00	4.826685e+01
1.290000e-06	5.311797e-07	7.486438e-10	3.994265e+00	4.953693e+01
1.300000e-06	5.436911e-07	7.666581e-10	4.088346e+00	5.083136e+01
1.310000e-06	5.560455e-07	7.855211e-10	4.181247e+00	5.214142e+01
1.320000e-06	5.682304e-07	8.029638e-10	4.272872e+00	5.343899e+01
1.330000e-06	5.802572e-07	8.194565e-10	4.363309e+00	5.469470e+01
1.340000e-06	5.921246e-07	8.368531e-10	4.452547e+00	5.589733e+01
1.350000e-06	6.038154e-07	8.542551e-10	4.540458e+00	5.706227e+01
1.360000e-06	6.153057e-07	8.722515e-10	4.626860e+00	5.822351e+01
1.370000e-06	6.266050e-07	8.896227e-10	4.711826e+00	5.941353e+01
1.380000e-06	6.377369e-07	9.068067e-10	4.795534e+00	6.064273e+01
1.390000e-06	6.487095e-07	9.252698e-10	4.878044e+00	6.189095e+01
1.400000e-06	6.595071e-07	9.445117e-10	4.959238e+00	6.311626e+01
1.410000e-06	6.701022e-07	9.627992e-10	5.038908e+00	6.427647e+01
1.420000e-06	6.804968e-07	9.792332e-10	5.117072e+00	6.535118e+01
1.430000e-06	6.907053e-07	9.946953e-10	5.193836e+00	6.635212e+01
1.440000e-06	7.007150e-07	1.008633e-09	5.269105e+00	6.731624e+01
1.450000e-06	7.105071e-07	1.021087e-09	5.342738e+00	6.828602e+01
1.460000e-06	7.200954e-07	1.034357e-09	5.414838e+00	6.928822e+01
1.470000e-06	7.295006e-07	1.049330e-09	5.485561e+00	7.032260e+01
1.480000e-06	7.386980e-07	1.065339e-09	5.554722e+00	7.136585e+01
1.490000e-06	7.476706e-07	1.081036e-09	5.622193e+00	7.238702e+01
1.500000e-06	7.564370e-07	1.095040e-09	5.688113e+00	7.336470e+01
1.510000e-06	7.650042e-07	1.109064e-09	5.752534e+00	7.429630e+01
1.520000e-06	7.733588e-07	1.123283e-09	5.815358e+00	7.519524e+01
1.530000e-06	7.814823e-07	1.136678e-09	5.876443e+00	7.607958e+01
1.540000e-06	7.893830e-07	1.148920e-09	5.935853e+00	7.695997e+01
1.550000e-06	7.970523e-07	1.161145e-09	5.993524e+00	7.783426e+01
1.560000e-06	8.044710e-07	1.174987e-09	6.049309e+00	7.869100e+01
1.570000e-06	8.116563e-07	1.188539e-09	6.103340e+00	7.951810e+01
1.580000e-06	8.186270e-07	1.199399e-09	6.155757e+00	8.031007e+01
1.590000e-06	8.253657e-07	1.209869e-09	6.206430e+00	8.106917e+01
1.600000e-06	8.318616e-07	1.222340e-09	6.255277e+00	8.180029e+01
1.610000e-06	8.381342e-07	1.234594e-09	6.302444e+00	8.250433e+01
1.620000e-06	8.441865e-07	1.244426e-09	6.347955e+00	8.317537e+01
1.630000e-06	8.499987e-07	1.252560e-09	6.391660e+00	8.380450e+01
1.640000e-06	8.555597e-07	1.261253e-09	6.433477e+00	8.438770e+01
1.650000e-06	8.608562e-07	1.270533e-09	6.473304e+00	8.493223e+01
1.660000e-06	8.658715e-07	1.278040e-09	6.511018e+00	8.545619e+01
1.670000e-06	8.706248e-07	1.284500e-09	6.546760e+00	8.598039e+01
1.680000e-06	8.751487e-07	1.293195e-09	6.580779e+00	8.651680e+01
1.690000e-06	8.794291e-07	1.304619e-09	6.612966e+00	8.706050e+01
1.700000e-06	8.834515e-07	1.315657e-09	6.643213e+00	8.759055e+01
1.710000e-06	8.872437e-07	1.322874e-09	6.671728e+00	8.807987e+01
1.720000e-06	8.908025e-07	1.327300e-09	6.698489e+00	8.850910e+01
1.730000e-06	8.941039e-07	1.332219e-09	6.723314e+00	8.887641e+01
1.740000e-06	8.971599e-07	1.337705e-09	6.746295e+00	8.919809e+01
1.750000e-06	8.999767e-07	1.341144e-09	6.767476e+00	8.949960e+01
1.760000e-06	9.025333e-07	1.343601e-09	6.786700e+00	8.980252e+01
1.770000e-06	9.048361e-07	1.348868e-09	6.804016e+00	9.011454e+01
1.780000e-06	9.069008e-07	1.355581e-09	6.819542e+00	9.042774e+01
1.790000e-06	9.087026e-07	1.360745e-09	6.833091e+00	9.072487e+01
1.800000e-06	9.102289e-07	1.363950e-09	6.844568e+00	9.098924e+01
1.810000e-06	9.114798e-07	1.365751e-09	6.853975e+00	9.121192e+01
1.820000e-06	9.124471e-07	1.368019e-09	6.861248e+00	9.139291e+01
1.830000e-06	9.131529e-07	1.369707e-09	6.866555e+00	9.153686e+01
1.840000e-06	9.136102e-07	1.372068e-09	6.869995e+00	9.164764e+01
1.850000e-06	9.138038e-07	1.371904e-09	6.871450e+00	9.172603e+01
1.860000e-06	9.137353e-07	1.374351e-09	6.870935e+00	9.177196e+01
1.870000e-06	9.134057e-07	1.376581e-09	6.868457e+00	9.178892e+01
1.880000e-06	9.128292e-07	1.373455e-09	6.864121e+00	9.178623e+01
1.890000e-06	9.119869e-07	1.366617e-09	6.857788e+00	9.177614e+01
1.900000e-06	9.108203e-07	1.365707e-09	6.849015e+00	9.176654e+01
1.910000e-06	9.093786e-07	1.396219e-09	6.838174e+00	9.175379e+01
1.920000e-06	9.077564e-07	1.378013e-09	6.825976e+00	9.172082e+01
1.930000e-06	9.059837e-07	1.376391e-09	6.812646e+00	9.164318e+01
1.940000e-06	9.039398e-07	1.369751e-09	6.797277e+00	9.150062e+01
1.950000e-06	9.014528e-07	1.365809e-09	6.778575e+00	9.128820e+01
1.960000e-06	8.985642e-07	1.379291e-09	6.756854e+00	9.102014e+01
1.970000e-06	8.955394e-07	1.361201e-09	6.734109e+00	9.072376e+01
1.980000e-06	8.924746e-07	1.361342e-09	6.711063e+00	9.042614e+01
1.990000e-06	8.891785e-07	1.346132e-09	6.686277e+00	9.014061e+01
2.000000e-06	8.854732e-07	1.362783e-09	6.658415e+00	8.986034e+01
2.010000e-06	8.814394e-07	1.358497e-09	6.628083e+00	8.956264e+01
2.020000e-06	8.772944e-07	1.349154e-09	6.596914e+00	8.922139e+01
2.030000e-06	8.730116e-07	1.331460e-09	6.564708e+00	8.882083e+01
2.040000e-06	8.683983e-07	1.331224e-09	6.530018e+00	8.836323e+01
2.050000e-06	8.634009e-07	1.344517e-09	6.492440e+00	8.786668e+01
2.060000e-06	8.582019e-07	1.332102e-09	6.453345e+00	8.735486e+01
2.070000e-06	8.528700e-07	1.314030e-09	6.413252e+00	8.684461e+01
2.080000e-06	8.472523e-07	1.300386e-09	6.371008e+00	8.633812e+01
2.090000e-06	8.412713e-07	1.305944e-09	6.326034e+00	8.582328e+01
2.100000e-06	8.350608e-07	1.301636e-09	6.279333e+00	8.528108e+01
2.110000e-06	8.287198e-07	1.293153e-09	6.231651e+00	8.469554e+01
2.120000e-06	8.221282e-07	1.275453e-09	6.182085e+00	8.406079e+01
2.130000e-06	8.151900e-07	1.270681e-09	6.129912e+00	8.338234e+01
2.140000e-06	8.080011e-07	1.264307e-09	6.075855e+00	8.267307e+01
2.150000e-06	8.006738e-07	1.255434e-09	6.020756e+00	8.194696e+01
2.160000e-06	7.931184e-07	1.238487e-09	5.963942e+00	8.121397e+01
2.170000e-06	7.852302e-07	1.225979e-09	5.904626e+00	8.047767e+01
2.180000e-06	7.770900e-07	1.220265e-09	5.843416e+00	7.973559e+01
2.190000e-06	7.688174e-07	1.214678e-09	5.781208e+00	7.898058e+01
2.200000e-06	7.603359e-07	1.203481e-09	5.717431e+00	7.820248e+01
2.210000e-06	7.515490e-07	1.183599e-09	5.651357e+00	7.738984e+01
2.220000e-06	7.425462e-07	1.170545e-09	5.583660e+00	7.653277e+01
2.230000e-06	7.333949e-07	1.162619e-09	5.514845e+00	7.562669e+01
2.240000e-06	7.240271e-07	1.153037e-09	5.444403e+00	7.467608e+01
2.250000e-06	7.144085e-07	1.128360e-09	5.372075e+00	7.369556e+01
2.260000e-06	7.046092e-07	1.108841e-09	5.298387e+00	7.270635e+01
2.270000e-06	6.946491e-07	1.101005e-09	5.223492e+00	7.172840e+01
2.280000e-06	6.844555e-07	1.095691e-09	5.146839e+00	7.077103e+01
2.290000e-06	6.740210e-07	1.072380e-09	5.068376e+00	6.982683e+01
2.300000e-06	6.634308e-07	1.050838e-09	4.988742e+00	6.887275e+01
2.310000e-06	6.527084e-07	1.047727e-09	4.908114e+00	6.787884e+01
2.320000e-06	6.417985e-07	1.042312e-09	4.826076e+00	6.682147e+01
2.330000e-06	6.306641e-07	1.016569e-09	4.742349e+00	6.569460e+01
2.340000e-06	6.193346e-07	9.867142e-10	4.657156e+00	6.451358e+01
2.350000e-06	6.078204e-07	9.738171e-10	4.570573e+00	6.330921e+01
2.360000e-06	5.961035e-07	9.632642e-10	4.482467e+00	6.211451e+01
2.370000e-06	5.842158e-07	9.422598e-10	4.393076e+00	6.095046e+01
2.380000e-06	5.721718e-07	9.186197e-10	4.302510e+00	5.981736e+01
2.390000e-06	5.599688e-07	9.055470e-10	4.210748e+00	5.869571e+01
2.400000e-06	5.476227e-07	8.935234e-10	4.117910e+00	5.755590e+01
2.410000e-06	5.351109e-07	8.736954e-10	4.023826e+00	5.637190e+01
2.420000e-06	5.224325e-07	8.508239e-10	3.928490e+00	5.513264e+01
2.430000e-06	5.096154e-07	8.288821e-10	3.832110e+00	5.384616e+01
2.440000e-06	4.966653e-07	8.097766e-10	3.734730e+00	5.253538e+01
2.450000e-06	4.835875e-07	7.926851e-10	3.636391e+00	5.122784e+01
2.460000e-06	4.703479e-07	7.745903e-10	3.536833e+00	4.994441e+01
2.470000e-06	4.569535e-07	7.531379e-10	3.436113e+00	4.869144e+01
2.480000e-06	4.434507e-07	7.328977e-10	3.334577e+00	4.745932e+01
2.490000e-06	4.298326e-07	7.187487e-10	3.232175e+00	4.622732e+01
2.500000e-06	4.160849e-07	7.017491e-10	3.128797e+00	4.497222e+01
2.510000e-06	4.021995e-07	6.788148e-10	3.024384e+00	4.367729e+01
2.520000e-06	3.881647e-07	6.571689e-10	2.918848e+00	4.233805e+01
2.530000e-06	3.739931e-07	6.398369e-10	2.812283e+00	4.096301e+01
2.540000e-06	3.597258e-07	6.197139e-10	2.704999e+00	3.956935e+01
2.550000e-06	3.453632e-07	5.943006e-10	2.596997e+00	3.817541e+01
2.560000e-06	3.308973e-07	5.706082e-10	2.488219e+00	3.679314e+01
2.570000e-06	3.163529e-07	5.531221e-10	2.378851e+00	3.542365e+01
2.580000e-06	3.017464e-07	5.381402e-10	2.269016e+00	3.405752e+01
2.590000e-06	2.870653e-07	5.179813e-10	2.158619e+00	3.267980e+01
2.600000e-06	2.722780e-07	4.936488e-10	2.047425e+00	3.127697e+01
2.610000e-06	2.573785e-07	4.714412e-10	1.935387e+00	2.984268e+01
2.620000e-06	2.424021e-07	4.535709e-10	1.822770e+00	2.837946e+01
2.630000e-06	2.273720e-07	4.347462e-10	1.709749e+00	2.689598e+01
2.640000e-06	2.122829e-07	4.106599e-10	1.596285e+00	2.540166e+01
2.650000e-06	1.971427e-07	3.853546e-10	1.482436e+00	2.390219e+01
2.660000e-06	1.819604e-07	3.655107e-10	1.368271e+00	2.239839e+01
2.670000e-06	1.667291e-07	3.482462e-10	1.253738e+00	2.088892e+01
2.680000e-06	1.514426e-07	3.248953e-10	1.138790e+00	1.937446e+01
2.690000e-06	1.361203e-07	2.972341e-10	1.023572e+00	1.786008e+01
2.700000e-06	1.207828e-07	2.746894e-10	9.082399e-01	1.635336e+01
2.710000e-06	1.054186e-07	2.569850e-10	7.927071e-01	1.485921e+01
2.720000e-06	9.001379e-08	2.353970e-10	6.768688e-01	1.337458e+01
2.730000e-06	7.458831e-08	2.088468e-10	5.608752e-01	1.188754e+01
2.740000e-06	5.916034e-08	1.830560e-10	4.448628e-01	1.038243e+01
2.750000e-06	4.373013e-08	1.614984e-10	3.288336e-01	8.849131e+00
2.760000e-06	2.829020e-08	1.409168e-10	2.127313e-01	7.291050e+00
2.770000e-06	1.283135e-08	1.160286e-10	9.648678e-02	5.726114e+00
2.780000e-06	-2.631310e-09	8.967828e-11	-1.978643e-02	4.178703e+00
2.790000e-06	-1.807757e-08	6.808258e-11	-1.359363e-01	2.665865e+00
2.800000e-06	-3.351629e-08	4.891314e-11	-2.520295e-01	1.185423e+00
2.810000e-06	-4.895754e-08	2.529973e-11	-3.681417e-01	-2.863668e-01
2.820000e-06	-6.439257e-08	-7.495095e-13	-4.842072e-01	-1.784717e+00
2.830000e-06	-7.981216e-08	-2.502541e-11	-6.001565e-01	-3.337979e+00
2.840000e-06	-9.520782e-08	-4.746946e-11	-7.159258e-01	-4.950761e+00
2.850000e-06	-1.105832e-07	-7.268211e-11	-8.315425e-01	-6.598380e+00
2.860000e-06	-1.259436e-07	-1.020171e-10	-9.470471e-01	-8.236902e+00
2.870000e-06	-1.412672e-07	-1.296894e-10	-1.062274e+00	-9.824452e+00
2.880000e-06	-1.565348e-07	-1.522234e-10	-1.177081e+00	-1.134273e+01
2.890000e-06	-1.717557e-07	-1.727245e-10	-1.291536e+00	-1.280694e+01
2.900000e-06	-1.869344e-07	-1.971368e-10	-1.405674e+00	-1.425824e+01
2.910000e-06	-2.020626e-07	-2.228406e-10	-1.519432e+00	-1.574255e+01
2.920000e-06	-2.171412e-07	-2.452338e-10	-1.632818e+00	-1.728689e+01
2.930000e-06	-2.321772e-07	-2.673072e-10	-1.745882e+00	-1.888619e+01
2.940000e-06	-2.471606e-07	-2.929281e-10	-1.858552e+00	-2.050727e+01
2.950000e-06	-2.620595e-07	-3.208971e-10	-1.970586e+00	-2.210739e+01
2.960000e-06	-2.768472e-07	-3.459387e-10	-2.081783e+00	-2.365627e+01
2.970000e-06	-2.915389e-07	-3.668846e-10	-2.192260e+00	-2.514950e+01
2.980000e-06	-3.061639e-07	-3.899038e-10	-2.302233e+00	-2.660623e+01
2.990000e-06	-3.207202e-07	-4.166705e-10	-2.411692e+00	-2.805403e+01
3.000000e-06	-3.351829e-07	-4.410324e-10	-2.520445e+00	-2.951080e+01
3.010000e-06	-3.495372e-07	-4.611692e-10	-2.628384e+00	-3.097495e+01
3.020000e-06	-3.638025e-07	-4.825713e-10	-2.735653e+00	-3.242948e+01
3.030000e-06	-3.779893e-07	-5.084020e-10	-2.842333e+00	-3.385639e+01
3.040000e-06	-3.920479e-07	-5.341172e-10	-2.948048e+00	-3.525145e+01
3.050000e-06	-4.059468e-07	-5.559344e-10	-3.052562e+00	-3.662943e+01
3.060000e-06	-4.197065e-07	-5.758492e-10	-3.156030e+00	-3.801577e+01
3.070000e-06	-4.333431e-07	-5.993141e-10	-3.258572e+00	-3.943009e+01
3.080000e-06	-4.468647e-07	-6.247163e-10	-3.360249e+00	-4.087191e+01
3.090000e-06	-4.602673e-07	-6.455709e-10	-3.461031e+00	-4.231821e+01
3.100000e-06	-4.735206e-07	-6.634848e-10	-3.560691e+00	-4.373508e+01
3.110000e-06	-4.866236e-07	-6.843454e-10	-3.659221e+00	-4.509672e+01
3.120000e-06	-4.996073e-07	-7.090142e-10	-3.756853e+00	-4.640035e+01
3.130000e-06	-5.124619e-07	-7.310600e-10	-3.853515e+00	-4.766766e+01
3.140000e-06	-5.251787e-07	-7.494171e-10	-3.949140e+00	-4.893160e+01
3.150000e-06	-5.377464e-07	-7.693702e-10	-4.043645e+00	-5.021643e+01
3.160000e-06	-5.501461e-07	-7.922215e-10	-4.136885e+00	-5.152311e+01
3.170000e-06	-5.623939e-07	-8.163607e-10	-4.228984e+00	-5.282913e+01
3.180000e-06	-5.745021e-07	-8.347498e-10	-4.320033e+00	-5.410309e+01
3.190000e-06	-5.864563e-07	-8.523861e-10	-4.409924e+00	-5.532516e+01
3.200000e-06	-5.982270e-07	-8.727382e-10	-4.498435e+00	-5.650081e+01
3.210000e-06	-6.097973e-07	-8.921937e-10	-4.585439e+00	-5.765896e+01
3.220000e-06	-6.211724e-07	-9.115133e-10	-4.670975e+00	-5.883535e+01
3.230000e-06	-6.323574e-07	-9.298988e-10	-4.755083e+00	-6.005051e+01
3.240000e-06	-6.433438e-07	-9.516606e-10	-4.837695e+00	-6.129563e+01
3.250000e-06	-6.541448e-07	-9.734283e-10	-4.918915e+00	-6.253491e+01
3.260000e-06	-6.647853e-07	-9.912116e-10	-4.998927e+00	-6.372341e+01
3.270000e-06	-6.752543e-07	-1.005572e-09	-5.077650e+00	-6.483048e+01
3.280000e-06	-6.855340e-07	-1.020741e-09	-5.154949e+00	-6.585569e+01
3.290000e-06	-6.956004e-07	-1.036688e-09	-5.230645e+00	-6.682834e+01
3.300000e-06	-7.054544e-07	-1.052594e-09	-5.304744e+00	-6.779154e+01
3.310000e-06	-7.151236e-07	-1.067883e-09	-5.377452e+00	-6.878001e+01
3.320000e-06	-7.246101e-07	-1.084170e-09	-5.448786e+00	-6.980398e+01
3.330000e-06	-7.338928e-07	-1.102008e-09	-5.518589e+00	-7.084745e+01
3.340000e-06	-7.429697e-07	-1.119014e-09	-5.586844e+00	-7.188016e+01
3.350000e-06	-7.518420e-07	-1.134991e-09	-5.653560e+00	-7.287544e+01
3.360000e-06	-7.605025e-07	-1.149243e-09	-5.718684e+00	-7.382333e+01
3.370000e-06	-7.689360e-07	-1.163418e-09	-5.782101e+00	-7.473227e+01
3.380000e-06	-7.771412e-07	-1.177086e-09	-5.843800e+00	-7.562015e+01
3.390000e-06	-7.851369e-07	-1.189336e-09	-5.903925e+00	-7.650149e+01
3.400000e-06	-7.929031e-07	-1.201102e-09	-5.962324e+00	-7.737899e+01
3.410000e-06	-8.004151e-07	-1.215223e-09	-6.018811e+00	-7.824381e+01
3.420000e-06	-8.076864e-07	-1.230515e-09	-6.073488e+00	-7.908304e+01
3.430000e-06	-8.147319e-07	-1.243593e-09	-6.126468e+00	-7.988819e+01
3.440000e-06	-8.215367e-07	-1.254412e-09	-6.177637e+00	-8.065894e+01
3.450000e-06	-8.280954e-07	-1.265312e-09	-6.226956e+00	-8.140004e+01
3.460000e-06	-8.344279e-07	-1.276527e-09	-6.274574e+00	-8.211449e+01
3.470000e-06	-8.405358e-07	-1.286957e-09	-6.320503e+00	-8.279885e+01
3.480000e-06	-8.463997e-07	-1.296570e-09	-6.364597e+00	-8.344453e+01
3.490000e-06	-8.520247e-07	-1.305644e-09	-6.406895e+00	-8.404471e+01
3.500000e-06	-8.574190e-07	-1.314062e-09	-6.447459e+00	-8.460201e+01
3.510000e-06	-8.625570e-07	-1.322075e-09	-6.486094e+00	-8.513106e+01
3.520000e-06	-8.674043e-07	-1.330789e-09	-6.522544e+00	-8.565296e+01
3.530000e-06	-8.719704e-07	-1.338749e-09	-6.556879e+00	-8.618429e+01
3.540000e-06	-8.763090e-07	-1.345590e-09	-6.589504e+00	-8.672691e+01
3.550000e-06	-8.804364e-07	-1.353053e-09	-6.620540e+00	-8.726513e+01
3.560000e-06	-8.843319e-07	-1.360549e-09	-6.649832e+00	-8.777261e+01
3.570000e-06	-8.879795e-07	-1.367298e-09	-6.677261e+00	-8.822557e+01
3.580000e-06	-8.913754e-07	-1.373386e-09	-6.702797e+00	-8.861497e+01
3.590000e-06	-8.945234e-07	-1.378600e-09	-6.726469e+00	-8.895091e+01
3.600000e-06	-8.974118e-07	-1.382326e-09	-6.748189e+00	-8.925688e+01
3.610000e-06	-9.000495e-07	-1.386746e-09	-6.768023e+00	-8.955741e+01
3.620000e-06	-9.024509e-07	-1.392443e-09	-6.786080e+00	-8.986609e+01
3.630000e-06	-9.045949e-07	-1.397452e-09	-6.802203e+00	-9.018049e+01
3.640000e-06	-9.064813e-07	-1.401011e-09	-6.816388e+00	-9.048576e+01
3.650000e-06	-9.081160e-07	-1.405080e-09	-6.828680e+00	-9.076389e+01
3.660000e-06	-9.094797e-07	-1.410560e-09	-6.838935e+00	-9.100255e+01
3.670000e-06	-9.105671e-07	-1.415053e-09	-6.847111e+00	-9.119867e+01
3.680000e-06	-9.113906e-07	-1.417892e-09	-6.853304e+00	-9.135583e+01
3.690000e-06	-9.119524e-07	-1.418691e-09	-6.857528e+00	-9.147871e+01
3.700000e-06	-9.122527e-07	-1.417736e-09	-6.859786e+00	-9.156922e+01
