# Temperatura_=_20.0
# Concentracion g/m^3_=_10000.0
# C_Vs_to_Am_M_A/Vsm_=_65563218390.804596
# pendiente_HvsI_1/m_=_3716.3
# ordenada_HvsI_A/m_=_1297.0
# frecuencia_Hz_=_269723.07617659116

Tiempo_(s)	Campo_(V.s)	Magnetizacion_(V.s)	Campo_(kA/m)	Magnetizacion_(A/m)
0.000000e+00	-9.128176e-07	-1.427529e-09	-6.859797e+00	-9.241250e+01
1.000000e-08	-9.126482e-07	-1.427884e-09	-6.858524e+00	-9.236493e+01
2.000000e-08	-9.122001e-07	-1.427608e-09	-6.855157e+00	-9.228064e+01
3.000000e-08	-9.115433e-07	-1.427662e-09	-6.850221e+00	-9.220844e+01
4.000000e-08	-9.106649e-07	-1.429708e-09	-6.843620e+00	-9.218356e+01
5.000000e-08	-9.095527e-07	-1.427354e-09	-6.835262e+00	-9.220782e+01
6.000000e-08	-9.083164e-07	-1.422320e-09	-6.825971e+00	-9.224507e+01
7.000000e-08	-9.068346e-07	-1.425460e-09	-6.814835e+00	-9.223565e+01
8.000000e-08	-9.049277e-07	-1.422988e-09	-6.800505e+00	-9.212387e+01
9.000000e-08	-9.026706e-07	-1.419365e-09	-6.783543e+00	-9.188517e+01
1.000000e-07	-9.000591e-07	-1.413292e-09	-6.763918e+00	-9.153900e+01
1.100000e-07	-8.971146e-07	-1.398102e-09	-6.741790e+00	-9.114063e+01
1.200000e-07	-8.940214e-07	-1.391655e-09	-6.718544e+00	-9.075565e+01
1.300000e-07	-8.908390e-07	-1.390942e-09	-6.694629e+00	-9.042990e+01
1.400000e-07	-8.874636e-07	-1.394320e-09	-6.669263e+00	-9.016962e+01
1.500000e-07	-8.837890e-07	-1.389864e-09	-6.641649e+00	-8.994117e+01
1.600000e-07	-8.798305e-07	-1.374071e-09	-6.611900e+00	-8.968942e+01
1.700000e-07	-8.756596e-07	-1.365169e-09	-6.580556e+00	-8.936461e+01
1.800000e-07	-8.712301e-07	-1.362148e-09	-6.547269e+00	-8.894424e+01
1.900000e-07	-8.665079e-07	-1.354677e-09	-6.511781e+00	-8.843987e+01
2.000000e-07	-8.615401e-07	-1.337443e-09	-6.474448e+00	-8.788743e+01
2.100000e-07	-8.563331e-07	-1.330476e-09	-6.435318e+00	-8.732769e+01
2.200000e-07	-8.508378e-07	-1.330556e-09	-6.394021e+00	-8.678758e+01
2.300000e-07	-8.450319e-07	-1.325376e-09	-6.350390e+00	-8.627081e+01
2.400000e-07	-8.389761e-07	-1.313016e-09	-6.304881e+00	-8.576045e+01
2.500000e-07	-8.327388e-07	-1.298591e-09	-6.258008e+00	-8.522975e+01
2.600000e-07	-8.262812e-07	-1.289948e-09	-6.209479e+00	-8.465453e+01
2.700000e-07	-8.195412e-07	-1.279190e-09	-6.158828e+00	-8.402133e+01
2.800000e-07	-8.125628e-07	-1.266229e-09	-6.106386e+00	-8.332934e+01
2.900000e-07	-8.053916e-07	-1.254175e-09	-6.052494e+00	-8.258772e+01
3.000000e-07	-7.979734e-07	-1.246197e-09	-5.996747e+00	-8.181135e+01
3.100000e-07	-7.902568e-07	-1.235099e-09	-5.938757e+00	-8.101710e+01
3.200000e-07	-7.822703e-07	-1.220896e-09	-5.878738e+00	-8.022077e+01
3.300000e-07	-7.740747e-07	-1.204643e-09	-5.817149e+00	-7.943379e+01
3.400000e-07	-7.656890e-07	-1.189602e-09	-5.754130e+00	-7.865940e+01
3.500000e-07	-7.570748e-07	-1.179597e-09	-5.689395e+00	-7.788972e+01
3.600000e-07	-7.482518e-07	-1.172008e-09	-5.623090e+00	-7.710633e+01
3.700000e-07	-7.392624e-07	-1.159900e-09	-5.555536e+00	-7.628564e+01
3.800000e-07	-7.300579e-07	-1.141079e-09	-5.486364e+00	-7.540822e+01
3.900000e-07	-7.205944e-07	-1.122357e-09	-5.415246e+00	-7.446785e+01
4.000000e-07	-7.109313e-07	-1.108042e-09	-5.342628e+00	-7.347553e+01
4.100000e-07	-7.011140e-07	-1.095064e-09	-5.268851e+00	-7.245552e+01
4.200000e-07	-6.910948e-07	-1.077295e-09	-5.193557e+00	-7.143466e+01
4.300000e-07	-6.808272e-07	-1.061192e-09	-5.116397e+00	-7.043008e+01
4.400000e-07	-6.703525e-07	-1.050377e-09	-5.037679e+00	-6.944159e+01
4.500000e-07	-6.597227e-07	-1.036118e-09	-4.957797e+00	-6.845287e+01
4.600000e-07	-6.489220e-07	-1.012810e-09	-4.876630e+00	-6.744050e+01
4.700000e-07	-6.379334e-07	-9.899004e-10	-4.794051e+00	-6.638608e+01
4.800000e-07	-6.267572e-07	-9.760636e-10	-4.710062e+00	-6.528473e+01
4.900000e-07	-6.153854e-07	-9.644243e-10	-4.624603e+00	-6.414580e+01
5.000000e-07	-6.038117e-07	-9.463268e-10	-4.537627e+00	-6.298606e+01
5.100000e-07	-5.920540e-07	-9.271721e-10	-4.449269e+00	-6.181990e+01
5.200000e-07	-5.801338e-07	-9.128001e-10	-4.359689e+00	-6.065229e+01
5.300000e-07	-5.680689e-07	-8.940142e-10	-4.269021e+00	-5.947823e+01
5.400000e-07	-5.558442e-07	-8.692323e-10	-4.177153e+00	-5.828831e+01
5.500000e-07	-5.434332e-07	-8.492036e-10	-4.083884e+00	-5.707620e+01
5.600000e-07	-5.308660e-07	-8.352773e-10	-3.989443e+00	-5.584336e+01
5.700000e-07	-5.181618e-07	-8.192690e-10	-3.893971e+00	-5.459814e+01
5.800000e-07	-5.053295e-07	-7.987095e-10	-3.797537e+00	-5.335025e+01
5.900000e-07	-4.923708e-07	-7.784562e-10	-3.700152e+00	-5.210446e+01
6.000000e-07	-4.792509e-07	-7.610882e-10	-3.601557e+00	-5.085755e+01
6.100000e-07	-4.659698e-07	-7.421644e-10	-3.501750e+00	-4.960058e+01
6.200000e-07	-4.525604e-07	-7.210508e-10	-3.400978e+00	-4.832463e+01
6.300000e-07	-4.390381e-07	-7.022038e-10	-3.299358e+00	-4.702667e+01
6.400000e-07	-4.253983e-07	-6.844852e-10	-3.196856e+00	-4.571158e+01
6.500000e-07	-4.116314e-07	-6.628971e-10	-3.093398e+00	-4.438923e+01
6.600000e-07	-3.977182e-07	-6.398327e-10	-2.988841e+00	-4.306825e+01
6.700000e-07	-3.836688e-07	-6.195087e-10	-2.883260e+00	-4.175016e+01
6.800000e-07	-3.695074e-07	-6.004791e-10	-2.776838e+00	-4.042712e+01
6.900000e-07	-3.552253e-07	-5.794407e-10	-2.669508e+00	-3.908468e+01
7.000000e-07	-3.407966e-07	-5.561075e-10	-2.561076e+00	-3.770808e+01
7.100000e-07	-3.262409e-07	-5.329954e-10	-2.451691e+00	-3.628915e+01
7.200000e-07	-3.116195e-07	-5.093953e-10	-2.341812e+00	-3.483057e+01
7.300000e-07	-2.969307e-07	-4.844430e-10	-2.231425e+00	-3.334588e+01
7.400000e-07	-2.821516e-07	-4.592208e-10	-2.120361e+00	-3.185517e+01
7.500000e-07	-2.672971e-07	-4.365799e-10	-2.008730e+00	-3.037807e+01
7.600000e-07	-2.523871e-07	-4.150448e-10	-1.896682e+00	-2.892655e+01
7.700000e-07	-2.374232e-07	-3.931679e-10	-1.784229e+00	-2.749995e+01
7.800000e-07	-2.223979e-07	-3.703277e-10	-1.671314e+00	-2.608410e+01
7.900000e-07	-2.073153e-07	-3.458302e-10	-1.557968e+00	-2.465552e+01
8.000000e-07	-1.921768e-07	-3.218133e-10	-1.444203e+00	-2.318993e+01
8.100000e-07	-1.769818e-07	-2.991930e-10	-1.330013e+00	-2.167244e+01
8.200000e-07	-1.617412e-07	-2.760448e-10	-1.215480e+00	-2.010540e+01
8.300000e-07	-1.464708e-07	-2.504724e-10	-1.100724e+00	-1.850982e+01
8.400000e-07	-1.311682e-07	-2.256386e-10	-9.857252e-01	-1.691840e+01
8.500000e-07	-1.158311e-07	-2.018126e-10	-8.704670e-01	-1.536194e+01
8.600000e-07	-1.004482e-07	-1.780675e-10	-7.548651e-01	-1.385488e+01
8.700000e-07	-8.501227e-08	-1.551729e-10	-6.388647e-01	-1.238692e+01
8.800000e-07	-6.953367e-08	-1.324197e-10	-5.225435e-01	-1.092624e+01
8.900000e-07	-5.403428e-08	-1.094220e-10	-4.060660e-01	-9.433944e+00
9.000000e-07	-3.853819e-08	-8.598636e-11	-2.896134e-01	-7.883659e+00
9.100000e-07	-2.302617e-08	-6.185545e-11	-1.730410e-01	-6.276351e+00
9.200000e-07	-7.486756e-09	-3.746722e-11	-5.626275e-02	-4.642146e+00
9.300000e-07	8.058854e-09	-1.314510e-11	6.056205e-02	-3.026997e+00
9.400000e-07	2.359068e-08	1.187265e-11	1.772833e-01	-1.470208e+00
9.500000e-07	3.911189e-08	3.634310e-11	2.939247e-01	1.577899e-02
9.600000e-07	5.462572e-08	5.838353e-11	4.105107e-01	1.452454e+00
9.700000e-07	7.011440e-08	7.795880e-11	5.269077e-01	2.884851e+00
9.800000e-07	8.557132e-08	9.904127e-11	6.430659e-01	4.358738e+00
9.900000e-07	1.009825e-07	1.226913e-10	7.588803e-01	5.897317e+00
1.000000e-06	1.163470e-07	1.461036e-10	8.743443e-01	7.489926e+00
1.010000e-06	1.316819e-07	1.687189e-10	9.895855e-01	9.098774e+00
1.020000e-06	1.469784e-07	1.920314e-10	1.104539e+00	1.067993e+01
1.030000e-06	1.622290e-07	2.146004e-10	1.219146e+00	1.220700e+01
1.040000e-06	1.774397e-07	2.353163e-10	1.333454e+00	1.368450e+01
1.050000e-06	1.926122e-07	2.552815e-10	1.447475e+00	1.514417e+01
1.060000e-06	2.077271e-07	2.760564e-10	1.561063e+00	1.662665e+01
1.070000e-06	2.227807e-07	2.989969e-10	1.674191e+00	1.815943e+01
1.080000e-06	2.377804e-07	3.231125e-10	1.786913e+00	1.974311e+01
1.090000e-06	2.527184e-07	3.474308e-10	1.899171e+00	2.135299e+01
1.100000e-06	2.675966e-07	3.699297e-10	2.010980e+00	2.295370e+01
1.110000e-06	2.824129e-07	3.903057e-10	2.122325e+00	2.451761e+01
1.120000e-06	2.971475e-07	4.109273e-10	2.233054e+00	2.603620e+01
1.130000e-06	3.117845e-07	4.326578e-10	2.343051e+00	2.751879e+01
1.140000e-06	3.263269e-07	4.546226e-10	2.452337e+00	2.898136e+01
1.150000e-06	3.407724e-07	4.768057e-10	2.560895e+00	3.043368e+01
1.160000e-06	3.551066e-07	4.999236e-10	2.668616e+00	3.187372e+01
1.170000e-06	3.693348e-07	5.207085e-10	2.775540e+00	3.329254e+01
1.180000e-06	3.834619e-07	5.380899e-10	2.881705e+00	3.468558e+01
1.190000e-06	3.974816e-07	5.558088e-10	2.987063e+00	3.606171e+01
1.200000e-06	4.113607e-07	5.759212e-10	3.091363e+00	3.744274e+01
1.210000e-06	4.250854e-07	5.979951e-10	3.194504e+00	3.885235e+01
1.220000e-06	4.386867e-07	6.192553e-10	3.296718e+00	4.030094e+01
1.230000e-06	4.521716e-07	6.390261e-10	3.398057e+00	4.177594e+01
1.240000e-06	4.655351e-07	6.593078e-10	3.498483e+00	4.324495e+01
1.250000e-06	4.787759e-07	6.797204e-10	3.597987e+00	4.467092e+01
1.260000e-06	4.918751e-07	6.986049e-10	3.696427e+00	4.603159e+01
1.270000e-06	5.048175e-07	7.158754e-10	3.793689e+00	4.733182e+01
1.280000e-06	5.176165e-07	7.336562e-10	3.889873e+00	4.860143e+01
1.290000e-06	5.302781e-07	7.530923e-10	3.985024e+00	4.987914e+01
1.300000e-06	5.428051e-07	7.705223e-10	4.079164e+00	5.119151e+01
1.310000e-06	5.551917e-07	7.866135e-10	4.172249e+00	5.253840e+01
1.320000e-06	5.674127e-07	8.050271e-10	4.264090e+00	5.389319e+01
1.330000e-06	5.794667e-07	8.257729e-10	4.354675e+00	5.521725e+01
1.340000e-06	5.913612e-07	8.455718e-10	4.444062e+00	5.648044e+01
1.350000e-06	6.030847e-07	8.631216e-10	4.532164e+00	5.767623e+01
1.360000e-06	6.146065e-07	8.799672e-10	4.618750e+00	5.882368e+01
1.370000e-06	6.259266e-07	8.962015e-10	4.703820e+00	5.995594e+01
1.380000e-06	6.370765e-07	9.121410e-10	4.787611e+00	6.110253e+01
1.390000e-06	6.480666e-07	9.277733e-10	4.870201e+00	6.227522e+01
1.400000e-06	6.588876e-07	9.444834e-10	4.951521e+00	6.346456e+01
1.410000e-06	6.695087e-07	9.636440e-10	5.031338e+00	6.464732e+01
1.420000e-06	6.799263e-07	9.823793e-10	5.109626e+00	6.579947e+01
1.430000e-06	6.901604e-07	9.984186e-10	5.186535e+00	6.690678e+01
1.440000e-06	7.002009e-07	1.012946e-09	5.261989e+00	6.796826e+01
1.450000e-06	7.100224e-07	1.027938e-09	5.335797e+00	6.899229e+01
1.460000e-06	7.196286e-07	1.043119e-09	5.407988e+00	6.998967e+01
1.470000e-06	7.290470e-07	1.057190e-09	5.478766e+00	7.096878e+01
1.480000e-06	7.382705e-07	1.070062e-09	5.548082e+00	7.193496e+01
1.490000e-06	7.472754e-07	1.083683e-09	5.615753e+00	7.289292e+01
1.500000e-06	7.560711e-07	1.098606e-09	5.681852e+00	7.384841e+01
1.510000e-06	7.646694e-07	1.113538e-09	5.746468e+00	7.480656e+01
1.520000e-06	7.730510e-07	1.127311e-09	5.809456e+00	7.576732e+01
1.530000e-06	7.811996e-07	1.140943e-09	5.870692e+00	7.672148e+01
1.540000e-06	7.891257e-07	1.155550e-09	5.930256e+00	7.765119e+01
1.550000e-06	7.968351e-07	1.168526e-09	5.988192e+00	7.853636e+01
1.560000e-06	8.042984e-07	1.179326e-09	6.044279e+00	7.936418e+01
1.570000e-06	8.115151e-07	1.189680e-09	6.098512e+00	8.013650e+01
1.580000e-06	8.185086e-07	1.200442e-09	6.151068e+00	8.087007e+01
1.590000e-06	8.252721e-07	1.211203e-09	6.201895e+00	8.158874e+01
1.600000e-06	8.317907e-07	1.222616e-09	6.250883e+00	8.231141e+01
1.610000e-06	8.380826e-07	1.234518e-09	6.298166e+00	8.304204e+01
1.620000e-06	8.441605e-07	1.244405e-09	6.343842e+00	8.376741e+01
1.630000e-06	8.499940e-07	1.252751e-09	6.387680e+00	8.446396e+01
1.640000e-06	8.555783e-07	1.261562e-09	6.429646e+00	8.510978e+01
1.650000e-06	8.609086e-07	1.272458e-09	6.469703e+00	8.569553e+01
1.660000e-06	8.659623e-07	1.283031e-09	6.507681e+00	8.622864e+01
1.670000e-06	8.707466e-07	1.290224e-09	6.543635e+00	8.672913e+01
1.680000e-06	8.752937e-07	1.296909e-09	6.577807e+00	8.722000e+01
1.690000e-06	8.795972e-07	1.306194e-09	6.610147e+00	8.771740e+01
1.700000e-06	8.836454e-07	1.317384e-09	6.640569e+00	8.822509e+01
1.710000e-06	8.874630e-07	1.326520e-09	6.669259e+00	8.873474e+01
1.720000e-06	8.910449e-07	1.331648e-09	6.696176e+00	8.923047e+01
1.730000e-06	8.943694e-07	1.336272e-09	6.721160e+00	8.969456e+01
1.740000e-06	8.974481e-07	1.342710e-09	6.744296e+00	9.011195e+01
1.750000e-06	9.002882e-07	1.348483e-09	6.765639e+00	9.047329e+01
1.760000e-06	9.028646e-07	1.351523e-09	6.785001e+00	9.077687e+01
1.770000e-06	9.051823e-07	1.354095e-09	6.802419e+00	9.103008e+01
1.780000e-06	9.072609e-07	1.358838e-09	6.818039e+00	9.124913e+01
1.790000e-06	9.090902e-07	1.364121e-09	6.831786e+00	9.145554e+01
1.800000e-06	9.106515e-07	1.367633e-09	6.843519e+00	9.166849e+01
1.810000e-06	9.119367e-07	1.368808e-09	6.853178e+00	9.189538e+01
1.820000e-06	9.129352e-07	1.371006e-09	6.860681e+00	9.212522e+01
1.830000e-06	9.136630e-07	1.376036e-09	6.866151e+00	9.232980e+01
1.840000e-06	9.141452e-07	1.380708e-09	6.869774e+00	9.247450e+01
1.850000e-06	9.143682e-07	1.381233e-09	6.871450e+00	9.253510e+01
1.860000e-06	9.143221e-07	1.379566e-09	6.871104e+00	9.251246e+01
1.870000e-06	9.140133e-07	1.379632e-09	6.868783e+00	9.243630e+01
1.880000e-06	9.134569e-07	1.380064e-09	6.864602e+00	9.235419e+01
1.890000e-06	9.126377e-07	1.377348e-09	6.858445e+00	9.230928e+01
1.900000e-06	9.114897e-07	1.375444e-09	6.849818e+00	9.231746e+01
1.910000e-06	9.100584e-07	1.380953e-09	6.839062e+00	9.235610e+01
1.920000e-06	9.084468e-07	1.381178e-09	6.826951e+00	9.237161e+01
1.930000e-06	9.066904e-07	1.380409e-09	6.813752e+00	9.230326e+01
1.940000e-06	9.046807e-07	1.376314e-09	6.798649e+00	9.211231e+01
1.950000e-06	9.022358e-07	1.373977e-09	6.780276e+00	9.180148e+01
1.960000e-06	8.993754e-07	1.376556e-09	6.758780e+00	9.141489e+01
1.970000e-06	8.963550e-07	1.371429e-09	6.736081e+00	9.101788e+01
1.980000e-06	8.933015e-07	1.362386e-09	6.713134e+00	9.066685e+01
1.990000e-06	8.900346e-07	1.351257e-09	6.688584e+00	9.038408e+01
2.000000e-06	8.863664e-07	1.350627e-09	6.661017e+00	9.014958e+01
2.010000e-06	8.823490e-07	1.352918e-09	6.630827e+00	8.991329e+01
2.020000e-06	8.782035e-07	1.352927e-09	6.599674e+00	8.962033e+01
2.030000e-06	8.739357e-07	1.345298e-09	6.567601e+00	8.923624e+01
2.040000e-06	8.693585e-07	1.339630e-09	6.533204e+00	8.876012e+01
2.050000e-06	8.643902e-07	1.339304e-09	6.495867e+00	8.822074e+01
2.060000e-06	8.592012e-07	1.330462e-09	6.456872e+00	8.765952e+01
2.070000e-06	8.538882e-07	1.314959e-09	6.416945e+00	8.711032e+01
2.080000e-06	8.482932e-07	1.301844e-09	6.374899e+00	8.658588e+01
2.090000e-06	8.423259e-07	1.298391e-09	6.330054e+00	8.607603e+01
2.100000e-06	8.361076e-07	1.297529e-09	6.283324e+00	8.555618e+01
2.110000e-06	8.297669e-07	1.293136e-09	6.235674e+00	8.499994e+01
2.120000e-06	8.232016e-07	1.282162e-09	6.186336e+00	8.438925e+01
2.130000e-06	8.162875e-07	1.272324e-09	6.134377e+00	8.371870e+01
2.140000e-06	8.091073e-07	1.262713e-09	6.080418e+00	8.299418e+01
2.150000e-06	8.017898e-07	1.251150e-09	6.025427e+00	8.222892e+01
2.160000e-06	7.942593e-07	1.237575e-09	5.968835e+00	8.143942e+01
2.170000e-06	7.863947e-07	1.226877e-09	5.909733e+00	8.064224e+01
2.180000e-06	7.782611e-07	1.218774e-09	5.848609e+00	7.985087e+01
2.190000e-06	7.699916e-07	1.209363e-09	5.786464e+00	7.907207e+01
2.200000e-06	7.615369e-07	1.196848e-09	5.722927e+00	7.830230e+01
2.210000e-06	7.527812e-07	1.182154e-09	5.657129e+00	7.752673e+01
2.220000e-06	7.437872e-07	1.171853e-09	5.589539e+00	7.672277e+01
2.230000e-06	7.346480e-07	1.162398e-09	5.520858e+00	7.586824e+01
2.240000e-06	7.253076e-07	1.149544e-09	5.450666e+00	7.495113e+01
2.250000e-06	7.157053e-07	1.132742e-09	5.378504e+00	7.397600e+01
2.260000e-06	7.059099e-07	1.117507e-09	5.304892e+00	7.296311e+01
2.270000e-06	6.959694e-07	1.104229e-09	5.230190e+00	7.193982e+01
2.280000e-06	6.858082e-07	1.088931e-09	5.153828e+00	7.092817e+01
2.290000e-06	6.753883e-07	1.070080e-09	5.075523e+00	6.993484e+01
2.300000e-06	6.647945e-07	1.057640e-09	4.995911e+00	6.894885e+01
2.310000e-06	6.540752e-07	1.051859e-09	4.915356e+00	6.794805e+01
2.320000e-06	6.431703e-07	1.040380e-09	4.833406e+00	6.691082e+01
2.330000e-06	6.320356e-07	1.019439e-09	4.749729e+00	6.582667e+01
2.340000e-06	6.207065e-07	9.981372e-10	4.664591e+00	6.470008e+01
2.350000e-06	6.092032e-07	9.825307e-10	4.578145e+00	6.354614e+01
2.360000e-06	5.975084e-07	9.647576e-10	4.490258e+00	6.238123e+01
2.370000e-06	5.856366e-07	9.447298e-10	4.401042e+00	6.121430e+01
2.380000e-06	5.736057e-07	9.286309e-10	4.310630e+00	6.004372e+01
2.390000e-06	5.614161e-07	9.165856e-10	4.219026e+00	5.886082e+01
2.400000e-06	5.490756e-07	8.990551e-10	4.126287e+00	5.765734e+01
2.410000e-06	5.365716e-07	8.764435e-10	4.032319e+00	5.643160e+01
2.420000e-06	5.239100e-07	8.579755e-10	3.937168e+00	5.518982e+01
2.430000e-06	5.111045e-07	8.402693e-10	3.840935e+00	5.394202e+01
2.440000e-06	4.981624e-07	8.191063e-10	3.743676e+00	5.269540e+01
2.450000e-06	4.851012e-07	7.990026e-10	3.645521e+00	5.144978e+01
2.460000e-06	4.718853e-07	7.821129e-10	3.546204e+00	5.019779e+01
2.470000e-06	4.585024e-07	7.636022e-10	3.445632e+00	4.892974e+01
2.480000e-06	4.450020e-07	7.410460e-10	3.344177e+00	4.763989e+01
2.490000e-06	4.313920e-07	7.205293e-10	3.241899e+00	4.633024e+01
2.500000e-06	4.176539e-07	7.032834e-10	3.138657e+00	4.500941e+01
2.510000e-06	4.037775e-07	6.835255e-10	3.034376e+00	4.368728e+01
2.520000e-06	3.897596e-07	6.612522e-10	2.929032e+00	4.236854e+01
2.530000e-06	3.756069e-07	6.410535e-10	2.822675e+00	4.104883e+01
2.540000e-06	3.613445e-07	6.220754e-10	2.715493e+00	3.971556e+01
2.550000e-06	3.469827e-07	5.996362e-10	2.607565e+00	3.835323e+01
2.560000e-06	3.325196e-07	5.761009e-10	2.498875e+00	3.695051e+01
2.570000e-06	3.179732e-07	5.561043e-10	2.389559e+00	3.550576e+01
2.580000e-06	3.033599e-07	5.400769e-10	2.279741e+00	3.402875e+01
2.590000e-06	2.886766e-07	5.207596e-10	2.169397e+00	3.253783e+01
2.600000e-06	2.739008e-07	4.965962e-10	2.058357e+00	3.105368e+01
2.610000e-06	2.590155e-07	4.731174e-10	1.946494e+00	2.959192e+01
2.620000e-06	2.440430e-07	4.532483e-10	1.833976e+00	2.815697e+01
2.630000e-06	2.290146e-07	4.345784e-10	1.721038e+00	2.673950e+01
2.640000e-06	2.139278e-07	4.123779e-10	1.607661e+00	2.531874e+01
2.650000e-06	1.987854e-07	3.900963e-10	1.493867e+00	2.386951e+01
2.660000e-06	1.835956e-07	3.697927e-10	1.379715e+00	2.237227e+01
2.670000e-06	1.683608e-07	3.488558e-10	1.265226e+00	2.082231e+01
2.680000e-06	1.530771e-07	3.243982e-10	1.150370e+00	1.923400e+01
2.690000e-06	1.377556e-07	2.986012e-10	1.035229e+00	1.763698e+01
2.700000e-06	1.224098e-07	2.752365e-10	9.199058e-01	1.606459e+01
2.710000e-06	1.070299e-07	2.551204e-10	8.043268e-01	1.453884e+01
2.720000e-06	9.161538e-08	2.343721e-10	6.884869e-01	1.305902e+01
2.730000e-06	7.618026e-08	2.104320e-10	5.724924e-01	1.160022e+01
2.740000e-06	6.074179e-08	1.862880e-10	4.564728e-01	1.012398e+01
2.750000e-06	4.530395e-08	1.628085e-10	3.404579e-01	8.597019e+00
2.760000e-06	2.985525e-08	1.399394e-10	2.243613e-01	7.009006e+00
2.770000e-06	1.438839e-08	1.155253e-10	1.081283e-01	5.379932e+00
2.780000e-06	-1.077638e-09	8.921336e-11	-8.098421e-03	3.752170e+00
2.790000e-06	-1.653112e-08	6.589728e-11	-1.242309e-01	2.170285e+00
2.800000e-06	-3.198046e-08	4.591097e-11	-2.403322e-01	6.585105e-01
2.810000e-06	-4.742950e-08	2.412291e-11	-3.564313e-01	-7.922109e-01
2.820000e-06	-6.287549e-08	-7.691161e-13	-4.725075e-01	-2.220303e+00
2.830000e-06	-7.830398e-08	-2.459346e-11	-5.884521e-01	-3.674263e+00
2.840000e-06	-9.370648e-08	-4.673183e-11	-7.042015e-01	-5.187948e+00
2.850000e-06	-1.090918e-07	-7.119404e-11	-8.198214e-01	-6.763599e+00
2.860000e-06	-1.244651e-07	-9.814363e-11	-9.353518e-01	-8.371708e+00
2.870000e-06	-1.398058e-07	-1.250831e-10	-1.050637e+00	-9.967717e+00
2.880000e-06	-1.550938e-07	-1.501256e-10	-1.165525e+00	-1.151628e+01
2.890000e-06	-1.703349e-07	-1.725521e-10	-1.280062e+00	-1.300981e+01
2.900000e-06	-1.855346e-07	-1.951458e-10	-1.394287e+00	-1.447136e+01
2.910000e-06	-2.006821e-07	-2.196683e-10	-1.508120e+00	-1.594091e+01
2.920000e-06	-2.157746e-07	-2.439281e-10	-1.621540e+00	-1.745316e+01
2.930000e-06	-2.308199e-07	-2.682726e-10	-1.734605e+00	-1.901948e+01
2.940000e-06	-2.458153e-07	-2.935198e-10	-1.847294e+00	-2.062350e+01
2.950000e-06	-2.607339e-07	-3.199071e-10	-1.959408e+00	-2.223165e+01
2.960000e-06	-2.755459e-07	-3.463245e-10	-2.070720e+00	-2.381148e+01
2.970000e-06	-2.902516e-07	-3.706399e-10	-2.181232e+00	-2.534673e+01
2.980000e-06	-3.048850e-07	-3.932768e-10	-2.291202e+00	-2.684098e+01
2.990000e-06	-3.194561e-07	-4.158264e-10	-2.400703e+00	-2.830933e+01
3.000000e-06	-3.339340e-07	-4.389273e-10	-2.509504e+00	-2.976508e+01
3.010000e-06	-3.483092e-07	-4.612351e-10	-2.617533e+00	-3.121060e+01
3.020000e-06	-3.625896e-07	-4.829343e-10	-2.724850e+00	-3.263839e+01
3.030000e-06	-3.767840e-07	-5.056558e-10	-2.831521e+00	-3.404087e+01
3.040000e-06	-3.908564e-07	-5.297102e-10	-2.937274e+00	-3.542132e+01
3.050000e-06	-4.047701e-07	-5.536769e-10	-3.041835e+00	-3.679748e+01
3.060000e-06	-4.185464e-07	-5.762226e-10	-3.145364e+00	-3.819411e+01
3.070000e-06	-4.322026e-07	-5.989612e-10	-3.247990e+00	-3.962822e+01
3.080000e-06	-4.457384e-07	-6.224744e-10	-3.349711e+00	-4.109626e+01
3.090000e-06	-4.591669e-07	-6.454148e-10	-3.450626e+00	-4.257202e+01
3.100000e-06	-4.724566e-07	-6.676854e-10	-3.550497e+00	-4.401791e+01
3.110000e-06	-4.855836e-07	-6.892596e-10	-3.649146e+00	-4.540405e+01
3.120000e-06	-4.985867e-07	-7.112206e-10	-3.746865e+00	-4.672454e+01
3.130000e-06	-5.114657e-07	-7.336591e-10	-3.843650e+00	-4.800109e+01
3.140000e-06	-5.242048e-07	-7.554808e-10	-3.939384e+00	-4.927155e+01
3.150000e-06	-5.368088e-07	-7.772382e-10	-4.034102e+00	-5.056932e+01
3.160000e-06	-5.492502e-07	-7.989862e-10	-4.127600e+00	-5.190513e+01
3.170000e-06	-5.615221e-07	-8.212609e-10	-4.219822e+00	-5.326125e+01
3.180000e-06	-5.736531e-07	-8.437247e-10	-4.310986e+00	-5.460124e+01
3.190000e-06	-5.856297e-07	-8.643169e-10	-4.400990e+00	-5.588947e+01
3.200000e-06	-5.974305e-07	-8.827182e-10	-4.489673e+00	-5.710953e+01
3.210000e-06	-6.090341e-07	-9.002267e-10	-4.576874e+00	-5.827160e+01
3.220000e-06	-6.204416e-07	-9.188664e-10	-4.662600e+00	-5.940549e+01
3.230000e-06	-6.316604e-07	-9.390319e-10	-4.746909e+00	-6.054415e+01
3.240000e-06	-6.426685e-07	-9.586271e-10	-4.829635e+00	-6.170706e+01
3.250000e-06	-6.534833e-07	-9.780110e-10	-4.910908e+00	-6.289238e+01
3.260000e-06	-6.641428e-07	-9.980428e-10	-4.991013e+00	-6.408065e+01
3.270000e-06	-6.746416e-07	-1.016604e-09	-5.069911e+00	-6.524661e+01
3.280000e-06	-6.849585e-07	-1.032453e-09	-5.147443e+00	-6.637152e+01
3.290000e-06	-6.950626e-07	-1.046866e-09	-5.223375e+00	-6.744955e+01
3.300000e-06	-7.049474e-07	-1.061769e-09	-5.297659e+00	-6.848632e+01
3.310000e-06	-7.146379e-07	-1.078969e-09	-5.370483e+00	-6.949251e+01
3.320000e-06	-7.241449e-07	-1.096285e-09	-5.441928e+00	-7.047769e+01
3.330000e-06	-7.334458e-07	-1.110806e-09	-5.511824e+00	-7.144818e+01
3.340000e-06	-7.425307e-07	-1.125864e-09	-5.580097e+00	-7.240859e+01
3.350000e-06	-7.514183e-07	-1.142263e-09	-5.646886e+00	-7.336427e+01
3.360000e-06	-7.601084e-07	-1.156769e-09	-5.712192e+00	-7.432102e+01
3.370000e-06	-7.685709e-07	-1.169897e-09	-5.775788e+00	-7.528132e+01
3.380000e-06	-7.767996e-07	-1.185065e-09	-5.837626e+00	-7.623965e+01
3.390000e-06	-7.848159e-07	-1.201430e-09	-5.897869e+00	-7.718094e+01
3.400000e-06	-7.926036e-07	-1.215776e-09	-5.956393e+00	-7.808489e+01
3.410000e-06	-8.001382e-07	-1.227960e-09	-6.013015e+00	-7.893486e+01
3.420000e-06	-8.074348e-07	-1.239797e-09	-6.067849e+00	-7.972672e+01
3.430000e-06	-8.145184e-07	-1.252094e-09	-6.121082e+00	-8.047214e+01
3.440000e-06	-8.213640e-07	-1.263490e-09	-6.172526e+00	-8.119363e+01
3.450000e-06	-8.279592e-07	-1.274319e-09	-6.222089e+00	-8.191337e+01
3.460000e-06	-8.343276e-07	-1.286150e-09	-6.269948e+00	-8.264168e+01
3.470000e-06	-8.404643e-07	-1.298927e-09	-6.316065e+00	-8.337145e+01
3.480000e-06	-8.463525e-07	-1.310798e-09	-6.360314e+00	-8.408172e+01
3.490000e-06	-8.519969e-07	-1.319199e-09	-6.402732e+00	-8.474850e+01
3.500000e-06	-8.574108e-07	-1.326102e-09	-6.443417e+00	-8.535678e+01
3.510000e-06	-8.625732e-07	-1.334374e-09	-6.482212e+00	-8.590776e+01
3.520000e-06	-8.674498e-07	-1.343233e-09	-6.518860e+00	-8.641769e+01
3.530000e-06	-8.720461e-07	-1.349746e-09	-6.553401e+00	-8.690971e+01
3.540000e-06	-8.764062e-07	-1.354018e-09	-6.586167e+00	-8.740348e+01
3.550000e-06	-8.805505e-07	-1.359962e-09	-6.617311e+00	-8.790769e+01
3.560000e-06	-8.844660e-07	-1.368635e-09	-6.646736e+00	-8.841816e+01
3.570000e-06	-8.881357e-07	-1.376762e-09	-6.674314e+00	-8.892119e+01
3.580000e-06	-8.915578e-07	-1.383259e-09	-6.700030e+00	-8.939911e+01
3.590000e-06	-8.947359e-07	-1.390311e-09	-6.723914e+00	-8.983545e+01
3.600000e-06	-8.976482e-07	-1.397252e-09	-6.745800e+00	-9.021844e+01
3.610000e-06	-9.003078e-07	-1.402851e-09	-6.765787e+00	-9.054330e+01
3.620000e-06	-9.027310e-07	-1.405847e-09	-6.783997e+00	-9.081392e+01
3.630000e-06	-9.049002e-07	-1.407741e-09	-6.800298e+00	-9.104340e+01
3.640000e-06	-9.068071e-07	-1.411183e-09	-6.814629e+00	-9.125195e+01
3.650000e-06	-9.084639e-07	-1.415484e-09	-6.827079e+00	-9.146073e+01
3.660000e-06	-9.098612e-07	-1.418749e-09	-6.837581e+00	-9.168260e+01
3.670000e-06	-9.109746e-07	-1.421785e-09	-6.845947e+00	-9.191384e+01
3.680000e-06	-9.118180e-07	-1.425383e-09	-6.852286e+00	-9.213191e+01
3.690000e-06	-9.124039e-07	-1.427062e-09	-6.856689e+00	-9.230283e+01
3.700000e-06	-9.127276e-07	-1.426977e-09	-6.859121e+00	-9.239643e+01
