# Temperatura_=_20.0
# Concentracion g/m^3_=_10000.0
# C_Vs_to_Am_M_A/Vsm_=_65563218390.804596
# pendiente_HvsI_1/m_=_3716.3
# ordenada_HvsI_A/m_=_1297.0
# frecuencia_Hz_=_269721.76759620814

Tiempo_(s)	Campo_(V.s)	Magnetizacion_(V.s)	Campo_(kA/m)	Magnetizacion_(A/m)
0.000000e+00	-9.125810e-07	-1.416757e-09	-6.859929e+00	-9.164836e+01
1.000000e-08	-9.123612e-07	-1.420283e-09	-6.858277e+00	-9.172119e+01
2.000000e-08	-9.118803e-07	-1.418937e-09	-6.854663e+00	-9.176038e+01
3.000000e-08	-9.111956e-07	-1.419136e-09	-6.849515e+00	-9.176638e+01
4.000000e-08	-9.102640e-07	-1.435507e-09	-6.842512e+00	-9.174825e+01
5.000000e-08	-9.091243e-07	-1.426112e-09	-6.833945e+00	-9.171405e+01
6.000000e-08	-9.078812e-07	-1.383322e-09	-6.824600e+00	-9.166071e+01
7.000000e-08	-9.063466e-07	-1.406634e-09	-6.813065e+00	-9.157156e+01
8.000000e-08	-9.043745e-07	-1.405864e-09	-6.798241e+00	-9.142472e+01
9.000000e-08	-9.020594e-07	-1.401585e-09	-6.780838e+00	-9.120779e+01
1.000000e-07	-8.993855e-07	-1.424635e-09	-6.760738e+00	-9.092954e+01
1.100000e-07	-8.964022e-07	-1.384685e-09	-6.738313e+00	-9.062009e+01
1.200000e-07	-8.932955e-07	-1.375966e-09	-6.714959e+00	-9.031764e+01
1.300000e-07	-8.900964e-07	-1.382090e-09	-6.690911e+00	-9.004845e+01
1.400000e-07	-8.866811e-07	-1.396272e-09	-6.665239e+00	-8.981133e+01
1.500000e-07	-8.829552e-07	-1.388940e-09	-6.637230e+00	-8.957625e+01
1.600000e-07	-8.789601e-07	-1.344700e-09	-6.607199e+00	-8.929861e+01
1.700000e-07	-8.747565e-07	-1.350745e-09	-6.575600e+00	-8.894195e+01
1.800000e-07	-8.702840e-07	-1.369278e-09	-6.541980e+00	-8.849669e+01
1.900000e-07	-8.655267e-07	-1.365558e-09	-6.506219e+00	-8.798451e+01
2.000000e-07	-8.605368e-07	-1.322903e-09	-6.468710e+00	-8.744628e+01
2.100000e-07	-8.553066e-07	-1.310407e-09	-6.429394e+00	-8.692026e+01
2.200000e-07	-8.497735e-07	-1.319909e-09	-6.387801e+00	-8.642257e+01
2.300000e-07	-8.439271e-07	-1.324913e-09	-6.343854e+00	-8.594029e+01
2.400000e-07	-8.378415e-07	-1.311284e-09	-6.298108e+00	-8.543993e+01
2.500000e-07	-8.315765e-07	-1.288490e-09	-6.251014e+00	-8.488591e+01
2.600000e-07	-8.250728e-07	-1.283409e-09	-6.202125e+00	-8.425860e+01
2.700000e-07	-8.182805e-07	-1.276237e-09	-6.151067e+00	-8.356277e+01
2.800000e-07	-8.112637e-07	-1.266276e-09	-6.098321e+00	-8.282321e+01
2.900000e-07	-8.040558e-07	-1.246716e-09	-6.044138e+00	-8.207153e+01
3.000000e-07	-7.965904e-07	-1.235095e-09	-5.988021e+00	-8.133165e+01
3.100000e-07	-7.888265e-07	-1.221751e-09	-5.929659e+00	-8.061132e+01
3.200000e-07	-7.808053e-07	-1.222225e-09	-5.869363e+00	-7.990209e+01
3.300000e-07	-7.725795e-07	-1.213393e-09	-5.807529e+00	-7.918578e+01
3.400000e-07	-7.641557e-07	-1.194041e-09	-5.744207e+00	-7.844247e+01
3.500000e-07	-7.555025e-07	-1.168472e-09	-5.679160e+00	-7.765644e+01
3.600000e-07	-7.466588e-07	-1.161518e-09	-5.612682e+00	-7.681856e+01
3.700000e-07	-7.376483e-07	-1.162077e-09	-5.544949e+00	-7.592671e+01
3.800000e-07	-7.284018e-07	-1.143477e-09	-5.475443e+00	-7.498589e+01
3.900000e-07	-7.188912e-07	-1.110480e-09	-5.403951e+00	-7.400836e+01
4.000000e-07	-7.091914e-07	-1.096142e-09	-5.331037e+00	-7.301245e+01
4.100000e-07	-6.993416e-07	-1.102995e-09	-5.256995e+00	-7.201840e+01
4.200000e-07	-6.892831e-07	-1.087123e-09	-5.181385e+00	-7.104126e+01
4.300000e-07	-6.789779e-07	-1.053161e-09	-5.103920e+00	-7.008363e+01
4.400000e-07	-6.684779e-07	-1.034005e-09	-5.024991e+00	-6.913239e+01
4.500000e-07	-6.578244e-07	-1.037009e-09	-4.944908e+00	-6.816228e+01
4.600000e-07	-6.469966e-07	-1.022895e-09	-4.863514e+00	-6.714621e+01
4.700000e-07	-6.359787e-07	-9.887845e-10	-4.780692e+00	-6.606749e+01
4.800000e-07	-6.247734e-07	-9.658860e-10	-4.696461e+00	-6.492810e+01
4.900000e-07	-6.133782e-07	-9.622208e-10	-4.610803e+00	-6.374834e+01
5.000000e-07	-6.017843e-07	-9.519508e-10	-4.523651e+00	-6.255752e+01
5.100000e-07	-5.900023e-07	-9.282329e-10	-4.435084e+00	-6.138038e+01
5.200000e-07	-5.780551e-07	-9.073262e-10	-4.345277e+00	-6.022589e+01
5.300000e-07	-5.659657e-07	-8.909394e-10	-4.254400e+00	-5.908397e+01
5.400000e-07	-5.537111e-07	-8.748203e-10	-4.162281e+00	-5.793150e+01
5.500000e-07	-5.412791e-07	-8.554575e-10	-4.068829e+00	-5.674400e+01
5.600000e-07	-5.286938e-07	-8.326613e-10	-3.974225e+00	-5.550716e+01
5.700000e-07	-5.159671e-07	-8.079438e-10	-3.878558e+00	-5.422268e+01
5.800000e-07	-5.031219e-07	-7.908962e-10	-3.781999e+00	-5.290652e+01
5.900000e-07	-4.901466e-07	-7.806822e-10	-3.684463e+00	-5.158141e+01
6.000000e-07	-4.769958e-07	-7.622664e-10	-3.585608e+00	-5.026774e+01
6.100000e-07	-4.636870e-07	-7.332572e-10	-3.485565e+00	-4.897684e+01
6.200000e-07	-4.502585e-07	-7.122088e-10	-3.384622e+00	-4.770888e+01
6.300000e-07	-4.367169e-07	-7.029154e-10	-3.282828e+00	-4.645481e+01
6.400000e-07	-4.230628e-07	-6.844790e-10	-3.180190e+00	-4.520070e+01
6.500000e-07	-4.092872e-07	-6.528307e-10	-3.076638e+00	-4.393243e+01
6.600000e-07	-3.953611e-07	-6.270457e-10	-2.971954e+00	-4.263952e+01
6.700000e-07	-3.812980e-07	-6.159851e-10	-2.866242e+00	-4.131747e+01
6.800000e-07	-3.671279e-07	-6.030375e-10	-2.759724e+00	-3.996842e+01
6.900000e-07	-3.528356e-07	-5.764605e-10	-2.652288e+00	-3.859983e+01
7.000000e-07	-3.384016e-07	-5.482855e-10	-2.543786e+00	-3.722135e+01
7.100000e-07	-3.238451e-07	-5.302470e-10	-2.434364e+00	-3.584071e+01
7.200000e-07	-3.092174e-07	-5.147265e-10	-2.324407e+00	-3.446038e+01
7.300000e-07	-2.945174e-07	-4.889208e-10	-2.213906e+00	-3.307677e+01
7.400000e-07	-2.797246e-07	-4.569001e-10	-2.102708e+00	-3.168277e+01
7.500000e-07	-2.648525e-07	-4.338910e-10	-1.990913e+00	-3.027227e+01
7.600000e-07	-2.499288e-07	-4.205477e-10	-1.878731e+00	-2.884419e+01
7.700000e-07	-2.349528e-07	-4.023931e-10	-1.766155e+00	-2.740307e+01
7.800000e-07	-2.199176e-07	-3.727947e-10	-1.653134e+00	-2.595577e+01
7.900000e-07	-2.048259e-07	-3.432534e-10	-1.539689e+00	-2.450602e+01
8.000000e-07	-1.896722e-07	-3.255490e-10	-1.425778e+00	-2.305065e+01
8.100000e-07	-1.744655e-07	-3.087944e-10	-1.311468e+00	-2.158066e+01
8.200000e-07	-1.592182e-07	-2.815409e-10	-1.196853e+00	-2.008701e+01
8.300000e-07	-1.439417e-07	-2.518582e-10	-1.082019e+00	-1.856797e+01
8.400000e-07	-1.286393e-07	-2.293336e-10	-9.669900e-01	-1.703274e+01
8.500000e-07	-1.133024e-07	-2.112522e-10	-8.517016e-01	-1.549807e+01
8.600000e-07	-9.791960e-08	-1.875117e-10	-7.360679e-01	-1.397895e+01
8.700000e-07	-8.249546e-08	-1.596230e-10	-6.201236e-01	-1.247854e+01
8.800000e-07	-6.704825e-08	-1.372732e-10	-5.040060e-01	-1.098434e+01
8.900000e-07	-5.158095e-08	-1.203991e-10	-3.877373e-01	-9.474180e+00
9.000000e-07	-3.609699e-08	-1.000668e-10	-2.713434e-01	-7.929795e+00
9.100000e-07	-2.059162e-08	-7.091175e-11	-1.547885e-01	-6.350277e+00
9.200000e-07	-5.070079e-09	-4.158001e-11	-3.811211e-02	-4.756508e+00
9.300000e-07	1.045337e-08	-1.953393e-11	7.857866e-02	-3.182288e+00
9.400000e-07	2.597177e-08	1.611470e-12	1.952315e-01	-1.655760e+00
9.500000e-07	4.147596e-08	2.669483e-11	3.117774e-01	-1.813717e-01
9.600000e-07	5.696463e-08	5.137273e-11	4.282067e-01	1.266384e+00
9.700000e-07	7.242381e-08	7.061435e-11	5.444144e-01	2.732132e+00
9.800000e-07	8.783755e-08	8.884661e-11	6.602805e-01	4.256211e+00
9.900000e-07	1.032166e-07	1.120209e-10	7.758856e-01	5.851247e+00
1.000000e-06	1.185693e-07	1.390014e-10	8.912926e-01	7.492430e+00
1.010000e-06	1.338905e-07	1.640039e-10	1.006463e+00	9.128214e+00
1.020000e-06	1.491797e-07	1.851681e-10	1.121393e+00	1.070671e+01
1.030000e-06	1.644319e-07	2.062959e-10	1.236045e+00	1.220368e+01
1.040000e-06	1.796390e-07	2.296923e-10	1.350358e+00	1.363639e+01
1.050000e-06	1.947929e-07	2.525566e-10	1.464270e+00	1.505513e+01
1.060000e-06	2.098901e-07	2.720577e-10	1.577758e+00	1.651665e+01
1.070000e-06	2.249315e-07	2.930445e-10	1.690824e+00	1.805401e+01
1.080000e-06	2.399142e-07	3.178226e-10	1.803450e+00	1.965949e+01
1.090000e-06	2.548433e-07	3.444380e-10	1.915673e+00	2.128976e+01
1.100000e-06	2.697255e-07	3.680834e-10	2.027543e+00	2.288985e+01
1.110000e-06	2.845355e-07	3.865812e-10	2.138872e+00	2.442194e+01
1.120000e-06	2.992490e-07	4.077490e-10	2.249474e+00	2.588288e+01
1.130000e-06	3.138739e-07	4.318490e-10	2.359410e+00	2.730146e+01
1.140000e-06	3.284144e-07	4.539308e-10	2.468712e+00	2.871839e+01
1.150000e-06	3.428431e-07	4.742330e-10	2.577173e+00	3.016192e+01
1.160000e-06	3.571560e-07	4.956353e-10	2.684764e+00	3.163360e+01
1.170000e-06	3.713694e-07	5.170779e-10	2.791607e+00	3.311147e+01
1.180000e-06	3.854866e-07	5.367835e-10	2.897728e+00	3.456734e+01
1.190000e-06	3.994832e-07	5.544554e-10	3.002941e+00	3.598612e+01
1.200000e-06	4.133234e-07	5.729025e-10	3.106978e+00	3.737482e+01
1.210000e-06	4.270227e-07	5.939381e-10	3.209957e+00	3.875638e+01
1.220000e-06	4.406039e-07	6.162029e-10	3.312047e+00	4.015303e+01
1.230000e-06	4.540634e-07	6.377328e-10	3.413223e+00	4.157101e+01
1.240000e-06	4.674099e-07	6.570965e-10	3.513550e+00	4.299647e+01
1.250000e-06	4.806373e-07	6.765918e-10	3.612981e+00	4.440524e+01
1.260000e-06	4.937042e-07	6.961807e-10	3.711206e+00	4.577927e+01
1.270000e-06	5.066169e-07	7.158260e-10	3.808271e+00	4.711851e+01
1.280000e-06	5.193949e-07	7.346785e-10	3.904324e+00	4.843995e+01
1.290000e-06	5.320360e-07	7.529121e-10	3.999348e+00	4.976427e+01
1.300000e-06	5.445492e-07	7.704250e-10	4.093411e+00	5.109932e+01
1.310000e-06	5.569007e-07	7.886958e-10	4.186258e+00	5.243172e+01
1.320000e-06	5.690742e-07	8.086670e-10	4.277767e+00	5.373332e+01
1.330000e-06	5.810927e-07	8.283558e-10	4.368110e+00	5.497899e+01
1.340000e-06	5.929515e-07	8.454322e-10	4.457254e+00	5.616463e+01
1.350000e-06	6.046345e-07	8.616061e-10	4.545076e+00	5.731308e+01
1.360000e-06	6.161133e-07	8.790793e-10	4.631363e+00	5.846308e+01
1.370000e-06	6.273995e-07	8.965250e-10	4.716202e+00	5.964665e+01
1.380000e-06	6.385226e-07	9.129841e-10	4.799815e+00	6.086863e+01
1.390000e-06	6.494921e-07	9.288198e-10	4.882273e+00	6.210102e+01
1.400000e-06	6.602842e-07	9.465945e-10	4.963399e+00	6.329679e+01
1.410000e-06	6.708682e-07	9.651112e-10	5.042959e+00	6.441571e+01
1.420000e-06	6.812567e-07	9.810798e-10	5.121050e+00	6.544755e+01
1.430000e-06	6.914625e-07	9.949798e-10	5.197767e+00	6.641892e+01
1.440000e-06	7.014675e-07	1.009206e-09	5.272976e+00	6.737963e+01
1.450000e-06	7.112556e-07	1.023377e-09	5.346553e+00	6.837620e+01
1.460000e-06	7.208375e-07	1.037143e-09	5.418582e+00	6.942762e+01
1.470000e-06	7.302287e-07	1.051832e-09	5.489175e+00	7.051690e+01
1.480000e-06	7.394134e-07	1.067818e-09	5.558218e+00	7.160226e+01
1.490000e-06	7.483769e-07	1.084097e-09	5.625597e+00	7.264075e+01
1.500000e-06	7.571363e-07	1.097445e-09	5.691441e+00	7.361004e+01
1.510000e-06	7.657027e-07	1.108332e-09	5.755836e+00	7.451656e+01
1.520000e-06	7.740544e-07	1.121354e-09	5.818616e+00	7.538673e+01
1.530000e-06	7.821703e-07	1.136871e-09	5.879624e+00	7.624836e+01
1.540000e-06	7.900646e-07	1.151239e-09	5.938966e+00	7.711436e+01
1.550000e-06	7.977289e-07	1.162287e-09	5.996579e+00	7.797813e+01
1.560000e-06	8.051435e-07	1.172974e-09	6.052315e+00	7.882182e+01
1.570000e-06	8.123245e-07	1.185767e-09	6.106295e+00	7.963018e+01
1.580000e-06	8.192891e-07	1.197814e-09	6.158648e+00	8.040003e+01
1.590000e-06	8.260160e-07	1.207433e-09	6.209215e+00	8.113911e+01
1.600000e-06	8.324982e-07	1.217860e-09	6.257942e+00	8.185611e+01
1.610000e-06	8.387633e-07	1.230272e-09	6.305037e+00	8.255013e+01
1.620000e-06	8.448092e-07	1.241736e-09	6.350485e+00	8.320817e+01
1.630000e-06	8.506086e-07	1.249626e-09	6.394079e+00	8.381356e+01
1.640000e-06	8.561600e-07	1.255760e-09	6.435809e+00	8.436009e+01
1.650000e-06	8.614499e-07	1.264090e-09	6.475574e+00	8.486210e+01
1.660000e-06	8.664545e-07	1.273631e-09	6.513194e+00	8.535217e+01
1.670000e-06	8.711947e-07	1.280905e-09	6.548826e+00	8.586597e+01
1.680000e-06	8.757034e-07	1.287942e-09	6.582718e+00	8.642239e+01
1.690000e-06	8.799673e-07	1.298471e-09	6.614770e+00	8.701078e+01
1.700000e-06	8.839794e-07	1.310640e-09	6.644929e+00	8.759386e+01
1.710000e-06	8.877666e-07	1.319260e-09	6.673398e+00	8.812563e+01
1.720000e-06	8.913142e-07	1.323126e-09	6.700066e+00	8.857475e+01
1.730000e-06	8.946007e-07	1.327853e-09	6.724770e+00	8.894011e+01
1.740000e-06	8.976479e-07	1.334764e-09	6.747676e+00	8.924987e+01
1.750000e-06	9.004476e-07	1.340701e-09	6.768722e+00	8.954483e+01
1.760000e-06	9.029774e-07	1.343830e-09	6.787739e+00	8.985583e+01
1.770000e-06	9.052615e-07	1.347255e-09	6.804908e+00	9.018823e+01
1.780000e-06	9.073146e-07	1.353917e-09	6.820342e+00	9.052164e+01
1.790000e-06	9.091079e-07	1.360073e-09	6.833822e+00	9.082400e+01
1.800000e-06	9.106211e-07	1.361566e-09	6.845197e+00	9.107063e+01
1.810000e-06	9.118463e-07	1.361610e-09	6.854407e+00	9.125683e+01
1.820000e-06	9.127890e-07	1.365045e-09	6.861493e+00	9.139734e+01
1.830000e-06	9.134801e-07	1.370073e-09	6.866688e+00	9.151450e+01
1.840000e-06	9.139272e-07	1.374964e-09	6.870049e+00	9.162372e+01
1.850000e-06	9.141136e-07	1.374624e-09	6.871450e+00	9.172562e+01
1.860000e-06	9.140311e-07	1.374188e-09	6.870830e+00	9.180903e+01
1.870000e-06	9.136801e-07	1.377583e-09	6.868191e+00	9.186154e+01
1.880000e-06	9.130844e-07	1.375071e-09	6.863714e+00	9.187936e+01
1.890000e-06	9.122209e-07	1.364925e-09	6.857223e+00	9.186916e+01
1.900000e-06	9.110316e-07	1.362333e-09	6.848282e+00	9.184072e+01
1.910000e-06	9.095734e-07	1.402470e-09	6.837321e+00	9.179598e+01
1.920000e-06	9.079435e-07	1.390372e-09	6.825069e+00	9.172296e+01
1.930000e-06	9.061667e-07	1.378940e-09	6.811713e+00	9.160018e+01
1.940000e-06	9.041061e-07	1.369515e-09	6.796223e+00	9.140993e+01
1.950000e-06	9.015878e-07	1.361781e-09	6.777293e+00	9.115226e+01
1.960000e-06	8.986730e-07	1.382398e-09	6.755382e+00	9.085018e+01
1.970000e-06	8.956418e-07	1.366150e-09	6.732597e+00	9.054108e+01
1.980000e-06	8.925735e-07	1.362382e-09	6.709532e+00	9.025800e+01
1.990000e-06	8.892627e-07	1.340252e-09	6.684644e+00	9.001112e+01
2.000000e-06	8.855363e-07	1.358419e-09	6.656633e+00	8.978032e+01
2.010000e-06	8.814834e-07	1.369103e-09	6.626167e+00	8.952398e+01
2.020000e-06	8.773264e-07	1.359160e-09	6.594919e+00	8.919993e+01
2.030000e-06	8.730260e-07	1.333685e-09	6.562592e+00	8.878706e+01
2.040000e-06	8.683841e-07	1.326999e-09	6.527699e+00	8.829592e+01
2.050000e-06	8.633623e-07	1.347961e-09	6.489949e+00	8.776246e+01
2.060000e-06	8.581503e-07	1.340524e-09	6.450770e+00	8.722860e+01
2.070000e-06	8.528039e-07	1.319167e-09	6.410581e+00	8.672040e+01
2.080000e-06	8.471632e-07	1.299230e-09	6.368180e+00	8.623564e+01
2.090000e-06	8.411610e-07	1.304415e-09	6.323061e+00	8.574669e+01
2.100000e-06	8.349360e-07	1.304742e-09	6.276267e+00	8.521640e+01
2.110000e-06	8.285805e-07	1.297835e-09	6.228493e+00	8.461749e+01
2.120000e-06	8.219643e-07	1.277296e-09	6.178758e+00	8.394542e+01
2.130000e-06	8.149986e-07	1.267820e-09	6.126396e+00	8.321871e+01
2.140000e-06	8.077951e-07	1.263015e-09	6.072247e+00	8.246822e+01
2.150000e-06	8.004616e-07	1.258184e-09	6.017121e+00	8.172218e+01
2.160000e-06	7.928908e-07	1.240570e-09	5.960210e+00	8.099487e+01
2.170000e-06	7.849802e-07	1.222210e-09	5.900746e+00	8.028340e+01
2.180000e-06	7.768258e-07	1.213246e-09	5.839449e+00	7.957228e+01
2.190000e-06	7.685394e-07	1.213393e-09	5.777160e+00	7.884138e+01
2.200000e-06	7.600401e-07	1.207077e-09	5.713270e+00	7.807294e+01
2.210000e-06	7.512356e-07	1.184187e-09	5.647086e+00	7.725526e+01
2.220000e-06	7.422236e-07	1.165577e-09	5.579342e+00	7.638358e+01
2.230000e-06	7.330671e-07	1.160509e-09	5.510512e+00	7.546020e+01
2.240000e-06	7.236864e-07	1.159106e-09	5.439997e+00	7.449470e+01
2.250000e-06	7.140565e-07	1.133372e-09	5.367608e+00	7.350341e+01
2.260000e-06	7.042532e-07	1.104443e-09	5.293916e+00	7.250657e+01
2.270000e-06	6.942896e-07	1.095688e-09	5.219019e+00	7.152211e+01
2.280000e-06	6.840914e-07	1.099283e-09	5.142358e+00	7.055800e+01
2.290000e-06	6.736481e-07	1.077381e-09	5.063855e+00	6.960696e+01
2.300000e-06	6.630438e-07	1.048331e-09	4.984142e+00	6.864741e+01
2.310000e-06	6.523060e-07	1.043037e-09	4.903426e+00	6.765148e+01
2.320000e-06	6.413769e-07	1.045816e-09	4.821271e+00	6.659724e+01
2.330000e-06	6.302217e-07	1.021306e-09	4.737416e+00	6.547922e+01
2.340000e-06	6.188657e-07	9.851997e-10	4.652053e+00	6.431149e+01
2.350000e-06	6.073257e-07	9.722112e-10	4.565306e+00	6.312150e+01
2.360000e-06	5.956003e-07	9.658367e-10	4.477165e+00	6.193730e+01
2.370000e-06	5.837099e-07	9.435774e-10	4.387784e+00	6.077465e+01
2.380000e-06	5.716636e-07	9.171859e-10	4.297232e+00	5.963037e+01
2.390000e-06	5.594578e-07	9.050518e-10	4.205480e+00	5.848507e+01
2.400000e-06	5.470842e-07	8.928908e-10	4.112467e+00	5.731326e+01
2.410000e-06	5.345444e-07	8.729951e-10	4.018204e+00	5.609576e+01
2.420000e-06	5.218565e-07	8.525218e-10	3.922829e+00	5.482805e+01
2.430000e-06	5.090282e-07	8.312295e-10	3.826397e+00	5.352139e+01
2.440000e-06	4.960720e-07	8.066234e-10	3.729005e+00	5.219707e+01
2.450000e-06	4.829785e-07	7.875352e-10	3.630580e+00	5.087733e+01
2.460000e-06	4.697194e-07	7.742443e-10	3.530911e+00	4.957741e+01
2.470000e-06	4.563213e-07	7.531798e-10	3.430196e+00	4.830162e+01
2.480000e-06	4.428121e-07	7.271367e-10	3.328647e+00	4.704395e+01
2.490000e-06	4.291879e-07	7.122370e-10	3.226233e+00	4.579173e+01
2.500000e-06	4.154391e-07	7.020991e-10	3.122882e+00	4.453039e+01
2.510000e-06	4.015375e-07	6.794706e-10	3.018383e+00	4.324773e+01
2.520000e-06	3.874836e-07	6.511997e-10	2.912739e+00	4.193684e+01
2.530000e-06	3.733135e-07	6.335320e-10	2.806221e+00	4.059740e+01
2.540000e-06	3.590456e-07	6.193890e-10	2.698969e+00	3.923517e+01
2.550000e-06	3.446757e-07	5.951708e-10	2.590949e+00	3.785943e+01
2.560000e-06	3.302078e-07	5.676232e-10	2.482193e+00	3.647911e+01
2.570000e-06	3.156620e-07	5.497041e-10	2.372851e+00	3.509891e+01
2.580000e-06	3.010548e-07	5.373317e-10	2.263048e+00	3.371740e+01
2.590000e-06	2.863609e-07	5.180300e-10	2.152593e+00	3.232830e+01
2.600000e-06	2.715478e-07	4.915231e-10	2.041242e+00	3.092457e+01
2.610000e-06	2.566323e-07	4.675790e-10	1.929121e+00	2.950295e+01
2.620000e-06	2.416521e-07	4.503673e-10	1.816514e+00	2.806606e+01
2.630000e-06	2.266196e-07	4.324626e-10	1.703514e+00	2.662049e+01
2.640000e-06	2.115222e-07	4.086501e-10	1.590025e+00	2.517175e+01
2.650000e-06	1.963658e-07	3.832330e-10	1.476094e+00	2.371944e+01
2.660000e-06	1.811688e-07	3.631156e-10	1.361857e+00	2.225629e+01
2.670000e-06	1.659274e-07	3.456498e-10	1.247287e+00	2.077238e+01
2.680000e-06	1.506290e-07	3.233604e-10	1.132288e+00	1.926251e+01
2.690000e-06	1.352961e-07	2.971912e-10	1.017029e+00	1.773176e+01
2.700000e-06	1.199447e-07	2.740656e-10	9.016323e-01	1.619492e+01
2.710000e-06	1.045664e-07	2.546170e-10	7.860322e-01	1.466892e+01
2.720000e-06	8.915768e-08	2.316296e-10	6.702040e-01	1.316227e+01
2.730000e-06	7.372843e-08	2.043367e-10	5.542213e-01	1.166820e+01
2.740000e-06	5.829504e-08	1.777729e-10	4.382075e-01	1.016684e+01
2.750000e-06	4.286077e-08	1.557863e-10	3.221872e-01	8.636681e+00
2.760000e-06	2.741331e-08	1.362432e-10	2.060676e-01	7.069139e+00
2.770000e-06	1.195171e-08	1.124997e-10	8.984176e-02	5.477237e+00
2.780000e-06	-3.504755e-09	8.539683e-11	-2.634546e-02	3.891759e+00
2.790000e-06	-1.894857e-08	6.155363e-11	-1.424376e-01	2.345382e+00
2.800000e-06	-3.438666e-08	4.187562e-11	-2.584867e-01	8.530090e-01
2.810000e-06	-4.982685e-08	2.000010e-11	-3.745516e-01	-5.999755e-01
2.820000e-06	-6.526305e-08	-5.600068e-12	-4.905865e-01	-2.053309e+00
2.830000e-06	-8.068173e-08	-3.050245e-11	-6.064897e-01	-3.552008e+00
2.840000e-06	-9.607799e-08	-5.374930e-11	-7.222243e-01	-5.121219e+00
2.850000e-06	-1.114575e-07	-7.820253e-11	-8.378331e-01	-6.750033e+00
2.860000e-06	-1.268155e-07	-1.050172e-10	-9.532802e-01	-8.394444e+00
2.870000e-06	-1.421345e-07	-1.322699e-10	-1.068434e+00	-9.999129e+00
2.880000e-06	-1.574086e-07	-1.564132e-10	-1.183251e+00	-1.152680e+01
2.890000e-06	-1.726370e-07	-1.768529e-10	-1.297723e+00	-1.297891e+01
2.900000e-06	-1.878211e-07	-1.981681e-10	-1.411863e+00	-1.439576e+01
2.910000e-06	-2.029539e-07	-2.218890e-10	-1.525618e+00	-1.583539e+01
2.920000e-06	-2.180311e-07	-2.462265e-10	-1.638954e+00	-1.734276e+01
2.930000e-06	-2.330626e-07	-2.707848e-10	-1.751947e+00	-1.892610e+01
2.940000e-06	-2.480466e-07	-2.962186e-10	-1.864582e+00	-2.055342e+01
2.950000e-06	-2.629517e-07	-3.225377e-10	-1.976625e+00	-2.217061e+01
2.960000e-06	-2.777422e-07	-3.481450e-10	-2.087806e+00	-2.373046e+01
2.970000e-06	-2.924306e-07	-3.703449e-10	-2.198220e+00	-2.521600e+01
2.980000e-06	-3.070496e-07	-3.905052e-10	-2.308111e+00	-2.664565e+01
2.990000e-06	-3.215991e-07	-4.125328e-10	-2.417481e+00	-2.805861e+01
3.000000e-06	-3.360529e-07	-4.373225e-10	-2.526131e+00	-2.949030e+01
3.010000e-06	-3.504016e-07	-4.618170e-10	-2.633991e+00	-3.095288e+01
3.020000e-06	-3.646639e-07	-4.846037e-10	-2.741202e+00	-3.243172e+01
3.030000e-06	-3.788455e-07	-5.082959e-10	-2.847805e+00	-3.389854e+01
3.040000e-06	-3.929035e-07	-5.323630e-10	-2.953481e+00	-3.533148e+01
3.050000e-06	-4.068065e-07	-5.561172e-10	-3.057990e+00	-3.672920e+01
3.060000e-06	-4.205709e-07	-5.784056e-10	-3.161458e+00	-3.811026e+01
3.070000e-06	-4.342090e-07	-5.999790e-10	-3.263976e+00	-3.949929e+01
3.080000e-06	-4.477275e-07	-6.227043e-10	-3.365596e+00	-4.090977e+01
3.090000e-06	-4.611302e-07	-6.445341e-10	-3.466345e+00	-4.233490e+01
3.100000e-06	-4.743879e-07	-6.646890e-10	-3.566004e+00	-4.375261e+01
3.110000e-06	-4.874937e-07	-6.861704e-10	-3.664521e+00	-4.514064e+01
3.120000e-06	-5.004749e-07	-7.103603e-10	-3.762102e+00	-4.649154e+01
3.130000e-06	-5.133194e-07	-7.344082e-10	-3.858654e+00	-4.781691e+01
3.140000e-06	-5.260239e-07	-7.556593e-10	-3.954155e+00	-4.913810e+01
3.150000e-06	-5.385935e-07	-7.761424e-10	-4.048642e+00	-5.046940e+01
3.160000e-06	-5.509970e-07	-7.970364e-10	-4.141880e+00	-5.180548e+01
3.170000e-06	-5.632435e-07	-8.196002e-10	-4.233937e+00	-5.312206e+01
3.180000e-06	-5.753543e-07	-8.377751e-10	-4.324975e+00	-5.439048e+01
3.190000e-06	-5.873102e-07	-8.553496e-10	-4.414848e+00	-5.559720e+01
3.200000e-06	-5.990865e-07	-8.750566e-10	-4.503371e+00	-5.675536e+01
3.210000e-06	-6.106590e-07	-8.940101e-10	-4.590363e+00	-5.789999e+01
3.220000e-06	-6.220335e-07	-9.142131e-10	-4.675865e+00	-5.906849e+01
3.230000e-06	-6.332161e-07	-9.327517e-10	-4.759926e+00	-6.027756e+01
3.240000e-06	-6.441983e-07	-9.529139e-10	-4.842480e+00	-6.151090e+01
3.250000e-06	-6.549903e-07	-9.727497e-10	-4.923604e+00	-6.272597e+01
3.260000e-06	-6.656192e-07	-9.917074e-10	-5.003502e+00	-6.387675e+01
3.270000e-06	-6.760772e-07	-1.007964e-09	-5.082115e+00	-6.493987e+01
3.280000e-06	-6.863487e-07	-1.021444e-09	-5.159326e+00	-6.592869e+01
3.290000e-06	-6.964115e-07	-1.034655e-09	-5.234970e+00	-6.688702e+01
3.300000e-06	-7.062587e-07	-1.051385e-09	-5.308991e+00	-6.786591e+01
3.310000e-06	-7.159174e-07	-1.070372e-09	-5.381597e+00	-6.889674e+01
3.320000e-06	-7.253874e-07	-1.088463e-09	-5.452783e+00	-6.997570e+01
3.330000e-06	-7.346469e-07	-1.105718e-09	-5.522387e+00	-7.106794e+01
3.340000e-06	-7.436998e-07	-1.122434e-09	-5.590439e+00	-7.212796e+01
3.350000e-06	-7.525565e-07	-1.137493e-09	-5.657015e+00	-7.312383e+01
3.360000e-06	-7.612101e-07	-1.150472e-09	-5.722065e+00	-7.405138e+01
3.370000e-06	-7.696392e-07	-1.164595e-09	-5.785427e+00	-7.493143e+01
3.380000e-06	-7.778333e-07	-1.180019e-09	-5.847023e+00	-7.579357e+01
3.390000e-06	-7.858177e-07	-1.194225e-09	-5.907041e+00	-7.665759e+01
3.400000e-06	-7.935781e-07	-1.206247e-09	-5.965377e+00	-7.752385e+01
3.410000e-06	-8.010820e-07	-1.219012e-09	-6.021784e+00	-7.837715e+01
3.420000e-06	-8.083396e-07	-1.232912e-09	-6.076340e+00	-7.919974e+01
3.430000e-06	-8.153721e-07	-1.245350e-09	-6.129204e+00	-7.998344e+01
3.440000e-06	-8.221704e-07	-1.255294e-09	-6.180307e+00	-8.073269e+01
3.450000e-06	-8.287257e-07	-1.265871e-09	-6.229584e+00	-8.145726e+01
3.460000e-06	-8.350554e-07	-1.278027e-09	-6.277164e+00	-8.216071e+01
3.470000e-06	-8.411540e-07	-1.290206e-09	-6.323008e+00	-8.283416e+01
3.480000e-06	-8.470024e-07	-1.299560e-09	-6.366971e+00	-8.346076e+01
3.490000e-06	-8.526064e-07	-1.306370e-09	-6.409096e+00	-8.402876e+01
3.500000e-06	-8.579711e-07	-1.313412e-09	-6.449423e+00	-8.454428e+01
3.510000e-06	-8.630887e-07	-1.321950e-09	-6.487893e+00	-8.503425e+01
3.520000e-06	-8.679222e-07	-1.330558e-09	-6.524227e+00	-8.553550e+01
3.530000e-06	-8.724695e-07	-1.337573e-09	-6.558409e+00	-8.607535e+01
3.540000e-06	-8.767941e-07	-1.344916e-09	-6.590917e+00	-8.665482e+01
3.550000e-06	-8.809070e-07	-1.353595e-09	-6.621834e+00	-8.724519e+01
3.560000e-06	-8.847847e-07	-1.362817e-09	-6.650983e+00	-8.780101e+01
3.570000e-06	-8.884213e-07	-1.368986e-09	-6.678319e+00	-8.828292e+01
3.580000e-06	-8.918104e-07	-1.372781e-09	-6.703795e+00	-8.867760e+01
3.590000e-06	-8.949523e-07	-1.378609e-09	-6.727413e+00	-8.900348e+01
3.600000e-06	-8.978375e-07	-1.384703e-09	-6.749102e+00	-8.929925e+01
3.610000e-06	-9.004654e-07	-1.389298e-09	-6.768856e+00	-8.960193e+01
3.620000e-06	-9.028458e-07	-1.392904e-09	-6.786749e+00	-8.992736e+01
3.630000e-06	-9.049716e-07	-1.397191e-09	-6.802729e+00	-9.026381e+01
3.640000e-06	-9.068431e-07	-1.402924e-09	-6.816797e+00	-9.058136e+01
3.650000e-06	-9.084723e-07	-1.407833e-09	-6.829044e+00	-9.085052e+01
3.660000e-06	-9.098350e-07	-1.410172e-09	-6.839288e+00	-9.105840e+01
3.670000e-06	-9.109125e-07	-1.412392e-09	-6.847387e+00	-9.121336e+01
3.680000e-06	-9.117205e-07	-1.416165e-09	-6.853461e+00	-9.133669e+01
3.690000e-06	-9.122583e-07	-1.417604e-09	-6.857503e+00	-9.144785e+01
3.700000e-06	-9.125344e-07	-1.415127e-09	-6.859579e+00	-9.155323e+01
