# Temperatura_=_20.0
# Concentracion g/m^3_=_10000.0
# C_Vs_to_Am_M_A/Vsm_=_65563218390.804596
# pendiente_HvsI_1/m_=_3716.3
# ordenada_HvsI_A/m_=_1297.0
# frecuencia_Hz_=_301483.1746128201

Tiempo_(s)	Campo_(V.s)	Magnetizacion_(V.s)	Campo_(kA/m)	Magnetizacion_(A/m)
0.000000e+00	-8.220466e-06	-1.146827e-08	-5.690519e+01	-7.506404e+02
1.000000e-08	-8.218623e-06	-1.146760e-08	-5.689243e+01	-7.504618e+02
2.000000e-08	-8.213993e-06	-1.146217e-08	-5.686038e+01	-7.502798e+02
3.000000e-08	-8.206777e-06	-1.145417e-08	-5.681042e+01	-7.500725e+02
4.000000e-08	-8.196757e-06	-1.144919e-08	-5.674106e+01	-7.497733e+02
5.000000e-08	-8.183753e-06	-1.144357e-08	-5.665104e+01	-7.493102e+02
6.000000e-08	-8.167757e-06	-1.143342e-08	-5.654031e+01	-7.486560e+02
7.000000e-08	-8.149057e-06	-1.141878e-08	-5.641086e+01	-7.478549e+02
8.000000e-08	-8.127942e-06	-1.140104e-08	-5.626470e+01	-7.470036e+02
9.000000e-08	-8.104039e-06	-1.141617e-08	-5.609923e+01	-7.461951e+02
1.000000e-07	-8.076869e-06	-1.141662e-08	-5.591115e+01	-7.454596e+02
1.100000e-07	-8.046500e-06	-1.138667e-08	-5.570092e+01	-7.447439e+02
1.200000e-07	-8.013171e-06	-1.136685e-08	-5.547021e+01	-7.439460e+02
1.300000e-07	-7.977027e-06	-1.136000e-08	-5.522000e+01	-7.429822e+02
1.400000e-07	-7.938441e-06	-1.133977e-08	-5.495290e+01	-7.418457e+02
1.500000e-07	-7.897638e-06	-1.126513e-08	-5.467044e+01	-7.406135e+02
1.600000e-07	-7.854197e-06	-1.128341e-08	-5.436973e+01	-7.393964e+02
1.700000e-07	-7.807857e-06	-1.126717e-08	-5.404895e+01	-7.382645e+02
1.800000e-07	-7.758810e-06	-1.120917e-08	-5.370943e+01	-7.371954e+02
1.900000e-07	-7.706757e-06	-1.124268e-08	-5.334910e+01	-7.360808e+02
2.000000e-07	-7.651643e-06	-1.119306e-08	-5.296758e+01	-7.347851e+02
2.100000e-07	-7.593721e-06	-1.115783e-08	-5.256661e+01	-7.332176e+02
2.200000e-07	-7.533059e-06	-1.113884e-08	-5.214669e+01	-7.313702e+02
2.300000e-07	-7.469832e-06	-1.111080e-08	-5.170901e+01	-7.293019e+02
2.400000e-07	-7.403826e-06	-1.109397e-08	-5.125209e+01	-7.270844e+02
2.500000e-07	-7.334947e-06	-1.102821e-08	-5.077529e+01	-7.247523e+02
2.600000e-07	-7.263423e-06	-1.099975e-08	-5.028017e+01	-7.222924e+02
2.700000e-07	-7.189145e-06	-1.096229e-08	-4.976599e+01	-7.196755e+02
2.800000e-07	-7.112050e-06	-1.092628e-08	-4.923230e+01	-7.169011e+02
2.900000e-07	-7.032166e-06	-1.088052e-08	-4.867932e+01	-7.140151e+02
3.000000e-07	-6.949634e-06	-1.082781e-08	-4.810800e+01	-7.110840e+02
3.100000e-07	-6.864736e-06	-1.080377e-08	-4.752031e+01	-7.081409e+02
3.200000e-07	-6.777549e-06	-1.074450e-08	-4.691677e+01	-7.051460e+02
3.300000e-07	-6.687975e-06	-1.070085e-08	-4.629670e+01	-7.019937e+02
3.400000e-07	-6.595964e-06	-1.063663e-08	-4.565976e+01	-6.985684e+02
3.500000e-07	-6.501646e-06	-1.057132e-08	-4.500686e+01	-6.948142e+02
3.600000e-07	-6.404983e-06	-1.052076e-08	-4.433772e+01	-6.907711e+02
3.700000e-07	-6.305948e-06	-1.046976e-08	-4.365217e+01	-6.865518e+02
3.800000e-07	-6.204664e-06	-1.041029e-08	-4.295103e+01	-6.822735e+02
3.900000e-07	-6.101071e-06	-1.032838e-08	-4.223393e+01	-6.779861e+02
4.000000e-07	-5.995292e-06	-1.026220e-08	-4.150168e+01	-6.736439e+02
4.100000e-07	-5.887468e-06	-1.019032e-08	-4.075529e+01	-6.691360e+02
4.200000e-07	-5.777550e-06	-1.012049e-08	-3.999439e+01	-6.643513e+02
4.300000e-07	-5.665471e-06	-1.003515e-08	-3.921854e+01	-6.592360e+02
4.400000e-07	-5.551190e-06	-9.954718e-09	-3.842744e+01	-6.538081e+02
4.500000e-07	-5.434733e-06	-9.878707e-09	-3.762128e+01	-6.481273e+02
4.600000e-07	-5.316151e-06	-9.798292e-09	-3.680041e+01	-6.422464e+02
4.700000e-07	-5.195578e-06	-9.704172e-09	-3.596576e+01	-6.361811e+02
4.800000e-07	-5.073206e-06	-9.595549e-09	-3.511866e+01	-6.299131e+02
4.900000e-07	-4.949077e-06	-9.495265e-09	-3.425939e+01	-6.234179e+02
5.000000e-07	-4.823161e-06	-9.396806e-09	-3.338775e+01	-6.166861e+02
5.100000e-07	-4.695508e-06	-9.296385e-09	-3.250409e+01	-6.097208e+02
5.200000e-07	-4.566168e-06	-9.178849e-09	-3.160874e+01	-6.025121e+02
5.300000e-07	-4.435205e-06	-9.058745e-09	-3.070217e+01	-5.950132e+02
5.400000e-07	-4.302639e-06	-8.939801e-09	-2.978450e+01	-5.871455e+02
5.500000e-07	-4.168534e-06	-8.819392e-09	-2.885618e+01	-5.788350e+02
5.600000e-07	-4.032886e-06	-8.685324e-09	-2.791716e+01	-5.700594e+02
5.700000e-07	-3.895670e-06	-8.538134e-09	-2.696730e+01	-5.608709e+02
5.800000e-07	-3.756989e-06	-8.394397e-09	-2.600730e+01	-5.513729e+02
5.900000e-07	-3.616821e-06	-8.252545e-09	-2.503701e+01	-5.416589e+02
6.000000e-07	-3.475189e-06	-8.103739e-09	-2.405658e+01	-5.317498e+02
6.100000e-07	-3.332197e-06	-7.938882e-09	-2.306673e+01	-5.215690e+02
6.200000e-07	-3.187952e-06	-7.769134e-09	-2.206821e+01	-5.109722e+02
6.300000e-07	-3.042569e-06	-7.600239e-09	-2.106182e+01	-4.998156e+02
6.400000e-07	-2.896083e-06	-7.428724e-09	-2.004778e+01	-4.880221e+02
6.500000e-07	-2.748542e-06	-7.240330e-09	-1.902645e+01	-4.756083e+02
6.600000e-07	-2.600071e-06	-7.037897e-09	-1.799868e+01	-4.626584e+02
6.700000e-07	-2.450730e-06	-6.832652e-09	-1.696489e+01	-4.492661e+02
6.800000e-07	-2.300534e-06	-6.625312e-09	-1.592517e+01	-4.354783e+02
6.900000e-07	-2.149534e-06	-6.410402e-09	-1.487989e+01	-4.212714e+02
7.000000e-07	-1.997814e-06	-6.179033e-09	-1.382962e+01	-4.065658e+02
7.100000e-07	-1.845399e-06	-5.939532e-09	-1.277455e+01	-3.912632e+02
7.200000e-07	-1.692287e-06	-5.697661e-09	-1.171465e+01	-3.752801e+02
7.300000e-07	-1.538559e-06	-5.448648e-09	-1.065049e+01	-3.585613e+02
7.400000e-07	-1.384293e-06	-5.182070e-09	-9.582600e+00	-3.410745e+02
7.500000e-07	-1.229508e-06	-4.900454e-09	-8.511118e+00	-3.227961e+02
7.600000e-07	-1.074195e-06	-4.608237e-09	-7.435984e+00	-3.037025e+02
7.700000e-07	-9.185016e-07	-4.306160e-09	-6.358217e+00	-2.837682e+02
7.800000e-07	-7.625657e-07	-3.991865e-09	-5.278769e+00	-2.629663e+02
7.900000e-07	-6.064087e-07	-3.658082e-09	-4.197791e+00	-2.412623e+02
8.000000e-07	-4.500376e-07	-3.307710e-09	-3.115331e+00	-2.186027e+02
8.100000e-07	-2.934753e-07	-2.943756e-09	-2.031547e+00	-1.949047e+02
8.200000e-07	-1.367967e-07	-2.565761e-09	-9.469590e-01	-1.700588e+02
8.300000e-07	1.993443e-08	-2.166530e-09	1.379937e-01	-1.439454e+02
8.400000e-07	1.766742e-07	-1.743219e-09	1.223006e+00	-1.164618e+02
8.500000e-07	3.333268e-07	-1.298594e-09	2.307414e+00	-8.754407e+01
8.600000e-07	4.898314e-07	-8.376904e-10	3.390798e+00	-5.717847e+01
8.700000e-07	6.461809e-07	-3.578215e-10	4.473109e+00	-2.540174e+01
8.800000e-07	8.023225e-07	1.486091e-10	5.553981e+00	7.698195e+00
8.900000e-07	9.582000e-07	6.751130e-10	6.633024e+00	4.197176e+01
9.000000e-07	1.113724e-06	1.210914e-09	7.709623e+00	7.718743e+01
9.100000e-07	1.268778e-06	1.752381e-09	8.782961e+00	1.130139e+02
9.200000e-07	1.423343e-06	2.301305e-09	9.852918e+00	1.490222e+02
9.300000e-07	1.577400e-06	2.850091e-09	1.091936e+01	1.847189e+02
9.400000e-07	1.730904e-06	3.384076e-09	1.198197e+01	2.196041e+02
9.500000e-07	1.883834e-06	3.892686e-09	1.304061e+01	2.532358e+02
9.600000e-07	2.036124e-06	4.374415e-09	1.409483e+01	2.852775e+02
9.700000e-07	2.187730e-06	4.833904e-09	1.514430e+01	3.155137e+02
9.800000e-07	2.338488e-06	5.267785e-09	1.618790e+01	3.438376e+02
9.900000e-07	2.488240e-06	5.668179e-09	1.722454e+01	3.702255e+02
1.000000e-06	2.637087e-06	6.035177e-09	1.825491e+01	3.947142e+02
1.010000e-06	2.785044e-06	6.377080e-09	1.927913e+01	4.173888e+02
1.020000e-06	2.932029e-06	6.700151e-09	2.029662e+01	4.383760e+02
1.030000e-06	3.078004e-06	6.999074e-09	2.130711e+01	4.578317e+02
1.040000e-06	3.222907e-06	7.270590e-09	2.231018e+01	4.759182e+02
1.050000e-06	3.366654e-06	7.522297e-09	2.330525e+01	4.927753e+02
1.060000e-06	3.509095e-06	7.761540e-09	2.429129e+01	5.085006e+02
1.070000e-06	3.650187e-06	7.986306e-09	2.526798e+01	5.231509e+02
1.080000e-06	3.789868e-06	8.193506e-09	2.623490e+01	5.367661e+02
1.090000e-06	3.928094e-06	8.382527e-09	2.719176e+01	5.494014e+02
1.100000e-06	4.064874e-06	8.558929e-09	2.813860e+01	5.611484e+02
1.110000e-06	4.200176e-06	8.730185e-09	2.907521e+01	5.721300e+02
1.120000e-06	4.333999e-06	8.893134e-09	3.000159e+01	5.824724e+02
1.130000e-06	4.466221e-06	9.041171e-09	3.091688e+01	5.922694e+02
1.140000e-06	4.596805e-06	9.176092e-09	3.182082e+01	6.015629e+02
1.150000e-06	4.725771e-06	9.306014e-09	3.271358e+01	6.103502e+02
1.160000e-06	4.853029e-06	9.433742e-09	3.359451e+01	6.186145e+02
1.170000e-06	4.978594e-06	9.555750e-09	3.446372e+01	6.263582e+02
1.180000e-06	5.102419e-06	9.665333e-09	3.532088e+01	6.336199e+02
1.190000e-06	5.224438e-06	9.767365e-09	3.616554e+01	6.404651e+02
1.200000e-06	5.344576e-06	9.868111e-09	3.699718e+01	6.469604e+02
1.210000e-06	5.462721e-06	9.967236e-09	3.781502e+01	6.531480e+02
1.220000e-06	5.578792e-06	1.005652e-08	3.861851e+01	6.590391e+02
1.230000e-06	5.692721e-06	1.013492e-08	3.940717e+01	6.646286e+02
1.240000e-06	5.804480e-06	1.021252e-08	4.018081e+01	6.699191e+02
1.250000e-06	5.914175e-06	1.029093e-08	4.094016e+01	6.749376e+02
1.260000e-06	6.021853e-06	1.036580e-08	4.168555e+01	6.797312e+02
1.270000e-06	6.127360e-06	1.043347e-08	4.241591e+01	6.843461e+02
1.280000e-06	6.230642e-06	1.049731e-08	4.313087e+01	6.888046e+02
1.290000e-06	6.331676e-06	1.056157e-08	4.383027e+01	6.930954e+02
1.300000e-06	6.430372e-06	1.062663e-08	4.451347e+01	6.971849e+02
1.310000e-06	6.526674e-06	1.068446e-08	4.518012e+01	7.010424e+02
1.320000e-06	6.620708e-06	1.073421e-08	4.583105e+01	7.046618e+02
1.330000e-06	6.712478e-06	1.078173e-08	4.646632e+01	7.080674e+02
1.340000e-06	6.801834e-06	1.083210e-08	4.708487e+01	7.113006e+02
1.350000e-06	6.888833e-06	1.088476e-08	4.768711e+01	7.143970e+02
1.360000e-06	6.973516e-06	1.093209e-08	4.827332e+01	7.173691e+02
1.370000e-06	7.055765e-06	1.097265e-08	4.884268e+01	7.202046e+02
1.380000e-06	7.135438e-06	1.101040e-08	4.939421e+01	7.228788e+02
1.390000e-06	7.212473e-06	1.105146e-08	4.992748e+01	7.253727e+02
1.400000e-06	7.286762e-06	1.109048e-08	5.044173e+01	7.276852e+02
1.410000e-06	7.358316e-06	1.112051e-08	5.093705e+01	7.298335e+02
1.420000e-06	7.427321e-06	1.114638e-08	5.141473e+01	7.318448e+02
1.430000e-06	7.493687e-06	1.117443e-08	5.187414e+01	7.337455e+02
1.440000e-06	7.557383e-06	1.120490e-08	5.231507e+01	7.355537e+02
1.450000e-06	7.618538e-06	1.123266e-08	5.273841e+01	7.372768e+02
1.460000e-06	7.677074e-06	1.125583e-08	5.314362e+01	7.389130e+02
1.470000e-06	7.732821e-06	1.127898e-08	5.352952e+01	7.404528e+02
1.480000e-06	7.785524e-06	1.130525e-08	5.389435e+01	7.418833e+02
1.490000e-06	7.835004e-06	1.132835e-08	5.423687e+01	7.431940e+02
1.500000e-06	7.881570e-06	1.134384e-08	5.455921e+01	7.443835e+02
1.510000e-06	7.925444e-06	1.135541e-08	5.486293e+01	7.454643e+02
1.520000e-06	7.966449e-06	1.136889e-08	5.514678e+01	7.464591e+02
1.530000e-06	8.004629e-06	1.138479e-08	5.541108e+01	7.473900e+02
1.540000e-06	8.040145e-06	1.139910e-08	5.565693e+01	7.482646e+02
1.550000e-06	8.072859e-06	1.141034e-08	5.588339e+01	7.490702e+02
1.560000e-06	8.102719e-06	1.142145e-08	5.609009e+01	7.497803e+02
1.570000e-06	8.129714e-06	1.143510e-08	5.627697e+01	7.503728e+02
1.580000e-06	8.153763e-06	1.144684e-08	5.644344e+01	7.508462e+02
1.590000e-06	8.174969e-06	1.145311e-08	5.659024e+01	7.512233e+02
1.600000e-06	8.193358e-06	1.145543e-08	5.671753e+01	7.515365e+02
1.610000e-06	8.208796e-06	1.145753e-08	5.682440e+01	7.518048e+02
1.620000e-06	8.221108e-06	1.145995e-08	5.690963e+01	7.520196e+02
1.630000e-06	8.230229e-06	1.146052e-08	5.697277e+01	7.521512e+02
1.640000e-06	8.236370e-06	1.145923e-08	5.701528e+01	7.521733e+02
1.650000e-06	8.239671e-06	1.145731e-08	5.703813e+01	7.520883e+02
1.660000e-06	8.240158e-06	1.145948e-08	5.704150e+01	7.519323e+02
1.670000e-06	8.237911e-06	1.145993e-08	5.702594e+01	7.517523e+02
1.680000e-06	8.232882e-06	1.145835e-08	5.699113e+01	7.515690e+02
1.690000e-06	8.225099e-06	1.145280e-08	5.693726e+01	7.513530e+02
1.700000e-06	8.214547e-06	1.144457e-08	5.686421e+01	7.510340e+02
1.710000e-06	8.201064e-06	1.143626e-08	5.677087e+01	7.505434e+02
1.720000e-06	8.184879e-06	1.142820e-08	5.665884e+01	7.498636e+02
1.730000e-06	8.166363e-06	1.142411e-08	5.653066e+01	7.490484e+02
1.740000e-06	8.145267e-06	1.139249e-08	5.638463e+01	7.481983e+02
1.750000e-06	8.120823e-06	1.136077e-08	5.621542e+01	7.474000e+02
1.760000e-06	8.092420e-06	1.136679e-08	5.601880e+01	7.466720e+02
1.770000e-06	8.060401e-06	1.136066e-08	5.579715e+01	7.459510e+02
1.780000e-06	8.025817e-06	1.133430e-08	5.555775e+01	7.451328e+02
1.790000e-06	7.988991e-06	1.134699e-08	5.530283e+01	7.441424e+02
1.800000e-06	7.949973e-06	1.136591e-08	5.503273e+01	7.429857e+02
1.810000e-06	7.908900e-06	1.127916e-08	5.474840e+01	7.417486e+02
1.820000e-06	7.865193e-06	1.130325e-08	5.444585e+01	7.405410e+02
1.830000e-06	7.818686e-06	1.128342e-08	5.412391e+01	7.394215e+02
1.840000e-06	7.769317e-06	1.123278e-08	5.378216e+01	7.383537e+02
1.850000e-06	7.716663e-06	1.126334e-08	5.341767e+01	7.372209e+02
1.860000e-06	7.661082e-06	1.119485e-08	5.303292e+01	7.358899e+02
1.870000e-06	7.602748e-06	1.121662e-08	5.262910e+01	7.342806e+02
1.880000e-06	7.541664e-06	1.117146e-08	5.220626e+01	7.323968e+02
1.890000e-06	7.477893e-06	1.112811e-08	5.176481e+01	7.303030e+02
1.900000e-06	7.411226e-06	1.111302e-08	5.130332e+01	7.280679e+02
1.910000e-06	7.341792e-06	1.104435e-08	5.082267e+01	7.257189e+02
1.920000e-06	7.269517e-06	1.103895e-08	5.032235e+01	7.232379e+02
1.930000e-06	7.194491e-06	1.097432e-08	4.980299e+01	7.205972e+02
1.940000e-06	7.116754e-06	1.095364e-08	4.926487e+01	7.178028e+02
1.950000e-06	7.036357e-06	1.089734e-08	4.870833e+01	7.149062e+02
1.960000e-06	6.953560e-06	1.083902e-08	4.813518e+01	7.119724e+02
1.970000e-06	6.868168e-06	1.082234e-08	4.754406e+01	7.090260e+02
1.980000e-06	6.780240e-06	1.074501e-08	4.693540e+01	7.060158e+02
1.990000e-06	6.689921e-06	1.071899e-08	4.631017e+01	7.028306e+02
2.000000e-06	6.597327e-06	1.065781e-08	4.566920e+01	6.993594e+02
2.010000e-06	6.502429e-06	1.061350e-08	4.501228e+01	6.955589e+02
2.020000e-06	6.405171e-06	1.054068e-08	4.433902e+01	6.914825e+02
2.030000e-06	6.305606e-06	1.046685e-08	4.364980e+01	6.872483e+02
2.040000e-06	6.203748e-06	1.040638e-08	4.294469e+01	6.829675e+02
2.050000e-06	6.099734e-06	1.033726e-08	4.222467e+01	6.786768e+02
2.060000e-06	5.993599e-06	1.029061e-08	4.148996e+01	6.743183e+02
2.070000e-06	5.885373e-06	1.021511e-08	4.074079e+01	6.697765e+02
2.080000e-06	5.774993e-06	1.014869e-08	3.997669e+01	6.649458e+02
2.090000e-06	5.662422e-06	1.005883e-08	3.919743e+01	6.597830e+02
2.100000e-06	5.547620e-06	9.974910e-09	3.840273e+01	6.543147e+02
2.110000e-06	5.430627e-06	9.882596e-09	3.759286e+01	6.486024e+02
2.120000e-06	5.311548e-06	9.789754e-09	3.676855e+01	6.426950e+02
2.130000e-06	5.190546e-06	9.698141e-09	3.593093e+01	6.366020e+02
2.140000e-06	5.067706e-06	9.605524e-09	3.508058e+01	6.303026e+02
2.150000e-06	4.943007e-06	9.515511e-09	3.421737e+01	6.237734e+02
2.160000e-06	4.816528e-06	9.410338e-09	3.334183e+01	6.170077e+02
2.170000e-06	4.688294e-06	9.302931e-09	3.245415e+01	6.100087e+02
2.180000e-06	4.558444e-06	9.187485e-09	3.155528e+01	6.027621e+02
2.190000e-06	4.426997e-06	9.075260e-09	3.064535e+01	5.952155e+02
2.200000e-06	4.293972e-06	8.955378e-09	2.972450e+01	5.872880e+02
2.210000e-06	4.159413e-06	8.827631e-09	2.879303e+01	5.789104e+02
2.220000e-06	4.023282e-06	8.691884e-09	2.785068e+01	5.700707e+02
2.230000e-06	3.885531e-06	8.551342e-09	2.689712e+01	5.608309e+02
2.240000e-06	3.746325e-06	8.410017e-09	2.593348e+01	5.512971e+02
2.250000e-06	3.605884e-06	8.261951e-09	2.496130e+01	5.415559e+02
2.260000e-06	3.464159e-06	8.110552e-09	2.398022e+01	5.316145e+02
2.270000e-06	3.321084e-06	7.954092e-09	2.298980e+01	5.213837e+02
2.280000e-06	3.176769e-06	7.791938e-09	2.199080e+01	5.107145e+02
2.290000e-06	3.031331e-06	7.621992e-09	2.098402e+01	4.994692e+02
2.300000e-06	2.884777e-06	7.440301e-09	1.996952e+01	4.875837e+02
2.310000e-06	2.737264e-06	7.248966e-09	1.894838e+01	4.750869e+02
2.320000e-06	2.588810e-06	7.050036e-09	1.792072e+01	4.620684e+02
2.330000e-06	2.439388e-06	6.848355e-09	1.688637e+01	4.486180e+02
2.340000e-06	2.289143e-06	6.640637e-09	1.584631e+01	4.347731e+02
2.350000e-06	2.138150e-06	6.424811e-09	1.480108e+01	4.205004e+02
2.360000e-06	1.986415e-06	6.199160e-09	1.375072e+01	4.057153e+02
2.370000e-06	1.833946e-06	5.964253e-09	1.269527e+01	3.903197e+02
2.380000e-06	1.680735e-06	5.719651e-09	1.163469e+01	3.742338e+02
2.390000e-06	1.526813e-06	5.462184e-09	1.056918e+01	3.574067e+02
2.400000e-06	1.372349e-06	5.192591e-09	9.499922e+00	3.398079e+02
2.410000e-06	1.217491e-06	4.909479e-09	8.427936e+00	3.214142e+02
2.420000e-06	1.062216e-06	4.616949e-09	7.353063e+00	3.022018e+02
2.430000e-06	9.065172e-07	4.312796e-09	6.275256e+00	2.821451e+02
2.440000e-06	7.504500e-07	3.995090e-09	5.194900e+00	2.612164e+02
2.450000e-06	5.941304e-07	3.663641e-09	4.112796e+00	2.393795e+02
2.460000e-06	4.376293e-07	3.317038e-09	3.029436e+00	2.165770e+02
2.470000e-06	2.809182e-07	2.956213e-09	1.944622e+00	1.927220e+02
2.480000e-06	1.240535e-07	2.578430e-09	8.587452e-01	1.677020e+02
2.490000e-06	-3.282167e-08	2.179274e-09	-2.272040e-01	1.413982e+02
2.500000e-06	-1.896433e-07	1.756220e-09	-1.312783e+00	1.137122e+02
2.510000e-06	-3.463651e-07	1.309683e-09	-2.397671e+00	8.458696e+01
2.520000e-06	-5.029356e-07	8.426745e-10	-3.481511e+00	5.401608e+01
2.530000e-06	-6.592917e-07	3.562380e-10	-4.563867e+00	2.204339e+01
2.540000e-06	-8.153552e-07	-1.509217e-10	-5.644198e+00	-1.123531e+01
2.550000e-06	-9.710901e-07	-6.753829e-10	-6.722254e+00	-4.566012e+01
2.560000e-06	-1.126424e-06	-1.212934e-09	-7.797537e+00	-8.098603e+01
2.570000e-06	-1.281352e-06	-1.759035e-09	-8.870003e+00	-1.168670e+02
2.580000e-06	-1.435806e-06	-2.308725e-09	-9.939197e+00	-1.528622e+02
2.590000e-06	-1.589726e-06	-2.855238e-09	-1.100469e+01	-1.884732e+02
2.600000e-06	-1.743079e-06	-3.388163e-09	-1.206625e+01	-2.232045e+02
2.610000e-06	-1.895741e-06	-3.899472e-09	-1.312304e+01	-2.566272e+02
2.620000e-06	-2.047660e-06	-4.385554e-09	-1.417468e+01	-2.884217e+02
2.630000e-06	-2.198837e-06	-4.844698e-09	-1.522119e+01	-3.183893e+02
2.640000e-06	-2.349184e-06	-5.275425e-09	-1.626194e+01	-3.464367e+02
2.650000e-06	-2.498678e-06	-5.676234e-09	-1.729680e+01	-3.725501e+02
2.660000e-06	-2.647323e-06	-6.046271e-09	-1.832577e+01	-3.967737e+02
2.670000e-06	-2.795025e-06	-6.388795e-09	-1.934822e+01	-4.191990e+02
2.680000e-06	-2.941763e-06	-6.706927e-09	-2.036400e+01	-4.399576e+02
2.690000e-06	-3.087430e-06	-7.002940e-09	-2.137236e+01	-4.592083e+02
2.700000e-06	-3.231917e-06	-7.278705e-09	-2.237256e+01	-4.771117e+02
2.710000e-06	-3.375238e-06	-7.535761e-09	-2.336468e+01	-4.938025e+02
2.720000e-06	-3.517333e-06	-7.776557e-09	-2.434831e+01	-5.093718e+02
2.730000e-06	-3.658106e-06	-7.999333e-09	-2.532280e+01	-5.238721e+02
2.740000e-06	-3.797493e-06	-8.202700e-09	-2.628769e+01	-5.373435e+02
2.750000e-06	-3.935433e-06	-8.390426e-09	-2.724256e+01	-5.498456e+02
2.760000e-06	-4.071885e-06	-8.567947e-09	-2.818713e+01	-5.614755e+02
2.770000e-06	-4.206814e-06	-8.735383e-09	-2.912116e+01	-5.723588e+02
2.780000e-06	-4.340217e-06	-8.891571e-09	-3.004463e+01	-5.826189e+02
2.790000e-06	-4.472140e-06	-9.039930e-09	-3.095785e+01	-5.923430e+02
2.800000e-06	-4.602470e-06	-9.183192e-09	-3.186004e+01	-6.015654e+02
2.810000e-06	-4.731174e-06	-9.320235e-09	-3.275098e+01	-6.102792e+02
2.820000e-06	-4.858233e-06	-9.446654e-09	-3.363053e+01	-6.184685e+02
2.830000e-06	-4.983558e-06	-9.561957e-09	-3.449808e+01	-6.261404e+02
2.840000e-06	-5.107113e-06	-9.668534e-09	-3.535337e+01	-6.333384e+02
2.850000e-06	-5.228837e-06	-9.769035e-09	-3.619599e+01	-6.401303e+02
2.860000e-06	-5.348664e-06	-9.866833e-09	-3.702548e+01	-6.465801e+02
2.870000e-06	-5.466485e-06	-9.961738e-09	-3.784108e+01	-6.527255e+02
2.880000e-06	-5.582179e-06	-1.005249e-08	-3.864196e+01	-6.585742e+02
2.890000e-06	-5.695549e-06	-1.013786e-08	-3.942675e+01	-6.641206e+02
2.900000e-06	-5.806588e-06	-1.021919e-08	-4.019540e+01	-6.693703e+02
2.910000e-06	-5.915502e-06	-1.029803e-08	-4.094935e+01	-6.743538e+02
2.920000e-06	-6.022437e-06	-1.037224e-08	-4.168959e+01	-6.791197e+02
2.930000e-06	-6.127340e-06	-1.044123e-08	-4.241577e+01	-6.837119e+02
2.940000e-06	-6.230010e-06	-1.050813e-08	-4.312649e+01	-6.881482e+02
2.950000e-06	-6.330390e-06	-1.057486e-08	-4.382136e+01	-6.924128e+02
2.960000e-06	-6.428582e-06	-1.063928e-08	-4.450108e+01	-6.964709e+02
2.970000e-06	-6.524576e-06	-1.069765e-08	-4.516559e+01	-7.002943e+02
2.980000e-06	-6.618259e-06	-1.075195e-08	-4.581410e+01	-7.038814e+02
2.990000e-06	-6.709589e-06	-1.080687e-08	-4.644632e+01	-7.072600e+02
3.000000e-06	-6.798665e-06	-1.085981e-08	-4.706293e+01	-7.104721e+02
3.010000e-06	-6.885410e-06	-1.090601e-08	-4.766342e+01	-7.135509e+02
3.020000e-06	-6.969641e-06	-1.094739e-08	-4.824650e+01	-7.165050e+02
3.030000e-06	-7.051356e-06	-1.098977e-08	-4.881216e+01	-7.193193e+02
3.040000e-06	-7.130531e-06	-1.103369e-08	-4.936024e+01	-7.219689e+02
3.050000e-06	-7.206979e-06	-1.107415e-08	-4.988944e+01	-7.244367e+02
3.060000e-06	-7.280696e-06	-1.110739e-08	-5.039974e+01	-7.267246e+02
3.070000e-06	-7.351783e-06	-1.113599e-08	-5.089183e+01	-7.288519e+02
3.080000e-06	-7.420150e-06	-1.116700e-08	-5.136510e+01	-7.308463e+02
3.090000e-06	-7.485906e-06	-1.119841e-08	-5.182028e+01	-7.327332e+02
3.100000e-06	-7.549106e-06	-1.122776e-08	-5.225777e+01	-7.345292e+02
3.110000e-06	-7.609606e-06	-1.125199e-08	-5.267658e+01	-7.362406e+02
3.120000e-06	-7.667391e-06	-1.127509e-08	-5.307659e+01	-7.378639e+02
3.130000e-06	-7.722347e-06	-1.130053e-08	-5.345701e+01	-7.393892e+02
3.140000e-06	-7.774281e-06	-1.132467e-08	-5.381652e+01	-7.408034e+02
3.150000e-06	-7.823077e-06	-1.134301e-08	-5.415431e+01	-7.420968e+02
3.160000e-06	-7.868879e-06	-1.135747e-08	-5.447136e+01	-7.432701e+02
3.170000e-06	-7.912078e-06	-1.137319e-08	-5.477041e+01	-7.443373e+02
3.180000e-06	-7.952738e-06	-1.139041e-08	-5.505187e+01	-7.453222e+02
3.190000e-06	-7.990551e-06	-1.140681e-08	-5.531362e+01	-7.462453e+02
3.200000e-06	-8.025537e-06	-1.141818e-08	-5.555581e+01	-7.471116e+02
3.210000e-06	-8.057826e-06	-1.142825e-08	-5.577933e+01	-7.479055e+02
3.220000e-06	-8.087152e-06	-1.143903e-08	-5.598233e+01	-7.486001e+02
3.230000e-06	-8.113536e-06	-1.144971e-08	-5.616497e+01	-7.491753e+02
3.240000e-06	-8.137145e-06	-1.145520e-08	-5.632841e+01	-7.496334e+02
3.250000e-06	-8.157832e-06	-1.145832e-08	-5.647161e+01	-7.499998e+02
3.260000e-06	-8.175658e-06	-1.146202e-08	-5.659501e+01	-7.503063e+02
3.270000e-06	-8.190544e-06	-1.146610e-08	-5.669805e+01	-7.505684e+02
3.280000e-06	-8.202270e-06	-1.146916e-08	-5.677923e+01	-7.507737e+02
3.290000e-06	-8.211047e-06	-1.146974e-08	-5.683998e+01	-7.508910e+02
3.300000e-06	-8.216905e-06	-1.146990e-08	-5.688053e+01	-7.508971e+02
3.310000e-06	-8.219858e-06	-1.147013e-08	-5.690097e+01	-7.507994e+02
