# Temperatura_=_20.0
# Concentracion g/m^3_=_10000.0
# C_Vs_to_Am_M_A/Vsm_=_65563218390.804596
# pendiente_HvsI_1/m_=_3716.3
# ordenada_HvsI_A/m_=_1297.0
# frecuencia_Hz_=_81139.19402505858

Tiempo_(s)	Campo_(V.s)	Magnetizacion_(V.s)	Campo_(kA/m)	Magnetizacion_(A/m)
0.000000e+00	-2.073743e-06	-4.387209e-09	-1.577629e+01	-2.928705e+02
1.000000e-08	-2.073715e-06	-4.366900e-09	-1.577608e+01	-2.930482e+02
2.000000e-08	-2.073704e-06	-4.398364e-09	-1.577599e+01	-2.932264e+02
3.000000e-08	-2.073670e-06	-4.468585e-09	-1.577574e+01	-2.934051e+02
4.000000e-08	-2.073575e-06	-4.541083e-09	-1.577501e+01	-2.935845e+02
5.000000e-08	-2.073397e-06	-4.488848e-09	-1.577366e+01	-2.937645e+02
6.000000e-08	-2.073165e-06	-4.408457e-09	-1.577190e+01	-2.939449e+02
7.000000e-08	-2.072874e-06	-4.369166e-09	-1.576969e+01	-2.941250e+02
8.000000e-08	-2.072515e-06	-4.421275e-09	-1.576695e+01	-2.943045e+02
9.000000e-08	-2.072092e-06	-4.448285e-09	-1.576373e+01	-2.944825e+02
1.000000e-07	-2.071624e-06	-4.429309e-09	-1.576017e+01	-2.946580e+02
1.100000e-07	-2.071146e-06	-4.491049e-09	-1.575654e+01	-2.948301e+02
1.200000e-07	-2.070606e-06	-4.519269e-09	-1.575243e+01	-2.949977e+02
1.300000e-07	-2.069991e-06	-4.524629e-09	-1.574775e+01	-2.951593e+02
1.400000e-07	-2.069335e-06	-4.442525e-09	-1.574276e+01	-2.953138e+02
1.500000e-07	-2.068633e-06	-4.384626e-09	-1.573742e+01	-2.954597e+02
1.600000e-07	-2.067849e-06	-4.420423e-09	-1.573146e+01	-2.955956e+02
1.700000e-07	-2.066998e-06	-4.461879e-09	-1.572498e+01	-2.957203e+02
1.800000e-07	-2.066115e-06	-4.532303e-09	-1.571826e+01	-2.958324e+02
1.900000e-07	-2.065172e-06	-4.501667e-09	-1.571109e+01	-2.959306e+02
2.000000e-07	-2.064196e-06	-4.478521e-09	-1.570366e+01	-2.960138e+02
2.100000e-07	-2.063157e-06	-4.454071e-09	-1.569576e+01	-2.960812e+02
2.200000e-07	-2.062046e-06	-4.444572e-09	-1.568731e+01	-2.961317e+02
2.300000e-07	-2.060867e-06	-4.472511e-09	-1.567834e+01	-2.961649e+02
2.400000e-07	-2.059615e-06	-4.458712e-09	-1.566882e+01	-2.961803e+02
2.500000e-07	-2.058323e-06	-4.492070e-09	-1.565898e+01	-2.961775e+02
2.600000e-07	-2.056965e-06	-4.490909e-09	-1.564865e+01	-2.961567e+02
2.700000e-07	-2.055545e-06	-4.498561e-09	-1.563785e+01	-2.961180e+02
2.800000e-07	-2.054065e-06	-4.470357e-09	-1.562659e+01	-2.960616e+02
2.900000e-07	-2.052534e-06	-4.427170e-09	-1.561494e+01	-2.959882e+02
3.000000e-07	-2.050946e-06	-4.439739e-09	-1.560286e+01	-2.958984e+02
3.100000e-07	-2.049307e-06	-4.450090e-09	-1.559039e+01	-2.957930e+02
3.200000e-07	-2.047625e-06	-4.495474e-09	-1.557760e+01	-2.956729e+02
3.300000e-07	-2.045864e-06	-4.484381e-09	-1.556420e+01	-2.955390e+02
3.400000e-07	-2.044036e-06	-4.471653e-09	-1.555029e+01	-2.953923e+02
3.500000e-07	-2.042149e-06	-4.457835e-09	-1.553594e+01	-2.952337e+02
3.600000e-07	-2.040214e-06	-4.441822e-09	-1.552122e+01	-2.950641e+02
3.700000e-07	-2.038235e-06	-4.452678e-09	-1.550616e+01	-2.948843e+02
3.800000e-07	-2.036202e-06	-4.434431e-09	-1.549069e+01	-2.946951e+02
3.900000e-07	-2.034123e-06	-4.449386e-09	-1.547488e+01	-2.944971e+02
4.000000e-07	-2.031995e-06	-4.446112e-09	-1.545869e+01	-2.942908e+02
4.100000e-07	-2.029831e-06	-4.453492e-09	-1.544223e+01	-2.940765e+02
4.200000e-07	-2.027617e-06	-4.451180e-09	-1.542538e+01	-2.938546e+02
4.300000e-07	-2.025352e-06	-4.427462e-09	-1.540815e+01	-2.936252e+02
4.400000e-07	-2.023044e-06	-4.427542e-09	-1.539060e+01	-2.933883e+02
4.500000e-07	-2.020682e-06	-4.409255e-09	-1.537263e+01	-2.931439e+02
4.600000e-07	-2.018273e-06	-4.415442e-09	-1.535430e+01	-2.928919e+02
4.700000e-07	-2.015798e-06	-4.397251e-09	-1.533547e+01	-2.926322e+02
4.800000e-07	-2.013274e-06	-4.387160e-09	-1.531627e+01	-2.923647e+02
4.900000e-07	-2.010718e-06	-4.392161e-09	-1.529682e+01	-2.920894e+02
5.000000e-07	-2.008114e-06	-4.394588e-09	-1.527701e+01	-2.918062e+02
5.100000e-07	-2.005443e-06	-4.407990e-09	-1.525669e+01	-2.915152e+02
5.200000e-07	-2.002703e-06	-4.385908e-09	-1.523584e+01	-2.912167e+02
5.300000e-07	-1.999911e-06	-4.381660e-09	-1.521461e+01	-2.909109e+02
5.400000e-07	-1.997039e-06	-4.371183e-09	-1.519276e+01	-2.905982e+02
5.500000e-07	-1.994111e-06	-4.367600e-09	-1.517048e+01	-2.902792e+02
5.600000e-07	-1.991154e-06	-4.361776e-09	-1.514798e+01	-2.899547e+02
5.700000e-07	-1.988148e-06	-4.344278e-09	-1.512512e+01	-2.896253e+02
5.800000e-07	-1.985103e-06	-4.354026e-09	-1.510195e+01	-2.892919e+02
5.900000e-07	-1.982009e-06	-4.351536e-09	-1.507841e+01	-2.889554e+02
6.000000e-07	-1.978861e-06	-4.353373e-09	-1.505447e+01	-2.886168e+02
6.100000e-07	-1.975679e-06	-4.334944e-09	-1.503026e+01	-2.882771e+02
6.200000e-07	-1.972461e-06	-4.322969e-09	-1.500578e+01	-2.879371e+02
6.300000e-07	-1.969184e-06	-4.327350e-09	-1.498085e+01	-2.875977e+02
6.400000e-07	-1.965839e-06	-4.321999e-09	-1.495540e+01	-2.872595e+02
6.500000e-07	-1.962443e-06	-4.323138e-09	-1.492956e+01	-2.869232e+02
6.600000e-07	-1.959011e-06	-4.309847e-09	-1.490346e+01	-2.865892e+02
6.700000e-07	-1.955528e-06	-4.312759e-09	-1.487696e+01	-2.862577e+02
6.800000e-07	-1.951968e-06	-4.309784e-09	-1.484987e+01	-2.859288e+02
6.900000e-07	-1.948336e-06	-4.300572e-09	-1.482224e+01	-2.856022e+02
7.000000e-07	-1.944657e-06	-4.292448e-09	-1.479425e+01	-2.852776e+02
7.100000e-07	-1.940932e-06	-4.284944e-09	-1.476592e+01	-2.849544e+02
7.200000e-07	-1.937177e-06	-4.294381e-09	-1.473735e+01	-2.846318e+02
7.300000e-07	-1.933380e-06	-4.283905e-09	-1.470846e+01	-2.843087e+02
7.400000e-07	-1.929534e-06	-4.274971e-09	-1.467920e+01	-2.839841e+02
7.500000e-07	-1.925636e-06	-4.265528e-09	-1.464955e+01	-2.836567e+02
7.600000e-07	-1.921681e-06	-4.264443e-09	-1.461946e+01	-2.833250e+02
7.700000e-07	-1.917674e-06	-4.268746e-09	-1.458897e+01	-2.829877e+02
7.800000e-07	-1.913627e-06	-4.257673e-09	-1.455819e+01	-2.826432e+02
7.900000e-07	-1.909550e-06	-4.252468e-09	-1.452717e+01	-2.822902e+02
8.000000e-07	-1.905408e-06	-4.242098e-09	-1.449566e+01	-2.819270e+02
8.100000e-07	-1.901217e-06	-4.240417e-09	-1.446378e+01	-2.815525e+02
8.200000e-07	-1.896983e-06	-4.231793e-09	-1.443157e+01	-2.811651e+02
8.300000e-07	-1.892696e-06	-4.217739e-09	-1.439895e+01	-2.807639e+02
8.400000e-07	-1.888347e-06	-4.214498e-09	-1.436587e+01	-2.803477e+02
8.500000e-07	-1.883930e-06	-4.208736e-09	-1.433226e+01	-2.799157e+02
8.600000e-07	-1.879457e-06	-4.203839e-09	-1.429823e+01	-2.794673e+02
8.700000e-07	-1.874934e-06	-4.184973e-09	-1.426383e+01	-2.790019e+02
8.800000e-07	-1.870382e-06	-4.174349e-09	-1.422920e+01	-2.785192e+02
8.900000e-07	-1.865796e-06	-4.173257e-09	-1.419430e+01	-2.780193e+02
9.000000e-07	-1.861149e-06	-4.172711e-09	-1.415896e+01	-2.775022e+02
9.100000e-07	-1.856453e-06	-4.166411e-09	-1.412323e+01	-2.769682e+02
9.200000e-07	-1.851719e-06	-4.146582e-09	-1.408721e+01	-2.764179e+02
9.300000e-07	-1.846947e-06	-4.136989e-09	-1.405091e+01	-2.758521e+02
9.400000e-07	-1.842124e-06	-4.126577e-09	-1.401422e+01	-2.752715e+02
9.500000e-07	-1.837239e-06	-4.116372e-09	-1.397706e+01	-2.746773e+02
9.600000e-07	-1.832302e-06	-4.101089e-09	-1.393950e+01	-2.740707e+02
9.700000e-07	-1.827321e-06	-4.089014e-09	-1.390160e+01	-2.734530e+02
9.800000e-07	-1.822302e-06	-4.089480e-09	-1.386342e+01	-2.728255e+02
9.900000e-07	-1.817219e-06	-4.080062e-09	-1.382475e+01	-2.721899e+02
1.000000e-06	-1.812083e-06	-4.065298e-09	-1.378568e+01	-2.715475e+02
1.010000e-06	-1.806875e-06	-4.046161e-09	-1.374605e+01	-2.709001e+02
1.020000e-06	-1.801581e-06	-4.035064e-09	-1.370578e+01	-2.702490e+02
1.030000e-06	-1.796239e-06	-4.026179e-09	-1.366514e+01	-2.695959e+02
1.040000e-06	-1.790848e-06	-4.012959e-09	-1.362413e+01	-2.689422e+02
1.050000e-06	-1.785405e-06	-3.999895e-09	-1.358272e+01	-2.682891e+02
1.060000e-06	-1.779920e-06	-3.987612e-09	-1.354099e+01	-2.676380e+02
1.070000e-06	-1.774401e-06	-3.984594e-09	-1.349901e+01	-2.669899e+02
1.080000e-06	-1.768846e-06	-3.974691e-09	-1.345674e+01	-2.663457e+02
1.090000e-06	-1.763257e-06	-3.962041e-09	-1.341423e+01	-2.657061e+02
1.100000e-06	-1.757626e-06	-3.951905e-09	-1.337139e+01	-2.650717e+02
1.110000e-06	-1.751942e-06	-3.944223e-09	-1.332814e+01	-2.644429e+02
1.120000e-06	-1.746220e-06	-3.934294e-09	-1.328462e+01	-2.638198e+02
1.130000e-06	-1.740449e-06	-3.914334e-09	-1.324072e+01	-2.632023e+02
1.140000e-06	-1.734628e-06	-3.901906e-09	-1.319643e+01	-2.625903e+02
1.150000e-06	-1.728766e-06	-3.894439e-09	-1.315184e+01	-2.619835e+02
1.160000e-06	-1.722869e-06	-3.889525e-09	-1.310697e+01	-2.613812e+02
1.170000e-06	-1.716907e-06	-3.881825e-09	-1.306161e+01	-2.607830e+02
1.180000e-06	-1.710865e-06	-3.870754e-09	-1.301565e+01	-2.601882e+02
1.190000e-06	-1.704775e-06	-3.864591e-09	-1.296932e+01	-2.595960e+02
1.200000e-06	-1.698641e-06	-3.856529e-09	-1.292265e+01	-2.590057e+02
1.210000e-06	-1.692473e-06	-3.849482e-09	-1.287573e+01	-2.584165e+02
1.220000e-06	-1.686274e-06	-3.836973e-09	-1.282857e+01	-2.578279e+02
1.230000e-06	-1.680041e-06	-3.824779e-09	-1.278115e+01	-2.572392e+02
1.240000e-06	-1.673775e-06	-3.816468e-09	-1.273348e+01	-2.566498e+02
1.250000e-06	-1.667464e-06	-3.807618e-09	-1.268547e+01	-2.560594e+02
1.260000e-06	-1.661101e-06	-3.798018e-09	-1.263706e+01	-2.554677e+02
1.270000e-06	-1.654700e-06	-3.783511e-09	-1.258836e+01	-2.548745e+02
1.280000e-06	-1.648266e-06	-3.774439e-09	-1.253942e+01	-2.542798e+02
1.290000e-06	-1.641782e-06	-3.769559e-09	-1.249009e+01	-2.536836e+02
1.300000e-06	-1.635261e-06	-3.763983e-09	-1.244048e+01	-2.530861e+02
1.310000e-06	-1.628707e-06	-3.755019e-09	-1.239062e+01	-2.524874e+02
1.320000e-06	-1.622112e-06	-3.743485e-09	-1.234044e+01	-2.518879e+02
1.330000e-06	-1.615471e-06	-3.734611e-09	-1.228993e+01	-2.512879e+02
1.340000e-06	-1.608778e-06	-3.721790e-09	-1.223901e+01	-2.506876e+02
1.350000e-06	-1.602048e-06	-3.708757e-09	-1.218781e+01	-2.500872e+02
1.360000e-06	-1.595274e-06	-3.697949e-09	-1.213627e+01	-2.494870e+02
1.370000e-06	-1.588436e-06	-3.692336e-09	-1.208425e+01	-2.488870e+02
1.380000e-06	-1.581552e-06	-3.686289e-09	-1.203188e+01	-2.482873e+02
1.390000e-06	-1.574637e-06	-3.673996e-09	-1.197927e+01	-2.476875e+02
1.400000e-06	-1.567693e-06	-3.665706e-09	-1.192645e+01	-2.470876e+02
1.410000e-06	-1.560711e-06	-3.657594e-09	-1.187333e+01	-2.464870e+02
1.420000e-06	-1.553694e-06	-3.650906e-09	-1.181995e+01	-2.458853e+02
1.430000e-06	-1.546648e-06	-3.641463e-09	-1.176634e+01	-2.452817e+02
1.440000e-06	-1.539554e-06	-3.629915e-09	-1.171238e+01	-2.446755e+02
1.450000e-06	-1.532408e-06	-3.620595e-09	-1.165801e+01	-2.440659e+02
1.460000e-06	-1.525229e-06	-3.608846e-09	-1.160340e+01	-2.434519e+02
1.470000e-06	-1.518025e-06	-3.598658e-09	-1.154859e+01	-2.428326e+02
1.480000e-06	-1.510772e-06	-3.584751e-09	-1.149341e+01	-2.422070e+02
1.490000e-06	-1.503481e-06	-3.575054e-09	-1.143794e+01	-2.415742e+02
1.500000e-06	-1.496156e-06	-3.571536e-09	-1.138222e+01	-2.409333e+02
1.510000e-06	-1.488794e-06	-3.563807e-09	-1.132621e+01	-2.402835e+02
1.520000e-06	-1.481402e-06	-3.555217e-09	-1.126997e+01	-2.396241e+02
1.530000e-06	-1.473963e-06	-3.543581e-09	-1.121338e+01	-2.389544e+02
1.540000e-06	-1.466464e-06	-3.531112e-09	-1.115633e+01	-2.382740e+02
1.550000e-06	-1.458925e-06	-3.520080e-09	-1.109898e+01	-2.375825e+02
1.560000e-06	-1.451360e-06	-3.509775e-09	-1.104143e+01	-2.368796e+02
1.570000e-06	-1.443738e-06	-3.497692e-09	-1.098344e+01	-2.361653e+02
1.580000e-06	-1.436046e-06	-3.480935e-09	-1.092492e+01	-2.354396e+02
1.590000e-06	-1.428319e-06	-3.465344e-09	-1.086614e+01	-2.347025e+02
1.600000e-06	-1.420559e-06	-3.451505e-09	-1.080710e+01	-2.339544e+02
1.610000e-06	-1.412755e-06	-3.441671e-09	-1.074773e+01	-2.331956e+02
1.620000e-06	-1.404917e-06	-3.433039e-09	-1.068811e+01	-2.324263e+02
1.630000e-06	-1.397049e-06	-3.421882e-09	-1.062825e+01	-2.316471e+02
1.640000e-06	-1.389139e-06	-3.412483e-09	-1.056807e+01	-2.308584e+02
1.650000e-06	-1.381186e-06	-3.400200e-09	-1.050757e+01	-2.300608e+02
1.660000e-06	-1.373206e-06	-3.384153e-09	-1.044686e+01	-2.292547e+02
1.670000e-06	-1.365188e-06	-3.364026e-09	-1.038586e+01	-2.284407e+02
1.680000e-06	-1.357129e-06	-3.344115e-09	-1.032455e+01	-2.276194e+02
1.690000e-06	-1.349019e-06	-3.331037e-09	-1.026285e+01	-2.267913e+02
1.700000e-06	-1.340858e-06	-3.321974e-09	-1.020077e+01	-2.259571e+02
1.710000e-06	-1.332660e-06	-3.314299e-09	-1.013840e+01	-2.251172e+02
1.720000e-06	-1.324423e-06	-3.303453e-09	-1.007574e+01	-2.242724e+02
1.730000e-06	-1.316161e-06	-3.290935e-09	-1.001288e+01	-2.234232e+02
1.740000e-06	-1.307871e-06	-3.275869e-09	-9.949811e+00	-2.225701e+02
1.750000e-06	-1.299553e-06	-3.260131e-09	-9.886537e+00	-2.217140e+02
1.760000e-06	-1.291209e-06	-3.246214e-09	-9.823054e+00	-2.208552e+02
1.770000e-06	-1.282833e-06	-3.230873e-09	-9.759333e+00	-2.199946e+02
1.780000e-06	-1.274424e-06	-3.218823e-09	-9.695364e+00	-2.191327e+02
1.790000e-06	-1.265979e-06	-3.208915e-09	-9.631115e+00	-2.182701e+02
1.800000e-06	-1.257504e-06	-3.199583e-09	-9.566637e+00	-2.174072e+02
1.810000e-06	-1.249006e-06	-3.187414e-09	-9.501993e+00	-2.165447e+02
1.820000e-06	-1.240481e-06	-3.173437e-09	-9.437134e+00	-2.156828e+02
1.830000e-06	-1.231928e-06	-3.159221e-09	-9.372067e+00	-2.148220e+02
1.840000e-06	-1.223360e-06	-3.142968e-09	-9.306881e+00	-2.139623e+02
1.850000e-06	-1.214774e-06	-3.129997e-09	-9.241569e+00	-2.131038e+02
1.860000e-06	-1.206163e-06	-3.116280e-09	-9.176058e+00	-2.122465e+02
1.870000e-06	-1.197520e-06	-3.103001e-09	-9.110302e+00	-2.113902e+02
1.880000e-06	-1.188844e-06	-3.090733e-09	-9.044296e+00	-2.105344e+02
1.890000e-06	-1.180130e-06	-3.077436e-09	-8.978006e+00	-2.096786e+02
1.900000e-06	-1.171391e-06	-3.065846e-09	-8.911523e+00	-2.088223e+02
1.910000e-06	-1.162627e-06	-3.054297e-09	-8.844854e+00	-2.079645e+02
1.920000e-06	-1.153831e-06	-3.043612e-09	-8.777934e+00	-2.071045e+02
1.930000e-06	-1.145009e-06	-3.031632e-09	-8.710818e+00	-2.062414e+02
1.940000e-06	-1.136153e-06	-3.020361e-09	-8.643448e+00	-2.053740e+02
1.950000e-06	-1.127268e-06	-3.007909e-09	-8.575849e+00	-2.045014e+02
1.960000e-06	-1.118362e-06	-2.992343e-09	-8.508096e+00	-2.036227e+02
1.970000e-06	-1.109435e-06	-2.978004e-09	-8.440183e+00	-2.027369e+02
1.980000e-06	-1.100487e-06	-2.965432e-09	-8.372114e+00	-2.018431e+02
1.990000e-06	-1.091516e-06	-2.953294e-09	-8.303864e+00	-2.009407e+02
2.000000e-06	-1.082529e-06	-2.936961e-09	-8.235490e+00	-2.000290e+02
2.010000e-06	-1.073514e-06	-2.923717e-09	-8.166908e+00	-1.991077e+02
2.020000e-06	-1.064446e-06	-2.913743e-09	-8.097927e+00	-1.981765e+02
2.030000e-06	-1.055342e-06	-2.902108e-09	-8.028660e+00	-1.972353e+02
2.040000e-06	-1.046195e-06	-2.889123e-09	-7.959076e+00	-1.962841e+02
2.050000e-06	-1.037007e-06	-2.872931e-09	-7.889181e+00	-1.953233e+02
2.060000e-06	-1.027791e-06	-2.856231e-09	-7.819065e+00	-1.943531e+02
2.070000e-06	-1.018546e-06	-2.836714e-09	-7.748734e+00	-1.933741e+02
2.080000e-06	-1.009280e-06	-2.817890e-09	-7.678240e+00	-1.923868e+02
2.090000e-06	-9.999839e-07	-2.801579e-09	-7.607519e+00	-1.913917e+02
2.100000e-06	-9.906551e-07	-2.788027e-09	-7.536549e+00	-1.903894e+02
2.110000e-06	-9.813116e-07	-2.779111e-09	-7.465467e+00	-1.893804e+02
2.120000e-06	-9.719534e-07	-2.768738e-09	-7.394273e+00	-1.883653e+02
2.130000e-06	-9.625792e-07	-2.756543e-09	-7.322957e+00	-1.873443e+02
2.140000e-06	-9.531823e-07	-2.739473e-09	-7.251469e+00	-1.863178e+02
2.150000e-06	-9.437550e-07	-2.718198e-09	-7.179750e+00	-1.852858e+02
2.160000e-06	-9.343134e-07	-2.699902e-09	-7.107922e+00	-1.842482e+02
2.170000e-06	-9.248476e-07	-2.684336e-09	-7.035909e+00	-1.832048e+02
2.180000e-06	-9.153640e-07	-2.669175e-09	-6.963762e+00	-1.821553e+02
2.190000e-06	-9.058638e-07	-2.652913e-09	-6.891487e+00	-1.810990e+02
2.200000e-06	-8.963244e-07	-2.644311e-09	-6.818915e+00	-1.800353e+02
2.210000e-06	-8.867505e-07	-2.637587e-09	-6.746080e+00	-1.789636e+02
2.220000e-06	-8.771655e-07	-2.621466e-09	-6.673161e+00	-1.778830e+02
2.230000e-06	-8.675653e-07	-2.598141e-09	-6.600126e+00	-1.767926e+02
2.240000e-06	-8.579351e-07	-2.573931e-09	-6.526863e+00	-1.756918e+02
2.250000e-06	-8.482870e-07	-2.557000e-09	-6.453464e+00	-1.745797e+02
2.260000e-06	-8.386208e-07	-2.541987e-09	-6.379927e+00	-1.734557e+02
2.270000e-06	-8.289356e-07	-2.525661e-09	-6.306245e+00	-1.723194e+02
2.280000e-06	-8.192350e-07	-2.507853e-09	-6.232446e+00	-1.711703e+02
2.290000e-06	-8.095217e-07	-2.491540e-09	-6.158551e+00	-1.700083e+02
2.300000e-06	-7.997901e-07	-2.480037e-09	-6.084517e+00	-1.688335e+02
2.310000e-06	-7.900361e-07	-2.463982e-09	-6.010311e+00	-1.676460e+02
2.320000e-06	-7.802647e-07	-2.443387e-09	-5.935974e+00	-1.664464e+02
2.330000e-06	-7.704634e-07	-2.424532e-09	-5.861410e+00	-1.652353e+02
2.340000e-06	-7.606472e-07	-2.409757e-09	-5.786731e+00	-1.640136e+02
2.350000e-06	-7.508138e-07	-2.393698e-09	-5.711922e+00	-1.627822e+02
2.360000e-06	-7.409493e-07	-2.372128e-09	-5.636877e+00	-1.615424e+02
2.370000e-06	-7.310496e-07	-2.349160e-09	-5.561564e+00	-1.602953e+02
2.380000e-06	-7.211261e-07	-2.329157e-09	-5.486069e+00	-1.590423e+02
2.390000e-06	-7.111739e-07	-2.315147e-09	-5.410356e+00	-1.577848e+02
2.400000e-06	-7.011848e-07	-2.300458e-09	-5.334363e+00	-1.565242e+02
2.410000e-06	-6.911762e-07	-2.282813e-09	-5.258221e+00	-1.552617e+02
2.420000e-06	-6.811326e-07	-2.266430e-09	-5.181813e+00	-1.539987e+02
2.430000e-06	-6.710714e-07	-2.250581e-09	-5.105271e+00	-1.527364e+02
2.440000e-06	-6.610133e-07	-2.232104e-09	-5.028752e+00	-1.514758e+02
2.450000e-06	-6.509395e-07	-2.210402e-09	-4.952114e+00	-1.502180e+02
2.460000e-06	-6.408526e-07	-2.188379e-09	-4.875377e+00	-1.489636e+02
2.470000e-06	-6.307540e-07	-2.170191e-09	-4.798551e+00	-1.477133e+02
2.480000e-06	-6.206433e-07	-2.155121e-09	-4.721632e+00	-1.464676e+02
2.490000e-06	-6.105183e-07	-2.139360e-09	-4.644604e+00	-1.452269e+02
2.500000e-06	-6.003787e-07	-2.124073e-09	-4.567466e+00	-1.439913e+02
2.510000e-06	-5.902307e-07	-2.112234e-09	-4.490263e+00	-1.427607e+02
2.520000e-06	-5.800699e-07	-2.099705e-09	-4.412964e+00	-1.415351e+02
2.530000e-06	-5.698959e-07	-2.081170e-09	-4.335564e+00	-1.403142e+02
2.540000e-06	-5.597085e-07	-2.059521e-09	-4.258062e+00	-1.390975e+02
2.550000e-06	-5.495102e-07	-2.038847e-09	-4.180477e+00	-1.378847e+02
2.560000e-06	-5.392994e-07	-2.020050e-09	-4.102796e+00	-1.366751e+02
2.570000e-06	-5.290771e-07	-2.002254e-09	-4.025029e+00	-1.354680e+02
2.580000e-06	-5.188399e-07	-1.984081e-09	-3.947148e+00	-1.342627e+02
2.590000e-06	-5.085921e-07	-1.966727e-09	-3.869186e+00	-1.330584e+02
2.600000e-06	-4.983259e-07	-1.952947e-09	-3.791085e+00	-1.318544e+02
2.610000e-06	-4.880439e-07	-1.938279e-09	-3.712863e+00	-1.306497e+02
2.620000e-06	-4.777583e-07	-1.919886e-09	-3.634614e+00	-1.294437e+02
2.630000e-06	-4.674576e-07	-1.899107e-09	-3.556250e+00	-1.282353e+02
2.640000e-06	-4.571341e-07	-1.879162e-09	-3.477712e+00	-1.270240e+02
2.650000e-06	-4.468025e-07	-1.863063e-09	-3.399113e+00	-1.258089e+02
2.660000e-06	-4.364645e-07	-1.847581e-09	-3.320465e+00	-1.245893e+02
2.670000e-06	-4.261007e-07	-1.828548e-09	-3.241622e+00	-1.233648e+02
2.680000e-06	-4.157237e-07	-1.809055e-09	-3.162677e+00	-1.221346e+02
2.690000e-06	-4.053439e-07	-1.793093e-09	-3.083711e+00	-1.208985e+02
2.700000e-06	-3.949570e-07	-1.775501e-09	-3.004691e+00	-1.196561e+02
2.710000e-06	-3.845737e-07	-1.757498e-09	-2.925699e+00	-1.184073e+02
2.720000e-06	-3.741771e-07	-1.740038e-09	-2.846605e+00	-1.171520e+02
2.730000e-06	-3.637495e-07	-1.722466e-09	-2.767276e+00	-1.158901e+02
2.740000e-06	-3.533016e-07	-1.706319e-09	-2.687792e+00	-1.146219e+02
2.750000e-06	-3.428488e-07	-1.691006e-09	-2.608271e+00	-1.133476e+02
2.760000e-06	-3.324007e-07	-1.673956e-09	-2.528785e+00	-1.120675e+02
2.770000e-06	-3.219501e-07	-1.651922e-09	-2.449281e+00	-1.107820e+02
2.780000e-06	-3.114911e-07	-1.627749e-09	-2.369713e+00	-1.094915e+02
2.790000e-06	-3.010260e-07	-1.604048e-09	-2.290098e+00	-1.081965e+02
2.800000e-06	-2.905592e-07	-1.582103e-09	-2.210470e+00	-1.068974e+02
2.810000e-06	-2.800880e-07	-1.562754e-09	-2.130809e+00	-1.055945e+02
2.820000e-06	-2.696103e-07	-1.547875e-09	-2.051098e+00	-1.042883e+02
2.830000e-06	-2.591243e-07	-1.535303e-09	-1.971325e+00	-1.029788e+02
2.840000e-06	-2.486295e-07	-1.520226e-09	-1.891484e+00	-1.016662e+02
2.850000e-06	-2.381290e-07	-1.503051e-09	-1.811600e+00	-1.003504e+02
2.860000e-06	-2.276248e-07	-1.483439e-09	-1.731688e+00	-9.903136e+01
2.870000e-06	-2.171245e-07	-1.460527e-09	-1.651805e+00	-9.770869e+01
2.880000e-06	-2.066274e-07	-1.437667e-09	-1.571947e+00	-9.638193e+01
2.890000e-06	-1.961228e-07	-1.416099e-09	-1.492032e+00	-9.505053e+01
2.900000e-06	-1.856148e-07	-1.394180e-09	-1.412091e+00	-9.371381e+01
2.910000e-06	-1.751151e-07	-1.374339e-09	-1.332213e+00	-9.237101e+01
2.920000e-06	-1.646099e-07	-1.358108e-09	-1.252293e+00	-9.102134e+01
2.930000e-06	-1.540930e-07	-1.341096e-09	-1.172285e+00	-8.966403e+01
2.940000e-06	-1.435723e-07	-1.322402e-09	-1.092247e+00	-8.829831e+01
2.950000e-06	-1.330546e-07	-1.304851e-09	-1.012232e+00	-8.692354e+01
2.960000e-06	-1.225430e-07	-1.287491e-09	-9.322631e-01	-8.553918e+01
2.970000e-06	-1.120325e-07	-1.267218e-09	-8.523035e-01	-8.414487e+01
2.980000e-06	-1.015081e-07	-1.243688e-09	-7.722371e-01	-8.274045e+01
2.990000e-06	-9.097514e-08	-1.220828e-09	-6.921063e-01	-8.132599e+01
3.000000e-06	-8.044900e-08	-1.200226e-09	-6.120272e-01	-7.990179e+01
3.010000e-06	-6.992229e-08	-1.180859e-09	-5.319437e-01	-7.846841e+01
3.020000e-06	-5.939687e-08	-1.161802e-09	-4.518701e-01	-7.702667e+01
3.030000e-06	-4.887118e-08	-1.143208e-09	-3.717944e-01	-7.557759e+01
3.040000e-06	-3.834434e-08	-1.123374e-09	-2.917100e-01	-7.412243e+01
3.050000e-06	-2.781350e-08	-1.101249e-09	-2.115952e-01	-7.266258e+01
3.060000e-06	-1.727899e-08	-1.076679e-09	-1.314523e-01	-7.119957e+01
3.070000e-06	-6.748059e-09	-1.050891e-09	-5.133681e-02	-6.973500e+01
3.080000e-06	3.772409e-09	-1.028635e-09	2.869913e-02	-6.827048e+01
3.090000e-06	1.429282e-08	-1.008944e-09	1.087347e-01	-6.680757e+01
3.100000e-06	2.482184e-08	-9.890733e-10	1.888357e-01	-6.534773e+01
3.110000e-06	3.534356e-08	-9.699789e-10	2.688811e-01	-6.389225e+01
3.120000e-06	4.586002e-08	-9.527305e-10	3.488866e-01	-6.244222e+01
3.130000e-06	5.637837e-08	-9.350584e-10	4.289064e-01	-6.099850e+01
3.140000e-06	6.689460e-08	-9.159637e-10	5.089101e-01	-5.956164e+01
3.150000e-06	7.740741e-08	-8.970206e-10	5.888879e-01	-5.813192e+01
3.160000e-06	8.792809e-08	-8.766388e-10	6.689254e-01	-5.670932e+01
3.170000e-06	9.845538e-08	-8.549224e-10	7.490133e-01	-5.529352e+01
3.180000e-06	1.089732e-07	-8.307158e-10	8.290291e-01	-5.388395e+01
3.190000e-06	1.194924e-07	-8.042714e-10	9.090556e-01	-5.247979e+01
3.200000e-06	1.300148e-07	-7.807016e-10	9.891063e-01	-5.108002e+01
3.210000e-06	1.405326e-07	-7.626447e-10	1.069122e+00	-4.968350e+01
3.220000e-06	1.510412e-07	-7.465798e-10	1.149067e+00	-4.828897e+01
3.230000e-06	1.615386e-07	-7.271582e-10	1.228928e+00	-4.689518e+01
3.240000e-06	1.720429e-07	-7.051442e-10	1.308841e+00	-4.550087e+01
3.250000e-06	1.825408e-07	-6.818091e-10	1.388705e+00	-4.410487e+01
3.260000e-06	1.930318e-07	-6.598079e-10	1.468517e+00	-4.270616e+01
3.270000e-06	2.035333e-07	-6.406466e-10	1.548408e+00	-4.130384e+01
3.280000e-06	2.140309e-07	-6.203038e-10	1.628270e+00	-3.989726e+01
3.290000e-06	2.245215e-07	-5.960644e-10	1.708079e+00	-3.848595e+01
3.300000e-06	2.350170e-07	-5.731820e-10	1.787925e+00	-3.706966e+01
3.310000e-06	2.455062e-07	-5.547754e-10	1.867723e+00	-3.564837e+01
3.320000e-06	2.559773e-07	-5.360358e-10	1.947383e+00	-3.422223e+01
3.330000e-06	2.664527e-07	-5.155865e-10	2.027077e+00	-3.279156e+01
3.340000e-06	2.769362e-07	-4.937593e-10	2.106831e+00	-3.135682e+01
3.350000e-06	2.874192e-07	-4.729472e-10	2.186582e+00	-2.991854e+01
3.360000e-06	2.978913e-07	-4.535959e-10	2.266251e+00	-2.847726e+01
3.370000e-06	3.083459e-07	-4.324619e-10	2.345785e+00	-2.703355e+01
3.380000e-06	3.187961e-07	-4.091625e-10	2.425286e+00	-2.558787e+01
3.390000e-06	3.292386e-07	-3.849062e-10	2.504729e+00	-2.414059e+01
3.400000e-06	3.396729e-07	-3.625932e-10	2.584110e+00	-2.269193e+01
3.410000e-06	3.501012e-07	-3.423331e-10	2.663444e+00	-2.124195e+01
3.420000e-06	3.605101e-07	-3.213054e-10	2.742631e+00	-1.979049e+01
3.430000e-06	3.708997e-07	-2.992111e-10	2.821672e+00	-1.833720e+01
3.440000e-06	3.812848e-07	-2.777854e-10	2.900678e+00	-1.688155e+01
3.450000e-06	3.916610e-07	-2.567737e-10	2.979617e+00	-1.542281e+01
3.460000e-06	4.020240e-07	-2.352966e-10	3.058455e+00	-1.396009e+01
3.470000e-06	4.123761e-07	-2.111247e-10	3.137210e+00	-1.249238e+01
3.480000e-06	4.227120e-07	-1.856073e-10	3.215841e+00	-1.101860e+01
3.490000e-06	4.330375e-07	-1.617485e-10	3.294394e+00	-9.537617e+00
3.500000e-06	4.433536e-07	-1.398593e-10	3.372876e+00	-8.048305e+00
3.510000e-06	4.536568e-07	-1.180185e-10	3.451258e+00	-6.549600e+00
3.520000e-06	4.639567e-07	-9.436059e-11	3.529616e+00	-5.040530e+00
3.530000e-06	4.742499e-07	-7.072790e-11	3.607924e+00	-3.520261e+00
3.540000e-06	4.845285e-07	-4.685325e-11	3.686119e+00	-1.988124e+00
3.550000e-06	4.947942e-07	-2.119082e-11	3.764217e+00	-4.436431e-01
3.560000e-06	5.050486e-07	4.100400e-12	3.842229e+00	1.113454e+00
3.570000e-06	5.152920e-07	2.625661e-11	3.920157e+00	2.683232e+00
3.580000e-06	5.255089e-07	4.930623e-11	3.997883e+00	4.265548e+00
3.590000e-06	5.357041e-07	7.609418e-11	4.075445e+00	5.860069e+00
3.600000e-06	5.458839e-07	1.026396e-10	4.152889e+00	7.466291e+00
3.610000e-06	5.560433e-07	1.250019e-10	4.230178e+00	9.083566e+00
3.620000e-06	5.661987e-07	1.451247e-10	4.307437e+00	1.071113e+01
3.630000e-06	5.763413e-07	1.677511e-10	4.384598e+00	1.234814e+01
3.640000e-06	5.864759e-07	1.909233e-10	4.461699e+00	1.399369e+01
3.650000e-06	5.966038e-07	2.126403e-10	4.538748e+00	1.564688e+01
3.660000e-06	6.067115e-07	2.355792e-10	4.615644e+00	1.730679e+01
3.670000e-06	6.168113e-07	2.625042e-10	4.692479e+00	1.897253e+01
3.680000e-06	6.269063e-07	2.923018e-10	4.769278e+00	2.064327e+01
3.690000e-06	6.369947e-07	3.200558e-10	4.846027e+00	2.231821e+01
3.700000e-06	6.470707e-07	3.425989e-10	4.922682e+00	2.399661e+01
3.710000e-06	6.571262e-07	3.626036e-10	4.999181e+00	2.567780e+01
3.720000e-06	6.671679e-07	3.846837e-10	5.075574e+00	2.736110e+01
3.730000e-06	6.771904e-07	4.088113e-10	5.151822e+00	2.904591e+01
3.740000e-06	6.871915e-07	4.331976e-10	5.227907e+00	3.073160e+01
3.750000e-06	6.971637e-07	4.559559e-10	5.303771e+00	3.241757e+01
3.760000e-06	7.070976e-07	4.796516e-10	5.379346e+00	3.410317e+01
3.770000e-06	7.170173e-07	5.070946e-10	5.454811e+00	3.578774e+01
3.780000e-06	7.269095e-07	5.348709e-10	5.530067e+00	3.747057e+01
3.790000e-06	7.367572e-07	5.600332e-10	5.604985e+00	3.915093e+01
3.800000e-06	7.465614e-07	5.846115e-10	5.679572e+00	4.082803e+01
3.810000e-06	7.563383e-07	6.108775e-10	5.753951e+00	4.250109e+01
3.820000e-06	7.661104e-07	6.360001e-10	5.828293e+00	4.416931e+01
3.830000e-06	7.758687e-07	6.575975e-10	5.902531e+00	4.583193e+01
3.840000e-06	7.856112e-07	6.778128e-10	5.976649e+00	4.748822e+01
3.850000e-06	7.953296e-07	6.988210e-10	6.050583e+00	4.913757e+01
3.860000e-06	8.050309e-07	7.221880e-10	6.124387e+00	5.077948e+01
3.870000e-06	8.147275e-07	7.447119e-10	6.198155e+00	5.241362e+01
3.880000e-06	8.243995e-07	7.649803e-10	6.271736e+00	5.403984e+01
3.890000e-06	8.340485e-07	7.873083e-10	6.345142e+00	5.565821e+01
3.900000e-06	8.436808e-07	8.135040e-10	6.418421e+00	5.726907e+01
3.910000e-06	8.532929e-07	8.388383e-10	6.491546e+00	5.887297e+01
3.920000e-06	8.628890e-07	8.581702e-10	6.564550e+00	6.047074e+01
3.930000e-06	8.724704e-07	8.765000e-10	6.637442e+00	6.206345e+01
3.940000e-06	8.820215e-07	8.989142e-10	6.710104e+00	6.365238e+01
3.950000e-06	8.915536e-07	9.239380e-10	6.782620e+00	6.523902e+01
3.960000e-06	9.010653e-07	9.491506e-10	6.854982e+00	6.682499e+01
3.970000e-06	9.105525e-07	9.733309e-10	6.927157e+00	6.841202e+01
3.980000e-06	9.200228e-07	1.000208e-09	6.999204e+00	7.000188e+01
3.990000e-06	9.294605e-07	1.028991e-09	7.071003e+00	7.159632e+01
4.000000e-06	9.388690e-07	1.055985e-09	7.142579e+00	7.319700e+01
4.010000e-06	9.482588e-07	1.078492e-09	7.214013e+00	7.480545e+01
4.020000e-06	9.576271e-07	1.095991e-09	7.285284e+00	7.642299e+01
4.030000e-06	9.669689e-07	1.114785e-09	7.356353e+00	7.805071e+01
4.040000e-06	9.762944e-07	1.136496e-09	7.427298e+00	7.968941e+01
4.050000e-06	9.856061e-07	1.161645e-09	7.498138e+00	8.133956e+01
4.060000e-06	9.949003e-07	1.187986e-09	7.568845e+00	8.300131e+01
4.070000e-06	1.004176e-06	1.214919e-09	7.639408e+00	8.467448e+01
4.080000e-06	1.013436e-06	1.242389e-09	7.709857e+00	8.635856e+01
4.090000e-06	1.022675e-06	1.267858e-09	7.780142e+00	8.805275e+01
4.100000e-06	1.031874e-06	1.292889e-09	7.850127e+00	8.975598e+01
4.110000e-06	1.041027e-06	1.317874e-09	7.919762e+00	9.146698e+01
4.120000e-06	1.050149e-06	1.341094e-09	7.989155e+00	9.318431e+01
4.130000e-06	1.059215e-06	1.362827e-09	8.058131e+00	9.490643e+01
4.140000e-06	1.068234e-06	1.388297e-09	8.126739e+00	9.663175e+01
4.150000e-06	1.077244e-06	1.417464e-09	8.195288e+00	9.835872e+01
4.160000e-06	1.086220e-06	1.444002e-09	8.263575e+00	1.000859e+02
4.170000e-06	1.095155e-06	1.467075e-09	8.331550e+00	1.018118e+02
4.180000e-06	1.104066e-06	1.492592e-09	8.399336e+00	1.035354e+02
4.190000e-06	1.112952e-06	1.521348e-09	8.466938e+00	1.052556e+02
4.200000e-06	1.121819e-06	1.550703e-09	8.534393e+00	1.069717e+02
4.210000e-06	1.130672e-06	1.576893e-09	8.601749e+00	1.086832e+02
4.220000e-06	1.139498e-06	1.598289e-09	8.668892e+00	1.103899e+02
4.230000e-06	1.148290e-06	1.618684e-09	8.735783e+00	1.120915e+02
4.240000e-06	1.157070e-06	1.640559e-09	8.802573e+00	1.137884e+02
4.250000e-06	1.165821e-06	1.664305e-09	8.869149e+00	1.154808e+02
4.260000e-06	1.174538e-06	1.689773e-09	8.935463e+00	1.171691e+02
4.270000e-06	1.183228e-06	1.718387e-09	9.001577e+00	1.188537e+02
4.280000e-06	1.191884e-06	1.748415e-09	9.067426e+00	1.205353e+02
4.290000e-06	1.200522e-06	1.775837e-09	9.133138e+00	1.222144e+02
4.300000e-06	1.209136e-06	1.797239e-09	9.198675e+00	1.238914e+02
4.310000e-06	1.217718e-06	1.816112e-09	9.263964e+00	1.255667e+02
4.320000e-06	1.226270e-06	1.839493e-09	9.329023e+00	1.272404e+02
4.330000e-06	1.234787e-06	1.866228e-09	9.393818e+00	1.289129e+02
4.340000e-06	1.243283e-06	1.891594e-09	9.458452e+00	1.305839e+02
4.350000e-06	1.251748e-06	1.916006e-09	9.522850e+00	1.322532e+02
4.360000e-06	1.260192e-06	1.940355e-09	9.587088e+00	1.339206e+02
4.370000e-06	1.268615e-06	1.964305e-09	9.651169e+00	1.355854e+02
4.380000e-06	1.276994e-06	1.988864e-09	9.714915e+00	1.372470e+02
4.390000e-06	1.285339e-06	2.010286e-09	9.778395e+00	1.389046e+02
4.400000e-06	1.293647e-06	2.032563e-09	9.841603e+00	1.405575e+02
4.410000e-06	1.301919e-06	2.062249e-09	9.904534e+00	1.422048e+02
4.420000e-06	1.310161e-06	2.093865e-09	9.967234e+00	1.438455e+02
4.430000e-06	1.318369e-06	2.121166e-09	1.002968e+01	1.454789e+02
4.440000e-06	1.326535e-06	2.140580e-09	1.009180e+01	1.471041e+02
4.450000e-06	1.334662e-06	2.155168e-09	1.015363e+01	1.487204e+02
4.460000e-06	1.342766e-06	2.169646e-09	1.021528e+01	1.503271e+02
4.470000e-06	1.350840e-06	2.186847e-09	1.027671e+01	1.519236e+02
4.480000e-06	1.358875e-06	2.212041e-09	1.033783e+01	1.535095e+02
4.490000e-06	1.366873e-06	2.244326e-09	1.039868e+01	1.550844e+02
4.500000e-06	1.374816e-06	2.278219e-09	1.045911e+01	1.566480e+02
4.510000e-06	1.382711e-06	2.305951e-09	1.051917e+01	1.582002e+02
4.520000e-06	1.390583e-06	2.326393e-09	1.057906e+01	1.597409e+02
4.530000e-06	1.398435e-06	2.343119e-09	1.063879e+01	1.612699e+02
4.540000e-06	1.406245e-06	2.359768e-09	1.069821e+01	1.627874e+02
4.550000e-06	1.414011e-06	2.380232e-09	1.075729e+01	1.642934e+02
4.560000e-06	1.421747e-06	2.404599e-09	1.081614e+01	1.657879e+02
4.570000e-06	1.429444e-06	2.428420e-09	1.087470e+01	1.672709e+02
4.580000e-06	1.437098e-06	2.448330e-09	1.093292e+01	1.687427e+02
4.590000e-06	1.444718e-06	2.469050e-09	1.099089e+01	1.702032e+02
4.600000e-06	1.452288e-06	2.491725e-09	1.104849e+01	1.716526e+02
4.610000e-06	1.459802e-06	2.514985e-09	1.110565e+01	1.730909e+02
4.620000e-06	1.467262e-06	2.536514e-09	1.116240e+01	1.745183e+02
4.630000e-06	1.474675e-06	2.552939e-09	1.121880e+01	1.759349e+02
4.640000e-06	1.482058e-06	2.570535e-09	1.127497e+01	1.773409e+02
4.650000e-06	1.489404e-06	2.590777e-09	1.133086e+01	1.787365e+02
4.660000e-06	1.496707e-06	2.610483e-09	1.138641e+01	1.801221e+02
4.670000e-06	1.503967e-06	2.630771e-09	1.144164e+01	1.814978e+02
4.680000e-06	1.511192e-06	2.652206e-09	1.149661e+01	1.828641e+02
4.690000e-06	1.518392e-06	2.675675e-09	1.155139e+01	1.842214e+02
4.700000e-06	1.525562e-06	2.698663e-09	1.160593e+01	1.855701e+02
4.710000e-06	1.532685e-06	2.721564e-09	1.166012e+01	1.869109e+02
4.720000e-06	1.539767e-06	2.742859e-09	1.171399e+01	1.882442e+02
4.730000e-06	1.546814e-06	2.759216e-09	1.176761e+01	1.895706e+02
4.740000e-06	1.553821e-06	2.776468e-09	1.182092e+01	1.908906e+02
4.750000e-06	1.560791e-06	2.800594e-09	1.187394e+01	1.922047e+02
4.760000e-06	1.567733e-06	2.825135e-09	1.192675e+01	1.935132e+02
4.770000e-06	1.574633e-06	2.843256e-09	1.197925e+01	1.948166e+02
4.780000e-06	1.581487e-06	2.857885e-09	1.203139e+01	1.961151e+02
4.790000e-06	1.588309e-06	2.875148e-09	1.208328e+01	1.974089e+02
4.800000e-06	1.595083e-06	2.896451e-09	1.213482e+01	1.986980e+02
4.810000e-06	1.601810e-06	2.918129e-09	1.218600e+01	1.999822e+02
4.820000e-06	1.608495e-06	2.935921e-09	1.223686e+01	2.012614e+02
4.830000e-06	1.615125e-06	2.951649e-09	1.228729e+01	2.025352e+02
4.840000e-06	1.621691e-06	2.969755e-09	1.233724e+01	2.038033e+02
4.850000e-06	1.628217e-06	2.988971e-09	1.238690e+01	2.050651e+02
4.860000e-06	1.634721e-06	3.006418e-09	1.243637e+01	2.063201e+02
4.870000e-06	1.641189e-06	3.022120e-09	1.248558e+01	2.075677e+02
4.880000e-06	1.647611e-06	3.041896e-09	1.253443e+01	2.088074e+02
4.890000e-06	1.653993e-06	3.067384e-09	1.258298e+01	2.100386e+02
4.900000e-06	1.660338e-06	3.090953e-09	1.263126e+01	2.112608e+02
4.910000e-06	1.666656e-06	3.108438e-09	1.267932e+01	2.124736e+02
4.920000e-06	1.672942e-06	3.124423e-09	1.272714e+01	2.136767e+02
4.930000e-06	1.679184e-06	3.143588e-09	1.277463e+01	2.148699e+02
4.940000e-06	1.685398e-06	3.163437e-09	1.282190e+01	2.160531e+02
4.950000e-06	1.691580e-06	3.181072e-09	1.286893e+01	2.172263e+02
4.960000e-06	1.697713e-06	3.198321e-09	1.291559e+01	2.183896e+02
4.970000e-06	1.703803e-06	3.217088e-09	1.296192e+01	2.195432e+02
4.980000e-06	1.709850e-06	3.237050e-09	1.300793e+01	2.206873e+02
4.990000e-06	1.715853e-06	3.255224e-09	1.305360e+01	2.218222e+02
5.000000e-06	1.721808e-06	3.271362e-09	1.309890e+01	2.229481e+02
5.010000e-06	1.727704e-06	3.289527e-09	1.314375e+01	2.240652e+02
5.020000e-06	1.733535e-06	3.309803e-09	1.318811e+01	2.251738e+02
5.030000e-06	1.739304e-06	3.328666e-09	1.323200e+01	2.262738e+02
5.040000e-06	1.745027e-06	3.344318e-09	1.327554e+01	2.273652e+02
5.050000e-06	1.750713e-06	3.358931e-09	1.331880e+01	2.284479e+02
5.060000e-06	1.756364e-06	3.374631e-09	1.336179e+01	2.295215e+02
5.070000e-06	1.761980e-06	3.390680e-09	1.340451e+01	2.305854e+02
5.080000e-06	1.767562e-06	3.404260e-09	1.344698e+01	2.316391e+02
5.090000e-06	1.773087e-06	3.419222e-09	1.348901e+01	2.326819e+02
5.100000e-06	1.778555e-06	3.439495e-09	1.353061e+01	2.337128e+02
5.110000e-06	1.783984e-06	3.458392e-09	1.357191e+01	2.347309e+02
5.120000e-06	1.789366e-06	3.472804e-09	1.361286e+01	2.357354e+02
5.130000e-06	1.794701e-06	3.485459e-09	1.365344e+01	2.367251e+02
5.140000e-06	1.799983e-06	3.500708e-09	1.369363e+01	2.376993e+02
5.150000e-06	1.805200e-06	3.518407e-09	1.373331e+01	2.386570e+02
5.160000e-06	1.810365e-06	3.533889e-09	1.377261e+01	2.395977e+02
5.170000e-06	1.815482e-06	3.548605e-09	1.381154e+01	2.405208e+02
5.180000e-06	1.820532e-06	3.566255e-09	1.384996e+01	2.414261e+02
5.190000e-06	1.825524e-06	3.586722e-09	1.388793e+01	2.423134e+02
5.200000e-06	1.830458e-06	3.601945e-09	1.392547e+01	2.431830e+02
5.210000e-06	1.835348e-06	3.611835e-09	1.396267e+01	2.440352e+02
5.220000e-06	1.840208e-06	3.622873e-09	1.399964e+01	2.448707e+02
5.230000e-06	1.845018e-06	3.636698e-09	1.403624e+01	2.456904e+02
5.240000e-06	1.849783e-06	3.652876e-09	1.407249e+01	2.464953e+02
5.250000e-06	1.854498e-06	3.666067e-09	1.410835e+01	2.472867e+02
5.260000e-06	1.859166e-06	3.676794e-09	1.414387e+01	2.480659e+02
5.270000e-06	1.863804e-06	3.688404e-09	1.417915e+01	2.488344e+02
5.280000e-06	1.868391e-06	3.701486e-09	1.421405e+01	2.495935e+02
5.290000e-06	1.872938e-06	3.714313e-09	1.424864e+01	2.503447e+02
5.300000e-06	1.877454e-06	3.726191e-09	1.428300e+01	2.510894e+02
5.310000e-06	1.881908e-06	3.737968e-09	1.431688e+01	2.518288e+02
5.320000e-06	1.886306e-06	3.749665e-09	1.435034e+01	2.525640e+02
5.330000e-06	1.890675e-06	3.761421e-09	1.438358e+01	2.532961e+02
5.340000e-06	1.894993e-06	3.770281e-09	1.441643e+01	2.540256e+02
5.350000e-06	1.899245e-06	3.778025e-09	1.444878e+01	2.547532e+02
5.360000e-06	1.903433e-06	3.789525e-09	1.448064e+01	2.554793e+02
5.370000e-06	1.907558e-06	3.801563e-09	1.451202e+01	2.562039e+02
5.380000e-06	1.911637e-06	3.816343e-09	1.454305e+01	2.569271e+02
5.390000e-06	1.915686e-06	3.833849e-09	1.457385e+01	2.576487e+02
5.400000e-06	1.919694e-06	3.848701e-09	1.460434e+01	2.583684e+02
5.410000e-06	1.923655e-06	3.859233e-09	1.463448e+01	2.590858e+02
5.420000e-06	1.927568e-06	3.866343e-09	1.466424e+01	2.598005e+02
5.430000e-06	1.931424e-06	3.875895e-09	1.469358e+01	2.605119e+02
5.440000e-06	1.935233e-06	3.885616e-09	1.472256e+01	2.612196e+02
5.450000e-06	1.938996e-06	3.892542e-09	1.475118e+01	2.619231e+02
5.460000e-06	1.942717e-06	3.902597e-09	1.477949e+01	2.626221e+02
5.470000e-06	1.946396e-06	3.919166e-09	1.480749e+01	2.633161e+02
5.480000e-06	1.950031e-06	3.936795e-09	1.483514e+01	2.640049e+02
5.490000e-06	1.953612e-06	3.950447e-09	1.486238e+01	2.646883e+02
5.500000e-06	1.957146e-06	3.960267e-09	1.488927e+01	2.653662e+02
5.510000e-06	1.960630e-06	3.967541e-09	1.491577e+01	2.660386e+02
5.520000e-06	1.964051e-06	3.974026e-09	1.494180e+01	2.667054e+02
5.530000e-06	1.967411e-06	3.983037e-09	1.496736e+01	2.673668e+02
5.540000e-06	1.970706e-06	3.996591e-09	1.499243e+01	2.680226e+02
5.550000e-06	1.973959e-06	4.009134e-09	1.501717e+01	2.686731e+02
5.560000e-06	1.977181e-06	4.017854e-09	1.504168e+01	2.693181e+02
5.570000e-06	1.980350e-06	4.027796e-09	1.506580e+01	2.699576e+02
5.580000e-06	1.983478e-06	4.040475e-09	1.508959e+01	2.705916e+02
5.590000e-06	1.986569e-06	4.052078e-09	1.511310e+01	2.712198e+02
5.600000e-06	1.989605e-06	4.064189e-09	1.513620e+01	2.718419e+02
5.610000e-06	1.992583e-06	4.073838e-09	1.515886e+01	2.724577e+02
5.620000e-06	1.995508e-06	4.084140e-09	1.518111e+01	2.730667e+02
5.630000e-06	1.998390e-06	4.096964e-09	1.520304e+01	2.736684e+02
5.640000e-06	2.001226e-06	4.103307e-09	1.522461e+01	2.742623e+02
5.650000e-06	2.004007e-06	4.107336e-09	1.524577e+01	2.748479e+02
5.660000e-06	2.006738e-06	4.113856e-09	1.526654e+01	2.754247e+02
5.670000e-06	2.009406e-06	4.125463e-09	1.528684e+01	2.759920e+02
5.680000e-06	2.012005e-06	4.137723e-09	1.530661e+01	2.765495e+02
5.690000e-06	2.014547e-06	4.149342e-09	1.532595e+01	2.770967e+02
5.700000e-06	2.017039e-06	4.161799e-09	1.534491e+01	2.776333e+02
5.710000e-06	2.019491e-06	4.174082e-09	1.536357e+01	2.781592e+02
5.720000e-06	2.021902e-06	4.184551e-09	1.538190e+01	2.786742e+02
5.730000e-06	2.024270e-06	4.185132e-09	1.539992e+01	2.791783e+02
5.740000e-06	2.026572e-06	4.181866e-09	1.541744e+01	2.796717e+02
5.750000e-06	2.028815e-06	4.183532e-09	1.543450e+01	2.801547e+02
5.760000e-06	2.031024e-06	4.195363e-09	1.545131e+01	2.806275e+02
5.770000e-06	2.033183e-06	4.209764e-09	1.546773e+01	2.810907e+02
5.780000e-06	2.035280e-06	4.222067e-09	1.548368e+01	2.815447e+02
5.790000e-06	2.037336e-06	4.239543e-09	1.549933e+01	2.819900e+02
5.800000e-06	2.039357e-06	4.253596e-09	1.551470e+01	2.824273e+02
5.810000e-06	2.041341e-06	4.258877e-09	1.552979e+01	2.828569e+02
5.820000e-06	2.043283e-06	4.254492e-09	1.554457e+01	2.832793e+02
5.830000e-06	2.045165e-06	4.251270e-09	1.555889e+01	2.836951e+02
5.840000e-06	2.046977e-06	4.261480e-09	1.557267e+01	2.841044e+02
5.850000e-06	2.048733e-06	4.277835e-09	1.558603e+01	2.845075e+02
5.860000e-06	2.050456e-06	4.294699e-09	1.559913e+01	2.849044e+02
5.870000e-06	2.052125e-06	4.307645e-09	1.561184e+01	2.852953e+02
5.880000e-06	2.053734e-06	4.318882e-09	1.562407e+01	2.856799e+02
5.890000e-06	2.055285e-06	4.326649e-09	1.563588e+01	2.860580e+02
5.900000e-06	2.056764e-06	4.325736e-09	1.564712e+01	2.864293e+02
5.910000e-06	2.058195e-06	4.321969e-09	1.565801e+01	2.867933e+02
5.920000e-06	2.059588e-06	4.320871e-09	1.566861e+01	2.871496e+02
5.930000e-06	2.060909e-06	4.329056e-09	1.567866e+01	2.874977e+02
5.940000e-06	2.062160e-06	4.343723e-09	1.568818e+01	2.878371e+02
5.950000e-06	2.063360e-06	4.358652e-09	1.569730e+01	2.881673e+02
5.960000e-06	2.064510e-06	4.369413e-09	1.570605e+01	2.884878e+02
5.970000e-06	2.065601e-06	4.373769e-09	1.571435e+01	2.887981e+02
5.980000e-06	2.066607e-06	4.374507e-09	1.572200e+01	2.890981e+02
5.990000e-06	2.067537e-06	4.371045e-09	1.572908e+01	2.893875e+02
6.000000e-06	2.068421e-06	4.372208e-09	1.573581e+01	2.896661e+02
6.010000e-06	2.069262e-06	4.380837e-09	1.574221e+01	2.899340e+02
6.020000e-06	2.070066e-06	4.394175e-09	1.574832e+01	2.901914e+02
6.030000e-06	2.070812e-06	4.413089e-09	1.575399e+01	2.904386e+02
6.040000e-06	2.071500e-06	4.407882e-09	1.575923e+01	2.906759e+02
6.050000e-06	2.072148e-06	4.380928e-09	1.576416e+01	2.909039e+02
6.060000e-06	2.072756e-06	4.358952e-09	1.576878e+01	2.911232e+02
6.070000e-06	2.073299e-06	4.418818e-09	1.577292e+01	2.913345e+02
6.080000e-06	2.073762e-06	4.485084e-09	1.577644e+01	2.915387e+02
6.090000e-06	2.074179e-06	4.486333e-09	1.577961e+01	2.917367e+02
6.100000e-06	2.074577e-06	4.454920e-09	1.578264e+01	2.919292e+02
6.110000e-06	2.074918e-06	4.409291e-09	1.578523e+01	2.921172e+02
6.120000e-06	2.075167e-06	4.458505e-09	1.578713e+01	2.923016e+02
6.130000e-06	2.075339e-06	4.430691e-09	1.578844e+01	2.924832e+02
6.140000e-06	2.075472e-06	4.406094e-09	1.578945e+01	2.926629e+02
6.150000e-06	2.075557e-06	4.449950e-09	1.579009e+01	2.928414e+02
6.160000e-06	2.075595e-06	4.471118e-09	1.579038e+01	2.930193e+02
6.170000e-06	2.075620e-06	4.545359e-09	1.579057e+01	2.931971e+02
6.180000e-06	2.075615e-06	4.512422e-09	1.579053e+01	2.933752e+02
6.190000e-06	2.075562e-06	4.497397e-09	1.579013e+01	2.935539e+02
6.200000e-06	2.075450e-06	4.476240e-09	1.578928e+01	2.937333e+02
6.210000e-06	2.075284e-06	4.419393e-09	1.578802e+01	2.939134e+02
6.220000e-06	2.075062e-06	4.457811e-09	1.578633e+01	2.940938e+02
6.230000e-06	2.074753e-06	4.498409e-09	1.578397e+01	2.942742e+02
6.240000e-06	2.074379e-06	4.554602e-09	1.578113e+01	2.944540e+02
6.250000e-06	2.073974e-06	4.552948e-09	1.577805e+01	2.946326e+02
6.260000e-06	2.073532e-06	4.528663e-09	1.577469e+01	2.948090e+02
6.270000e-06	2.073001e-06	4.504502e-09	1.577065e+01	2.949822e+02
6.280000e-06	2.072381e-06	4.466618e-09	1.576593e+01	2.951512e+02
6.290000e-06	2.071724e-06	4.472583e-09	1.576094e+01	2.953145e+02
6.300000e-06	2.071036e-06	4.504935e-09	1.575570e+01	2.954711e+02
6.310000e-06	2.070302e-06	4.569534e-09	1.575012e+01	2.956194e+02
6.320000e-06	2.069526e-06	4.571242e-09	1.574421e+01	2.957581e+02
6.330000e-06	2.068718e-06	4.526807e-09	1.573807e+01	2.958859e+02
6.340000e-06	2.067839e-06	4.517313e-09	1.573138e+01	2.960013e+02
6.350000e-06	2.066888e-06	4.535751e-09	1.572415e+01	2.961033e+02
6.360000e-06	2.065897e-06	4.535799e-09	1.571661e+01	2.961905e+02
6.370000e-06	2.064876e-06	4.511148e-09	1.570883e+01	2.962621e+02
6.380000e-06	2.063802e-06	4.519907e-09	1.570067e+01	2.963170e+02
6.390000e-06	2.062634e-06	4.556310e-09	1.569178e+01	2.963547e+02
6.400000e-06	2.061385e-06	4.584116e-09	1.568228e+01	2.963747e+02
6.410000e-06	2.060088e-06	4.557246e-09	1.567241e+01	2.963767e+02
6.420000e-06	2.058748e-06	4.517980e-09	1.566221e+01	2.963605e+02
6.430000e-06	2.057320e-06	4.511912e-09	1.565135e+01	2.963264e+02
6.440000e-06	2.055809e-06	4.537429e-09	1.563986e+01	2.962745e+02
6.450000e-06	2.054264e-06	4.569585e-09	1.562811e+01	2.962055e+02
6.460000e-06	2.052677e-06	4.570808e-09	1.561603e+01	2.961199e+02
6.470000e-06	2.051042e-06	4.563326e-09	1.560359e+01	2.960184e+02
6.480000e-06	2.049352e-06	4.548803e-09	1.559074e+01	2.959021e+02
6.490000e-06	2.047615e-06	4.538333e-09	1.557752e+01	2.957717e+02
6.500000e-06	2.045839e-06	4.531675e-09	1.556401e+01	2.956282e+02
6.510000e-06	2.044019e-06	4.525986e-09	1.555017e+01	2.954726e+02
6.520000e-06	2.042134e-06	4.536731e-09	1.553582e+01	2.953058e+02
6.530000e-06	2.040180e-06	4.547034e-09	1.552096e+01	2.951286e+02
6.540000e-06	2.038197e-06	4.554301e-09	1.550587e+01	2.949419e+02
6.550000e-06	2.036170e-06	4.541355e-09	1.549045e+01	2.947462e+02
6.560000e-06	2.034088e-06	4.526437e-09	1.547461e+01	2.945420e+02
6.570000e-06	2.031941e-06	4.522721e-09	1.545828e+01	2.943299e+02
6.580000e-06	2.029724e-06	4.520786e-09	1.544141e+01	2.941100e+02
6.590000e-06	2.027448e-06	4.522880e-09	1.542410e+01	2.938826e+02
6.600000e-06	2.025109e-06	4.516918e-09	1.540631e+01	2.936477e+02
6.610000e-06	2.022724e-06	4.519336e-09	1.538816e+01	2.934054e+02
6.620000e-06	2.020299e-06	4.520692e-09	1.536971e+01	2.931554e+02
6.630000e-06	2.017821e-06	4.519823e-09	1.535086e+01	2.928978e+02
6.640000e-06	2.015300e-06	4.519644e-09	1.533168e+01	2.926324e+02
6.650000e-06	2.012728e-06	4.516148e-09	1.531211e+01	2.923592e+02
6.660000e-06	2.010097e-06	4.512497e-09	1.529210e+01	2.920781e+02
6.670000e-06	2.007414e-06	4.496832e-09	1.527169e+01	2.917892e+02
6.680000e-06	2.004687e-06	4.483081e-09	1.525094e+01	2.914927e+02
6.690000e-06	2.001909e-06	4.474409e-09	1.522981e+01	2.911888e+02
6.700000e-06	1.999091e-06	4.478387e-09	1.520837e+01	2.908779e+02
6.710000e-06	1.996214e-06	4.483915e-09	1.518648e+01	2.905606e+02
6.720000e-06	1.993257e-06	4.481664e-09	1.516398e+01	2.902375e+02
6.730000e-06	1.990226e-06	4.481184e-09	1.514092e+01	2.899094e+02
6.740000e-06	1.987141e-06	4.473171e-09	1.511745e+01	2.895770e+02
6.750000e-06	1.984022e-06	4.463595e-09	1.509373e+01	2.892414e+02
6.760000e-06	1.980866e-06	4.453268e-09	1.506972e+01	2.889034e+02
6.770000e-06	1.977665e-06	4.451072e-09	1.504537e+01	2.885640e+02
6.780000e-06	1.974403e-06	4.450339e-09	1.502055e+01	2.882242e+02
6.790000e-06	1.971093e-06	4.443535e-09	1.499537e+01	2.878847e+02
6.800000e-06	1.967751e-06	4.439687e-09	1.496995e+01	2.875463e+02
6.810000e-06	1.964355e-06	4.434364e-09	1.494411e+01	2.872096e+02
6.820000e-06	1.960902e-06	4.429198e-09	1.491784e+01	2.868751e+02
6.830000e-06	1.957393e-06	4.418680e-09	1.489114e+01	2.865432e+02
6.840000e-06	1.953832e-06	4.415001e-09	1.486406e+01	2.862137e+02
6.850000e-06	1.950226e-06	4.417047e-09	1.483662e+01	2.858868e+02
6.860000e-06	1.946578e-06	4.416100e-09	1.480887e+01	2.855619e+02
6.870000e-06	1.942876e-06	4.411407e-09	1.478070e+01	2.852385e+02
6.880000e-06	1.939112e-06	4.399645e-09	1.475207e+01	2.849160e+02
6.890000e-06	1.935290e-06	4.395856e-09	1.472300e+01	2.845933e+02
6.900000e-06	1.931399e-06	4.394157e-09	1.469339e+01	2.842693e+02
6.910000e-06	1.927459e-06	4.393329e-09	1.466342e+01	2.839428e+02
6.920000e-06	1.923480e-06	4.392838e-09	1.463315e+01	2.836125e+02
6.930000e-06	1.919449e-06	4.392697e-09	1.460248e+01	2.832769e+02
6.940000e-06	1.915375e-06	4.392733e-09	1.457149e+01	2.829345e+02
6.950000e-06	1.911271e-06	4.383305e-09	1.454026e+01	2.825839e+02
6.960000e-06	1.907135e-06	4.373587e-09	1.450880e+01	2.822235e+02
6.970000e-06	1.902943e-06	4.363706e-09	1.447691e+01	2.818521e+02
6.980000e-06	1.898689e-06	4.357041e-09	1.444454e+01	2.814682e+02
6.990000e-06	1.894393e-06	4.350700e-09	1.441186e+01	2.810707e+02
7.000000e-06	1.890064e-06	4.345113e-09	1.437893e+01	2.806584e+02
7.010000e-06	1.885690e-06	4.344433e-09	1.434566e+01	2.802306e+02
7.020000e-06	1.881282e-06	4.339925e-09	1.431212e+01	2.797865e+02
7.030000e-06	1.876831e-06	4.334541e-09	1.427826e+01	2.793255e+02
7.040000e-06	1.872323e-06	4.324155e-09	1.424396e+01	2.788473e+02
7.050000e-06	1.867782e-06	4.313335e-09	1.420942e+01	2.783519e+02
7.060000e-06	1.863189e-06	4.303507e-09	1.417448e+01	2.778392e+02
7.070000e-06	1.858537e-06	4.292229e-09	1.413909e+01	2.773095e+02
7.080000e-06	1.853847e-06	4.282596e-09	1.410340e+01	2.767634e+02
7.090000e-06	1.849102e-06	4.273639e-09	1.406730e+01	2.762015e+02
7.100000e-06	1.844291e-06	4.268494e-09	1.403071e+01	2.756247e+02
7.110000e-06	1.839423e-06	4.261856e-09	1.399367e+01	2.750339e+02
7.120000e-06	1.834505e-06	4.254875e-09	1.395626e+01	2.744305e+02
7.130000e-06	1.829537e-06	4.248197e-09	1.391846e+01	2.738155e+02
7.140000e-06	1.824522e-06	4.238079e-09	1.388031e+01	2.731905e+02
7.150000e-06	1.819454e-06	4.224386e-09	1.384175e+01	2.725569e+02
7.160000e-06	1.814327e-06	4.204607e-09	1.380275e+01	2.719162e+02
7.170000e-06	1.809150e-06	4.187754e-09	1.376336e+01	2.712700e+02
7.180000e-06	1.803928e-06	4.177604e-09	1.372364e+01	2.706199e+02
7.190000e-06	1.798648e-06	4.174096e-09	1.368347e+01	2.699673e+02
7.200000e-06	1.793300e-06	4.173144e-09	1.364279e+01	2.693138e+02
7.210000e-06	1.787884e-06	4.168339e-09	1.360158e+01	2.686606e+02
7.220000e-06	1.782419e-06	4.163391e-09	1.356000e+01	2.680090e+02
7.230000e-06	1.776910e-06	4.154897e-09	1.351809e+01	2.673602e+02
7.240000e-06	1.771362e-06	4.140591e-09	1.347589e+01	2.667151e+02
7.250000e-06	1.765778e-06	4.124188e-09	1.343341e+01	2.660744e+02
7.260000e-06	1.760136e-06	4.110716e-09	1.339048e+01	2.654388e+02
7.270000e-06	1.754443e-06	4.100900e-09	1.334718e+01	2.648087e+02
7.280000e-06	1.748717e-06	4.093266e-09	1.330361e+01	2.641843e+02
7.290000e-06	1.742957e-06	4.088820e-09	1.325979e+01	2.635656e+02
7.300000e-06	1.737159e-06	4.083510e-09	1.321568e+01	2.629524e+02
7.310000e-06	1.731323e-06	4.077021e-09	1.317129e+01	2.623445e+02
7.320000e-06	1.725433e-06	4.068752e-09	1.312647e+01	2.617413e+02
7.330000e-06	1.719502e-06	4.060232e-09	1.308136e+01	2.611423e+02
7.340000e-06	1.713535e-06	4.054289e-09	1.303596e+01	2.605468e+02
7.350000e-06	1.707520e-06	4.046732e-09	1.299020e+01	2.599541e+02
7.360000e-06	1.701471e-06	4.037878e-09	1.294418e+01	2.593636e+02
7.370000e-06	1.695356e-06	4.027228e-09	1.289766e+01	2.587743e+02
7.380000e-06	1.689167e-06	4.015913e-09	1.285058e+01	2.581858e+02
7.390000e-06	1.682927e-06	4.006113e-09	1.280311e+01	2.575973e+02
7.400000e-06	1.676639e-06	3.997172e-09	1.275527e+01	2.570082e+02
7.410000e-06	1.670320e-06	3.989168e-09	1.270719e+01	2.564183e+02
7.420000e-06	1.663975e-06	3.982608e-09	1.265893e+01	2.558271e+02
7.430000e-06	1.657585e-06	3.976186e-09	1.261031e+01	2.552344e+02
7.440000e-06	1.651148e-06	3.969492e-09	1.256135e+01	2.546402e+02
7.450000e-06	1.644674e-06	3.961368e-09	1.251209e+01	2.540445e+02
7.460000e-06	1.638155e-06	3.949877e-09	1.246249e+01	2.534474e+02
7.470000e-06	1.631597e-06	3.938195e-09	1.241260e+01	2.528492e+02
7.480000e-06	1.625014e-06	3.928345e-09	1.236252e+01	2.522501e+02
7.490000e-06	1.618397e-06	3.919807e-09	1.231218e+01	2.516503e+02
7.500000e-06	1.611730e-06	3.913669e-09	1.226147e+01	2.510502e+02
7.510000e-06	1.605026e-06	3.907222e-09	1.221046e+01	2.504499e+02
7.520000e-06	1.598286e-06	3.901798e-09	1.215919e+01	2.498498e+02
7.530000e-06	1.591505e-06	3.894801e-09	1.210760e+01	2.492499e+02
7.540000e-06	1.584679e-06	3.883449e-09	1.205567e+01	2.486502e+02
7.550000e-06	1.577810e-06	3.871593e-09	1.200342e+01	2.480506e+02
7.560000e-06	1.570909e-06	3.863086e-09	1.195091e+01	2.474509e+02
7.570000e-06	1.563953e-06	3.858002e-09	1.189800e+01	2.468507e+02
7.580000e-06	1.556921e-06	3.846907e-09	1.184449e+01	2.462495e+02
7.590000e-06	1.549840e-06	3.838317e-09	1.179062e+01	2.456466e+02
7.600000e-06	1.542733e-06	3.835914e-09	1.173656e+01	2.450413e+02
7.610000e-06	1.535595e-06	3.829637e-09	1.168226e+01	2.444327e+02
7.620000e-06	1.528419e-06	3.818636e-09	1.162767e+01	2.438201e+02
7.630000e-06	1.521213e-06	3.805300e-09	1.157284e+01	2.432023e+02
7.640000e-06	1.513984e-06	3.795514e-09	1.151785e+01	2.425785e+02
7.650000e-06	1.506714e-06	3.785658e-09	1.146254e+01	2.419478e+02
7.660000e-06	1.499399e-06	3.778184e-09	1.140689e+01	2.413091e+02
7.670000e-06	1.492042e-06	3.773045e-09	1.135092e+01	2.406618e+02
7.680000e-06	1.484645e-06	3.770123e-09	1.129464e+01	2.400049e+02
7.690000e-06	1.477205e-06	3.765931e-09	1.123805e+01	2.393380e+02
7.700000e-06	1.469720e-06	3.748873e-09	1.118111e+01	2.386605e+02
7.710000e-06	1.462196e-06	3.728966e-09	1.112387e+01	2.379719e+02
7.720000e-06	1.454628e-06	3.710688e-09	1.106629e+01	2.372720e+02
7.730000e-06	1.447019e-06	3.699011e-09	1.100840e+01	2.365607e+02
7.740000e-06	1.439361e-06	3.691901e-09	1.095014e+01	2.358380e+02
7.750000e-06	1.431678e-06	3.683700e-09	1.089169e+01	2.351039e+02
7.760000e-06	1.423961e-06	3.677081e-09	1.083299e+01	2.343587e+02
7.770000e-06	1.416180e-06	3.668135e-09	1.077379e+01	2.336026e+02
7.780000e-06	1.408346e-06	3.660167e-09	1.071419e+01	2.328361e+02
7.790000e-06	1.400454e-06	3.646656e-09	1.065415e+01	2.320594e+02
7.800000e-06	1.392525e-06	3.632443e-09	1.059383e+01	2.312732e+02
7.810000e-06	1.384578e-06	3.621413e-09	1.053337e+01	2.304779e+02
7.820000e-06	1.376618e-06	3.609688e-09	1.047281e+01	2.296740e+02
7.830000e-06	1.368621e-06	3.599524e-09	1.041198e+01	2.288621e+02
7.840000e-06	1.360581e-06	3.587263e-09	1.035081e+01	2.280427e+02
7.850000e-06	1.352516e-06	3.576754e-09	1.028946e+01	2.272164e+02
7.860000e-06	1.344414e-06	3.564481e-09	1.022782e+01	2.263838e+02
7.870000e-06	1.336271e-06	3.551975e-09	1.016587e+01	2.255455e+02
7.880000e-06	1.328108e-06	3.538375e-09	1.010377e+01	2.247020e+02
7.890000e-06	1.319913e-06	3.522066e-09	1.004143e+01	2.238539e+02
7.900000e-06	1.311678e-06	3.510248e-09	9.978774e+00	2.230019e+02
7.910000e-06	1.303427e-06	3.499245e-09	9.916006e+00	2.221466e+02
7.920000e-06	1.295154e-06	3.487984e-09	9.853067e+00	2.212886e+02
7.930000e-06	1.286845e-06	3.475337e-09	9.789853e+00	2.204286e+02
7.940000e-06	1.278509e-06	3.463085e-09	9.726441e+00	2.195671e+02
7.950000e-06	1.270145e-06	3.451838e-09	9.662804e+00	2.187047e+02
7.960000e-06	1.261755e-06	3.439104e-09	9.598981e+00	2.178420e+02
7.970000e-06	1.253318e-06	3.427480e-09	9.534793e+00	2.169795e+02
7.980000e-06	1.244823e-06	3.414054e-09	9.470167e+00	2.161176e+02
7.990000e-06	1.236273e-06	3.400765e-09	9.405125e+00	2.152566e+02
8.000000e-06	1.227668e-06	3.385885e-09	9.339662e+00	2.143967e+02
8.010000e-06	1.219051e-06	3.370420e-09	9.274101e+00	2.135381e+02
8.020000e-06	1.210414e-06	3.356914e-09	9.208395e+00	2.126807e+02
8.030000e-06	1.201732e-06	3.343676e-09	9.142349e+00	2.118243e+02
8.040000e-06	1.193020e-06	3.330973e-09	9.076068e+00	2.109685e+02
8.050000e-06	1.184287e-06	3.317381e-09	9.009633e+00	2.101130e+02
8.060000e-06	1.175532e-06	3.305058e-09	8.943023e+00	2.092570e+02
8.070000e-06	1.166755e-06	3.295051e-09	8.876253e+00	2.083998e+02
8.080000e-06	1.157951e-06	3.286261e-09	8.809276e+00	2.075406e+02
8.090000e-06	1.149117e-06	3.273233e-09	8.742068e+00	2.066785e+02
8.100000e-06	1.140260e-06	3.256250e-09	8.674692e+00	2.058124e+02
8.110000e-06	1.131372e-06	3.241386e-09	8.607073e+00	2.049414e+02
8.120000e-06	1.122450e-06	3.228287e-09	8.539198e+00	2.040644e+02
8.130000e-06	1.113505e-06	3.216952e-09	8.471147e+00	2.031806e+02
8.140000e-06	1.104551e-06	3.206146e-09	8.403031e+00	2.022890e+02
8.150000e-06	1.095579e-06	3.196441e-09	8.334775e+00	2.013889e+02
8.160000e-06	1.086572e-06	3.186319e-09	8.266252e+00	2.004798e+02
8.170000e-06	1.077527e-06	3.171004e-09	8.197439e+00	1.995611e+02
8.180000e-06	1.068448e-06	3.151152e-09	8.128369e+00	1.986325e+02
8.190000e-06	1.059357e-06	3.127949e-09	8.059207e+00	1.976939e+02
8.200000e-06	1.050246e-06	3.108991e-09	7.989894e+00	1.967454e+02
8.210000e-06	1.041107e-06	3.096956e-09	7.920365e+00	1.957871e+02
8.220000e-06	1.031945e-06	3.085746e-09	7.850671e+00	1.948194e+02
8.230000e-06	1.022758e-06	3.074988e-09	7.780778e+00	1.938427e+02
8.240000e-06	1.013541e-06	3.065596e-09	7.710659e+00	1.928575e+02
8.250000e-06	1.004282e-06	3.053685e-09	7.640220e+00	1.918644e+02
8.260000e-06	9.949800e-07	3.035627e-09	7.569452e+00	1.908640e+02
8.270000e-06	9.856431e-07	3.015712e-09	7.498419e+00	1.898568e+02
8.280000e-06	9.762773e-07	2.997111e-09	7.427168e+00	1.888433e+02
8.290000e-06	9.668819e-07	2.980095e-09	7.355691e+00	1.878240e+02
8.300000e-06	9.574471e-07	2.964339e-09	7.283914e+00	1.867990e+02
8.310000e-06	9.479784e-07	2.949452e-09	7.211880e+00	1.857685e+02
8.320000e-06	9.384919e-07	2.935522e-09	7.139710e+00	1.847324e+02
8.330000e-06	9.289942e-07	2.920242e-09	7.067455e+00	1.836907e+02
8.340000e-06	9.194816e-07	2.903852e-09	6.995086e+00	1.826428e+02
8.350000e-06	9.099547e-07	2.882576e-09	6.922609e+00	1.815884e+02
8.360000e-06	9.004142e-07	2.859924e-09	6.850028e+00	1.805268e+02
8.370000e-06	8.908590e-07	2.842751e-09	6.777336e+00	1.794573e+02
8.380000e-06	8.812787e-07	2.827856e-09	6.704453e+00	1.783791e+02
8.390000e-06	8.716669e-07	2.812876e-09	6.631329e+00	1.772914e+02
8.400000e-06	8.620357e-07	2.796772e-09	6.558058e+00	1.761934e+02
8.410000e-06	8.523942e-07	2.779763e-09	6.484710e+00	1.750844e+02
8.420000e-06	8.427292e-07	2.763149e-09	6.411182e+00	1.739636e+02
8.430000e-06	8.330371e-07	2.744615e-09	6.337448e+00	1.728305e+02
8.440000e-06	8.233216e-07	2.723486e-09	6.263536e+00	1.716848e+02
8.450000e-06	8.135879e-07	2.703074e-09	6.189485e+00	1.705262e+02
8.460000e-06	8.038406e-07	2.684426e-09	6.115332e+00	1.693547e+02
8.470000e-06	7.940740e-07	2.665215e-09	6.041031e+00	1.681705e+02
8.480000e-06	7.842886e-07	2.643711e-09	5.966587e+00	1.669740e+02
8.490000e-06	7.744830e-07	2.620705e-09	5.891989e+00	1.657659e+02
8.500000e-06	7.646618e-07	2.598745e-09	5.817273e+00	1.645469e+02
8.510000e-06	7.548261e-07	2.579627e-09	5.742447e+00	1.633179e+02
8.520000e-06	7.449739e-07	2.559329e-09	5.667494e+00	1.620802e+02
8.530000e-06	7.351130e-07	2.539278e-09	5.592476e+00	1.608350e+02
8.540000e-06	7.252403e-07	2.521492e-09	5.517368e+00	1.595835e+02
8.550000e-06	7.153454e-07	2.503642e-09	5.442091e+00	1.583271e+02
8.560000e-06	7.054374e-07	2.486900e-09	5.366715e+00	1.570673e+02
8.570000e-06	6.955301e-07	2.466066e-09	5.291344e+00	1.558053e+02
8.580000e-06	6.856138e-07	2.439249e-09	5.215904e+00	1.545425e+02
8.590000e-06	6.756761e-07	2.413103e-09	5.140302e+00	1.532800e+02
8.600000e-06	6.657132e-07	2.390359e-09	5.064508e+00	1.520191e+02
8.610000e-06	6.557231e-07	2.368404e-09	4.988507e+00	1.507606e+02
8.620000e-06	6.457192e-07	2.345617e-09	4.912400e+00	1.495054e+02
8.630000e-06	6.357037e-07	2.328449e-09	4.836206e+00	1.482542e+02
8.640000e-06	6.256467e-07	2.315544e-09	4.759696e+00	1.470075e+02
8.650000e-06	6.155429e-07	2.299775e-09	4.682830e+00	1.457656e+02
8.660000e-06	6.054054e-07	2.277537e-09	4.605708e+00	1.445289e+02
8.670000e-06	5.952603e-07	2.248950e-09	4.528527e+00	1.432972e+02
8.680000e-06	5.851139e-07	2.221100e-09	4.451337e+00	1.420705e+02
8.690000e-06	5.749314e-07	2.198862e-09	4.373872e+00	1.408486e+02
8.700000e-06	5.647178e-07	2.181919e-09	4.296171e+00	1.396311e+02
8.710000e-06	5.544961e-07	2.164342e-09	4.218407e+00	1.384175e+02
8.720000e-06	5.442620e-07	2.147402e-09	4.140550e+00	1.372072e+02
8.730000e-06	5.340093e-07	2.133747e-09	4.062552e+00	1.359997e+02
8.740000e-06	5.237420e-07	2.120842e-09	3.984441e+00	1.347942e+02
8.750000e-06	5.134668e-07	2.104552e-09	3.906271e+00	1.335899e+02
8.760000e-06	5.031767e-07	2.079461e-09	3.827988e+00	1.323860e+02
8.770000e-06	4.928815e-07	2.051512e-09	3.749666e+00	1.311818e+02
8.780000e-06	4.825903e-07	2.029171e-09	3.671374e+00	1.299763e+02
8.790000e-06	4.722810e-07	2.012632e-09	3.592945e+00	1.287687e+02
8.800000e-06	4.619574e-07	1.993278e-09	3.514407e+00	1.275583e+02
8.810000e-06	4.516290e-07	1.970287e-09	3.435831e+00	1.263444e+02
8.820000e-06	4.412790e-07	1.954736e-09	3.357092e+00	1.251262e+02
8.830000e-06	4.309225e-07	1.941946e-09	3.278304e+00	1.239030e+02
8.840000e-06	4.205652e-07	1.927678e-09	3.199509e+00	1.226745e+02
8.850000e-06	4.101894e-07	1.910843e-09	3.120574e+00	1.214400e+02
8.860000e-06	3.998030e-07	1.890210e-09	3.041558e+00	1.201994e+02
8.870000e-06	3.894036e-07	1.871972e-09	2.962443e+00	1.189523e+02
8.880000e-06	3.789935e-07	1.855369e-09	2.883247e+00	1.176988e+02
8.890000e-06	3.685879e-07	1.835242e-09	2.804085e+00	1.164387e+02
8.900000e-06	3.581708e-07	1.813017e-09	2.724835e+00	1.151722e+02
8.910000e-06	3.477309e-07	1.794253e-09	2.645412e+00	1.138995e+02
8.920000e-06	3.372883e-07	1.773724e-09	2.565968e+00	1.126210e+02
8.930000e-06	3.268416e-07	1.749251e-09	2.486494e+00	1.113369e+02
8.940000e-06	3.163828e-07	1.723966e-09	2.406927e+00	1.100478e+02
8.950000e-06	3.059208e-07	1.703813e-09	2.327336e+00	1.087540e+02
8.960000e-06	2.954544e-07	1.688906e-09	2.247711e+00	1.074560e+02
8.970000e-06	2.849780e-07	1.668182e-09	2.168010e+00	1.061542e+02
8.980000e-06	2.744932e-07	1.643476e-09	2.088246e+00	1.048489e+02
8.990000e-06	2.640076e-07	1.619661e-09	2.008475e+00	1.035404e+02
9.000000e-06	2.535158e-07	1.598892e-09	1.928657e+00	1.022287e+02
9.010000e-06	2.430086e-07	1.577905e-09	1.848722e+00	1.009139e+02
9.020000e-06	2.324987e-07	1.554404e-09	1.768767e+00	9.959581e+01
9.030000e-06	2.219940e-07	1.535869e-09	1.688850e+00	9.827422e+01
9.040000e-06	2.114938e-07	1.521229e-09	1.608969e+00	9.694868e+01
9.050000e-06	2.009837e-07	1.503734e-09	1.529012e+00	9.561865e+01
9.060000e-06	1.904634e-07	1.482560e-09	1.448977e+00	9.428347e+01
9.070000e-06	1.799386e-07	1.458656e-09	1.368909e+00	9.294240e+01
9.080000e-06	1.694097e-07	1.433317e-09	1.288808e+00	9.159468e+01
9.090000e-06	1.588747e-07	1.409018e-09	1.208662e+00	9.023949e+01
9.100000e-06	1.483314e-07	1.383925e-09	1.128452e+00	8.887608e+01
9.110000e-06	1.377860e-07	1.359660e-09	1.048226e+00	8.750377e+01
9.120000e-06	1.272499e-07	1.340462e-09	9.680716e-01	8.612200e+01
9.130000e-06	1.167184e-07	1.319473e-09	8.879514e-01	8.473034e+01
9.140000e-06	1.061766e-07	1.292593e-09	8.077535e-01	8.332860e+01
9.150000e-06	9.562159e-08	1.267817e-09	7.274548e-01	8.191677e+01
9.160000e-06	8.505989e-08	1.247882e-09	6.471051e-01	8.049510e+01
9.170000e-06	7.450313e-08	1.228198e-09	5.667931e-01	7.906410e+01
9.180000e-06	6.395134e-08	1.204793e-09	4.865189e-01	7.762451e+01
9.190000e-06	5.338960e-08	1.178221e-09	4.061690e-01	7.617730e+01
9.200000e-06	4.282146e-08	1.151570e-09	3.257703e-01	7.472367e+01
9.210000e-06	3.225761e-08	1.127786e-09	2.454043e-01	7.326500e+01
9.220000e-06	2.169041e-08	1.106209e-09	1.650129e-01	7.180278e+01
9.230000e-06	1.112285e-08	1.082262e-09	8.461865e-02	7.033859e+01
9.240000e-06	5.556842e-10	1.058581e-09	4.227447e-03	6.887405e+01
9.250000e-06	-1.001344e-08	1.035336e-09	-7.617869e-02	6.741074e+01
9.260000e-06	-2.056817e-08	1.011427e-09	-1.564753e-01	6.595015e+01
9.270000e-06	-3.112044e-08	9.883032e-10	-2.367532e-01	6.449361e+01
9.280000e-06	-4.167996e-08	9.641300e-10	-3.170862e-01	6.304228e+01
9.290000e-06	-5.224091e-08	9.392169e-10	-3.974302e-01	6.159705e+01
9.300000e-06	-6.279965e-08	9.167893e-10	-4.777572e-01	6.015859e+01
9.310000e-06	-7.334581e-08	8.960095e-10	-5.579886e-01	5.872722e+01
9.320000e-06	-8.390050e-08	8.703018e-10	-6.382849e-01	5.730300e+01
9.330000e-06	-9.445053e-08	8.444887e-10	-7.185458e-01	5.588569e+01
9.340000e-06	-1.049888e-07	8.230016e-10	-7.987173e-01	5.447477e+01
9.350000e-06	-1.155306e-07	8.042504e-10	-8.789156e-01	5.306949e+01
9.360000e-06	-1.260672e-07	7.857073e-10	-9.590743e-01	5.166887e+01
9.370000e-06	-1.366080e-07	7.634656e-10	-1.039265e+00	5.027180e+01
9.380000e-06	-1.471423e-07	7.390736e-10	-1.119406e+00	4.887704e+01
9.390000e-06	-1.576696e-07	7.154444e-10	-1.199494e+00	4.748332e+01
9.400000e-06	-1.681901e-07	6.913658e-10	-1.279530e+00	4.608940e+01
9.410000e-06	-1.787095e-07	6.642404e-10	-1.359558e+00	4.469407e+01
9.420000e-06	-1.892310e-07	6.368912e-10	-1.439602e+00	4.329627e+01
9.430000e-06	-1.997463e-07	6.146797e-10	-1.519598e+00	4.189507e+01
9.440000e-06	-2.102513e-07	5.966879e-10	-1.599517e+00	4.048975e+01
9.450000e-06	-2.207453e-07	5.754457e-10	-1.679351e+00	3.907980e+01
9.460000e-06	-2.312414e-07	5.535940e-10	-1.759202e+00	3.766491e+01
9.470000e-06	-2.417354e-07	5.353589e-10	-1.839036e+00	3.624500e+01
9.480000e-06	-2.522199e-07	5.157880e-10	-1.918799e+00	3.482019e+01
9.490000e-06	-2.626943e-07	4.942229e-10	-1.998484e+00	3.339077e+01
9.500000e-06	-2.731674e-07	4.724171e-10	-2.078160e+00	3.195714e+01
9.510000e-06	-2.836409e-07	4.488732e-10	-2.157839e+00	3.051983e+01
9.520000e-06	-2.941141e-07	4.251416e-10	-2.237514e+00	2.907940e+01
9.530000e-06	-3.045796e-07	4.001642e-10	-2.317132e+00	2.763639e+01
9.540000e-06	-3.150334e-07	3.736684e-10	-2.396662e+00	2.619130e+01
9.550000e-06	-3.254763e-07	3.498845e-10	-2.476107e+00	2.474454e+01
9.560000e-06	-3.359075e-07	3.267420e-10	-2.555464e+00	2.329636e+01
9.570000e-06	-3.463274e-07	3.067657e-10	-2.634735e+00	2.184686e+01
9.580000e-06	-3.567421e-07	2.864556e-10	-2.713966e+00	2.039594e+01
9.590000e-06	-3.671353e-07	2.608690e-10	-2.793034e+00	1.894330e+01
9.600000e-06	-3.775074e-07	2.346014e-10	-2.871941e+00	1.748844e+01
9.610000e-06	-3.878774e-07	2.087553e-10	-2.950832e+00	1.603069e+01
9.620000e-06	-3.982471e-07	1.838694e-10	-3.029721e+00	1.456920e+01
9.630000e-06	-4.086018e-07	1.604919e-10	-3.108496e+00	1.310299e+01
9.640000e-06	-4.189407e-07	1.396463e-10	-3.187151e+00	1.163097e+01
9.650000e-06	-4.292741e-07	1.230053e-10	-3.265763e+00	1.015204e+01
9.660000e-06	-4.395988e-07	1.053422e-10	-3.344310e+00	8.665058e+00
9.670000e-06	-4.499156e-07	8.405527e-11	-3.422796e+00	7.168941e+00
9.680000e-06	-4.602210e-07	6.174659e-11	-3.501197e+00	5.662690e+00
9.690000e-06	-4.705092e-07	3.846281e-11	-3.579466e+00	4.145434e+00
9.700000e-06	-4.807908e-07	1.440904e-11	-3.657684e+00	2.616461e+00
9.710000e-06	-4.910667e-07	-1.019896e-11	-3.735859e+00	1.075244e+00
9.720000e-06	-5.013331e-07	-3.715763e-11	-3.813963e+00	-4.785415e-01
9.730000e-06	-5.115908e-07	-6.605521e-11	-3.891999e+00	-2.045010e+00
9.740000e-06	-5.218349e-07	-9.109565e-11	-3.969933e+00	-3.624071e+00
9.750000e-06	-5.320678e-07	-1.133433e-10	-4.047781e+00	-5.215438e+00
9.760000e-06	-5.422891e-07	-1.346903e-10	-4.125541e+00	-6.818647e+00
9.770000e-06	-5.525017e-07	-1.581202e-10	-4.203235e+00	-8.433082e+00
9.780000e-06	-5.626921e-07	-1.841966e-10	-4.280760e+00	-1.005801e+01
9.790000e-06	-5.728559e-07	-2.087642e-10	-4.358082e+00	-1.169259e+01
9.800000e-06	-5.829918e-07	-2.328640e-10	-4.435193e+00	-1.333595e+01
9.810000e-06	-5.931038e-07	-2.615449e-10	-4.512121e+00	-1.498717e+01
9.820000e-06	-6.031955e-07	-2.933239e-10	-4.588895e+00	-1.664534e+01
9.830000e-06	-6.132695e-07	-3.210789e-10	-4.665535e+00	-1.830956e+01
9.840000e-06	-6.233050e-07	-3.456205e-10	-4.741881e+00	-1.997898e+01
9.850000e-06	-6.333061e-07	-3.689573e-10	-4.817966e+00	-2.165280e+01
9.860000e-06	-6.432934e-07	-3.923482e-10	-4.893945e+00	-2.333026e+01
9.870000e-06	-6.532678e-07	-4.192673e-10	-4.969827e+00	-2.501067e+01
9.880000e-06	-6.632213e-07	-4.467575e-10	-5.045550e+00	-2.669336e+01
9.890000e-06	-6.731449e-07	-4.725782e-10	-5.121046e+00	-2.837770e+01
9.900000e-06	-6.830562e-07	-4.989388e-10	-5.196447e+00	-3.006309e+01
9.910000e-06	-6.929565e-07	-5.246398e-10	-5.271765e+00	-3.174890e+01
9.920000e-06	-7.028417e-07	-5.483560e-10	-5.346968e+00	-3.343451e+01
9.930000e-06	-7.127143e-07	-5.714318e-10	-5.422075e+00	-3.511926e+01
9.940000e-06	-7.225744e-07	-5.959770e-10	-5.497087e+00	-3.680245e+01
9.950000e-06	-7.324323e-07	-6.212881e-10	-5.572083e+00	-3.848335e+01
9.960000e-06	-7.422797e-07	-6.470669e-10	-5.646998e+00	-4.016120e+01
9.970000e-06	-7.521072e-07	-6.712730e-10	-5.721762e+00	-4.183520e+01
9.980000e-06	-7.619255e-07	-6.962794e-10	-5.796456e+00	-4.350456e+01
9.990000e-06	-7.717257e-07	-7.247549e-10	-5.871013e+00	-4.516850e+01
1.000000e-05	-7.814952e-07	-7.535175e-10	-5.945336e+00	-4.682629e+01
1.001000e-05	-7.912447e-07	-7.845472e-10	-6.019506e+00	-4.847729e+01
1.002000e-05	-8.009725e-07	-8.134723e-10	-6.093512e+00	-5.012095e+01
1.003000e-05	-8.106723e-07	-8.389149e-10	-6.167305e+00	-5.175691e+01
1.004000e-05	-8.203582e-07	-8.665974e-10	-6.240991e+00	-5.338497e+01
1.005000e-05	-8.300327e-07	-8.931333e-10	-6.314592e+00	-5.500514e+01
1.006000e-05	-8.396887e-07	-9.171265e-10	-6.388051e+00	-5.661768e+01
1.007000e-05	-8.493254e-07	-9.419813e-10	-6.461363e+00	-5.822311e+01
1.008000e-05	-8.589349e-07	-9.690178e-10	-6.534469e+00	-5.982218e+01
1.009000e-05	-8.685277e-07	-9.977177e-10	-6.607448e+00	-6.141590e+01
1.010000e-05	-8.781084e-07	-1.022002e-09	-6.680334e+00	-6.300550e+01
1.011000e-05	-8.876692e-07	-1.044247e-09	-6.753069e+00	-6.459242e+01
1.012000e-05	-8.972137e-07	-1.070775e-09	-6.825681e+00	-6.617826e+01
1.013000e-05	-9.067345e-07	-1.098588e-09	-6.898112e+00	-6.776471e+01
1.014000e-05	-9.162374e-07	-1.122802e-09	-6.970406e+00	-6.935356e+01
1.015000e-05	-9.257290e-07	-1.143584e-09	-7.042615e+00	-7.094654e+01
1.016000e-05	-9.351989e-07	-1.169538e-09	-7.114658e+00	-7.254537e+01
1.017000e-05	-9.446351e-07	-1.199321e-09	-7.186446e+00	-7.415160e+01
1.018000e-05	-9.540495e-07	-1.225283e-09	-7.258067e+00	-7.576661e+01
1.019000e-05	-9.634402e-07	-1.247838e-09	-7.329508e+00	-7.739156e+01
1.020000e-05	-9.727938e-07	-1.273181e-09	-7.400667e+00	-7.902731e+01
1.021000e-05	-9.821059e-07	-1.303138e-09	-7.471510e+00	-8.067443e+01
1.022000e-05	-9.913582e-07	-1.330267e-09	-7.541898e+00	-8.233314e+01
1.023000e-05	-1.000566e-06	-1.351744e-09	-7.611949e+00	-8.400334e+01
1.024000e-05	-1.009750e-06	-1.372715e-09	-7.681813e+00	-8.568461e+01
1.025000e-05	-1.018919e-06	-1.399759e-09	-7.751570e+00	-8.737622e+01
1.026000e-05	-1.028066e-06	-1.427378e-09	-7.821156e+00	-8.907716e+01
1.027000e-05	-1.037177e-06	-1.449890e-09	-7.890471e+00	-9.078621e+01
1.028000e-05	-1.046266e-06	-1.473841e-09	-7.959617e+00	-9.250196e+01
1.029000e-05	-1.055339e-06	-1.502943e-09	-8.028641e+00	-9.422288e+01
1.030000e-05	-1.064396e-06	-1.534062e-09	-8.097542e+00	-9.594740e+01
1.031000e-05	-1.073433e-06	-1.563800e-09	-8.166295e+00	-9.767396e+01
1.032000e-05	-1.082446e-06	-1.595337e-09	-8.234864e+00	-9.940104e+01
1.033000e-05	-1.091436e-06	-1.629175e-09	-8.303256e+00	-1.011272e+02
1.034000e-05	-1.100406e-06	-1.659685e-09	-8.371492e+00	-1.028514e+02
1.035000e-05	-1.109340e-06	-1.683932e-09	-8.439464e+00	-1.045724e+02
1.036000e-05	-1.118239e-06	-1.704314e-09	-8.507163e+00	-1.062894e+02
1.037000e-05	-1.127113e-06	-1.728278e-09	-8.574674e+00	-1.080020e+02
1.038000e-05	-1.135953e-06	-1.757563e-09	-8.641924e+00	-1.097097e+02
1.039000e-05	-1.144768e-06	-1.784703e-09	-8.708984e+00	-1.114125e+02
1.040000e-05	-1.153553e-06	-1.807848e-09	-8.775818e+00	-1.131104e+02
1.041000e-05	-1.162303e-06	-1.836009e-09	-8.842384e+00	-1.148037e+02
1.042000e-05	-1.171033e-06	-1.869666e-09	-8.908803e+00	-1.164928e+02
1.043000e-05	-1.179740e-06	-1.897959e-09	-8.975037e+00	-1.181782e+02
1.044000e-05	-1.188433e-06	-1.920773e-09	-9.041171e+00	-1.198604e+02
1.045000e-05	-1.197112e-06	-1.941364e-09	-9.107198e+00	-1.215399e+02
1.046000e-05	-1.205766e-06	-1.965277e-09	-9.173038e+00	-1.232172e+02
1.047000e-05	-1.214380e-06	-1.993787e-09	-9.238570e+00	-1.248927e+02
1.048000e-05	-1.222942e-06	-2.024030e-09	-9.303706e+00	-1.265667e+02
1.049000e-05	-1.231468e-06	-2.056275e-09	-9.368570e+00	-1.282393e+02
1.050000e-05	-1.239960e-06	-2.086918e-09	-9.433169e+00	-1.299106e+02
1.051000e-05	-1.248400e-06	-2.116779e-09	-9.497380e+00	-1.315802e+02
1.052000e-05	-1.256791e-06	-2.141715e-09	-9.561218e+00	-1.332480e+02
1.053000e-05	-1.265156e-06	-2.160776e-09	-9.624856e+00	-1.349133e+02
1.054000e-05	-1.273497e-06	-2.182161e-09	-9.688311e+00	-1.365757e+02
1.055000e-05	-1.281797e-06	-2.205748e-09	-9.751449e+00	-1.382342e+02
1.056000e-05	-1.290057e-06	-2.234364e-09	-9.814290e+00	-1.398883e+02
1.057000e-05	-1.298296e-06	-2.265920e-09	-9.876973e+00	-1.415369e+02
1.058000e-05	-1.306517e-06	-2.293723e-09	-9.939516e+00	-1.431792e+02
1.059000e-05	-1.314701e-06	-2.317120e-09	-1.000177e+01	-1.448143e+02
1.060000e-05	-1.322852e-06	-2.338938e-09	-1.006379e+01	-1.464415e+02
1.061000e-05	-1.330977e-06	-2.362440e-09	-1.012560e+01	-1.480599e+02
1.062000e-05	-1.339065e-06	-2.387267e-09	-1.018713e+01	-1.496689e+02
1.063000e-05	-1.347125e-06	-2.413963e-09	-1.024844e+01	-1.512679e+02
1.064000e-05	-1.355158e-06	-2.440967e-09	-1.030956e+01	-1.528563e+02
1.065000e-05	-1.363155e-06	-2.467661e-09	-1.037039e+01	-1.544338e+02
1.066000e-05	-1.371125e-06	-2.492029e-09	-1.043103e+01	-1.560002e+02
1.067000e-05	-1.379060e-06	-2.516237e-09	-1.049140e+01	-1.575551e+02
1.068000e-05	-1.386960e-06	-2.542842e-09	-1.055150e+01	-1.590985e+02
1.069000e-05	-1.394829e-06	-2.565572e-09	-1.061136e+01	-1.606303e+02
1.070000e-05	-1.402664e-06	-2.588670e-09	-1.067097e+01	-1.621506e+02
1.071000e-05	-1.410479e-06	-2.611399e-09	-1.073042e+01	-1.636593e+02
1.072000e-05	-1.418248e-06	-2.632392e-09	-1.078952e+01	-1.651565e+02
1.073000e-05	-1.425942e-06	-2.652069e-09	-1.084806e+01	-1.666422e+02
1.074000e-05	-1.433580e-06	-2.668516e-09	-1.090616e+01	-1.681167e+02
1.075000e-05	-1.441181e-06	-2.689187e-09	-1.096399e+01	-1.695798e+02
1.076000e-05	-1.448736e-06	-2.716254e-09	-1.102146e+01	-1.710318e+02
1.077000e-05	-1.456242e-06	-2.746289e-09	-1.107857e+01	-1.724728e+02
1.078000e-05	-1.463705e-06	-2.770345e-09	-1.113534e+01	-1.739027e+02
1.079000e-05	-1.471137e-06	-2.792696e-09	-1.119188e+01	-1.753219e+02
1.080000e-05	-1.478545e-06	-2.818425e-09	-1.124824e+01	-1.767304e+02
1.081000e-05	-1.485904e-06	-2.843124e-09	-1.130422e+01	-1.781284e+02
1.082000e-05	-1.493219e-06	-2.867771e-09	-1.135988e+01	-1.795163e+02
1.083000e-05	-1.500498e-06	-2.889450e-09	-1.141525e+01	-1.808943e+02
1.084000e-05	-1.507732e-06	-2.909094e-09	-1.147028e+01	-1.822628e+02
1.085000e-05	-1.514932e-06	-2.928756e-09	-1.152506e+01	-1.836221e+02
1.086000e-05	-1.522096e-06	-2.949795e-09	-1.157956e+01	-1.849728e+02
1.087000e-05	-1.529220e-06	-2.972168e-09	-1.163376e+01	-1.863154e+02
1.088000e-05	-1.536314e-06	-2.995667e-09	-1.168773e+01	-1.876504e+02
1.089000e-05	-1.543384e-06	-3.019545e-09	-1.174151e+01	-1.889783e+02
1.090000e-05	-1.550422e-06	-3.039620e-09	-1.179506e+01	-1.902997e+02
1.091000e-05	-1.557408e-06	-3.059136e-09	-1.184820e+01	-1.916151e+02
1.092000e-05	-1.564357e-06	-3.076740e-09	-1.190106e+01	-1.929248e+02
1.093000e-05	-1.571251e-06	-3.093442e-09	-1.195352e+01	-1.942294e+02
1.094000e-05	-1.578077e-06	-3.112080e-09	-1.200544e+01	-1.955289e+02
1.095000e-05	-1.584853e-06	-3.134199e-09	-1.205699e+01	-1.968237e+02
1.096000e-05	-1.591589e-06	-3.160366e-09	-1.210824e+01	-1.981138e+02
1.097000e-05	-1.598289e-06	-3.184402e-09	-1.215921e+01	-1.993991e+02
1.098000e-05	-1.604947e-06	-3.207829e-09	-1.220986e+01	-2.006795e+02
1.099000e-05	-1.611583e-06	-3.228282e-09	-1.226035e+01	-2.019546e+02
1.100000e-05	-1.618183e-06	-3.244404e-09	-1.231056e+01	-2.032240e+02
1.101000e-05	-1.624742e-06	-3.258387e-09	-1.236045e+01	-2.044872e+02
1.102000e-05	-1.631270e-06	-3.270400e-09	-1.241012e+01	-2.057439e+02
1.103000e-05	-1.637752e-06	-3.285018e-09	-1.245943e+01	-2.069932e+02
1.104000e-05	-1.644192e-06	-3.303865e-09	-1.250842e+01	-2.082348e+02
1.105000e-05	-1.650599e-06	-3.327073e-09	-1.255717e+01	-2.094680e+02
1.106000e-05	-1.656972e-06	-3.350948e-09	-1.260565e+01	-2.106923e+02
1.107000e-05	-1.663301e-06	-3.374394e-09	-1.265380e+01	-2.119074e+02
1.108000e-05	-1.669590e-06	-3.395470e-09	-1.270164e+01	-2.131128e+02
1.109000e-05	-1.675835e-06	-3.409346e-09	-1.274915e+01	-2.143083e+02
1.110000e-05	-1.682036e-06	-3.423389e-09	-1.279633e+01	-2.154939e+02
1.111000e-05	-1.688192e-06	-3.437926e-09	-1.284316e+01	-2.166695e+02
1.112000e-05	-1.694301e-06	-3.453103e-09	-1.288964e+01	-2.178351e+02
1.113000e-05	-1.700357e-06	-3.470885e-09	-1.293570e+01	-2.189910e+02
1.114000e-05	-1.706363e-06	-3.490820e-09	-1.298140e+01	-2.201372e+02
1.115000e-05	-1.712319e-06	-3.515399e-09	-1.302671e+01	-2.212743e+02
1.116000e-05	-1.718217e-06	-3.536745e-09	-1.307158e+01	-2.224022e+02
1.117000e-05	-1.724074e-06	-3.550191e-09	-1.311614e+01	-2.235214e+02
1.118000e-05	-1.729900e-06	-3.557884e-09	-1.316046e+01	-2.246319e+02
1.119000e-05	-1.735696e-06	-3.566274e-09	-1.320456e+01	-2.257340e+02
1.120000e-05	-1.741448e-06	-3.580328e-09	-1.324831e+01	-2.268274e+02
1.121000e-05	-1.747159e-06	-3.595069e-09	-1.329176e+01	-2.279122e+02
1.122000e-05	-1.752826e-06	-3.609520e-09	-1.333487e+01	-2.289879e+02
1.123000e-05	-1.758439e-06	-3.630180e-09	-1.337757e+01	-2.300541e+02
1.124000e-05	-1.764015e-06	-3.654820e-09	-1.342000e+01	-2.311104e+02
1.125000e-05	-1.769551e-06	-3.673953e-09	-1.346211e+01	-2.321558e+02
1.126000e-05	-1.775033e-06	-3.685979e-09	-1.350381e+01	-2.331896e+02
1.127000e-05	-1.780479e-06	-3.695517e-09	-1.354525e+01	-2.342109e+02
1.128000e-05	-1.785884e-06	-3.708417e-09	-1.358637e+01	-2.352187e+02
1.129000e-05	-1.791228e-06	-3.726305e-09	-1.362702e+01	-2.362120e+02
1.130000e-05	-1.796524e-06	-3.741512e-09	-1.366731e+01	-2.371900e+02
1.131000e-05	-1.801773e-06	-3.753057e-09	-1.370724e+01	-2.381518e+02
1.132000e-05	-1.806945e-06	-3.765939e-09	-1.374659e+01	-2.390967e+02
1.133000e-05	-1.812052e-06	-3.780368e-09	-1.378544e+01	-2.400241e+02
1.134000e-05	-1.817110e-06	-3.793128e-09	-1.382392e+01	-2.409337e+02
1.135000e-05	-1.822128e-06	-3.802459e-09	-1.386209e+01	-2.418253e+02
1.136000e-05	-1.827101e-06	-3.810811e-09	-1.389993e+01	-2.426992e+02
1.137000e-05	-1.832024e-06	-3.821528e-09	-1.393738e+01	-2.435555e+02
1.138000e-05	-1.836899e-06	-3.832871e-09	-1.397447e+01	-2.443950e+02
1.139000e-05	-1.841710e-06	-3.841635e-09	-1.401107e+01	-2.452184e+02
1.140000e-05	-1.846465e-06	-3.852432e-09	-1.404724e+01	-2.460268e+02
1.141000e-05	-1.851171e-06	-3.866969e-09	-1.408304e+01	-2.468213e+02
1.142000e-05	-1.855825e-06	-3.881449e-09	-1.411846e+01	-2.476033e+02
1.143000e-05	-1.860415e-06	-3.895078e-09	-1.415337e+01	-2.483741e+02
1.144000e-05	-1.864952e-06	-3.903140e-09	-1.418789e+01	-2.491353e+02
1.145000e-05	-1.869453e-06	-3.908880e-09	-1.422213e+01	-2.498882e+02
1.146000e-05	-1.873913e-06	-3.916147e-09	-1.425606e+01	-2.506343e+02
1.147000e-05	-1.878333e-06	-3.923901e-09	-1.428968e+01	-2.513747e+02
1.148000e-05	-1.882700e-06	-3.933727e-09	-1.432291e+01	-2.521108e+02
1.149000e-05	-1.887020e-06	-3.946279e-09	-1.435578e+01	-2.528434e+02
1.150000e-05	-1.891303e-06	-3.959460e-09	-1.438836e+01	-2.535733e+02
1.151000e-05	-1.895550e-06	-3.967222e-09	-1.442066e+01	-2.543012e+02
1.152000e-05	-1.899760e-06	-3.973706e-09	-1.445269e+01	-2.550275e+02
1.153000e-05	-1.903942e-06	-3.984036e-09	-1.448451e+01	-2.557524e+02
1.154000e-05	-1.908088e-06	-3.995673e-09	-1.451605e+01	-2.564758e+02
1.155000e-05	-1.912179e-06	-4.006456e-09	-1.454717e+01	-2.571977e+02
1.156000e-05	-1.916222e-06	-4.015872e-09	-1.457793e+01	-2.579177e+02
1.157000e-05	-1.920217e-06	-4.026356e-09	-1.460832e+01	-2.586356e+02
1.158000e-05	-1.924159e-06	-4.039904e-09	-1.463831e+01	-2.593509e+02
1.159000e-05	-1.928064e-06	-4.050329e-09	-1.466802e+01	-2.600630e+02
1.160000e-05	-1.931928e-06	-4.053868e-09	-1.469742e+01	-2.607715e+02
1.161000e-05	-1.935739e-06	-4.058877e-09	-1.472641e+01	-2.614760e+02
1.162000e-05	-1.939484e-06	-4.070322e-09	-1.475490e+01	-2.621760e+02
1.163000e-05	-1.943173e-06	-4.082527e-09	-1.478296e+01	-2.628711e+02
1.164000e-05	-1.946820e-06	-4.089671e-09	-1.481071e+01	-2.635610e+02
1.165000e-05	-1.950405e-06	-4.097618e-09	-1.483798e+01	-2.642457e+02
1.166000e-05	-1.953926e-06	-4.112713e-09	-1.486477e+01	-2.649248e+02
1.167000e-05	-1.957395e-06	-4.127427e-09	-1.489116e+01	-2.655985e+02
1.168000e-05	-1.960826e-06	-4.132415e-09	-1.491726e+01	-2.662665e+02
1.169000e-05	-1.964222e-06	-4.131117e-09	-1.494309e+01	-2.669291e+02
1.170000e-05	-1.967566e-06	-4.134295e-09	-1.496853e+01	-2.675862e+02
1.171000e-05	-1.970862e-06	-4.145760e-09	-1.499361e+01	-2.682378e+02
1.172000e-05	-1.974111e-06	-4.157915e-09	-1.501833e+01	-2.688841e+02
1.173000e-05	-1.977302e-06	-4.168996e-09	-1.504261e+01	-2.695249e+02
1.174000e-05	-1.980455e-06	-4.183341e-09	-1.506659e+01	-2.701601e+02
1.175000e-05	-1.983556e-06	-4.195810e-09	-1.509018e+01	-2.707896e+02
1.176000e-05	-1.986594e-06	-4.204276e-09	-1.511329e+01	-2.714131e+02
1.177000e-05	-1.989589e-06	-4.210049e-09	-1.513608e+01	-2.720304e+02
1.178000e-05	-1.992536e-06	-4.213087e-09	-1.515850e+01	-2.726410e+02
1.179000e-05	-1.995423e-06	-4.215761e-09	-1.518047e+01	-2.732444e+02
1.180000e-05	-1.998257e-06	-4.218445e-09	-1.520202e+01	-2.738402e+02
1.181000e-05	-2.001038e-06	-4.222021e-09	-1.522318e+01	-2.744278e+02
1.182000e-05	-2.003756e-06	-4.233525e-09	-1.524386e+01	-2.750066e+02
1.183000e-05	-2.006420e-06	-4.251892e-09	-1.526412e+01	-2.755762e+02
1.184000e-05	-2.009039e-06	-4.268825e-09	-1.528405e+01	-2.761361e+02
1.185000e-05	-2.011616e-06	-4.281555e-09	-1.530366e+01	-2.766857e+02
1.186000e-05	-2.014155e-06	-4.289812e-09	-1.532297e+01	-2.772249e+02
1.187000e-05	-2.016650e-06	-4.294031e-09	-1.534195e+01	-2.777533e+02
1.188000e-05	-2.019093e-06	-4.296424e-09	-1.536054e+01	-2.782709e+02
1.189000e-05	-2.021479e-06	-4.297627e-09	-1.537869e+01	-2.787775e+02
1.190000e-05	-2.023814e-06	-4.300773e-09	-1.539645e+01	-2.792735e+02
1.191000e-05	-2.026089e-06	-4.310631e-09	-1.541376e+01	-2.797589e+02
1.192000e-05	-2.028309e-06	-4.325005e-09	-1.543065e+01	-2.802341e+02
1.193000e-05	-2.030486e-06	-4.338441e-09	-1.544721e+01	-2.806995e+02
1.194000e-05	-2.032613e-06	-4.346617e-09	-1.546339e+01	-2.811556e+02
1.195000e-05	-2.034687e-06	-4.350270e-09	-1.547917e+01	-2.816029e+02
1.196000e-05	-2.036698e-06	-4.354029e-09	-1.549447e+01	-2.820420e+02
1.197000e-05	-2.038642e-06	-4.357407e-09	-1.550926e+01	-2.824733e+02
1.198000e-05	-2.040534e-06	-4.360088e-09	-1.552365e+01	-2.828974e+02
1.199000e-05	-2.042384e-06	-4.364648e-09	-1.553772e+01	-2.833146e+02
1.200000e-05	-2.044192e-06	-4.372146e-09	-1.555148e+01	-2.837253e+02
1.201000e-05	-2.045962e-06	-4.381215e-09	-1.556495e+01	-2.841298e+02
1.202000e-05	-2.047673e-06	-4.388742e-09	-1.557797e+01	-2.845282e+02
1.203000e-05	-2.049329e-06	-4.394875e-09	-1.559056e+01	-2.849204e+02
1.204000e-05	-2.050952e-06	-4.402669e-09	-1.560291e+01	-2.853065e+02
1.205000e-05	-2.052530e-06	-4.408597e-09	-1.561492e+01	-2.856861e+02
1.206000e-05	-2.054052e-06	-4.410434e-09	-1.562649e+01	-2.860589e+02
1.207000e-05	-2.055504e-06	-4.412879e-09	-1.563754e+01	-2.864247e+02
1.208000e-05	-2.056902e-06	-4.418025e-09	-1.564817e+01	-2.867828e+02
1.209000e-05	-2.058254e-06	-4.424131e-09	-1.565846e+01	-2.871329e+02
1.210000e-05	-2.059535e-06	-4.428410e-09	-1.566820e+01	-2.874744e+02
1.211000e-05	-2.060734e-06	-4.431457e-09	-1.567733e+01	-2.878068e+02
1.212000e-05	-2.061864e-06	-4.434044e-09	-1.568592e+01	-2.881296e+02
1.213000e-05	-2.062943e-06	-4.437880e-09	-1.569413e+01	-2.884423e+02
1.214000e-05	-2.063977e-06	-4.441392e-09	-1.570199e+01	-2.887448e+02
1.215000e-05	-2.064965e-06	-4.442361e-09	-1.570951e+01	-2.890367e+02
1.216000e-05	-2.065895e-06	-4.443953e-09	-1.571659e+01	-2.893178e+02
1.217000e-05	-2.066770e-06	-4.448138e-09	-1.572324e+01	-2.895883e+02
1.218000e-05	-2.067611e-06	-4.450865e-09	-1.572965e+01	-2.898482e+02
1.219000e-05	-2.068408e-06	-4.443331e-09	-1.573570e+01	-2.900977e+02
1.220000e-05	-2.069123e-06	-4.452153e-09	-1.574115e+01	-2.903373e+02
1.221000e-05	-2.069760e-06	-4.513482e-09	-1.574600e+01	-2.905674e+02
1.222000e-05	-2.070381e-06	-4.536293e-09	-1.575072e+01	-2.907887e+02
1.223000e-05	-2.070991e-06	-4.468256e-09	-1.575535e+01	-2.910018e+02
1.224000e-05	-2.071524e-06	-4.398741e-09	-1.575941e+01	-2.912076e+02
1.225000e-05	-2.071953e-06	-4.393091e-09	-1.576268e+01	-2.914068e+02
1.226000e-05	-2.072339e-06	-4.481664e-09	-1.576561e+01	-2.916005e+02
1.227000e-05	-2.072748e-06	-4.518786e-09	-1.576872e+01	-2.917894e+02
1.228000e-05	-2.073109e-06	-4.477116e-09	-1.577147e+01	-2.919744e+02
1.229000e-05	-2.073361e-06	-4.520817e-09	-1.577339e+01	-2.921565e+02
1.230000e-05	-2.073530e-06	-4.543695e-09	-1.577467e+01	-2.923365e+02
1.231000e-05	-2.073668e-06	-4.512131e-09	-1.577572e+01	-2.925151e+02
1.232000e-05	-2.073754e-06	-4.471879e-09	-1.577638e+01	-2.926929e+02
