# Temperatura_=_20.0
# Concentracion g/m^3_=_10000.0
# C_Vs_to_Am_M_A/Vsm_=_65563218390.804596
# pendiente_HvsI_1/m_=_3716.3
# ordenada_HvsI_A/m_=_1297.0
# frecuencia_Hz_=_81139.66789828247

Tiempo_(s)	Campo_(V.s)	Magnetizacion_(V.s)	Campo_(kA/m)	Magnetizacion_(A/m)
0.000000e+00	-2.073916e-06	-4.462661e-09	-1.577709e+01	-2.907810e+02
1.000000e-08	-2.073899e-06	-4.445028e-09	-1.577696e+01	-2.910046e+02
2.000000e-08	-2.073908e-06	-4.441529e-09	-1.577703e+01	-2.912317e+02
3.000000e-08	-2.073889e-06	-4.475763e-09	-1.577688e+01	-2.914606e+02
4.000000e-08	-2.073797e-06	-4.539334e-09	-1.577618e+01	-2.916892e+02
5.000000e-08	-2.073610e-06	-4.500154e-09	-1.577477e+01	-2.919155e+02
6.000000e-08	-2.073333e-06	-4.471959e-09	-1.577266e+01	-2.921376e+02
7.000000e-08	-2.072989e-06	-4.475168e-09	-1.577004e+01	-2.923534e+02
8.000000e-08	-2.072599e-06	-4.501942e-09	-1.576707e+01	-2.925610e+02
9.000000e-08	-2.072162e-06	-4.469557e-09	-1.576374e+01	-2.927587e+02
1.000000e-07	-2.071696e-06	-4.428713e-09	-1.576020e+01	-2.929448e+02
1.100000e-07	-2.071209e-06	-4.482681e-09	-1.575650e+01	-2.931179e+02
1.200000e-07	-2.070654e-06	-4.502553e-09	-1.575228e+01	-2.932765e+02
1.300000e-07	-2.070023e-06	-4.521057e-09	-1.574748e+01	-2.934197e+02
1.400000e-07	-2.069332e-06	-4.485580e-09	-1.574222e+01	-2.935465e+02
1.500000e-07	-2.068614e-06	-4.471637e-09	-1.573675e+01	-2.936560e+02
1.600000e-07	-2.067838e-06	-4.491273e-09	-1.573085e+01	-2.937478e+02
1.700000e-07	-2.066986e-06	-4.485234e-09	-1.572437e+01	-2.938213e+02
1.800000e-07	-2.066107e-06	-4.502102e-09	-1.571769e+01	-2.938762e+02
1.900000e-07	-2.065184e-06	-4.460870e-09	-1.571066e+01	-2.939124e+02
2.000000e-07	-2.064225e-06	-4.470882e-09	-1.570337e+01	-2.939297e+02
2.100000e-07	-2.063193e-06	-4.473124e-09	-1.569552e+01	-2.939282e+02
2.200000e-07	-2.062093e-06	-4.481957e-09	-1.568715e+01	-2.939080e+02
2.300000e-07	-2.060927e-06	-4.495878e-09	-1.567828e+01	-2.938693e+02
2.400000e-07	-2.059691e-06	-4.476054e-09	-1.566887e+01	-2.938124e+02
2.500000e-07	-2.058410e-06	-4.503155e-09	-1.565913e+01	-2.937376e+02
2.600000e-07	-2.057048e-06	-4.489717e-09	-1.564877e+01	-2.936454e+02
2.700000e-07	-2.055633e-06	-4.489775e-09	-1.563801e+01	-2.935363e+02
2.800000e-07	-2.054162e-06	-4.459216e-09	-1.562681e+01	-2.934108e+02
2.900000e-07	-2.052613e-06	-4.431329e-09	-1.561503e+01	-2.932697e+02
3.000000e-07	-2.051011e-06	-4.439421e-09	-1.560285e+01	-2.931136e+02
3.100000e-07	-2.049366e-06	-4.438774e-09	-1.559033e+01	-2.929434e+02
3.200000e-07	-2.047662e-06	-4.467650e-09	-1.557737e+01	-2.927600e+02
3.300000e-07	-2.045862e-06	-4.450990e-09	-1.556367e+01	-2.925642e+02
3.400000e-07	-2.044016e-06	-4.453705e-09	-1.554963e+01	-2.923570e+02
3.500000e-07	-2.042142e-06	-4.445862e-09	-1.553537e+01	-2.921394e+02
3.600000e-07	-2.040214e-06	-4.434086e-09	-1.552071e+01	-2.919124e+02
3.700000e-07	-2.038235e-06	-4.435243e-09	-1.550565e+01	-2.916770e+02
3.800000e-07	-2.036198e-06	-4.413729e-09	-1.549015e+01	-2.914342e+02
3.900000e-07	-2.034116e-06	-4.427477e-09	-1.547431e+01	-2.911850e+02
4.000000e-07	-2.031993e-06	-4.419586e-09	-1.545816e+01	-2.909303e+02
4.100000e-07	-2.029828e-06	-4.425568e-09	-1.544170e+01	-2.906710e+02
4.200000e-07	-2.027615e-06	-4.418776e-09	-1.542486e+01	-2.904078e+02
4.300000e-07	-2.025360e-06	-4.406568e-09	-1.540771e+01	-2.901415e+02
4.400000e-07	-2.023053e-06	-4.412350e-09	-1.539016e+01	-2.898728e+02
4.500000e-07	-2.020693e-06	-4.396926e-09	-1.537221e+01	-2.896022e+02
4.600000e-07	-2.018297e-06	-4.401238e-09	-1.535397e+01	-2.893302e+02
4.700000e-07	-2.015839e-06	-4.380342e-09	-1.533527e+01	-2.890574e+02
4.800000e-07	-2.013329e-06	-4.372923e-09	-1.531619e+01	-2.887841e+02
4.900000e-07	-2.010778e-06	-4.371097e-09	-1.529678e+01	-2.885106e+02
5.000000e-07	-2.008160e-06	-4.369283e-09	-1.527686e+01	-2.882373e+02
5.100000e-07	-2.005474e-06	-4.379124e-09	-1.525643e+01	-2.879645e+02
5.200000e-07	-2.002718e-06	-4.365243e-09	-1.523546e+01	-2.876926e+02
5.300000e-07	-1.999906e-06	-4.371536e-09	-1.521406e+01	-2.874218e+02
5.400000e-07	-1.997041e-06	-4.362780e-09	-1.519227e+01	-2.871524e+02
5.500000e-07	-1.994124e-06	-4.358658e-09	-1.517008e+01	-2.868848e+02
5.600000e-07	-1.991164e-06	-4.348281e-09	-1.514756e+01	-2.866195e+02
5.700000e-07	-1.988170e-06	-4.331195e-09	-1.512479e+01	-2.863567e+02
5.800000e-07	-1.985140e-06	-4.335175e-09	-1.510174e+01	-2.860969e+02
5.900000e-07	-1.982043e-06	-4.328660e-09	-1.507818e+01	-2.858404e+02
6.000000e-07	-1.978889e-06	-4.333235e-09	-1.505419e+01	-2.855878e+02
6.100000e-07	-1.975685e-06	-4.319241e-09	-1.502981e+01	-2.853394e+02
6.200000e-07	-1.972440e-06	-4.313632e-09	-1.500513e+01	-2.850954e+02
6.300000e-07	-1.969152e-06	-4.315480e-09	-1.498011e+01	-2.848562e+02
6.400000e-07	-1.965815e-06	-4.310575e-09	-1.495473e+01	-2.846219e+02
6.500000e-07	-1.962448e-06	-4.314068e-09	-1.492911e+01	-2.843926e+02
6.600000e-07	-1.959029e-06	-4.304687e-09	-1.490310e+01	-2.841682e+02
6.700000e-07	-1.955540e-06	-4.310999e-09	-1.487656e+01	-2.839486e+02
6.800000e-07	-1.951971e-06	-4.306325e-09	-1.484941e+01	-2.837332e+02
6.900000e-07	-1.948340e-06	-4.297938e-09	-1.482178e+01	-2.835217e+02
7.000000e-07	-1.944666e-06	-4.291107e-09	-1.479383e+01	-2.833131e+02
7.100000e-07	-1.940943e-06	-4.285987e-09	-1.476552e+01	-2.831068e+02
7.200000e-07	-1.937187e-06	-4.294792e-09	-1.473694e+01	-2.829015e+02
7.300000e-07	-1.933388e-06	-4.285978e-09	-1.470804e+01	-2.826961e+02
7.400000e-07	-1.929538e-06	-4.280196e-09	-1.467875e+01	-2.824891e+02
7.500000e-07	-1.925632e-06	-4.273221e-09	-1.464904e+01	-2.822790e+02
7.600000e-07	-1.921675e-06	-4.275928e-09	-1.461894e+01	-2.820641e+02
7.700000e-07	-1.917669e-06	-4.277382e-09	-1.458846e+01	-2.818427e+02
7.800000e-07	-1.913618e-06	-4.264454e-09	-1.455764e+01	-2.816129e+02
7.900000e-07	-1.909529e-06	-4.259165e-09	-1.452653e+01	-2.813729e+02
8.000000e-07	-1.905397e-06	-4.249605e-09	-1.449510e+01	-2.811208e+02
8.100000e-07	-1.901224e-06	-4.248090e-09	-1.446335e+01	-2.808548e+02
8.200000e-07	-1.897005e-06	-4.238941e-09	-1.443126e+01	-2.805729e+02
8.300000e-07	-1.892726e-06	-4.230273e-09	-1.439871e+01	-2.802737e+02
8.400000e-07	-1.888384e-06	-4.231388e-09	-1.436568e+01	-2.799553e+02
8.500000e-07	-1.883977e-06	-4.232138e-09	-1.433215e+01	-2.796165e+02
8.600000e-07	-1.879502e-06	-4.236504e-09	-1.429810e+01	-2.792558e+02
8.700000e-07	-1.874970e-06	-4.224250e-09	-1.426363e+01	-2.788724e+02
8.800000e-07	-1.870408e-06	-4.212233e-09	-1.422892e+01	-2.784652e+02
8.900000e-07	-1.865820e-06	-4.199234e-09	-1.419402e+01	-2.780337e+02
9.000000e-07	-1.861182e-06	-4.187495e-09	-1.415874e+01	-2.775775e+02
9.100000e-07	-1.856484e-06	-4.174856e-09	-1.412300e+01	-2.770966e+02
9.200000e-07	-1.851742e-06	-4.158808e-09	-1.408692e+01	-2.765913e+02
9.300000e-07	-1.846963e-06	-4.157892e-09	-1.405057e+01	-2.760619e+02
9.400000e-07	-1.842126e-06	-4.153735e-09	-1.401377e+01	-2.755094e+02
9.500000e-07	-1.837256e-06	-4.148672e-09	-1.397673e+01	-2.749347e+02
9.600000e-07	-1.832337e-06	-4.136953e-09	-1.393931e+01	-2.743394e+02
9.700000e-07	-1.827362e-06	-4.126629e-09	-1.390146e+01	-2.737248e+02
9.800000e-07	-1.822345e-06	-4.117407e-09	-1.386330e+01	-2.730930e+02
9.900000e-07	-1.817263e-06	-4.099464e-09	-1.382463e+01	-2.724460e+02
1.000000e-06	-1.812103e-06	-4.085494e-09	-1.378538e+01	-2.717859e+02
1.010000e-06	-1.806869e-06	-4.069784e-09	-1.374556e+01	-2.711152e+02
1.020000e-06	-1.801593e-06	-4.062524e-09	-1.370542e+01	-2.704363e+02
1.030000e-06	-1.796255e-06	-4.054641e-09	-1.366482e+01	-2.697517e+02
1.040000e-06	-1.790860e-06	-4.044148e-09	-1.362378e+01	-2.690639e+02
1.050000e-06	-1.785423e-06	-4.036406e-09	-1.358241e+01	-2.683753e+02
1.060000e-06	-1.779933e-06	-4.024733e-09	-1.354065e+01	-2.676884e+02
1.070000e-06	-1.774407e-06	-4.013693e-09	-1.349861e+01	-2.670052e+02
1.080000e-06	-1.768841e-06	-3.995540e-09	-1.345627e+01	-2.663277e+02
1.090000e-06	-1.763226e-06	-3.979996e-09	-1.341355e+01	-2.656578e+02
1.100000e-06	-1.757566e-06	-3.967813e-09	-1.337050e+01	-2.649969e+02
1.110000e-06	-1.751873e-06	-3.957518e-09	-1.332719e+01	-2.643461e+02
1.120000e-06	-1.746149e-06	-3.948076e-09	-1.328364e+01	-2.637065e+02
1.130000e-06	-1.740375e-06	-3.933042e-09	-1.323972e+01	-2.630785e+02
1.140000e-06	-1.734555e-06	-3.926078e-09	-1.319544e+01	-2.624625e+02
1.150000e-06	-1.728682e-06	-3.923410e-09	-1.315076e+01	-2.618582e+02
1.160000e-06	-1.722742e-06	-3.918683e-09	-1.310557e+01	-2.612653e+02
1.170000e-06	-1.716744e-06	-3.905985e-09	-1.305994e+01	-2.606831e+02
1.180000e-06	-1.710691e-06	-3.890224e-09	-1.301390e+01	-2.601109e+02
1.190000e-06	-1.704595e-06	-3.879420e-09	-1.296752e+01	-2.595474e+02
1.200000e-06	-1.698464e-06	-3.869475e-09	-1.292088e+01	-2.589914e+02
1.210000e-06	-1.692298e-06	-3.861593e-09	-1.287398e+01	-2.584416e+02
1.220000e-06	-1.686096e-06	-3.852325e-09	-1.282679e+01	-2.578965e+02
1.230000e-06	-1.679852e-06	-3.847249e-09	-1.277930e+01	-2.573547e+02
1.240000e-06	-1.673569e-06	-3.840416e-09	-1.273150e+01	-2.568147e+02
1.250000e-06	-1.667243e-06	-3.827784e-09	-1.268337e+01	-2.562753e+02
1.260000e-06	-1.660882e-06	-3.814741e-09	-1.263498e+01	-2.557352e+02
1.270000e-06	-1.654487e-06	-3.800097e-09	-1.258633e+01	-2.551931e+02
1.280000e-06	-1.648049e-06	-3.790097e-09	-1.253736e+01	-2.546482e+02
1.290000e-06	-1.641568e-06	-3.781107e-09	-1.248805e+01	-2.540995e+02
1.300000e-06	-1.635046e-06	-3.774776e-09	-1.243843e+01	-2.535464e+02
1.310000e-06	-1.628492e-06	-3.770370e-09	-1.238857e+01	-2.529883e+02
1.320000e-06	-1.621893e-06	-3.765704e-09	-1.233838e+01	-2.524248e+02
1.330000e-06	-1.615237e-06	-3.758515e-09	-1.228774e+01	-2.518556e+02
1.340000e-06	-1.608541e-06	-3.744245e-09	-1.223680e+01	-2.512804e+02
1.350000e-06	-1.601802e-06	-3.734505e-09	-1.218554e+01	-2.506989e+02
1.360000e-06	-1.595007e-06	-3.726268e-09	-1.213385e+01	-2.501112e+02
1.370000e-06	-1.588160e-06	-3.716584e-09	-1.208175e+01	-2.495170e+02
1.380000e-06	-1.581276e-06	-3.703640e-09	-1.202938e+01	-2.489161e+02
1.390000e-06	-1.574363e-06	-3.688579e-09	-1.197680e+01	-2.483083e+02
1.400000e-06	-1.567420e-06	-3.678929e-09	-1.192398e+01	-2.476934e+02
1.410000e-06	-1.560452e-06	-3.667632e-09	-1.187097e+01	-2.470709e+02
1.420000e-06	-1.553442e-06	-3.660187e-09	-1.181764e+01	-2.464405e+02
1.430000e-06	-1.546386e-06	-3.653773e-09	-1.176397e+01	-2.458015e+02
1.440000e-06	-1.539297e-06	-3.646273e-09	-1.171004e+01	-2.451535e+02
1.450000e-06	-1.532159e-06	-3.639949e-09	-1.165573e+01	-2.444958e+02
1.460000e-06	-1.524973e-06	-3.628063e-09	-1.160106e+01	-2.438276e+02
1.470000e-06	-1.517752e-06	-3.615372e-09	-1.154614e+01	-2.431484e+02
1.480000e-06	-1.510507e-06	-3.599394e-09	-1.149102e+01	-2.424574e+02
1.490000e-06	-1.503225e-06	-3.585235e-09	-1.143562e+01	-2.417540e+02
1.500000e-06	-1.495910e-06	-3.576103e-09	-1.137997e+01	-2.410376e+02
1.510000e-06	-1.488573e-06	-3.563138e-09	-1.132416e+01	-2.403078e+02
1.520000e-06	-1.481191e-06	-3.549947e-09	-1.126800e+01	-2.395641e+02
1.530000e-06	-1.473761e-06	-3.536662e-09	-1.121147e+01	-2.388063e+02
1.540000e-06	-1.466282e-06	-3.524366e-09	-1.115458e+01	-2.380344e+02
1.550000e-06	-1.458740e-06	-3.510140e-09	-1.109720e+01	-2.372483e+02
1.560000e-06	-1.451144e-06	-3.494318e-09	-1.103942e+01	-2.364483e+02
1.570000e-06	-1.443505e-06	-3.484092e-09	-1.098130e+01	-2.356348e+02
1.580000e-06	-1.435817e-06	-3.472627e-09	-1.092282e+01	-2.348081e+02
1.590000e-06	-1.428095e-06	-3.458464e-09	-1.086408e+01	-2.339690e+02
1.600000e-06	-1.420334e-06	-3.443153e-09	-1.080504e+01	-2.331181e+02
1.610000e-06	-1.412548e-06	-3.429163e-09	-1.074581e+01	-2.322563e+02
1.620000e-06	-1.404733e-06	-3.414270e-09	-1.068635e+01	-2.313844e+02
1.630000e-06	-1.396879e-06	-3.399683e-09	-1.062661e+01	-2.305034e+02
1.640000e-06	-1.388999e-06	-3.388482e-09	-1.056666e+01	-2.296141e+02
1.650000e-06	-1.381078e-06	-3.375920e-09	-1.050640e+01	-2.287176e+02
1.660000e-06	-1.373092e-06	-3.363309e-09	-1.044565e+01	-2.278148e+02
1.670000e-06	-1.365057e-06	-3.346299e-09	-1.038452e+01	-2.269066e+02
1.680000e-06	-1.356987e-06	-3.328467e-09	-1.032313e+01	-2.259940e+02
1.690000e-06	-1.348853e-06	-3.312563e-09	-1.026125e+01	-2.250778e+02
1.700000e-06	-1.340679e-06	-3.295182e-09	-1.019907e+01	-2.241588e+02
1.710000e-06	-1.332483e-06	-3.279370e-09	-1.013672e+01	-2.232379e+02
1.720000e-06	-1.324257e-06	-3.262345e-09	-1.007414e+01	-2.223158e+02
1.730000e-06	-1.316009e-06	-3.246176e-09	-1.001139e+01	-2.213932e+02
1.740000e-06	-1.307736e-06	-3.232022e-09	-9.948462e+00	-2.204710e+02
1.750000e-06	-1.299437e-06	-3.219553e-09	-9.885328e+00	-2.195497e+02
1.760000e-06	-1.291106e-06	-3.208639e-09	-9.821952e+00	-2.186302e+02
1.770000e-06	-1.282725e-06	-3.200055e-09	-9.758193e+00	-2.177131e+02
1.780000e-06	-1.274301e-06	-3.192332e-09	-9.694106e+00	-2.167989e+02
1.790000e-06	-1.265862e-06	-3.179279e-09	-9.629909e+00	-2.158885e+02
1.800000e-06	-1.257394e-06	-3.162275e-09	-9.565489e+00	-2.149823e+02
1.810000e-06	-1.248889e-06	-3.141343e-09	-9.500785e+00	-2.140808e+02
1.820000e-06	-1.240360e-06	-3.119618e-09	-9.435903e+00	-2.131847e+02
1.830000e-06	-1.231810e-06	-3.104062e-09	-9.370860e+00	-2.122943e+02
1.840000e-06	-1.223242e-06	-3.094806e-09	-9.305677e+00	-2.114098e+02
1.850000e-06	-1.214645e-06	-3.088690e-09	-9.240283e+00	-2.105315e+02
1.860000e-06	-1.206017e-06	-3.078774e-09	-9.174643e+00	-2.096594e+02
1.870000e-06	-1.197364e-06	-3.067917e-09	-9.108818e+00	-2.087933e+02
1.880000e-06	-1.188678e-06	-3.056017e-09	-9.042740e+00	-2.079329e+02
1.890000e-06	-1.179957e-06	-3.041242e-09	-8.976392e+00	-2.070778e+02
1.900000e-06	-1.171207e-06	-3.027445e-09	-8.909827e+00	-2.062274e+02
1.910000e-06	-1.162438e-06	-3.012980e-09	-8.843122e+00	-2.053807e+02
1.920000e-06	-1.153635e-06	-2.999899e-09	-8.776150e+00	-2.045369e+02
1.930000e-06	-1.144784e-06	-2.985469e-09	-8.708819e+00	-2.036948e+02
1.940000e-06	-1.135903e-06	-2.972761e-09	-8.641257e+00	-2.028531e+02
1.950000e-06	-1.127002e-06	-2.963433e-09	-8.573548e+00	-2.020104e+02
1.960000e-06	-1.118101e-06	-2.953915e-09	-8.505829e+00	-2.011655e+02
1.970000e-06	-1.109191e-06	-2.943693e-09	-8.438052e+00	-2.003167e+02
1.980000e-06	-1.100254e-06	-2.930319e-09	-8.370067e+00	-1.994626e+02
1.990000e-06	-1.091298e-06	-2.913183e-09	-8.301933e+00	-1.986020e+02
2.000000e-06	-1.082314e-06	-2.893807e-09	-8.233584e+00	-1.977334e+02
2.010000e-06	-1.073284e-06	-2.875893e-09	-8.164895e+00	-1.968556e+02
2.020000e-06	-1.064211e-06	-2.859409e-09	-8.095867e+00	-1.959677e+02
2.030000e-06	-1.055094e-06	-2.843954e-09	-8.026515e+00	-1.950686e+02
2.040000e-06	-1.045943e-06	-2.832691e-09	-7.956894e+00	-1.941578e+02
2.050000e-06	-1.036749e-06	-2.825496e-09	-7.886954e+00	-1.932346e+02
2.060000e-06	-1.027513e-06	-2.817556e-09	-7.816695e+00	-1.922987e+02
2.070000e-06	-1.018249e-06	-2.802612e-09	-7.746216e+00	-1.913500e+02
2.080000e-06	-1.008966e-06	-2.783945e-09	-7.675599e+00	-1.903885e+02
2.090000e-06	-9.996695e-07	-2.765352e-09	-7.604877e+00	-1.894144e+02
2.100000e-06	-9.903553e-07	-2.745327e-09	-7.534021e+00	-1.884280e+02
2.110000e-06	-9.810250e-07	-2.724690e-09	-7.463042e+00	-1.874297e+02
2.120000e-06	-9.716834e-07	-2.704525e-09	-7.391976e+00	-1.864201e+02
2.130000e-06	-9.623251e-07	-2.689606e-09	-7.320784e+00	-1.853995e+02
2.140000e-06	-9.529316e-07	-2.678155e-09	-7.249324e+00	-1.843686e+02
2.150000e-06	-9.435009e-07	-2.664427e-09	-7.177581e+00	-1.833280e+02
2.160000e-06	-9.340428e-07	-2.648403e-09	-7.105629e+00	-1.822781e+02
2.170000e-06	-9.245635e-07	-2.632736e-09	-7.033517e+00	-1.812194e+02
2.180000e-06	-9.150738e-07	-2.617234e-09	-6.961325e+00	-1.801523e+02
2.190000e-06	-9.055740e-07	-2.599595e-09	-6.889056e+00	-1.790770e+02
2.200000e-06	-8.960556e-07	-2.582721e-09	-6.816646e+00	-1.779940e+02
2.210000e-06	-8.865076e-07	-2.565292e-09	-6.744011e+00	-1.769032e+02
2.220000e-06	-8.769342e-07	-2.546478e-09	-6.671182e+00	-1.758048e+02
2.230000e-06	-8.673476e-07	-2.526985e-09	-6.598253e+00	-1.746989e+02
2.240000e-06	-8.577382e-07	-2.507050e-09	-6.525151e+00	-1.735856e+02
2.250000e-06	-8.480988e-07	-2.492229e-09	-6.451820e+00	-1.724647e+02
2.260000e-06	-8.384335e-07	-2.482025e-09	-6.378292e+00	-1.713365e+02
2.270000e-06	-8.287420e-07	-2.470271e-09	-6.304565e+00	-1.702008e+02
2.280000e-06	-8.190373e-07	-2.453997e-09	-6.230737e+00	-1.690578e+02
2.290000e-06	-8.093370e-07	-2.434456e-09	-6.156944e+00	-1.679078e+02
2.300000e-06	-7.996176e-07	-2.412682e-09	-6.083004e+00	-1.667509e+02
2.310000e-06	-7.898679e-07	-2.389312e-09	-6.008834e+00	-1.655875e+02
2.320000e-06	-7.800940e-07	-2.366782e-09	-5.934481e+00	-1.644180e+02
2.330000e-06	-7.703009e-07	-2.348968e-09	-5.859981e+00	-1.632430e+02
2.340000e-06	-7.604832e-07	-2.336759e-09	-5.785294e+00	-1.620632e+02
2.350000e-06	-7.506411e-07	-2.325590e-09	-5.710421e+00	-1.608792e+02
2.360000e-06	-7.407760e-07	-2.312214e-09	-5.635373e+00	-1.596919e+02
2.370000e-06	-7.308743e-07	-2.293958e-09	-5.560047e+00	-1.585021e+02
2.380000e-06	-7.209381e-07	-2.271631e-09	-5.484458e+00	-1.573108e+02
2.390000e-06	-7.109624e-07	-2.249908e-09	-5.408569e+00	-1.561190e+02
2.400000e-06	-7.009609e-07	-2.228131e-09	-5.332484e+00	-1.549275e+02
2.410000e-06	-6.909331e-07	-2.206966e-09	-5.256199e+00	-1.537375e+02
2.420000e-06	-6.808756e-07	-2.190054e-09	-5.179688e+00	-1.525497e+02
2.430000e-06	-6.708040e-07	-2.177078e-09	-5.103069e+00	-1.513651e+02
2.440000e-06	-6.607274e-07	-2.165655e-09	-5.026412e+00	-1.501844e+02
2.450000e-06	-6.506462e-07	-2.152906e-09	-4.949721e+00	-1.490086e+02
2.460000e-06	-6.405546e-07	-2.136198e-09	-4.872950e+00	-1.478382e+02
2.470000e-06	-6.304543e-07	-2.114140e-09	-4.796113e+00	-1.466737e+02
2.480000e-06	-6.203438e-07	-2.091364e-09	-4.719198e+00	-1.455157e+02
2.490000e-06	-6.102263e-07	-2.070792e-09	-4.642230e+00	-1.443644e+02
2.500000e-06	-6.000993e-07	-2.052976e-09	-4.565190e+00	-1.432202e+02
2.510000e-06	-5.899567e-07	-2.038997e-09	-4.488031e+00	-1.420831e+02
2.520000e-06	-5.798078e-07	-2.029438e-09	-4.410825e+00	-1.409531e+02
2.530000e-06	-5.696484e-07	-2.022947e-09	-4.333539e+00	-1.398301e+02
2.540000e-06	-5.594645e-07	-2.011745e-09	-4.256065e+00	-1.387138e+02
2.550000e-06	-5.492677e-07	-1.996571e-09	-4.178495e+00	-1.376039e+02
2.560000e-06	-5.390604e-07	-1.977644e-09	-4.100844e+00	-1.364998e+02
2.570000e-06	-5.288231e-07	-1.955098e-09	-4.022965e+00	-1.354011e+02
2.580000e-06	-5.185652e-07	-1.933780e-09	-3.944929e+00	-1.343069e+02
2.590000e-06	-5.083044e-07	-1.915128e-09	-3.866871e+00	-1.332165e+02
2.600000e-06	-4.980370e-07	-1.900475e-09	-3.788763e+00	-1.321290e+02
2.610000e-06	-4.877475e-07	-1.886618e-09	-3.710486e+00	-1.310434e+02
2.620000e-06	-4.774485e-07	-1.871299e-09	-3.632137e+00	-1.299586e+02
2.630000e-06	-4.671439e-07	-1.855242e-09	-3.553747e+00	-1.288735e+02
2.640000e-06	-4.568332e-07	-1.839924e-09	-3.475309e+00	-1.277869e+02
2.650000e-06	-4.465138e-07	-1.824205e-09	-3.396805e+00	-1.266976e+02
2.660000e-06	-4.361698e-07	-1.808323e-09	-3.318114e+00	-1.256044e+02
2.670000e-06	-4.258144e-07	-1.794714e-09	-3.239337e+00	-1.245060e+02
2.680000e-06	-4.154539e-07	-1.781274e-09	-3.160521e+00	-1.234013e+02
2.690000e-06	-4.050840e-07	-1.767332e-09	-3.081632e+00	-1.222889e+02
2.700000e-06	-3.947096e-07	-1.752349e-09	-3.002711e+00	-1.211679e+02
2.710000e-06	-3.843058e-07	-1.736746e-09	-2.923565e+00	-1.200370e+02
2.720000e-06	-3.738878e-07	-1.718956e-09	-2.844311e+00	-1.188954e+02
2.730000e-06	-3.634719e-07	-1.699453e-09	-2.765073e+00	-1.177422e+02
2.740000e-06	-3.530390e-07	-1.683958e-09	-2.685706e+00	-1.165766e+02
2.750000e-06	-3.426032e-07	-1.670371e-09	-2.606316e+00	-1.153979e+02
2.760000e-06	-3.321688e-07	-1.655329e-09	-2.526938e+00	-1.142056e+02
2.770000e-06	-3.217229e-07	-1.638677e-09	-2.447472e+00	-1.129992e+02
2.780000e-06	-3.112538e-07	-1.620460e-09	-2.367829e+00	-1.117783e+02
2.790000e-06	-3.007744e-07	-1.601234e-09	-2.288108e+00	-1.105429e+02
2.800000e-06	-2.902945e-07	-1.580904e-09	-2.208384e+00	-1.092927e+02
2.810000e-06	-2.798089e-07	-1.559730e-09	-2.128616e+00	-1.080277e+02
2.820000e-06	-2.693215e-07	-1.537344e-09	-2.048834e+00	-1.067479e+02
2.830000e-06	-2.588357e-07	-1.516160e-09	-1.969064e+00	-1.054534e+02
2.840000e-06	-2.483454e-07	-1.497977e-09	-1.889260e+00	-1.041442e+02
2.850000e-06	-2.378532e-07	-1.481970e-09	-1.809443e+00	-1.028205e+02
2.860000e-06	-2.273565e-07	-1.467647e-09	-1.729590e+00	-1.014825e+02
2.870000e-06	-2.168609e-07	-1.452194e-09	-1.649746e+00	-1.001304e+02
2.880000e-06	-2.063662e-07	-1.434388e-09	-1.569909e+00	-9.876428e+01
2.890000e-06	-1.958635e-07	-1.413739e-09	-1.490011e+00	-9.738450e+01
2.900000e-06	-1.853523e-07	-1.388126e-09	-1.410048e+00	-9.599129e+01
2.910000e-06	-1.748400e-07	-1.358528e-09	-1.330076e+00	-9.458493e+01
2.920000e-06	-1.643307e-07	-1.332503e-09	-1.250128e+00	-9.316578e+01
2.930000e-06	-1.538233e-07	-1.312018e-09	-1.170194e+00	-9.173425e+01
2.940000e-06	-1.433168e-07	-1.291824e-09	-1.090267e+00	-9.029084e+01
2.950000e-06	-1.328082e-07	-1.274395e-09	-1.010324e+00	-8.883612e+01
2.960000e-06	-1.222980e-07	-1.258714e-09	-9.303689e-01	-8.737078e+01
2.970000e-06	-1.117859e-07	-1.241839e-09	-8.503994e-01	-8.589564e+01
2.980000e-06	-1.012692e-07	-1.222468e-09	-7.703941e-01	-8.441161e+01
2.990000e-06	-9.074272e-08	-1.201144e-09	-6.903154e-01	-8.291975e+01
3.000000e-06	-8.021652e-08	-1.179827e-09	-6.102385e-01	-8.142119e+01
3.010000e-06	-6.969711e-08	-1.154478e-09	-5.302132e-01	-7.991720e+01
3.020000e-06	-5.916602e-08	-1.130281e-09	-4.500991e-01	-7.840913e+01
3.030000e-06	-4.863068e-08	-1.110521e-09	-3.699526e-01	-7.689836e+01
3.040000e-06	-3.810966e-08	-1.090386e-09	-2.899151e-01	-7.538634e+01
3.050000e-06	-2.760062e-08	-1.069947e-09	-2.099687e-01	-7.387449e+01
3.060000e-06	-1.708284e-08	-1.050160e-09	-1.299559e-01	-7.236421e+01
3.070000e-06	-6.555588e-09	-1.032986e-09	-4.987093e-02	-7.085681e+01
3.080000e-06	3.960701e-09	-1.014739e-09	3.013060e-02	-6.935348e+01
3.090000e-06	1.447543e-08	-9.917286e-10	1.101202e-01	-6.785529e+01
3.100000e-06	2.499606e-08	-9.633527e-10	1.901548e-01	-6.636311e+01
3.110000e-06	3.552215e-08	-9.356683e-10	2.702309e-01	-6.487762e+01
3.120000e-06	4.604034e-08	-9.139407e-10	3.502469e-01	-6.339926e+01
3.130000e-06	5.654940e-08	-8.942509e-10	4.301934e-01	-6.192825e+01
3.140000e-06	6.706085e-08	-8.755338e-10	5.101581e-01	-6.046460e+01
3.150000e-06	7.758189e-08	-8.597496e-10	5.901958e-01	-5.900804e+01
3.160000e-06	8.810811e-08	-8.470347e-10	6.702729e-01	-5.755816e+01
3.170000e-06	9.863032e-08	-8.322975e-10	7.503195e-01	-5.611430e+01
3.180000e-06	1.091493e-07	-8.116597e-10	8.303414e-01	-5.467571e+01
3.190000e-06	1.196645e-07	-7.866771e-10	9.103349e-01	-5.324148e+01
3.200000e-06	1.301745e-07	-7.611235e-10	9.902887e-01	-5.181066e+01
3.210000e-06	1.406780e-07	-7.364660e-10	1.070192e+00	-5.038225e+01
3.220000e-06	1.511823e-07	-7.117580e-10	1.150103e+00	-4.895527e+01
3.230000e-06	1.616861e-07	-6.864312e-10	1.230009e+00	-4.752880e+01
3.240000e-06	1.721862e-07	-6.633808e-10	1.309888e+00	-4.610200e+01
3.250000e-06	1.826871e-07	-6.444812e-10	1.389772e+00	-4.467415e+01
3.260000e-06	1.931874e-07	-6.279311e-10	1.469652e+00	-4.324467e+01
3.270000e-06	2.036807e-07	-6.105141e-10	1.549479e+00	-4.181312e+01
3.280000e-06	2.141642e-07	-5.886483e-10	1.629231e+00	-4.037921e+01
3.290000e-06	2.246444e-07	-5.637621e-10	1.708958e+00	-3.894282e+01
3.300000e-06	2.351282e-07	-5.402505e-10	1.788712e+00	-3.750390e+01
3.310000e-06	2.456109e-07	-5.177043e-10	1.868458e+00	-3.606256e+01
3.320000e-06	2.560895e-07	-4.953693e-10	1.948173e+00	-3.461894e+01
3.330000e-06	2.665658e-07	-4.753437e-10	2.027870e+00	-3.317322e+01
3.340000e-06	2.770428e-07	-4.570480e-10	2.107573e+00	-3.172559e+01
3.350000e-06	2.875152e-07	-4.374857e-10	2.187240e+00	-3.027617e+01
3.360000e-06	2.979814e-07	-4.158991e-10	2.266861e+00	-2.882501e+01
3.370000e-06	3.084434e-07	-3.922831e-10	2.346450e+00	-2.737205e+01
3.380000e-06	3.189027e-07	-3.705110e-10	2.426018e+00	-2.591707e+01
3.390000e-06	3.293476e-07	-3.498980e-10	2.505476e+00	-2.445972e+01
3.400000e-06	3.397719e-07	-3.303619e-10	2.584778e+00	-2.299946e+01
3.410000e-06	3.501941e-07	-3.082675e-10	2.664063e+00	-2.153557e+01
3.420000e-06	3.606144e-07	-2.807185e-10	2.743335e+00	-2.006721e+01
3.430000e-06	3.710240e-07	-2.543064e-10	2.822525e+00	-1.859338e+01
3.440000e-06	3.814193e-07	-2.288639e-10	2.901606e+00	-1.711298e+01
3.450000e-06	3.917921e-07	-2.069185e-10	2.980516e+00	-1.562483e+01
3.460000e-06	4.021568e-07	-1.879004e-10	3.059364e+00	-1.412774e+01
3.470000e-06	4.125210e-07	-1.722809e-10	3.138209e+00	-1.262054e+01
3.480000e-06	4.228698e-07	-1.556367e-10	3.216936e+00	-1.110212e+01
3.490000e-06	4.332113e-07	-1.329663e-10	3.295608e+00	-9.571468e+00
3.500000e-06	4.435352e-07	-1.058334e-10	3.374146e+00	-8.027751e+00
3.510000e-06	4.538474e-07	-7.356729e-11	3.452595e+00	-6.470307e+00
3.520000e-06	4.641562e-07	-4.396122e-11	3.531018e+00	-4.898693e+00
3.530000e-06	4.744358e-07	-1.883472e-11	3.609219e+00	-3.312701e+00
3.540000e-06	4.847027e-07	6.779951e-12	3.687323e+00	-1.712365e+00
3.550000e-06	4.949695e-07	2.969799e-11	3.765427e+00	-9.796284e-02
3.560000e-06	5.052290e-07	5.124820e-11	3.843475e+00	1.529999e+00
3.570000e-06	5.154728e-07	7.117464e-11	3.921403e+00	3.170803e+00
3.580000e-06	5.256860e-07	9.205592e-11	3.999099e+00	4.823546e+00
3.590000e-06	5.358713e-07	1.185267e-10	4.076583e+00	6.487178e+00
3.600000e-06	5.460501e-07	1.438779e-10	4.154017e+00	8.160536e+00
3.610000e-06	5.562240e-07	1.677719e-10	4.231414e+00	9.842383e+00
3.620000e-06	5.663878e-07	1.933412e-10	4.308734e+00	1.153144e+01
3.630000e-06	5.765372e-07	2.211673e-10	4.385944e+00	1.322645e+01
3.640000e-06	5.866682e-07	2.458063e-10	4.463015e+00	1.492616e+01
3.650000e-06	5.967888e-07	2.669552e-10	4.540006e+00	1.662938e+01
3.660000e-06	6.069063e-07	2.904509e-10	4.616974e+00	1.833500e+01
3.670000e-06	6.170166e-07	3.153444e-10	4.693887e+00	2.004199e+01
3.680000e-06	6.271087e-07	3.395102e-10	4.770662e+00	2.174940e+01
3.690000e-06	6.371959e-07	3.623906e-10	4.847398e+00	2.345637e+01
3.700000e-06	6.472747e-07	3.890160e-10	4.924072e+00	2.516207e+01
3.710000e-06	6.573340e-07	4.198880e-10	5.000597e+00	2.686575e+01
3.720000e-06	6.673761e-07	4.505907e-10	5.076992e+00	2.856668e+01
3.730000e-06	6.773903e-07	4.784444e-10	5.153173e+00	3.026412e+01
3.740000e-06	6.873884e-07	5.019759e-10	5.229232e+00	3.195733e+01
3.750000e-06	6.973724e-07	5.243660e-10	5.305185e+00	3.364554e+01
3.760000e-06	7.073326e-07	5.448109e-10	5.380956e+00	3.532791e+01
3.770000e-06	7.172687e-07	5.627631e-10	5.456544e+00	3.700357e+01
3.780000e-06	7.271697e-07	5.804181e-10	5.531865e+00	3.867161e+01
3.790000e-06	7.370375e-07	6.036031e-10	5.606933e+00	4.033106e+01
3.800000e-06	7.468716e-07	6.333960e-10	5.681745e+00	4.198095e+01
3.810000e-06	7.566788e-07	6.644786e-10	5.756352e+00	4.362032e+01
3.820000e-06	7.664558e-07	6.934955e-10	5.830730e+00	4.524826e+01
3.830000e-06	7.762101e-07	7.182814e-10	5.904934e+00	4.686395e+01
3.840000e-06	7.859551e-07	7.411560e-10	5.979068e+00	4.846671e+01
3.850000e-06	7.956740e-07	7.612907e-10	6.053004e+00	5.005603e+01
3.860000e-06	8.053654e-07	7.787901e-10	6.126730e+00	5.163164e+01
3.870000e-06	8.150401e-07	7.953191e-10	6.200329e+00	5.319353e+01
3.880000e-06	8.247017e-07	8.120114e-10	6.273829e+00	5.474197e+01
3.890000e-06	8.343531e-07	8.348788e-10	6.347250e+00	5.627758e+01
3.900000e-06	8.439883e-07	8.611067e-10	6.420550e+00	5.780129e+01
3.910000e-06	8.536083e-07	8.850132e-10	6.493733e+00	5.931435e+01
3.920000e-06	8.632170e-07	9.062736e-10	6.566830e+00	6.081834e+01
3.930000e-06	8.728069e-07	9.286281e-10	6.639784e+00	6.231512e+01
3.940000e-06	8.823653e-07	9.526810e-10	6.712499e+00	6.380677e+01
3.950000e-06	8.918947e-07	9.744771e-10	6.784992e+00	6.529558e+01
3.960000e-06	9.013986e-07	9.956148e-10	6.857292e+00	6.678393e+01
3.970000e-06	9.108752e-07	1.017219e-09	6.929385e+00	6.827426e+01
3.980000e-06	9.203391e-07	1.040123e-09	7.001380e+00	6.976897e+01
3.990000e-06	9.297851e-07	1.063323e-09	7.073239e+00	7.127037e+01
4.000000e-06	9.392051e-07	1.086411e-09	7.144901e+00	7.278056e+01
4.010000e-06	9.486025e-07	1.111276e-09	7.216391e+00	7.430139e+01
4.020000e-06	9.579836e-07	1.136278e-09	7.287757e+00	7.583442e+01
4.030000e-06	9.673343e-07	1.158847e-09	7.358891e+00	7.738083e+01
4.040000e-06	9.766531e-07	1.179100e-09	7.429782e+00	7.894140e+01
4.050000e-06	9.859620e-07	1.199443e-09	7.500599e+00	8.051652e+01
4.060000e-06	9.952571e-07	1.221071e-09	7.571311e+00	8.210615e+01
4.070000e-06	1.004533e-06	1.242990e-09	7.641874e+00	8.370986e+01
4.080000e-06	1.013791e-06	1.266691e-09	7.712304e+00	8.532686e+01
4.090000e-06	1.023027e-06	1.290177e-09	7.782565e+00	8.695603e+01
4.100000e-06	1.032240e-06	1.313234e-09	7.852655e+00	8.859601e+01
4.110000e-06	1.041424e-06	1.340063e-09	7.922517e+00	9.024524e+01
4.120000e-06	1.050554e-06	1.367924e-09	7.991979e+00	9.190204e+01
4.130000e-06	1.059638e-06	1.392636e-09	8.061082e+00	9.356468e+01
4.140000e-06	1.068680e-06	1.415435e-09	8.129869e+00	9.523146e+01
4.150000e-06	1.077681e-06	1.441716e-09	8.198340e+00	9.690080e+01
4.160000e-06	1.086639e-06	1.468565e-09	8.266490e+00	9.857125e+01
4.170000e-06	1.095559e-06	1.491332e-09	8.334347e+00	1.002416e+02
4.180000e-06	1.104456e-06	1.511228e-09	8.402028e+00	1.019109e+02
4.190000e-06	1.113335e-06	1.533724e-09	8.469574e+00	1.035783e+02
4.200000e-06	1.122194e-06	1.563192e-09	8.536969e+00	1.052436e+02
4.210000e-06	1.131040e-06	1.591732e-09	8.604264e+00	1.069064e+02
4.220000e-06	1.139865e-06	1.614435e-09	8.671396e+00	1.085669e+02
4.230000e-06	1.148661e-06	1.635102e-09	8.738315e+00	1.102254e+02
4.240000e-06	1.157427e-06	1.658094e-09	8.805002e+00	1.118822e+02
4.250000e-06	1.166162e-06	1.681501e-09	8.871449e+00	1.135379e+02
4.260000e-06	1.174872e-06	1.701276e-09	8.937710e+00	1.151932e+02
4.270000e-06	1.183544e-06	1.721266e-09	9.003684e+00	1.168485e+02
4.280000e-06	1.192184e-06	1.746106e-09	9.069411e+00	1.185043e+02
4.290000e-06	1.200817e-06	1.774373e-09	9.135083e+00	1.201610e+02
4.300000e-06	1.209430e-06	1.799779e-09	9.200604e+00	1.218187e+02
4.310000e-06	1.218003e-06	1.822494e-09	9.265822e+00	1.234773e+02
4.320000e-06	1.226539e-06	1.848313e-09	9.330765e+00	1.251366e+02
4.330000e-06	1.235049e-06	1.879039e-09	9.395498e+00	1.267960e+02
4.340000e-06	1.243543e-06	1.908379e-09	9.460118e+00	1.284545e+02
4.350000e-06	1.252011e-06	1.931149e-09	9.524540e+00	1.301111e+02
4.360000e-06	1.260452e-06	1.950682e-09	9.588750e+00	1.317644e+02
4.370000e-06	1.268864e-06	1.968664e-09	9.652749e+00	1.334129e+02
4.380000e-06	1.277240e-06	1.986452e-09	9.716465e+00	1.350549e+02
4.390000e-06	1.285576e-06	2.005965e-09	9.779882e+00	1.366886e+02
4.400000e-06	1.293886e-06	2.028704e-09	9.843095e+00	1.383123e+02
4.410000e-06	1.302159e-06	2.059020e-09	9.906032e+00	1.399241e+02
4.420000e-06	1.310394e-06	2.093746e-09	9.968678e+00	1.415222e+02
4.430000e-06	1.318625e-06	2.124468e-09	1.003130e+01	1.431052e+02
4.440000e-06	1.326841e-06	2.147316e-09	1.009380e+01	1.446716e+02
4.450000e-06	1.335005e-06	2.165564e-09	1.015590e+01	1.462203e+02
4.460000e-06	1.343113e-06	2.180065e-09	1.021759e+01	1.477503e+02
4.470000e-06	1.351181e-06	2.194259e-09	1.027897e+01	1.492610e+02
4.480000e-06	1.359214e-06	2.214335e-09	1.034007e+01	1.507521e+02
4.490000e-06	1.367206e-06	2.239386e-09	1.040087e+01	1.522236e+02
4.500000e-06	1.375149e-06	2.269131e-09	1.046129e+01	1.536758e+02
4.510000e-06	1.383047e-06	2.298764e-09	1.052138e+01	1.551092e+02
4.520000e-06	1.390911e-06	2.321448e-09	1.058121e+01	1.565247e+02
4.530000e-06	1.398754e-06	2.339436e-09	1.064087e+01	1.579233e+02
4.540000e-06	1.406573e-06	2.356274e-09	1.070035e+01	1.593065e+02
4.550000e-06	1.414351e-06	2.374537e-09	1.075952e+01	1.606756e+02
4.560000e-06	1.422084e-06	2.393805e-09	1.081835e+01	1.620322e+02
4.570000e-06	1.429788e-06	2.409677e-09	1.087696e+01	1.633782e+02
4.580000e-06	1.437455e-06	2.424648e-09	1.093528e+01	1.647151e+02
4.590000e-06	1.445066e-06	2.441700e-09	1.099318e+01	1.660449e+02
4.600000e-06	1.452631e-06	2.462196e-09	1.105074e+01	1.673692e+02
4.610000e-06	1.460151e-06	2.486094e-09	1.110794e+01	1.686899e+02
4.620000e-06	1.467612e-06	2.510510e-09	1.116470e+01	1.700086e+02
4.630000e-06	1.475027e-06	2.534706e-09	1.122111e+01	1.713269e+02
4.640000e-06	1.482408e-06	2.559620e-09	1.127726e+01	1.726462e+02
4.650000e-06	1.489750e-06	2.581393e-09	1.133311e+01	1.739678e+02
4.660000e-06	1.497048e-06	2.598555e-09	1.138863e+01	1.752930e+02
4.670000e-06	1.504309e-06	2.613803e-09	1.144387e+01	1.766225e+02
4.680000e-06	1.511542e-06	2.629285e-09	1.149889e+01	1.779573e+02
4.690000e-06	1.518739e-06	2.646839e-09	1.155365e+01	1.792979e+02
4.700000e-06	1.525894e-06	2.667870e-09	1.160808e+01	1.806447e+02
4.710000e-06	1.533012e-06	2.691695e-09	1.166222e+01	1.819978e+02
4.720000e-06	1.540082e-06	2.717296e-09	1.171600e+01	1.833573e+02
4.730000e-06	1.547115e-06	2.742625e-09	1.176951e+01	1.847227e+02
4.740000e-06	1.554125e-06	2.767339e-09	1.182283e+01	1.860937e+02
4.750000e-06	1.561088e-06	2.790226e-09	1.187581e+01	1.874696e+02
4.760000e-06	1.568005e-06	2.810876e-09	1.192843e+01	1.888495e+02
4.770000e-06	1.574893e-06	2.828893e-09	1.198083e+01	1.902324e+02
4.780000e-06	1.581756e-06	2.843754e-09	1.203304e+01	1.916171e+02
4.790000e-06	1.588592e-06	2.858983e-09	1.208504e+01	1.930025e+02
4.800000e-06	1.595399e-06	2.878186e-09	1.213682e+01	1.943870e+02
4.810000e-06	1.602154e-06	2.903372e-09	1.218821e+01	1.957695e+02
4.820000e-06	1.608833e-06	2.929159e-09	1.223903e+01	1.971485e+02
4.830000e-06	1.615458e-06	2.952610e-09	1.228942e+01	1.985227e+02
4.840000e-06	1.622042e-06	2.973988e-09	1.233951e+01	1.998909e+02
4.850000e-06	1.628582e-06	2.993542e-09	1.238926e+01	2.012519e+02
4.860000e-06	1.635076e-06	3.012002e-09	1.243866e+01	2.026048e+02
4.870000e-06	1.641534e-06	3.029264e-09	1.248779e+01	2.039488e+02
4.880000e-06	1.647966e-06	3.047142e-09	1.253672e+01	2.052832e+02
4.890000e-06	1.654356e-06	3.064934e-09	1.258534e+01	2.066077e+02
4.900000e-06	1.660699e-06	3.081449e-09	1.263359e+01	2.079221e+02
4.910000e-06	1.667002e-06	3.100950e-09	1.268154e+01	2.092263e+02
4.920000e-06	1.673271e-06	3.125291e-09	1.272923e+01	2.105205e+02
4.930000e-06	1.679500e-06	3.150640e-09	1.277662e+01	2.118050e+02
4.940000e-06	1.685696e-06	3.174502e-09	1.282375e+01	2.130802e+02
4.950000e-06	1.691857e-06	3.196020e-09	1.287062e+01	2.143465e+02
4.960000e-06	1.697966e-06	3.213492e-09	1.291709e+01	2.156044e+02
4.970000e-06	1.704040e-06	3.228672e-09	1.296330e+01	2.168543e+02
4.980000e-06	1.710084e-06	3.241144e-09	1.300928e+01	2.180965e+02
4.990000e-06	1.716073e-06	3.250482e-09	1.305484e+01	2.193311e+02
5.000000e-06	1.722015e-06	3.265194e-09	1.310005e+01	2.205582e+02
5.010000e-06	1.727918e-06	3.288633e-09	1.314495e+01	2.217774e+02
5.020000e-06	1.733746e-06	3.312254e-09	1.318929e+01	2.229882e+02
5.030000e-06	1.739503e-06	3.333579e-09	1.323308e+01	2.241899e+02
5.040000e-06	1.745208e-06	3.354516e-09	1.327648e+01	2.253814e+02
5.050000e-06	1.750878e-06	3.374667e-09	1.331961e+01	2.265615e+02
5.060000e-06	1.756533e-06	3.393100e-09	1.336263e+01	2.277287e+02
5.070000e-06	1.762161e-06	3.404600e-09	1.340545e+01	2.288813e+02
5.080000e-06	1.767742e-06	3.410753e-09	1.344790e+01	2.300175e+02
5.090000e-06	1.773269e-06	3.423591e-09	1.348995e+01	2.311355e+02
5.100000e-06	1.778742e-06	3.443309e-09	1.353159e+01	2.322335e+02
5.110000e-06	1.784173e-06	3.461336e-09	1.357290e+01	2.333098e+02
5.120000e-06	1.789574e-06	3.475730e-09	1.361399e+01	2.343628e+02
5.130000e-06	1.794916e-06	3.491081e-09	1.365463e+01	2.353913e+02
5.140000e-06	1.800192e-06	3.511513e-09	1.369477e+01	2.363942e+02
5.150000e-06	1.805417e-06	3.529311e-09	1.373451e+01	2.373708e+02
5.160000e-06	1.810588e-06	3.539703e-09	1.377385e+01	2.383209e+02
5.170000e-06	1.815711e-06	3.547766e-09	1.381283e+01	2.392448e+02
5.180000e-06	1.820780e-06	3.561970e-09	1.385139e+01	2.401429e+02
5.190000e-06	1.825772e-06	3.580320e-09	1.388936e+01	2.410163e+02
5.200000e-06	1.830692e-06	3.593552e-09	1.392679e+01	2.418664e+02
5.210000e-06	1.835571e-06	3.604072e-09	1.396391e+01	2.426951e+02
5.220000e-06	1.840423e-06	3.619365e-09	1.400082e+01	2.435044e+02
5.230000e-06	1.845241e-06	3.639201e-09	1.403747e+01	2.442967e+02
5.240000e-06	1.850003e-06	3.655516e-09	1.407370e+01	2.450745e+02
5.250000e-06	1.854712e-06	3.665926e-09	1.410952e+01	2.458403e+02
5.260000e-06	1.859381e-06	3.677392e-09	1.414504e+01	2.465968e+02
5.270000e-06	1.864007e-06	3.693126e-09	1.418023e+01	2.473465e+02
5.280000e-06	1.868594e-06	3.706827e-09	1.421513e+01	2.480918e+02
5.290000e-06	1.873139e-06	3.713862e-09	1.424970e+01	2.488348e+02
5.300000e-06	1.877632e-06	3.718719e-09	1.428388e+01	2.495773e+02
5.310000e-06	1.882093e-06	3.728382e-09	1.431782e+01	2.503211e+02
5.320000e-06	1.886521e-06	3.744457e-09	1.435150e+01	2.510672e+02
5.330000e-06	1.890898e-06	3.759468e-09	1.438480e+01	2.518166e+02
5.340000e-06	1.895215e-06	3.770311e-09	1.441765e+01	2.525697e+02
5.350000e-06	1.899462e-06	3.783271e-09	1.444995e+01	2.533269e+02
5.360000e-06	1.903642e-06	3.797779e-09	1.448175e+01	2.540881e+02
5.370000e-06	1.907768e-06	3.808523e-09	1.451314e+01	2.548528e+02
5.380000e-06	1.911848e-06	3.818923e-09	1.454418e+01	2.556206e+02
5.390000e-06	1.915886e-06	3.831893e-09	1.457490e+01	2.563907e+02
5.400000e-06	1.919885e-06	3.846226e-09	1.460532e+01	2.571624e+02
5.410000e-06	1.923844e-06	3.860894e-09	1.463543e+01	2.579349e+02
5.420000e-06	1.927755e-06	3.872202e-09	1.466519e+01	2.587073e+02
5.430000e-06	1.931621e-06	3.881309e-09	1.469460e+01	2.594790e+02
5.440000e-06	1.935443e-06	3.893730e-09	1.472367e+01	2.602491e+02
5.450000e-06	1.939214e-06	3.909826e-09	1.475236e+01	2.610172e+02
5.460000e-06	1.942935e-06	3.927011e-09	1.478067e+01	2.617826e+02
5.470000e-06	1.946610e-06	3.942981e-09	1.480863e+01	2.625452e+02
5.480000e-06	1.950246e-06	3.956536e-09	1.483629e+01	2.633045e+02
5.490000e-06	1.953839e-06	3.968292e-09	1.486362e+01	2.640604e+02
5.500000e-06	1.957372e-06	3.977850e-09	1.489050e+01	2.648126e+02
5.510000e-06	1.960846e-06	3.986805e-09	1.491692e+01	2.655610e+02
5.520000e-06	1.964249e-06	3.997892e-09	1.494281e+01	2.663054e+02
5.530000e-06	1.967588e-06	4.014631e-09	1.496821e+01	2.670454e+02
5.540000e-06	1.970882e-06	4.033368e-09	1.499327e+01	2.677807e+02
5.550000e-06	1.974133e-06	4.048742e-09	1.501800e+01	2.685108e+02
5.560000e-06	1.977344e-06	4.060287e-09	1.504243e+01	2.692351e+02
5.570000e-06	1.980514e-06	4.069260e-09	1.506655e+01	2.699526e+02
5.580000e-06	1.983633e-06	4.076770e-09	1.509027e+01	2.706624e+02
5.590000e-06	1.986698e-06	4.082790e-09	1.511359e+01	2.713634e+02
5.600000e-06	1.989719e-06	4.091920e-09	1.513657e+01	2.720545e+02
5.610000e-06	1.992705e-06	4.105364e-09	1.515928e+01	2.727344e+02
5.620000e-06	1.995639e-06	4.117787e-09	1.518161e+01	2.734016e+02
5.630000e-06	1.998522e-06	4.131061e-09	1.520354e+01	2.740550e+02
5.640000e-06	2.001358e-06	4.142980e-09	1.522511e+01	2.746934e+02
5.650000e-06	2.004155e-06	4.151431e-09	1.524639e+01	2.753155e+02
5.660000e-06	2.006914e-06	4.160523e-09	1.526738e+01	2.759205e+02
5.670000e-06	2.009598e-06	4.170626e-09	1.528780e+01	2.765077e+02
5.680000e-06	2.012194e-06	4.183029e-09	1.530755e+01	2.770765e+02
5.690000e-06	2.014733e-06	4.194507e-09	1.532687e+01	2.776268e+02
5.700000e-06	2.017222e-06	4.201971e-09	1.534580e+01	2.781585e+02
5.710000e-06	2.019661e-06	4.208323e-09	1.536435e+01	2.786720e+02
5.720000e-06	2.022053e-06	4.213447e-09	1.538255e+01	2.791678e+02
5.730000e-06	2.024393e-06	4.218892e-09	1.540035e+01	2.796468e+02
5.740000e-06	2.026689e-06	4.226521e-09	1.541782e+01	2.801099e+02
5.750000e-06	2.028948e-06	4.234160e-09	1.543501e+01	2.805582e+02
5.760000e-06	2.031172e-06	4.243275e-09	1.545192e+01	2.809928e+02
5.770000e-06	2.033335e-06	4.249893e-09	1.546837e+01	2.814151e+02
5.780000e-06	2.035433e-06	4.254213e-09	1.548434e+01	2.818261e+02
5.790000e-06	2.037495e-06	4.261321e-09	1.550002e+01	2.822268e+02
5.800000e-06	2.039518e-06	4.268335e-09	1.551541e+01	2.826182e+02
5.810000e-06	2.041502e-06	4.271087e-09	1.553051e+01	2.830009e+02
5.820000e-06	2.043454e-06	4.269820e-09	1.554536e+01	2.833754e+02
5.830000e-06	2.045348e-06	4.274648e-09	1.555977e+01	2.837418e+02
5.840000e-06	2.047162e-06	4.288453e-09	1.557356e+01	2.841002e+02
5.850000e-06	2.048928e-06	4.302796e-09	1.558700e+01	2.844502e+02
5.860000e-06	2.050655e-06	4.318528e-09	1.560013e+01	2.847912e+02
5.870000e-06	2.052321e-06	4.332345e-09	1.561281e+01	2.851226e+02
5.880000e-06	2.053929e-06	4.339931e-09	1.562504e+01	2.854435e+02
5.890000e-06	2.055461e-06	4.339958e-09	1.563669e+01	2.857529e+02
5.900000e-06	2.056925e-06	4.330790e-09	1.564783e+01	2.860501e+02
5.910000e-06	2.058356e-06	4.321134e-09	1.565872e+01	2.863339e+02
5.920000e-06	2.059742e-06	4.319057e-09	1.566926e+01	2.866038e+02
5.930000e-06	2.061049e-06	4.326837e-09	1.567921e+01	2.868590e+02
5.940000e-06	2.062294e-06	4.342555e-09	1.568868e+01	2.870994e+02
5.950000e-06	2.063494e-06	4.361712e-09	1.569780e+01	2.873247e+02
5.960000e-06	2.064631e-06	4.379278e-09	1.570646e+01	2.875354e+02
5.970000e-06	2.065689e-06	4.385637e-09	1.571450e+01	2.877319e+02
5.980000e-06	2.066663e-06	4.380458e-09	1.572192e+01	2.879153e+02
5.990000e-06	2.067579e-06	4.371589e-09	1.572889e+01	2.880867e+02
6.000000e-06	2.068463e-06	4.369000e-09	1.573561e+01	2.882478e+02
6.010000e-06	2.069303e-06	4.372084e-09	1.574200e+01	2.884002e+02
6.020000e-06	2.070094e-06	4.381108e-09	1.574802e+01	2.885461e+02
6.030000e-06	2.070843e-06	4.409264e-09	1.575371e+01	2.886875e+02
6.040000e-06	2.071552e-06	4.422185e-09	1.575911e+01	2.888266e+02
6.050000e-06	2.072207e-06	4.401300e-09	1.576409e+01	2.889656e+02
6.060000e-06	2.072808e-06	4.363458e-09	1.576867e+01	2.891067e+02
6.070000e-06	2.073368e-06	4.392860e-09	1.577292e+01	2.892516e+02
6.080000e-06	2.073861e-06	4.427900e-09	1.577667e+01	2.894022e+02
6.090000e-06	2.074284e-06	4.399818e-09	1.577989e+01	2.895598e+02
6.100000e-06	2.074663e-06	4.381863e-09	1.578277e+01	2.897256e+02
6.110000e-06	2.074983e-06	4.411153e-09	1.578521e+01	2.899003e+02
6.120000e-06	2.075211e-06	4.474081e-09	1.578694e+01	2.900843e+02
6.130000e-06	2.075388e-06	4.439586e-09	1.578829e+01	2.902775e+02
6.140000e-06	2.075532e-06	4.426008e-09	1.578939e+01	2.904795e+02
6.150000e-06	2.075610e-06	4.452648e-09	1.578998e+01	2.906896e+02
6.160000e-06	2.075651e-06	4.445518e-09	1.579029e+01	2.909066e+02
6.170000e-06	2.075688e-06	4.470972e-09	1.579057e+01	2.911293e+02
6.180000e-06	2.075683e-06	4.437322e-09	1.579053e+01	2.913559e+02
6.190000e-06	2.075600e-06	4.465632e-09	1.578990e+01	2.915847e+02
6.200000e-06	2.075440e-06	4.472418e-09	1.578868e+01	2.918137e+02
6.210000e-06	2.075255e-06	4.442865e-09	1.578728e+01	2.920410e+02
6.220000e-06	2.075048e-06	4.461146e-09	1.578570e+01	2.922645e+02
6.230000e-06	2.074767e-06	4.464638e-09	1.578357e+01	2.924822e+02
6.240000e-06	2.074429e-06	4.503415e-09	1.578099e+01	2.926923e+02
6.250000e-06	2.074041e-06	4.489337e-09	1.577804e+01	2.928928e+02
6.260000e-06	2.073586e-06	4.483830e-09	1.577458e+01	2.930821e+02
6.270000e-06	2.073027e-06	4.498568e-09	1.577033e+01	2.932587e+02
6.280000e-06	2.072386e-06	4.484817e-09	1.576545e+01	2.934212e+02
6.290000e-06	2.071724e-06	4.471143e-09	1.576042e+01	2.935686e+02
6.300000e-06	2.071045e-06	4.490034e-09	1.575525e+01	2.936997e+02
6.310000e-06	2.070315e-06	4.528582e-09	1.574970e+01	2.938138e+02
6.320000e-06	2.069527e-06	4.512860e-09	1.574370e+01	2.939102e+02
6.330000e-06	2.068699e-06	4.498038e-09	1.573741e+01	2.939885e+02
6.340000e-06	2.067820e-06	4.517946e-09	1.573072e+01	2.940483e+02
6.350000e-06	2.066873e-06	4.537641e-09	1.572351e+01	2.940893e+02
6.360000e-06	2.065887e-06	4.521271e-09	1.571601e+01	2.941116e+02
6.370000e-06	2.064882e-06	4.494893e-09	1.570837e+01	2.941149e+02
6.380000e-06	2.063814e-06	4.502794e-09	1.570024e+01	2.940996e+02
6.390000e-06	2.062643e-06	4.522643e-09	1.569133e+01	2.940657e+02
6.400000e-06	2.061383e-06	4.534111e-09	1.568175e+01	2.940134e+02
6.410000e-06	2.060089e-06	4.518054e-09	1.567190e+01	2.939432e+02
6.420000e-06	2.058747e-06	4.506180e-09	1.566169e+01	2.938555e+02
6.430000e-06	2.057302e-06	4.510505e-09	1.565070e+01	2.937507e+02
6.440000e-06	2.055786e-06	4.519351e-09	1.563917e+01	2.936295e+02
6.450000e-06	2.054243e-06	4.523270e-09	1.562743e+01	2.934924e+02
6.460000e-06	2.052666e-06	4.510516e-09	1.561544e+01	2.933402e+02
6.470000e-06	2.051033e-06	4.505890e-09	1.560301e+01	2.931736e+02
6.480000e-06	2.049333e-06	4.506316e-09	1.559008e+01	2.929936e+02
6.490000e-06	2.047593e-06	4.508472e-09	1.557684e+01	2.928009e+02
6.500000e-06	2.045822e-06	4.502511e-09	1.556337e+01	2.925967e+02
6.510000e-06	2.043993e-06	4.490188e-09	1.554946e+01	2.923817e+02
6.520000e-06	2.042103e-06	4.490026e-09	1.553507e+01	2.921572e+02
6.530000e-06	2.040159e-06	4.487710e-09	1.552029e+01	2.919240e+02
6.540000e-06	2.038186e-06	4.484847e-09	1.550528e+01	2.916832e+02
6.550000e-06	2.036168e-06	4.471318e-09	1.548993e+01	2.914357e+02
6.560000e-06	2.034071e-06	4.466850e-09	1.547398e+01	2.911824e+02
6.570000e-06	2.031899e-06	4.473208e-09	1.545745e+01	2.909243e+02
6.580000e-06	2.029660e-06	4.473388e-09	1.544042e+01	2.906622e+02
6.590000e-06	2.027366e-06	4.467651e-09	1.542297e+01	2.903968e+02
6.600000e-06	2.025032e-06	4.455045e-09	1.540521e+01	2.901288e+02
6.610000e-06	2.022659e-06	4.452999e-09	1.538716e+01	2.898588e+02
6.620000e-06	2.020234e-06	4.448749e-09	1.536871e+01	2.895874e+02
6.630000e-06	2.017761e-06	4.442916e-09	1.534990e+01	2.893149e+02
6.640000e-06	2.015237e-06	4.439415e-09	1.533070e+01	2.890418e+02
6.650000e-06	2.012655e-06	4.440108e-09	1.531106e+01	2.887685e+02
6.660000e-06	2.010034e-06	4.443121e-09	1.529112e+01	2.884953e+02
6.670000e-06	2.007361e-06	4.434664e-09	1.527078e+01	2.882226e+02
6.680000e-06	2.004641e-06	4.425037e-09	1.525009e+01	2.879506e+02
6.690000e-06	2.001870e-06	4.417753e-09	1.522901e+01	2.876796e+02
6.700000e-06	1.999040e-06	4.417987e-09	1.520748e+01	2.874100e+02
6.710000e-06	1.996158e-06	4.412038e-09	1.518555e+01	2.871422e+02
6.720000e-06	1.993208e-06	4.401210e-09	1.516311e+01	2.868764e+02
6.730000e-06	1.990187e-06	4.398811e-09	1.514013e+01	2.866131e+02
6.740000e-06	1.987109e-06	4.397643e-09	1.511671e+01	2.863527e+02
6.750000e-06	1.983986e-06	4.396945e-09	1.509296e+01	2.860956e+02
6.760000e-06	1.980819e-06	4.393484e-09	1.506886e+01	2.858421e+02
6.770000e-06	1.977607e-06	4.396931e-09	1.504443e+01	2.855928e+02
6.780000e-06	1.974342e-06	4.399602e-09	1.501959e+01	2.853479e+02
6.790000e-06	1.971026e-06	4.394639e-09	1.499437e+01	2.851076e+02
6.800000e-06	1.967669e-06	4.388682e-09	1.496883e+01	2.848723e+02
6.810000e-06	1.964270e-06	4.380247e-09	1.494297e+01	2.846419e+02
6.820000e-06	1.960831e-06	4.373855e-09	1.491681e+01	2.844165e+02
6.830000e-06	1.957342e-06	4.365485e-09	1.489026e+01	2.841958e+02
6.840000e-06	1.953805e-06	4.363829e-09	1.486336e+01	2.839796e+02
6.850000e-06	1.950218e-06	4.368191e-09	1.483607e+01	2.837674e+02
6.860000e-06	1.946574e-06	4.372355e-09	1.480835e+01	2.835584e+02
6.870000e-06	1.942856e-06	4.375255e-09	1.478007e+01	2.833517e+02
6.880000e-06	1.939072e-06	4.371788e-09	1.475128e+01	2.831465e+02
6.890000e-06	1.935237e-06	4.366865e-09	1.472210e+01	2.829414e+02
6.900000e-06	1.931348e-06	4.358655e-09	1.469252e+01	2.827351e+02
6.910000e-06	1.927419e-06	4.354820e-09	1.466263e+01	2.825261e+02
6.920000e-06	1.923456e-06	4.355675e-09	1.463248e+01	2.823128e+02
6.930000e-06	1.919448e-06	4.357119e-09	1.460199e+01	2.820933e+02
6.940000e-06	1.915388e-06	4.358056e-09	1.457111e+01	2.818660e+02
6.950000e-06	1.911280e-06	4.356178e-09	1.453985e+01	2.816289e+02
6.960000e-06	1.907123e-06	4.357448e-09	1.450823e+01	2.813802e+02
6.970000e-06	1.902923e-06	4.355188e-09	1.447628e+01	2.811180e+02
6.980000e-06	1.898675e-06	4.350490e-09	1.444396e+01	2.808404e+02
6.990000e-06	1.894382e-06	4.345150e-09	1.441131e+01	2.805458e+02
7.000000e-06	1.890056e-06	4.337733e-09	1.437840e+01	2.802326e+02
7.010000e-06	1.885701e-06	4.329227e-09	1.434527e+01	2.798992e+02
7.020000e-06	1.881306e-06	4.319562e-09	1.431183e+01	2.795443e+02
7.030000e-06	1.876863e-06	4.316127e-09	1.427803e+01	2.791668e+02
7.040000e-06	1.872370e-06	4.312182e-09	1.424385e+01	2.787657e+02
7.050000e-06	1.867828e-06	4.305731e-09	1.420930e+01	2.783405e+02
7.060000e-06	1.863218e-06	4.301912e-09	1.417423e+01	2.778908e+02
7.070000e-06	1.858560e-06	4.297667e-09	1.413880e+01	2.774162e+02
7.080000e-06	1.853871e-06	4.291675e-09	1.410312e+01	2.769171e+02
7.090000e-06	1.849122e-06	4.280792e-09	1.406699e+01	2.763939e+02
7.100000e-06	1.844306e-06	4.268082e-09	1.403036e+01	2.758472e+02
7.110000e-06	1.839421e-06	4.254726e-09	1.399320e+01	2.752782e+02
7.120000e-06	1.834494e-06	4.244324e-09	1.395572e+01	2.746880e+02
7.130000e-06	1.829541e-06	4.237234e-09	1.391804e+01	2.740783e+02
7.140000e-06	1.824535e-06	4.230200e-09	1.387995e+01	2.734508e+02
7.150000e-06	1.819473e-06	4.224442e-09	1.384144e+01	2.728075e+02
7.160000e-06	1.814361e-06	4.216641e-09	1.380255e+01	2.721507e+02
7.170000e-06	1.809186e-06	4.206020e-09	1.376318e+01	2.714826e+02
7.180000e-06	1.803947e-06	4.192111e-09	1.372333e+01	2.708057e+02
7.190000e-06	1.798653e-06	4.181407e-09	1.368306e+01	2.701225e+02
7.200000e-06	1.793294e-06	4.173172e-09	1.364229e+01	2.694354e+02
7.210000e-06	1.787871e-06	4.163989e-09	1.360104e+01	2.687470e+02
7.220000e-06	1.782397e-06	4.154704e-09	1.355939e+01	2.680596e+02
7.230000e-06	1.776882e-06	4.142761e-09	1.351744e+01	2.673754e+02
7.240000e-06	1.771337e-06	4.132218e-09	1.347526e+01	2.666965e+02
7.250000e-06	1.765757e-06	4.123645e-09	1.343281e+01	2.660247e+02
7.260000e-06	1.760132e-06	4.115286e-09	1.339001e+01	2.653616e+02
7.270000e-06	1.754465e-06	4.108888e-09	1.334690e+01	2.647084e+02
7.280000e-06	1.748756e-06	4.104279e-09	1.330347e+01	2.640662e+02
7.290000e-06	1.742996e-06	4.099352e-09	1.325965e+01	2.634354e+02
7.300000e-06	1.737185e-06	4.089262e-09	1.321545e+01	2.628165e+02
7.310000e-06	1.731330e-06	4.075391e-09	1.317090e+01	2.622095e+02
7.320000e-06	1.725437e-06	4.060972e-09	1.312607e+01	2.616140e+02
7.330000e-06	1.719505e-06	4.049282e-09	1.308095e+01	2.610294e+02
7.340000e-06	1.713532e-06	4.042803e-09	1.303551e+01	2.604550e+02
7.350000e-06	1.707510e-06	4.038977e-09	1.298970e+01	2.598896e+02
7.360000e-06	1.701433e-06	4.037693e-09	1.294347e+01	2.593320e+02
7.370000e-06	1.695303e-06	4.035634e-09	1.289684e+01	2.587810e+02
7.380000e-06	1.689120e-06	4.033662e-09	1.284979e+01	2.582350e+02
7.390000e-06	1.682886e-06	4.026906e-09	1.280237e+01	2.576927e+02
7.400000e-06	1.676616e-06	4.013862e-09	1.275468e+01	2.571526e+02
7.410000e-06	1.670309e-06	3.999349e-09	1.270669e+01	2.566133e+02
7.420000e-06	1.663968e-06	3.984700e-09	1.265846e+01	2.560736e+02
7.430000e-06	1.657588e-06	3.974849e-09	1.260992e+01	2.555323e+02
7.440000e-06	1.651147e-06	3.971077e-09	1.256092e+01	2.549884e+02
7.450000e-06	1.644669e-06	3.969936e-09	1.251164e+01	2.544409e+02
7.460000e-06	1.638160e-06	3.967701e-09	1.246213e+01	2.538892e+02
7.470000e-06	1.631620e-06	3.964771e-09	1.241237e+01	2.533326e+02
7.480000e-06	1.625052e-06	3.958756e-09	1.236241e+01	2.527706e+02
7.490000e-06	1.618434e-06	3.947386e-09	1.231206e+01	2.522030e+02
7.500000e-06	1.611770e-06	3.931999e-09	1.226137e+01	2.516295e+02
7.510000e-06	1.605074e-06	3.917041e-09	1.221042e+01	2.510498e+02
7.520000e-06	1.598333e-06	3.909277e-09	1.215914e+01	2.504638e+02
7.530000e-06	1.591552e-06	3.903225e-09	1.210756e+01	2.498714e+02
7.540000e-06	1.584736e-06	3.894465e-09	1.205570e+01	2.492724e+02
7.550000e-06	1.577868e-06	3.886134e-09	1.200346e+01	2.486666e+02
7.560000e-06	1.570933e-06	3.880473e-09	1.195070e+01	2.480536e+02
7.570000e-06	1.563928e-06	3.877764e-09	1.189741e+01	2.474333e+02
7.580000e-06	1.556876e-06	3.869010e-09	1.184377e+01	2.468050e+02
7.590000e-06	1.549798e-06	3.858119e-09	1.178992e+01	2.461684e+02
7.600000e-06	1.542692e-06	3.848775e-09	1.173586e+01	2.455229e+02
7.610000e-06	1.535552e-06	3.837084e-09	1.168155e+01	2.448679e+02
7.620000e-06	1.528378e-06	3.821349e-09	1.162697e+01	2.442026e+02
7.630000e-06	1.521169e-06	3.801898e-09	1.157213e+01	2.435264e+02
7.640000e-06	1.513924e-06	3.789786e-09	1.151701e+01	2.428386e+02
7.650000e-06	1.506637e-06	3.786557e-09	1.146158e+01	2.421385e+02
7.660000e-06	1.499316e-06	3.789856e-09	1.140588e+01	2.414256e+02
7.670000e-06	1.491960e-06	3.790222e-09	1.134992e+01	2.406993e+02
7.680000e-06	1.484568e-06	3.785086e-09	1.129369e+01	2.399593e+02
7.690000e-06	1.477145e-06	3.774008e-09	1.123722e+01	2.392052e+02
7.700000e-06	1.469677e-06	3.755389e-09	1.118041e+01	2.384370e+02
7.710000e-06	1.462161e-06	3.734571e-09	1.112323e+01	2.376547e+02
7.720000e-06	1.454601e-06	3.711824e-09	1.106572e+01	2.368583e+02
7.730000e-06	1.446983e-06	3.694780e-09	1.100777e+01	2.360483e+02
7.740000e-06	1.439315e-06	3.683756e-09	1.094943e+01	2.352250e+02
7.750000e-06	1.431608e-06	3.675982e-09	1.089081e+01	2.343891e+02
7.760000e-06	1.423848e-06	3.668539e-09	1.083177e+01	2.335413e+02
7.770000e-06	1.416028e-06	3.657085e-09	1.077228e+01	2.326823e+02
7.780000e-06	1.408172e-06	3.647109e-09	1.071251e+01	2.318130e+02
7.790000e-06	1.400284e-06	3.636375e-09	1.065250e+01	2.309344e+02
7.800000e-06	1.392364e-06	3.623558e-09	1.059226e+01	2.300472e+02
7.810000e-06	1.384426e-06	3.608457e-09	1.053187e+01	2.291526e+02
7.820000e-06	1.376467e-06	3.589406e-09	1.047132e+01	2.282515e+02
7.830000e-06	1.368473e-06	3.570663e-09	1.041051e+01	2.273448e+02
7.840000e-06	1.360438e-06	3.553423e-09	1.034938e+01	2.264333e+02
7.850000e-06	1.352364e-06	3.542691e-09	1.028796e+01	2.255181e+02
7.860000e-06	1.344248e-06	3.535009e-09	1.022622e+01	2.245999e+02
7.870000e-06	1.336110e-06	3.530913e-09	1.016431e+01	2.236796e+02
7.880000e-06	1.327942e-06	3.523946e-09	1.010217e+01	2.227579e+02
7.890000e-06	1.319735e-06	3.508897e-09	1.003974e+01	2.218356e+02
7.900000e-06	1.311499e-06	3.490492e-09	9.977087e+00	2.209134e+02
7.910000e-06	1.303241e-06	3.468385e-09	9.914268e+00	2.199920e+02
7.920000e-06	1.294968e-06	3.445298e-09	9.851328e+00	2.190721e+02
7.930000e-06	1.286663e-06	3.423156e-09	9.788152e+00	2.181545e+02
7.940000e-06	1.278334e-06	3.408428e-09	9.724787e+00	2.172397e+02
7.950000e-06	1.269984e-06	3.400944e-09	9.661267e+00	2.163285e+02
7.960000e-06	1.261603e-06	3.396444e-09	9.597508e+00	2.154213e+02
7.970000e-06	1.253156e-06	3.390718e-09	9.533251e+00	2.145189e+02
7.980000e-06	1.244658e-06	3.382840e-09	9.468603e+00	2.136216e+02
7.990000e-06	1.236124e-06	3.373721e-09	9.403681e+00	2.127298e+02
8.000000e-06	1.227540e-06	3.357177e-09	9.338375e+00	2.118440e+02
8.010000e-06	1.218913e-06	3.336133e-09	9.272745e+00	2.109644e+02
8.020000e-06	1.210247e-06	3.315883e-09	9.206824e+00	2.100908e+02
8.030000e-06	1.201555e-06	3.298029e-09	9.140697e+00	2.092234e+02
8.040000e-06	1.192844e-06	3.283242e-09	9.074435e+00	2.083619e+02
8.050000e-06	1.184115e-06	3.270689e-09	9.008028e+00	2.075057e+02
8.060000e-06	1.175368e-06	3.262836e-09	8.941488e+00	2.066543e+02
8.070000e-06	1.166596e-06	3.257495e-09	8.874751e+00	2.058070e+02
8.080000e-06	1.157790e-06	3.251740e-09	8.807761e+00	2.049628e+02
8.090000e-06	1.148958e-06	3.237671e-09	8.740574e+00	2.041205e+02
8.100000e-06	1.140094e-06	3.216522e-09	8.673143e+00	2.032790e+02
8.110000e-06	1.131200e-06	3.198515e-09	8.605481e+00	2.024369e+02
8.120000e-06	1.122281e-06	3.182303e-09	8.537630e+00	2.015928e+02
8.130000e-06	1.113333e-06	3.166215e-09	8.469561e+00	2.007453e+02
8.140000e-06	1.104367e-06	3.152964e-09	8.401355e+00	1.998929e+02
8.150000e-06	1.095376e-06	3.147148e-09	8.332956e+00	1.990342e+02
8.160000e-06	1.086351e-06	3.141394e-09	8.264296e+00	1.981679e+02
8.170000e-06	1.077304e-06	3.131164e-09	8.195474e+00	1.972927e+02
8.180000e-06	1.068239e-06	3.113944e-09	8.126512e+00	1.964076e+02
8.190000e-06	1.059156e-06	3.093902e-09	8.057414e+00	1.955115e+02
8.200000e-06	1.050053e-06	3.079874e-09	7.988166e+00	1.946039e+02
8.210000e-06	1.040923e-06	3.064517e-09	7.918705e+00	1.936840e+02
8.220000e-06	1.031779e-06	3.045312e-09	7.849145e+00	1.927515e+02
8.230000e-06	1.022613e-06	3.026353e-09	7.779418e+00	1.918062e+02
8.240000e-06	1.013409e-06	3.014219e-09	7.709396e+00	1.908480e+02
8.250000e-06	1.004174e-06	3.003616e-09	7.639145e+00	1.898773e+02
8.260000e-06	9.948843e-07	2.987665e-09	7.568475e+00	1.888941e+02
8.270000e-06	9.855331e-07	2.972136e-09	7.497336e+00	1.878989e+02
8.280000e-06	9.761609e-07	2.959508e-09	7.426038e+00	1.868922e+02
8.290000e-06	9.667538e-07	2.948773e-09	7.354475e+00	1.858745e+02
8.300000e-06	9.573046e-07	2.931553e-09	7.282591e+00	1.848463e+02
8.310000e-06	9.478380e-07	2.907933e-09	7.210575e+00	1.838083e+02
8.320000e-06	9.383562e-07	2.889460e-09	7.138443e+00	1.827608e+02
8.330000e-06	9.288592e-07	2.872702e-09	7.066196e+00	1.817044e+02
8.340000e-06	9.193475e-07	2.853380e-09	6.993836e+00	1.806396e+02
8.350000e-06	9.098303e-07	2.831045e-09	6.921435e+00	1.795665e+02
8.360000e-06	9.003006e-07	2.811870e-09	6.848939e+00	1.784856e+02
8.370000e-06	8.907375e-07	2.800703e-09	6.776189e+00	1.773969e+02
8.380000e-06	8.811418e-07	2.788734e-09	6.703191e+00	1.763006e+02
8.390000e-06	8.715181e-07	2.771903e-09	6.629979e+00	1.751968e+02
8.400000e-06	8.618699e-07	2.752134e-09	6.556582e+00	1.740854e+02
8.410000e-06	8.522114e-07	2.733125e-09	6.483106e+00	1.729666e+02
8.420000e-06	8.425416e-07	2.710363e-09	6.409544e+00	1.718404e+02
8.430000e-06	8.328428e-07	2.683585e-09	6.335761e+00	1.707067e+02
8.440000e-06	8.231252e-07	2.660919e-09	6.261836e+00	1.695658e+02
8.450000e-06	8.133974e-07	2.647337e-09	6.187832e+00	1.684177e+02
8.460000e-06	8.036526e-07	2.638805e-09	6.113700e+00	1.672626e+02
8.470000e-06	7.938871e-07	2.626124e-09	6.039410e+00	1.661010e+02
8.480000e-06	7.840945e-07	2.609049e-09	5.964914e+00	1.649331e+02
8.490000e-06	7.742860e-07	2.589152e-09	5.890297e+00	1.637597e+02
8.500000e-06	7.644560e-07	2.568122e-09	5.815516e+00	1.625811e+02
8.510000e-06	7.546018e-07	2.545044e-09	5.740551e+00	1.613983e+02
8.520000e-06	7.447404e-07	2.521386e-09	5.665532e+00	1.602119e+02
8.530000e-06	7.348745e-07	2.500096e-09	5.590478e+00	1.590229e+02
8.540000e-06	7.250012e-07	2.480434e-09	5.515368e+00	1.578321e+02
8.550000e-06	7.151147e-07	2.464930e-09	5.440157e+00	1.566404e+02
8.560000e-06	7.052152e-07	2.451688e-09	5.364848e+00	1.554490e+02
8.570000e-06	6.953026e-07	2.436464e-09	5.289439e+00	1.542586e+02
8.580000e-06	6.853786e-07	2.419438e-09	5.213944e+00	1.530704e+02
8.590000e-06	6.754535e-07	2.401658e-09	5.138440e+00	1.518851e+02
8.600000e-06	6.655047e-07	2.381574e-09	5.062755e+00	1.507036e+02
8.610000e-06	6.555215e-07	2.356546e-09	4.986809e+00	1.495266e+02
8.620000e-06	6.455080e-07	2.331358e-09	4.910632e+00	1.483550e+02
8.630000e-06	6.354527e-07	2.311339e-09	4.834138e+00	1.471891e+02
8.640000e-06	6.253798e-07	2.294756e-09	4.757509e+00	1.460297e+02
8.650000e-06	6.152758e-07	2.279894e-09	4.680644e+00	1.448769e+02
8.660000e-06	6.051426e-07	2.264073e-09	4.603556e+00	1.437310e+02
8.670000e-06	5.949973e-07	2.246133e-09	4.526377e+00	1.425923e+02
8.680000e-06	5.848301e-07	2.228391e-09	4.449032e+00	1.414607e+02
8.690000e-06	5.746500e-07	2.209721e-09	4.371587e+00	1.403362e+02
8.700000e-06	5.644298e-07	2.188733e-09	4.293838e+00	1.392184e+02
8.710000e-06	5.541850e-07	2.165269e-09	4.215902e+00	1.381071e+02
8.720000e-06	5.439409e-07	2.140931e-09	4.137971e+00	1.370018e+02
8.730000e-06	5.336823e-07	2.123583e-09	4.059930e+00	1.359020e+02
8.740000e-06	5.234102e-07	2.110938e-09	3.981786e+00	1.348069e+02
8.750000e-06	5.131325e-07	2.095860e-09	3.903600e+00	1.337158e+02
8.760000e-06	5.028475e-07	2.079964e-09	3.825358e+00	1.326279e+02
8.770000e-06	4.925596e-07	2.065918e-09	3.747094e+00	1.315421e+02
8.780000e-06	4.822730e-07	2.057094e-09	3.668840e+00	1.304573e+02
8.790000e-06	4.719816e-07	2.047917e-09	3.590549e+00	1.293726e+02
8.800000e-06	4.616717e-07	2.029593e-09	3.512118e+00	1.282867e+02
8.810000e-06	4.513409e-07	2.003265e-09	3.433527e+00	1.271984e+02
8.820000e-06	4.410041e-07	1.979294e-09	3.354891e+00	1.261065e+02
8.830000e-06	4.306642e-07	1.958915e-09	3.276231e+00	1.250097e+02
8.840000e-06	4.203054e-07	1.938335e-09	3.197428e+00	1.239068e+02
8.850000e-06	4.099234e-07	1.922154e-09	3.118448e+00	1.227966e+02
8.860000e-06	3.995362e-07	1.910974e-09	3.039429e+00	1.216780e+02
8.870000e-06	3.891466e-07	1.899729e-09	2.960391e+00	1.205499e+02
8.880000e-06	3.787373e-07	1.886657e-09	2.881203e+00	1.194113e+02
8.890000e-06	3.683093e-07	1.870625e-09	2.801873e+00	1.182612e+02
8.900000e-06	3.578824e-07	1.851271e-09	2.722551e+00	1.170990e+02
8.910000e-06	3.474481e-07	1.829819e-09	2.643174e+00	1.159238e+02
8.920000e-06	3.369904e-07	1.805312e-09	2.563618e+00	1.147350e+02
8.930000e-06	3.265296e-07	1.778525e-09	2.484038e+00	1.135324e+02
8.940000e-06	3.160627e-07	1.756859e-09	2.404413e+00	1.123154e+02
8.950000e-06	3.055842e-07	1.744701e-09	2.324698e+00	1.110838e+02
8.960000e-06	2.951154e-07	1.731574e-09	2.245059e+00	1.098375e+02
8.970000e-06	2.846465e-07	1.713946e-09	2.165417e+00	1.085764e+02
8.980000e-06	2.741662e-07	1.694562e-09	2.085690e+00	1.073004e+02
8.990000e-06	2.636748e-07	1.674276e-09	2.005877e+00	1.060097e+02
9.000000e-06	2.531834e-07	1.651096e-09	1.926065e+00	1.047044e+02
9.010000e-06	2.426879e-07	1.623057e-09	1.846222e+00	1.033845e+02
9.020000e-06	2.321794e-07	1.593222e-09	1.766280e+00	1.020502e+02
9.030000e-06	2.216701e-07	1.570736e-09	1.686331e+00	1.007018e+02
9.040000e-06	2.111570e-07	1.553967e-09	1.606354e+00	9.933933e+01
9.050000e-06	2.006388e-07	1.535035e-09	1.526338e+00	9.796314e+01
9.060000e-06	1.901217e-07	1.515817e-09	1.446330e+00	9.657344e+01
9.070000e-06	1.796047e-07	1.497246e-09	1.366323e+00	9.517052e+01
9.080000e-06	1.690831e-07	1.479045e-09	1.286282e+00	9.375471e+01
9.090000e-06	1.585459e-07	1.456676e-09	1.206121e+00	9.232641e+01
9.100000e-06	1.480051e-07	1.430975e-09	1.125933e+00	9.088609e+01
9.110000e-06	1.374657e-07	1.405911e-09	1.045755e+00	8.943431e+01
9.120000e-06	1.269321e-07	1.383045e-09	9.656221e-01	8.797174e+01
9.130000e-06	1.163952e-07	1.357953e-09	8.854636e-01	8.649915e+01
9.140000e-06	1.058470e-07	1.326079e-09	8.052197e-01	8.501743e+01
9.150000e-06	9.530889e-08	1.295282e-09	7.250520e-01	8.352760e+01
9.160000e-06	8.476360e-08	1.272616e-09	6.448299e-01	8.203077e+01
9.170000e-06	7.420987e-08	1.251792e-09	5.645435e-01	8.052820e+01
9.180000e-06	6.365229e-08	1.227880e-09	4.842279e-01	7.902120e+01
9.190000e-06	5.309740e-08	1.203782e-09	4.039327e-01	7.751115e+01
9.200000e-06	4.255126e-08	1.182657e-09	3.237041e-01	7.599949e+01
9.210000e-06	3.200790e-08	1.162558e-09	2.434966e-01	7.448764e+01
9.220000e-06	2.145461e-08	1.138260e-09	1.632137e-01	7.297702e+01
9.230000e-06	1.088741e-08	1.104909e-09	8.282478e-02	7.146896e+01
9.240000e-06	3.298256e-10	1.068988e-09	2.509112e-03	6.996469e+01
9.250000e-06	-1.022842e-08	1.039854e-09	-7.781162e-02	6.846530e+01
9.260000e-06	-2.079670e-08	1.016058e-09	-1.582086e-01	6.697173e+01
9.270000e-06	-3.136029e-08	9.950891e-10	-2.385700e-01	6.548469e+01
9.280000e-06	-4.192127e-08	9.751287e-10	-3.189115e-01	6.400469e+01
9.290000e-06	-5.248764e-08	9.577719e-10	-3.992940e-01	6.253202e+01
9.300000e-06	-6.305543e-08	9.396304e-10	-4.796873e-01	6.106672e+01
9.310000e-06	-7.361975e-08	9.120479e-10	-5.600543e-01	5.960860e+01
9.320000e-06	-8.418247e-08	8.775565e-10	-6.404090e-01	5.815728e+01
9.330000e-06	-9.474414e-08	8.451456e-10	-7.207558e-01	5.671216e+01
9.340000e-06	-1.052909e-07	8.175607e-10	-8.009888e-01	5.527251e+01
9.350000e-06	-1.158241e-07	7.947542e-10	-8.811193e-01	5.383746e+01
9.360000e-06	-1.263576e-07	7.755990e-10	-9.612517e-01	5.240606e+01
9.370000e-06	-1.368909e-07	7.619627e-10	-1.041383e+00	5.097731e+01
9.380000e-06	-1.474175e-07	7.514917e-10	-1.121463e+00	4.955025e+01
9.390000e-06	-1.579325e-07	7.371129e-10	-1.201454e+00	4.812391e+01
9.400000e-06	-1.684468e-07	7.146017e-10	-1.281441e+00	4.669744e+01
9.410000e-06	-1.789638e-07	6.840694e-10	-1.361448e+00	4.527010e+01
9.420000e-06	-1.894796e-07	6.502254e-10	-1.441446e+00	4.384125e+01
9.430000e-06	-1.999929e-07	6.183683e-10	-1.521425e+00	4.241043e+01
9.440000e-06	-2.105003e-07	5.912433e-10	-1.601358e+00	4.097731e+01
9.450000e-06	-2.210002e-07	5.690321e-10	-1.681235e+00	3.954172e+01
9.460000e-06	-2.314987e-07	5.536602e-10	-1.761101e+00	3.810361e+01
9.470000e-06	-2.419891e-07	5.414694e-10	-1.840906e+00	3.666304e+01
9.480000e-06	-2.524722e-07	5.252847e-10	-1.920655e+00	3.522015e+01
9.490000e-06	-2.629548e-07	5.015734e-10	-2.000400e+00	3.377512e+01
9.500000e-06	-2.734204e-07	4.709038e-10	-2.080016e+00	3.232813e+01
9.510000e-06	-2.838785e-07	4.414598e-10	-2.159575e+00	3.087932e+01
9.520000e-06	-2.943411e-07	4.175170e-10	-2.239168e+00	2.942878e+01
9.530000e-06	-3.047886e-07	3.919274e-10	-2.318646e+00	2.797646e+01
9.540000e-06	-3.152309e-07	3.651049e-10	-2.398085e+00	2.652220e+01
9.550000e-06	-3.256840e-07	3.421208e-10	-2.477606e+00	2.506566e+01
9.560000e-06	-3.361213e-07	3.215808e-10	-2.557007e+00	2.360636e+01
9.570000e-06	-3.465356e-07	3.033902e-10	-2.636232e+00	2.214364e+01
9.580000e-06	-3.569569e-07	2.825341e-10	-2.715511e+00	2.067666e+01
9.590000e-06	-3.673582e-07	2.569197e-10	-2.794638e+00	1.920448e+01
9.600000e-06	-3.777363e-07	2.342315e-10	-2.873588e+00	1.772600e+01
9.610000e-06	-3.881190e-07	2.116682e-10	-2.952573e+00	1.624008e+01
9.620000e-06	-3.984796e-07	1.839727e-10	-3.031390e+00	1.474552e+01
9.630000e-06	-4.088261e-07	1.511595e-10	-3.110100e+00	1.324113e+01
9.640000e-06	-4.191765e-07	1.204881e-10	-3.188840e+00	1.172579e+01
9.650000e-06	-4.295154e-07	9.724585e-11	-3.267492e+00	1.019846e+01
9.660000e-06	-4.398485e-07	7.447483e-11	-3.346100e+00	8.658261e+00
9.670000e-06	-4.501705e-07	5.074080e-11	-3.424624e+00	7.104477e+00
9.680000e-06	-4.604704e-07	2.868731e-11	-3.502979e+00	5.536613e+00
9.690000e-06	-4.707665e-07	1.129558e-11	-3.581305e+00	3.954401e+00
9.700000e-06	-4.810588e-07	-5.591997e-12	-3.659603e+00	2.357813e+00
9.710000e-06	-4.913424e-07	-2.946531e-11	-3.737834e+00	7.470669e-01
9.720000e-06	-5.016174e-07	-6.105661e-11	-3.816000e+00	-8.773861e-01
9.730000e-06	-5.118845e-07	-9.595347e-11	-3.894106e+00	-2.514878e+00
9.740000e-06	-5.221309e-07	-1.275839e-10	-3.972054e+00	-4.164552e+00
9.750000e-06	-5.323702e-07	-1.556539e-10	-4.049948e+00	-5.825389e+00
9.760000e-06	-5.426027e-07	-1.843408e-10	-4.127791e+00	-7.496250e+00
9.770000e-06	-5.528097e-07	-2.115524e-10	-4.205440e+00	-9.175915e+00
9.780000e-06	-5.630070e-07	-2.315578e-10	-4.283014e+00	-1.086311e+01
9.790000e-06	-5.731875e-07	-2.495633e-10	-4.360462e+00	-1.255657e+01
9.800000e-06	-5.833271e-07	-2.740849e-10	-4.437598e+00	-1.425504e+01
9.810000e-06	-5.934355e-07	-3.049599e-10	-4.514496e+00	-1.595731e+01
9.820000e-06	-6.035169e-07	-3.369401e-10	-4.591190e+00	-1.766225e+01
9.830000e-06	-6.135530e-07	-3.671206e-10	-4.667538e+00	-1.936882e+01
9.840000e-06	-6.235638e-07	-3.956020e-10	-4.743694e+00	-2.107603e+01
9.850000e-06	-6.335648e-07	-4.247391e-10	-4.819775e+00	-2.278300e+01
9.860000e-06	-6.435539e-07	-4.522368e-10	-4.895766e+00	-2.448891e+01
9.870000e-06	-6.535214e-07	-4.754349e-10	-4.971593e+00	-2.619299e+01
9.880000e-06	-6.634727e-07	-4.999129e-10	-5.047297e+00	-2.789450e+01
9.890000e-06	-6.734111e-07	-5.242612e-10	-5.122902e+00	-2.959270e+01
9.900000e-06	-6.833235e-07	-5.479796e-10	-5.198310e+00	-3.128687e+01
9.910000e-06	-6.932242e-07	-5.700789e-10	-5.273628e+00	-3.297622e+01
9.920000e-06	-7.031228e-07	-5.929022e-10	-5.348931e+00	-3.465995e+01
9.930000e-06	-7.130010e-07	-6.232556e-10	-5.424078e+00	-3.633720e+01
9.940000e-06	-7.228595e-07	-6.587540e-10	-5.499075e+00	-3.800705e+01
9.950000e-06	-7.327133e-07	-6.941165e-10	-5.574037e+00	-3.966856e+01
9.960000e-06	-7.425607e-07	-7.224735e-10	-5.648950e+00	-4.132075e+01
9.970000e-06	-7.523995e-07	-7.441583e-10	-5.723797e+00	-4.296266e+01
9.980000e-06	-7.622094e-07	-7.640449e-10	-5.798425e+00	-4.459336e+01
9.990000e-06	-7.719970e-07	-7.834656e-10	-5.872883e+00	-4.621201e+01
1.000000e-05	-7.817704e-07	-8.029939e-10	-5.947233e+00	-4.781787e+01
1.001000e-05	-7.915177e-07	-8.268101e-10	-6.021385e+00	-4.941041e+01
1.002000e-05	-8.012430e-07	-8.550800e-10	-6.095369e+00	-5.098928e+01
1.003000e-05	-8.109476e-07	-8.877792e-10	-6.169196e+00	-5.255441e+01
1.004000e-05	-8.206348e-07	-9.211789e-10	-6.242891e+00	-5.410599e+01
1.005000e-05	-8.302991e-07	-9.499832e-10	-6.316410e+00	-5.564456e+01
1.006000e-05	-8.399494e-07	-9.736136e-10	-6.389824e+00	-5.717095e+01
1.007000e-05	-8.495972e-07	-9.934364e-10	-6.463219e+00	-5.868636e+01
1.008000e-05	-8.592224e-07	-1.013394e-09	-6.536441e+00	-6.019228e+01
1.009000e-05	-8.688213e-07	-1.031967e-09	-6.609463e+00	-6.169050e+01
1.010000e-05	-8.783955e-07	-1.048654e-09	-6.682298e+00	-6.318305e+01
1.011000e-05	-8.879496e-07	-1.069991e-09	-6.754980e+00	-6.467216e+01
1.012000e-05	-8.974923e-07	-1.096631e-09	-6.827575e+00	-6.616022e+01
1.013000e-05	-9.070173e-07	-1.123265e-09	-6.900036e+00	-6.764965e+01
1.014000e-05	-9.165276e-07	-1.149966e-09	-6.972384e+00	-6.914287e+01
1.015000e-05	-9.260230e-07	-1.177895e-09	-7.044620e+00	-7.064221e+01
1.016000e-05	-9.354948e-07	-1.204568e-09	-7.116675e+00	-7.214984e+01
1.017000e-05	-9.449376e-07	-1.225361e-09	-7.188510e+00	-7.366767e+01
1.018000e-05	-9.543567e-07	-1.240023e-09	-7.260165e+00	-7.519735e+01
1.019000e-05	-9.637498e-07	-1.254219e-09	-7.331622e+00	-7.674015e+01
1.020000e-05	-9.731161e-07	-1.274171e-09	-7.402875e+00	-7.829695e+01
1.021000e-05	-9.824353e-07	-1.300612e-09	-7.473770e+00	-7.986824e+01
1.022000e-05	-9.917030e-07	-1.329289e-09	-7.544273e+00	-8.145408e+01
1.023000e-05	-1.000938e-06	-1.358946e-09	-7.614525e+00	-8.305415e+01
1.024000e-05	-1.010144e-06	-1.392372e-09	-7.684560e+00	-8.466774e+01
1.025000e-05	-1.019312e-06	-1.425539e-09	-7.754303e+00	-8.629382e+01
1.026000e-05	-1.028441e-06	-1.452824e-09	-7.823753e+00	-8.793106e+01
1.027000e-05	-1.037549e-06	-1.472078e-09	-7.893038e+00	-8.957795e+01
1.028000e-05	-1.046641e-06	-1.487087e-09	-7.962204e+00	-9.123284e+01
1.029000e-05	-1.055717e-06	-1.506618e-09	-8.031250e+00	-9.289400e+01
1.030000e-05	-1.064774e-06	-1.530809e-09	-8.100157e+00	-9.455972e+01
1.031000e-05	-1.073802e-06	-1.557166e-09	-8.168834e+00	-9.622838e+01
1.032000e-05	-1.082807e-06	-1.588103e-09	-8.237334e+00	-9.789850e+01
1.033000e-05	-1.091797e-06	-1.625481e-09	-8.305730e+00	-9.956880e+01
1.034000e-05	-1.100757e-06	-1.663414e-09	-8.373893e+00	-1.012382e+02
1.035000e-05	-1.109680e-06	-1.695182e-09	-8.441772e+00	-1.029060e+02
1.036000e-05	-1.118559e-06	-1.719810e-09	-8.509318e+00	-1.045717e+02
1.037000e-05	-1.127413e-06	-1.737404e-09	-8.576675e+00	-1.062349e+02
1.038000e-05	-1.136245e-06	-1.757067e-09	-8.643861e+00	-1.078958e+02
1.039000e-05	-1.145055e-06	-1.779139e-09	-8.710883e+00	-1.095546e+02
1.040000e-05	-1.153822e-06	-1.796070e-09	-8.777575e+00	-1.112116e+02
1.041000e-05	-1.162554e-06	-1.818333e-09	-8.844006e+00	-1.128674e+02
1.042000e-05	-1.171292e-06	-1.851585e-09	-8.910473e+00	-1.145225e+02
1.043000e-05	-1.180009e-06	-1.886326e-09	-8.976794e+00	-1.161775e+02
1.044000e-05	-1.188696e-06	-1.917466e-09	-9.042874e+00	-1.178330e+02
1.045000e-05	-1.197357e-06	-1.945913e-09	-9.108767e+00	-1.194893e+02
1.046000e-05	-1.205990e-06	-1.970151e-09	-9.174435e+00	-1.211466e+02
1.047000e-05	-1.214591e-06	-1.993934e-09	-9.239871e+00	-1.228048e+02
1.048000e-05	-1.223150e-06	-2.017529e-09	-9.304981e+00	-1.244638e+02
1.049000e-05	-1.231661e-06	-2.038687e-09	-9.369729e+00	-1.261230e+02
1.050000e-05	-1.240136e-06	-2.062425e-09	-9.434202e+00	-1.277817e+02
1.051000e-05	-1.248572e-06	-2.089962e-09	-9.498373e+00	-1.294387e+02
1.052000e-05	-1.256947e-06	-2.122232e-09	-9.562086e+00	-1.310928e+02
1.053000e-05	-1.265281e-06	-2.155870e-09	-9.625486e+00	-1.327424e+02
1.054000e-05	-1.273602e-06	-2.185503e-09	-9.688786e+00	-1.343861e+02
1.055000e-05	-1.281896e-06	-2.214403e-09	-9.751887e+00	-1.360219e+02
1.056000e-05	-1.290162e-06	-2.240517e-09	-9.814769e+00	-1.376480e+02
1.057000e-05	-1.298403e-06	-2.261800e-09	-9.877461e+00	-1.392628e+02
1.058000e-05	-1.306629e-06	-2.281722e-09	-9.940039e+00	-1.408643e+02
1.059000e-05	-1.314831e-06	-2.302800e-09	-1.000243e+01	-1.424511e+02
1.060000e-05	-1.322989e-06	-2.325135e-09	-1.006449e+01	-1.440216e+02
1.061000e-05	-1.331098e-06	-2.349198e-09	-1.012618e+01	-1.455746e+02
1.062000e-05	-1.339179e-06	-2.375608e-09	-1.018766e+01	-1.471091e+02
1.063000e-05	-1.347239e-06	-2.402208e-09	-1.024898e+01	-1.486245e+02
1.064000e-05	-1.355269e-06	-2.431176e-09	-1.031006e+01	-1.501204e+02
1.065000e-05	-1.363270e-06	-2.459071e-09	-1.037093e+01	-1.515966e+02
1.066000e-05	-1.371248e-06	-2.480964e-09	-1.043162e+01	-1.530533e+02
1.067000e-05	-1.379185e-06	-2.499487e-09	-1.049200e+01	-1.544912e+02
1.068000e-05	-1.387083e-06	-2.518424e-09	-1.055208e+01	-1.559109e+02
1.069000e-05	-1.394959e-06	-2.539048e-09	-1.061200e+01	-1.573135e+02
1.070000e-05	-1.402803e-06	-2.559108e-09	-1.067167e+01	-1.587002e+02
1.071000e-05	-1.410593e-06	-2.575800e-09	-1.073093e+01	-1.600725e+02
1.072000e-05	-1.418346e-06	-2.593738e-09	-1.078991e+01	-1.614319e+02
1.073000e-05	-1.426057e-06	-2.617576e-09	-1.084857e+01	-1.627802e+02
1.074000e-05	-1.433708e-06	-2.640255e-09	-1.090678e+01	-1.641190e+02
1.075000e-05	-1.441309e-06	-2.659561e-09	-1.096461e+01	-1.654502e+02
1.076000e-05	-1.448868e-06	-2.681452e-09	-1.102211e+01	-1.667756e+02
1.077000e-05	-1.456390e-06	-2.703432e-09	-1.107933e+01	-1.680969e+02
1.078000e-05	-1.463874e-06	-2.720585e-09	-1.113627e+01	-1.694157e+02
1.079000e-05	-1.471318e-06	-2.733480e-09	-1.119289e+01	-1.707338e+02
1.080000e-05	-1.478716e-06	-2.746764e-09	-1.124917e+01	-1.720525e+02
1.081000e-05	-1.486069e-06	-2.767365e-09	-1.130511e+01	-1.733733e+02
1.082000e-05	-1.493388e-06	-2.795246e-09	-1.136079e+01	-1.746973e+02
1.083000e-05	-1.500669e-06	-2.823251e-09	-1.141618e+01	-1.760255e+02
1.084000e-05	-1.507904e-06	-2.847781e-09	-1.147122e+01	-1.773587e+02
1.085000e-05	-1.515105e-06	-2.871703e-09	-1.152599e+01	-1.786976e+02
1.086000e-05	-1.522275e-06	-2.895879e-09	-1.158054e+01	-1.800427e+02
1.087000e-05	-1.529406e-06	-2.914041e-09	-1.163479e+01	-1.813940e+02
1.088000e-05	-1.536493e-06	-2.928645e-09	-1.168870e+01	-1.827517e+02
1.089000e-05	-1.543557e-06	-2.943881e-09	-1.174244e+01	-1.841155e+02
1.090000e-05	-1.550600e-06	-2.960152e-09	-1.179602e+01	-1.854850e+02
1.091000e-05	-1.557604e-06	-2.981930e-09	-1.184930e+01	-1.868596e+02
1.092000e-05	-1.564557e-06	-3.004035e-09	-1.190220e+01	-1.882384e+02
1.093000e-05	-1.571462e-06	-3.026400e-09	-1.195472e+01	-1.896205e+02
1.094000e-05	-1.578301e-06	-3.050683e-09	-1.200676e+01	-1.910047e+02
1.095000e-05	-1.585077e-06	-3.077641e-09	-1.205830e+01	-1.923898e+02
1.096000e-05	-1.591809e-06	-3.106579e-09	-1.210951e+01	-1.937745e+02
1.097000e-05	-1.598507e-06	-3.128339e-09	-1.216047e+01	-1.951574e+02
1.098000e-05	-1.605174e-06	-3.149391e-09	-1.221119e+01	-1.965373e+02
1.099000e-05	-1.611807e-06	-3.171827e-09	-1.226164e+01	-1.979126e+02
1.100000e-05	-1.618397e-06	-3.191905e-09	-1.231178e+01	-1.992822e+02
1.101000e-05	-1.624956e-06	-3.209628e-09	-1.236168e+01	-2.006449e+02
1.102000e-05	-1.631485e-06	-3.226251e-09	-1.241135e+01	-2.019998e+02
1.103000e-05	-1.637967e-06	-3.247951e-09	-1.246066e+01	-2.033459e+02
1.104000e-05	-1.644397e-06	-3.272460e-09	-1.250957e+01	-2.046826e+02
1.105000e-05	-1.650792e-06	-3.299126e-09	-1.255822e+01	-2.060094e+02
1.106000e-05	-1.657155e-06	-3.325905e-09	-1.260663e+01	-2.073261e+02
1.107000e-05	-1.663473e-06	-3.350556e-09	-1.265469e+01	-2.086327e+02
1.108000e-05	-1.669757e-06	-3.368908e-09	-1.270250e+01	-2.099292e+02
1.109000e-05	-1.676016e-06	-3.379819e-09	-1.275011e+01	-2.112159e+02
1.110000e-05	-1.682235e-06	-3.390327e-09	-1.279742e+01	-2.124932e+02
1.111000e-05	-1.688400e-06	-3.402149e-09	-1.284432e+01	-2.137616e+02
1.112000e-05	-1.694516e-06	-3.421766e-09	-1.289085e+01	-2.150213e+02
1.113000e-05	-1.700580e-06	-3.448165e-09	-1.293698e+01	-2.162730e+02
1.114000e-05	-1.706580e-06	-3.477659e-09	-1.298263e+01	-2.175169e+02
1.115000e-05	-1.712521e-06	-3.507993e-09	-1.302782e+01	-2.187533e+02
1.116000e-05	-1.718424e-06	-3.533688e-09	-1.307272e+01	-2.199820e+02
1.117000e-05	-1.724295e-06	-3.554269e-09	-1.311739e+01	-2.212030e+02
1.118000e-05	-1.730131e-06	-3.570105e-09	-1.316179e+01	-2.224158e+02
1.119000e-05	-1.735926e-06	-3.583325e-09	-1.320587e+01	-2.236197e+02
1.120000e-05	-1.741677e-06	-3.596391e-09	-1.324962e+01	-2.248137e+02
1.121000e-05	-1.747385e-06	-3.609505e-09	-1.329305e+01	-2.259966e+02
1.122000e-05	-1.753052e-06	-3.623908e-09	-1.333615e+01	-2.271670e+02
1.123000e-05	-1.758680e-06	-3.644624e-09	-1.337896e+01	-2.283232e+02
1.124000e-05	-1.764270e-06	-3.671250e-09	-1.342149e+01	-2.294635e+02
1.125000e-05	-1.769807e-06	-3.695769e-09	-1.346362e+01	-2.305861e+02
1.126000e-05	-1.775292e-06	-3.713967e-09	-1.350534e+01	-2.316891e+02
1.127000e-05	-1.780735e-06	-3.728681e-09	-1.354675e+01	-2.327708e+02
1.128000e-05	-1.786137e-06	-3.743133e-09	-1.358784e+01	-2.338296e+02
1.129000e-05	-1.791494e-06	-3.756556e-09	-1.362860e+01	-2.348641e+02
1.130000e-05	-1.796813e-06	-3.768920e-09	-1.366906e+01	-2.358733e+02
1.131000e-05	-1.802071e-06	-3.783871e-09	-1.370906e+01	-2.368563e+02
1.132000e-05	-1.807238e-06	-3.800615e-09	-1.374837e+01	-2.378129e+02
1.133000e-05	-1.812346e-06	-3.816555e-09	-1.378723e+01	-2.387431e+02
1.134000e-05	-1.817406e-06	-3.831404e-09	-1.382572e+01	-2.396474e+02
1.135000e-05	-1.822422e-06	-3.844909e-09	-1.386388e+01	-2.405267e+02
1.136000e-05	-1.827396e-06	-3.856772e-09	-1.390172e+01	-2.413823e+02
1.137000e-05	-1.832328e-06	-3.866540e-09	-1.393924e+01	-2.422160e+02
1.138000e-05	-1.837202e-06	-3.874968e-09	-1.397632e+01	-2.430298e+02
1.139000e-05	-1.842012e-06	-3.883447e-09	-1.401291e+01	-2.438259e+02
1.140000e-05	-1.846765e-06	-3.893384e-09	-1.404907e+01	-2.446069e+02
1.141000e-05	-1.851461e-06	-3.900531e-09	-1.408479e+01	-2.453753e+02
1.142000e-05	-1.856112e-06	-3.906989e-09	-1.412017e+01	-2.461337e+02
1.143000e-05	-1.860695e-06	-3.917329e-09	-1.415503e+01	-2.468847e+02
1.144000e-05	-1.865220e-06	-3.927040e-09	-1.418946e+01	-2.476307e+02
1.145000e-05	-1.869716e-06	-3.939978e-09	-1.422366e+01	-2.483738e+02
1.146000e-05	-1.874174e-06	-3.955624e-09	-1.425757e+01	-2.491162e+02
1.147000e-05	-1.878590e-06	-3.969534e-09	-1.429117e+01	-2.498593e+02
1.148000e-05	-1.882963e-06	-3.980980e-09	-1.432444e+01	-2.506045e+02
1.149000e-05	-1.887294e-06	-3.991132e-09	-1.435738e+01	-2.513529e+02
1.150000e-05	-1.891588e-06	-3.998593e-09	-1.439005e+01	-2.521049e+02
1.151000e-05	-1.895842e-06	-4.000644e-09	-1.442241e+01	-2.528609e+02
1.152000e-05	-1.900056e-06	-4.003935e-09	-1.445447e+01	-2.536209e+02
1.153000e-05	-1.904236e-06	-4.012857e-09	-1.448627e+01	-2.543846e+02
1.154000e-05	-1.908376e-06	-4.027815e-09	-1.451776e+01	-2.551515e+02
1.155000e-05	-1.912459e-06	-4.045480e-09	-1.454883e+01	-2.559209e+02
1.156000e-05	-1.916491e-06	-4.061260e-09	-1.457950e+01	-2.566921e+02
1.157000e-05	-1.920486e-06	-4.075195e-09	-1.460989e+01	-2.574643e+02
1.158000e-05	-1.924443e-06	-4.086384e-09	-1.463999e+01	-2.582367e+02
1.159000e-05	-1.928346e-06	-4.094509e-09	-1.466968e+01	-2.590084e+02
1.160000e-05	-1.932193e-06	-4.100267e-09	-1.469895e+01	-2.597788e+02
1.161000e-05	-1.935996e-06	-4.105235e-09	-1.472788e+01	-2.605472e+02
1.162000e-05	-1.939754e-06	-4.114083e-09	-1.475647e+01	-2.613132e+02
1.163000e-05	-1.943458e-06	-4.125867e-09	-1.478465e+01	-2.620764e+02
1.164000e-05	-1.947091e-06	-4.139476e-09	-1.481228e+01	-2.628363e+02
1.165000e-05	-1.950660e-06	-4.155205e-09	-1.483943e+01	-2.635929e+02
1.166000e-05	-1.954178e-06	-4.172073e-09	-1.486620e+01	-2.643459e+02
1.167000e-05	-1.957640e-06	-4.186251e-09	-1.489253e+01	-2.650951e+02
1.168000e-05	-1.961062e-06	-4.192699e-09	-1.491856e+01	-2.658403e+02
1.169000e-05	-1.964446e-06	-4.194181e-09	-1.494431e+01	-2.665813e+02
1.170000e-05	-1.967784e-06	-4.195478e-09	-1.496971e+01	-2.673176e+02
1.171000e-05	-1.971080e-06	-4.201784e-09	-1.499478e+01	-2.680489e+02
1.172000e-05	-1.974332e-06	-4.211008e-09	-1.501952e+01	-2.687745e+02
1.173000e-05	-1.977533e-06	-4.219569e-09	-1.504387e+01	-2.694936e+02
1.174000e-05	-1.980680e-06	-4.232810e-09	-1.506781e+01	-2.702052e+02
1.175000e-05	-1.983783e-06	-4.252272e-09	-1.509142e+01	-2.709084e+02
1.176000e-05	-1.986839e-06	-4.272931e-09	-1.511466e+01	-2.716019e+02
1.177000e-05	-1.989843e-06	-4.289410e-09	-1.513752e+01	-2.722845e+02
1.178000e-05	-1.992804e-06	-4.299252e-09	-1.516004e+01	-2.729549e+02
1.179000e-05	-1.995709e-06	-4.303064e-09	-1.518214e+01	-2.736117e+02
1.180000e-05	-1.998553e-06	-4.302252e-09	-1.520378e+01	-2.742537e+02
1.181000e-05	-2.001332e-06	-4.300681e-09	-1.522492e+01	-2.748798e+02
1.182000e-05	-2.004033e-06	-4.301693e-09	-1.524546e+01	-2.754890e+02
1.183000e-05	-2.006684e-06	-4.310415e-09	-1.526563e+01	-2.760805e+02
1.184000e-05	-2.009298e-06	-4.328673e-09	-1.528552e+01	-2.766538e+02
1.185000e-05	-2.011874e-06	-4.350808e-09	-1.530511e+01	-2.772085e+02
1.186000e-05	-2.014399e-06	-4.369870e-09	-1.532432e+01	-2.777447e+02
1.187000e-05	-2.016878e-06	-4.383032e-09	-1.534318e+01	-2.782625e+02
1.188000e-05	-2.019320e-06	-4.390226e-09	-1.536176e+01	-2.787625e+02
1.189000e-05	-2.021712e-06	-4.387138e-09	-1.537996e+01	-2.792454e+02
1.190000e-05	-2.024050e-06	-4.377746e-09	-1.539774e+01	-2.797122e+02
1.191000e-05	-2.026327e-06	-4.373287e-09	-1.541506e+01	-2.801639e+02
1.192000e-05	-2.028552e-06	-4.382806e-09	-1.543199e+01	-2.806017e+02
1.193000e-05	-2.030733e-06	-4.401676e-09	-1.544858e+01	-2.810268e+02
1.194000e-05	-2.032864e-06	-4.419244e-09	-1.546479e+01	-2.814403e+02
1.195000e-05	-2.034938e-06	-4.436054e-09	-1.548057e+01	-2.818433e+02
1.196000e-05	-2.036939e-06	-4.451124e-09	-1.549579e+01	-2.822368e+02
1.197000e-05	-2.038874e-06	-4.457658e-09	-1.551051e+01	-2.826214e+02
1.198000e-05	-2.040763e-06	-4.450806e-09	-1.552488e+01	-2.829978e+02
1.199000e-05	-2.042611e-06	-4.435373e-09	-1.553895e+01	-2.833661e+02
1.200000e-05	-2.044422e-06	-4.425907e-09	-1.555272e+01	-2.837263e+02
1.201000e-05	-2.046185e-06	-4.429403e-09	-1.556613e+01	-2.840782e+02
1.202000e-05	-2.047887e-06	-4.439585e-09	-1.557908e+01	-2.844214e+02
1.203000e-05	-2.049544e-06	-4.451050e-09	-1.559169e+01	-2.847551e+02
1.204000e-05	-2.051160e-06	-4.465054e-09	-1.560397e+01	-2.850785e+02
1.205000e-05	-2.052731e-06	-4.480792e-09	-1.561592e+01	-2.853907e+02
1.206000e-05	-2.054261e-06	-4.488085e-09	-1.562756e+01	-2.856908e+02
1.207000e-05	-2.055732e-06	-4.482746e-09	-1.563876e+01	-2.859779e+02
1.208000e-05	-2.057148e-06	-4.473336e-09	-1.564953e+01	-2.862511e+02
1.209000e-05	-2.058514e-06	-4.469954e-09	-1.565992e+01	-2.865099e+02
1.210000e-05	-2.059819e-06	-4.472665e-09	-1.566985e+01	-2.867538e+02
1.211000e-05	-2.061031e-06	-4.476058e-09	-1.567907e+01	-2.869827e+02
1.212000e-05	-2.062157e-06	-4.479646e-09	-1.568764e+01	-2.871969e+02
1.213000e-05	-2.063230e-06	-4.486958e-09	-1.569580e+01	-2.873967e+02
1.214000e-05	-2.064252e-06	-4.496826e-09	-1.570357e+01	-2.875830e+02
1.215000e-05	-2.065220e-06	-4.501269e-09	-1.571094e+01	-2.877571e+02
1.216000e-05	-2.066129e-06	-4.497276e-09	-1.571785e+01	-2.879204e+02
1.217000e-05	-2.066992e-06	-4.490057e-09	-1.572442e+01	-2.880747e+02
1.218000e-05	-2.067818e-06	-4.486359e-09	-1.573070e+01	-2.882218e+02
1.219000e-05	-2.068601e-06	-4.474176e-09	-1.573666e+01	-2.883639e+02
1.220000e-05	-2.069321e-06	-4.466471e-09	-1.574214e+01	-2.885032e+02
1.221000e-05	-2.069970e-06	-4.522794e-09	-1.574707e+01	-2.886419e+02
1.222000e-05	-2.070592e-06	-4.574083e-09	-1.575180e+01	-2.887821e+02
1.223000e-05	-2.071197e-06	-4.527693e-09	-1.575640e+01	-2.889257e+02
1.224000e-05	-2.071714e-06	-4.476412e-09	-1.576034e+01	-2.890745e+02
1.225000e-05	-2.072124e-06	-4.488756e-09	-1.576346e+01	-2.892301e+02
1.226000e-05	-2.072540e-06	-4.518581e-09	-1.576662e+01	-2.893936e+02
1.227000e-05	-2.073004e-06	-4.468057e-09	-1.577015e+01	-2.895659e+02
1.228000e-05	-2.073369e-06	-4.447665e-09	-1.577293e+01	-2.897473e+02
1.229000e-05	-2.073592e-06	-4.523740e-09	-1.577463e+01	-2.899381e+02
1.230000e-05	-2.073740e-06	-4.538926e-09	-1.577575e+01	-2.901377e+02
1.231000e-05	-2.073850e-06	-4.526108e-09	-1.577659e+01	-2.903457e+02
1.232000e-05	-2.073921e-06	-4.520941e-09	-1.577713e+01	-2.905610e+02
