# Temperatura_=_20.0
# Concentracion g/m^3_=_10000.0
# C_Vs_to_Am_M_A/Vsm_=_65563218390.804596
# pendiente_HvsI_1/m_=_3716.3
# ordenada_HvsI_A/m_=_1297.0
# frecuencia_Hz_=_301419.21980403835

Tiempo_(s)	Campo_(V.s)	Magnetizacion_(V.s)	Campo_(kA/m)	Magnetizacion_(A/m)
0.000000e+00	-2.413962e-06	-5.258212e-09	-1.613216e+01	-3.476240e+02
1.000000e-08	-2.413160e-06	-5.262609e-09	-1.612680e+01	-3.488934e+02
2.000000e-08	-2.411512e-06	-5.264217e-09	-1.611579e+01	-3.500376e+02
3.000000e-08	-2.408755e-06	-5.263629e-09	-1.609736e+01	-3.510563e+02
4.000000e-08	-2.404969e-06	-5.262791e-09	-1.607206e+01	-3.519489e+02
5.000000e-08	-2.400503e-06	-5.258375e-09	-1.604222e+01	-3.527152e+02
6.000000e-08	-2.395431e-06	-5.241955e-09	-1.600832e+01	-3.533549e+02
7.000000e-08	-2.389522e-06	-5.257206e-09	-1.596883e+01	-3.538678e+02
8.000000e-08	-2.382539e-06	-5.327080e-09	-1.592216e+01	-3.542537e+02
9.000000e-08	-2.374566e-06	-5.311236e-09	-1.586888e+01	-3.545125e+02
1.000000e-07	-2.366058e-06	-5.149164e-09	-1.581203e+01	-3.546441e+02
1.100000e-07	-2.357082e-06	-5.113991e-09	-1.575204e+01	-3.546484e+02
1.200000e-07	-2.346974e-06	-5.280551e-09	-1.568449e+01	-3.545253e+02
1.300000e-07	-2.335455e-06	-5.277978e-09	-1.560751e+01	-3.542751e+02
1.400000e-07	-2.323086e-06	-5.110384e-09	-1.552485e+01	-3.538977e+02
1.500000e-07	-2.310070e-06	-5.135834e-09	-1.543786e+01	-3.533933e+02
1.600000e-07	-2.295995e-06	-5.258000e-09	-1.534380e+01	-3.527621e+02
1.700000e-07	-2.280931e-06	-5.141015e-09	-1.524314e+01	-3.520043e+02
1.800000e-07	-2.265169e-06	-5.072417e-09	-1.513780e+01	-3.511201e+02
1.900000e-07	-2.248410e-06	-5.208078e-09	-1.502580e+01	-3.501099e+02
2.000000e-07	-2.230470e-06	-5.080574e-09	-1.490591e+01	-3.489741e+02
2.100000e-07	-2.211840e-06	-4.914476e-09	-1.478141e+01	-3.477130e+02
2.200000e-07	-2.192753e-06	-5.090149e-09	-1.465385e+01	-3.463271e+02
2.300000e-07	-2.172908e-06	-5.141822e-09	-1.452123e+01	-3.448169e+02
2.400000e-07	-2.152285e-06	-4.896237e-09	-1.438341e+01	-3.431830e+02
2.500000e-07	-2.131046e-06	-4.867246e-09	-1.424147e+01	-3.414259e+02
2.600000e-07	-2.109149e-06	-4.998165e-09	-1.409514e+01	-3.395462e+02
2.700000e-07	-2.086474e-06	-4.923846e-09	-1.394360e+01	-3.375447e+02
2.800000e-07	-2.062969e-06	-4.826219e-09	-1.378653e+01	-3.354220e+02
2.900000e-07	-2.038832e-06	-4.824631e-09	-1.362522e+01	-3.331790e+02
3.000000e-07	-2.014208e-06	-4.771625e-09	-1.346066e+01	-3.308163e+02
3.100000e-07	-1.988878e-06	-4.756582e-09	-1.329138e+01	-3.283350e+02
3.200000e-07	-1.962485e-06	-4.766277e-09	-1.311501e+01	-3.257357e+02
3.300000e-07	-1.935005e-06	-4.665932e-09	-1.293136e+01	-3.230196e+02
3.400000e-07	-1.906827e-06	-4.592771e-09	-1.274305e+01	-3.201875e+02
3.500000e-07	-1.878211e-06	-4.589363e-09	-1.255181e+01	-3.172405e+02
3.600000e-07	-1.849095e-06	-4.589766e-09	-1.235724e+01	-3.141796e+02
3.700000e-07	-1.819290e-06	-4.554025e-09	-1.215805e+01	-3.110060e+02
3.800000e-07	-1.788774e-06	-4.457176e-09	-1.195412e+01	-3.077207e+02
3.900000e-07	-1.757719e-06	-4.373945e-09	-1.174659e+01	-3.043250e+02
4.000000e-07	-1.726119e-06	-4.404518e-09	-1.153540e+01	-3.008200e+02
4.100000e-07	-1.693995e-06	-4.395331e-09	-1.132073e+01	-2.972071e+02
4.200000e-07	-1.661463e-06	-4.269172e-09	-1.110332e+01	-2.934874e+02
4.300000e-07	-1.628397e-06	-4.201899e-09	-1.088234e+01	-2.896624e+02
4.400000e-07	-1.594517e-06	-4.194830e-09	-1.065592e+01	-2.857335e+02
4.500000e-07	-1.559675e-06	-4.172559e-09	-1.042308e+01	-2.817020e+02
4.600000e-07	-1.524039e-06	-4.114313e-09	-1.018494e+01	-2.775693e+02
4.700000e-07	-1.487910e-06	-4.028175e-09	-9.943488e+00	-2.733370e+02
4.800000e-07	-1.451467e-06	-3.953267e-09	-9.699945e+00	-2.690066e+02
4.900000e-07	-1.414639e-06	-3.938116e-09	-9.453828e+00	-2.645796e+02
5.000000e-07	-1.377268e-06	-3.912660e-09	-9.204086e+00	-2.600576e+02
5.100000e-07	-1.339356e-06	-3.822105e-09	-8.950724e+00	-2.554423e+02
5.200000e-07	-1.301024e-06	-3.729401e-09	-8.694553e+00	-2.507353e+02
5.300000e-07	-1.262284e-06	-3.679388e-09	-8.435661e+00	-2.459382e+02
5.400000e-07	-1.223019e-06	-3.656664e-09	-8.173262e+00	-2.410529e+02
5.500000e-07	-1.183252e-06	-3.598892e-09	-7.907503e+00	-2.360810e+02
5.600000e-07	-1.143153e-06	-3.505870e-09	-7.639526e+00	-2.310244e+02
5.700000e-07	-1.102870e-06	-3.425532e-09	-7.370321e+00	-2.258848e+02
5.800000e-07	-1.062402e-06	-3.391258e-09	-7.099876e+00	-2.206641e+02
5.900000e-07	-1.021569e-06	-3.352489e-09	-6.826997e+00	-2.153642e+02
6.000000e-07	-9.802732e-07	-3.264751e-09	-6.551024e+00	-2.099869e+02
6.100000e-07	-9.384369e-07	-3.163608e-09	-6.271439e+00	-2.045343e+02
6.200000e-07	-8.960227e-07	-3.096856e-09	-5.987991e+00	-1.990082e+02
6.300000e-07	-8.530714e-07	-3.061052e-09	-5.700953e+00	-1.934106e+02
6.400000e-07	-8.095752e-07	-2.998951e-09	-5.410274e+00	-1.877436e+02
6.500000e-07	-7.656988e-07	-2.900899e-09	-5.117055e+00	-1.820092e+02
6.600000e-07	-7.216605e-07	-2.809071e-09	-4.822753e+00	-1.762094e+02
6.700000e-07	-6.774848e-07	-2.754647e-09	-4.527533e+00	-1.703463e+02
6.800000e-07	-6.331522e-07	-2.697886e-09	-4.231265e+00	-1.644221e+02
6.900000e-07	-5.886977e-07	-2.604346e-09	-3.934182e+00	-1.584388e+02
7.000000e-07	-5.441283e-07	-2.496980e-09	-3.636331e+00	-1.523985e+02
7.100000e-07	-4.994229e-07	-2.414171e-09	-3.337571e+00	-1.463036e+02
7.200000e-07	-4.545574e-07	-2.358092e-09	-3.037742e+00	-1.401560e+02
7.300000e-07	-4.094603e-07	-2.285497e-09	-2.736364e+00	-1.339582e+02
7.400000e-07	-3.641933e-07	-2.183950e-09	-2.433851e+00	-1.277122e+02
7.500000e-07	-3.188279e-07	-2.081854e-09	-2.130681e+00	-1.214203e+02
7.600000e-07	-2.733220e-07	-2.008089e-09	-1.826571e+00	-1.150848e+02
7.700000e-07	-2.276651e-07	-1.940011e-09	-1.521453e+00	-1.087079e+02
7.800000e-07	-1.818896e-07	-1.846235e-09	-1.215542e+00	-1.022919e+02
7.900000e-07	-1.360822e-07	-1.734102e-09	-9.094176e-01	-9.583921e+01
8.000000e-07	-9.027355e-08	-1.634209e-09	-6.032852e-01	-8.935203e+01
8.100000e-07	-4.444997e-08	-1.557539e-09	-2.970527e-01	-8.283273e+01
8.200000e-07	1.450196e-09	-1.472988e-09	9.691453e-03	-7.628364e+01
8.300000e-07	4.732278e-08	-1.362819e-09	3.162513e-01	-6.970711e+01
8.400000e-07	9.313675e-08	-1.247937e-09	6.224195e-01	-6.310549e+01
8.500000e-07	1.389495e-07	-1.155463e-09	9.285798e-01	-5.648117e+01
8.600000e-07	1.847475e-07	-1.072741e-09	1.234641e+00	-4.983650e+01
8.700000e-07	2.305215e-07	-9.711439e-10	1.540542e+00	-4.317389e+01
8.800000e-07	2.761115e-07	-8.503756e-10	1.845213e+00	-3.649571e+01
8.900000e-07	3.215060e-07	-7.375081e-10	2.148578e+00	-2.980436e+01
9.000000e-07	3.667555e-07	-6.435462e-10	2.450974e+00	-2.310224e+01
9.100000e-07	4.118599e-07	-5.454149e-10	2.752400e+00	-1.639176e+01
9.200000e-07	4.568894e-07	-4.268991e-10	3.053326e+00	-9.675330e+00
9.300000e-07	5.017216e-07	-3.013591e-10	3.352933e+00	-2.955347e+00
9.400000e-07	5.462627e-07	-1.940105e-10	3.650595e+00	3.765772e+00
9.500000e-07	5.906721e-07	-9.870709e-11	3.947377e+00	1.048562e+01
9.600000e-07	6.350374e-07	1.020910e-11	4.243863e+00	1.720178e+01
9.700000e-07	6.793389e-07	1.377631e-10	4.539924e+00	2.391184e+01
9.800000e-07	7.235690e-07	2.614046e-10	4.835508e+00	3.061341e+01
9.900000e-07	7.676828e-07	3.676089e-10	5.130313e+00	3.730407e+01
1.000000e-06	8.116122e-07	4.741588e-10	5.423887e+00	4.398143e+01
1.010000e-06	8.551339e-07	5.970879e-10	5.714737e+00	5.064308e+01
1.020000e-06	8.980897e-07	7.291695e-10	6.001804e+00	5.728665e+01
1.030000e-06	9.403982e-07	8.475384e-10	6.284545e+00	6.390974e+01
1.040000e-06	9.820468e-07	9.521462e-10	6.562878e+00	7.050999e+01
1.050000e-06	1.023147e-06	1.064317e-09	6.837542e+00	7.708502e+01
1.060000e-06	1.063844e-06	1.192068e-09	7.109514e+00	8.363247e+01
1.070000e-06	1.104331e-06	1.319958e-09	7.380087e+00	9.015000e+01
1.080000e-06	1.144635e-06	1.433266e-09	7.649428e+00	9.663527e+01
1.090000e-06	1.184668e-06	1.541179e-09	7.916964e+00	1.030860e+02
1.100000e-06	1.224355e-06	1.661276e-09	8.182187e+00	1.094997e+02
1.110000e-06	1.263628e-06	1.791853e-09	8.444641e+00	1.158743e+02
1.120000e-06	1.302381e-06	1.913779e-09	8.703623e+00	1.222074e+02
1.130000e-06	1.340643e-06	2.023228e-09	8.959323e+00	1.284967e+02
1.140000e-06	1.378416e-06	2.133771e-09	9.211756e+00	1.347401e+02
1.150000e-06	1.415615e-06	2.252328e-09	9.460354e+00	1.409351e+02
1.160000e-06	1.452358e-06	2.370694e-09	9.705896e+00	1.470797e+02
1.170000e-06	1.488773e-06	2.477443e-09	9.949256e+00	1.531716e+02
1.180000e-06	1.524906e-06	2.577850e-09	1.019073e+01	1.592086e+02
1.190000e-06	1.560632e-06	2.688535e-09	1.042948e+01	1.651886e+02
1.200000e-06	1.595610e-06	2.808915e-09	1.066323e+01	1.711095e+02
1.210000e-06	1.629636e-06	2.922419e-09	1.089062e+01	1.769690e+02
1.220000e-06	1.662836e-06	3.020589e-09	1.111249e+01	1.827651e+02
1.230000e-06	1.695453e-06	3.114737e-09	1.133047e+01	1.884957e+02
1.240000e-06	1.727625e-06	3.217447e-09	1.154547e+01	1.941588e+02
1.250000e-06	1.759315e-06	3.321683e-09	1.175725e+01	1.997524e+02
1.260000e-06	1.790395e-06	3.414329e-09	1.196495e+01	2.052743e+02
1.270000e-06	1.820865e-06	3.498361e-09	1.216858e+01	2.107227e+02
1.280000e-06	1.850715e-06	3.587852e-09	1.236806e+01	2.160956e+02
1.290000e-06	1.879890e-06	3.683850e-09	1.256303e+01	2.213911e+02
1.300000e-06	1.908541e-06	3.774591e-09	1.275451e+01	2.266072e+02
1.310000e-06	1.936787e-06	3.853848e-09	1.294327e+01	2.317421e+02
1.320000e-06	1.964382e-06	3.927895e-09	1.312768e+01	2.367939e+02
1.330000e-06	1.990976e-06	4.005329e-09	1.330541e+01	2.417609e+02
1.340000e-06	2.016497e-06	4.083623e-09	1.347596e+01	2.466413e+02
1.350000e-06	2.041161e-06	4.154978e-09	1.364079e+01	2.514332e+02
1.360000e-06	2.065193e-06	4.218149e-09	1.380139e+01	2.561351e+02
1.370000e-06	2.088549e-06	4.281844e-09	1.395747e+01	2.607451e+02
1.380000e-06	2.111217e-06	4.350760e-09	1.410896e+01	2.652617e+02
1.390000e-06	2.133194e-06	4.417069e-09	1.425583e+01	2.696832e+02
1.400000e-06	2.154409e-06	4.474870e-09	1.439760e+01	2.740081e+02
1.410000e-06	2.175018e-06	4.528599e-09	1.453533e+01	2.782347e+02
1.420000e-06	2.195093e-06	4.586556e-09	1.466949e+01	2.823616e+02
1.430000e-06	2.214453e-06	4.646008e-09	1.479887e+01	2.863874e+02
1.440000e-06	2.232887e-06	4.696709e-09	1.492206e+01	2.903104e+02
1.450000e-06	2.250445e-06	4.737406e-09	1.503940e+01	2.941294e+02
1.460000e-06	2.267253e-06	4.777363e-09	1.515172e+01	2.978430e+02
1.470000e-06	2.283190e-06	4.822269e-09	1.525823e+01	3.014498e+02
1.480000e-06	2.298182e-06	4.865903e-09	1.535842e+01	3.049486e+02
1.490000e-06	2.312350e-06	4.902719e-09	1.545310e+01	3.083381e+02
1.500000e-06	2.325699e-06	4.937153e-09	1.554231e+01	3.116170e+02
1.510000e-06	2.338197e-06	4.975131e-09	1.562584e+01	3.147842e+02
1.520000e-06	2.349808e-06	5.014513e-09	1.570343e+01	3.178387e+02
1.530000e-06	2.360319e-06	5.046974e-09	1.577367e+01	3.207791e+02
1.540000e-06	2.369670e-06	5.069398e-09	1.583616e+01	3.236046e+02
1.550000e-06	2.378123e-06	5.090003e-09	1.589265e+01	3.263141e+02
1.560000e-06	2.385867e-06	5.114329e-09	1.594441e+01	3.289066e+02
1.570000e-06	2.392827e-06	5.137866e-09	1.599092e+01	3.313813e+02
1.580000e-06	2.398947e-06	5.155571e-09	1.603182e+01	3.337371e+02
1.590000e-06	2.404261e-06	5.171881e-09	1.606733e+01	3.359733e+02
1.600000e-06	2.408908e-06	5.192937e-09	1.609839e+01	3.380891e+02
1.610000e-06	2.412850e-06	5.215664e-09	1.612473e+01	3.400837e+02
1.620000e-06	2.415817e-06	5.231967e-09	1.614456e+01	3.419563e+02
1.630000e-06	2.417597e-06	5.238665e-09	1.615645e+01	3.437064e+02
1.640000e-06	2.418367e-06	5.243265e-09	1.616160e+01	3.453333e+02
1.650000e-06	2.418457e-06	5.253256e-09	1.616220e+01	3.468364e+02
1.660000e-06	2.417831e-06	5.262661e-09	1.615802e+01	3.482152e+02
1.670000e-06	2.416439e-06	5.264343e-09	1.614871e+01	3.494691e+02
1.680000e-06	2.414313e-06	5.263895e-09	1.613451e+01	3.505978e+02
1.690000e-06	2.411443e-06	5.265555e-09	1.611533e+01	3.516008e+02
1.700000e-06	2.407952e-06	5.269606e-09	1.609199e+01	3.524778e+02
1.710000e-06	2.403839e-06	5.283360e-09	1.606451e+01	3.532284e+02
1.720000e-06	2.398821e-06	5.292821e-09	1.603098e+01	3.538524e+02
1.730000e-06	2.392620e-06	5.223251e-09	1.598954e+01	3.543496e+02
1.740000e-06	2.385168e-06	5.142916e-09	1.593973e+01	3.547197e+02
1.750000e-06	2.376528e-06	5.264072e-09	1.588199e+01	3.549627e+02
1.760000e-06	2.367112e-06	5.351035e-09	1.581907e+01	3.550784e+02
1.770000e-06	2.357542e-06	5.227972e-09	1.575511e+01	3.550669e+02
1.780000e-06	2.347505e-06	5.111197e-09	1.568804e+01	3.549281e+02
1.790000e-06	2.336078e-06	5.195606e-09	1.561167e+01	3.546620e+02
1.800000e-06	2.323492e-06	5.257696e-09	1.552757e+01	3.542688e+02
1.810000e-06	2.310632e-06	5.108056e-09	1.544162e+01	3.537487e+02
1.820000e-06	2.296912e-06	5.131037e-09	1.534993e+01	3.531017e+02
1.830000e-06	2.281627e-06	5.227754e-09	1.524779e+01	3.523282e+02
1.840000e-06	2.265537e-06	5.081003e-09	1.514026e+01	3.514284e+02
1.850000e-06	2.249033e-06	5.023141e-09	1.502997e+01	3.504026e+02
1.860000e-06	2.231546e-06	5.234089e-09	1.491310e+01	3.492512e+02
1.870000e-06	2.213007e-06	5.145229e-09	1.478921e+01	3.479746e+02
1.880000e-06	2.193904e-06	4.851280e-09	1.466154e+01	3.465733e+02
1.890000e-06	2.174308e-06	4.999584e-09	1.453059e+01	3.450478e+02
1.900000e-06	2.153929e-06	5.151432e-09	1.439440e+01	3.433986e+02
1.910000e-06	2.132583e-06	4.904131e-09	1.425174e+01	3.416263e+02
1.920000e-06	2.110170e-06	4.835919e-09	1.410197e+01	3.397316e+02
1.930000e-06	2.086928e-06	4.956527e-09	1.394664e+01	3.377151e+02
1.940000e-06	2.063082e-06	4.877041e-09	1.378728e+01	3.355776e+02
1.950000e-06	2.038509e-06	4.830527e-09	1.362306e+01	3.333198e+02
1.960000e-06	2.013254e-06	4.823712e-09	1.345429e+01	3.309425e+02
1.970000e-06	1.987403e-06	4.708394e-09	1.328153e+01	3.284466e+02
1.980000e-06	1.960826e-06	4.703275e-09	1.310392e+01	3.258330e+02
1.990000e-06	1.933598e-06	4.746471e-09	1.292196e+01	3.231026e+02
2.000000e-06	1.905905e-06	4.652461e-09	1.273689e+01	3.202564e+02
2.010000e-06	1.877474e-06	4.596022e-09	1.254689e+01	3.172954e+02
2.020000e-06	1.847989e-06	4.551735e-09	1.234985e+01	3.142207e+02
2.030000e-06	1.817640e-06	4.499715e-09	1.214703e+01	3.110334e+02
2.040000e-06	1.786641e-06	4.551517e-09	1.193987e+01	3.077347e+02
2.050000e-06	1.755118e-06	4.476562e-09	1.172920e+01	3.043256e+02
2.060000e-06	1.723088e-06	4.321436e-09	1.151515e+01	3.008075e+02
2.070000e-06	1.690417e-06	4.348237e-09	1.129681e+01	2.971816e+02
2.080000e-06	1.657177e-06	4.365362e-09	1.107468e+01	2.934492e+02
2.090000e-06	1.623417e-06	4.256634e-09	1.084906e+01	2.896117e+02
2.100000e-06	1.589018e-06	4.185706e-09	1.061918e+01	2.856704e+02
2.110000e-06	1.554077e-06	4.136064e-09	1.038567e+01	2.816267e+02
2.120000e-06	1.518751e-06	4.104931e-09	1.014959e+01	2.774820e+02
2.130000e-06	1.483069e-06	4.093537e-09	9.911136e+00	2.732380e+02
2.140000e-06	1.446946e-06	4.005146e-09	9.669731e+00	2.688961e+02
2.150000e-06	1.410152e-06	3.911559e-09	9.423843e+00	2.644578e+02
2.160000e-06	1.372469e-06	3.873326e-09	9.172012e+00	2.599248e+02
2.170000e-06	1.333938e-06	3.843242e-09	8.914514e+00	2.552986e+02
2.180000e-06	1.294849e-06	3.789740e-09	8.653288e+00	2.505810e+02
2.190000e-06	1.255446e-06	3.701427e-09	8.389967e+00	2.457736e+02
2.200000e-06	1.215798e-06	3.620395e-09	8.125000e+00	2.408782e+02
2.210000e-06	1.175828e-06	3.587735e-09	7.857888e+00	2.358964e+02
2.220000e-06	1.135538e-06	3.556919e-09	7.588638e+00	2.308302e+02
2.230000e-06	1.094766e-06	3.477854e-09	7.316166e+00	2.256813e+02
2.240000e-06	1.053519e-06	3.379097e-09	7.040514e+00	2.204515e+02
2.250000e-06	1.012012e-06	3.313549e-09	6.763129e+00	2.151428e+02
2.260000e-06	9.701958e-07	3.283169e-09	6.483679e+00	2.097570e+02
2.270000e-06	9.279684e-07	3.221280e-09	6.201479e+00	2.042962e+02
2.280000e-06	8.853215e-07	3.120602e-09	5.916476e+00	1.987621e+02
2.290000e-06	8.423638e-07	3.030089e-09	5.629396e+00	1.931569e+02
2.300000e-06	7.991920e-07	2.974028e-09	5.340885e+00	1.874825e+02
2.310000e-06	7.558477e-07	2.929838e-09	5.051221e+00	1.817410e+02
2.320000e-06	7.123986e-07	2.845241e-09	4.760857e+00	1.759344e+02
2.330000e-06	6.688238e-07	2.738752e-09	4.469653e+00	1.700648e+02
2.340000e-06	6.251167e-07	2.662505e-09	4.177565e+00	1.641343e+02
2.350000e-06	5.812755e-07	2.609175e-09	3.884581e+00	1.581451e+02
2.360000e-06	5.372222e-07	2.537658e-09	3.590179e+00	1.520993e+02
2.370000e-06	4.929814e-07	2.436543e-09	3.294524e+00	1.459991e+02
2.380000e-06	4.485150e-07	2.334286e-09	2.997361e+00	1.398466e+02
2.390000e-06	4.038081e-07	2.261902e-09	2.698592e+00	1.336441e+02
2.400000e-06	3.589497e-07	2.199428e-09	2.398809e+00	1.273938e+02
2.410000e-06	3.138629e-07	2.111217e-09	2.097500e+00	1.210979e+02
2.420000e-06	2.686033e-07	2.003059e-09	1.795037e+00	1.147587e+02
2.430000e-06	2.233023e-07	1.904572e-09	1.492297e+00	1.083785e+02
2.440000e-06	1.779243e-07	1.832345e-09	1.189043e+00	1.019595e+02
2.450000e-06	1.324277e-07	1.754487e-09	8.849954e-01	9.550406e+01
2.460000e-06	8.686603e-08	1.645918e-09	5.805131e-01	8.901453e+01
2.470000e-06	4.128252e-08	1.530159e-09	2.758851e-01	8.249320e+01
2.480000e-06	-4.292289e-09	1.439006e-09	-2.868475e-02	7.594241e+01
2.490000e-06	-4.983266e-08	1.362571e-09	-3.330245e-01	6.936452e+01
2.500000e-06	-9.539599e-08	1.265117e-09	-6.375177e-01	6.276189e+01
2.510000e-06	-1.409305e-07	1.147231e-09	-9.418185e-01	5.613689e+01
2.520000e-06	-1.863530e-07	1.037644e-09	-1.245371e+00	4.949188e+01
2.530000e-06	-2.316692e-07	9.480747e-10	-1.548212e+00	4.282927e+01
2.540000e-06	-2.769194e-07	8.553913e-10	-1.850612e+00	3.615143e+01
2.550000e-06	-3.220314e-07	7.413778e-10	-2.152090e+00	2.946077e+01
2.560000e-06	-3.669097e-07	6.182588e-10	-2.452004e+00	2.275969e+01
2.570000e-06	-4.116040e-07	5.107925e-10	-2.750690e+00	1.605058e+01
2.580000e-06	-4.561304e-07	4.181410e-10	-3.048254e+00	9.335861e+00
2.590000e-06	-5.004887e-07	3.131751e-10	-3.344694e+00	2.617940e+00
2.600000e-06	-5.446093e-07	1.875927e-10	-3.639546e+00	-4.100774e+00
2.610000e-06	-5.884158e-07	6.359319e-11	-3.932298e+00	-1.081787e+01
2.620000e-06	-6.320638e-07	-4.001706e-11	-4.223991e+00	-1.753093e+01
2.630000e-06	-6.756341e-07	-1.401622e-10	-4.515165e+00	-2.423756e+01
2.640000e-06	-7.191069e-07	-2.587916e-10	-4.805688e+00	-3.093535e+01
2.650000e-06	-7.625149e-07	-3.877247e-10	-5.095777e+00	-3.762188e+01
2.660000e-06	-8.057810e-07	-5.055289e-10	-5.384918e+00	-4.429477e+01
2.670000e-06	-8.487740e-07	-6.105788e-10	-5.672235e+00	-5.095162e+01
2.680000e-06	-8.914901e-07	-7.224931e-10	-5.957700e+00	-5.759003e+01
2.690000e-06	-9.339071e-07	-8.505827e-10	-6.241167e+00	-6.420764e+01
2.700000e-06	-9.759279e-07	-9.789062e-10	-6.521986e+00	-7.080205e+01
2.710000e-06	-1.017565e-06	-1.092554e-09	-6.800239e+00	-7.737092e+01
2.720000e-06	-1.058939e-06	-1.200149e-09	-7.076737e+00	-8.391187e+01
2.730000e-06	-1.100019e-06	-1.316845e-09	-7.351266e+00	-9.042257e+01
2.740000e-06	-1.140656e-06	-1.442300e-09	-7.622839e+00	-9.690067e+01
2.750000e-06	-1.180821e-06	-1.562423e-09	-7.891254e+00	-1.033438e+02
2.760000e-06	-1.220575e-06	-1.672565e-09	-8.156925e+00	-1.097498e+02
2.770000e-06	-1.260047e-06	-1.784403e-09	-8.420711e+00	-1.161162e+02
2.780000e-06	-1.299276e-06	-1.907370e-09	-8.682873e+00	-1.224408e+02
2.790000e-06	-1.338156e-06	-2.033798e-09	-8.942705e+00	-1.287214e+02
2.800000e-06	-1.376448e-06	-2.149049e-09	-9.198604e+00	-1.349555e+02
2.810000e-06	-1.413929e-06	-2.254874e-09	-9.449082e+00	-1.411412e+02
2.820000e-06	-1.450568e-06	-2.363235e-09	-9.693940e+00	-1.472760e+02
2.830000e-06	-1.486529e-06	-2.478623e-09	-9.934256e+00	-1.533578e+02
2.840000e-06	-1.522101e-06	-2.591227e-09	-1.017198e+01	-1.593844e+02
2.850000e-06	-1.557381e-06	-2.694531e-09	-1.040776e+01	-1.653538e+02
2.860000e-06	-1.592198e-06	-2.796623e-09	-1.064043e+01	-1.712636e+02
2.870000e-06	-1.626361e-06	-2.906829e-09	-1.086874e+01	-1.771118e+02
2.880000e-06	-1.659950e-06	-3.020204e-09	-1.109320e+01	-1.828963e+02
2.890000e-06	-1.692986e-06	-3.123816e-09	-1.131398e+01	-1.886151e+02
2.900000e-06	-1.725387e-06	-3.217492e-09	-1.153051e+01	-1.942660e+02
2.910000e-06	-1.757235e-06	-3.310855e-09	-1.174335e+01	-1.998470e+02
2.920000e-06	-1.788642e-06	-3.407572e-09	-1.195323e+01	-2.053562e+02
2.930000e-06	-1.819502e-06	-3.499250e-09	-1.215947e+01	-2.107916e+02
2.940000e-06	-1.849478e-06	-3.583210e-09	-1.235979e+01	-2.161512e+02
2.950000e-06	-1.878463e-06	-3.666308e-09	-1.255350e+01	-2.214330e+02
2.960000e-06	-1.906578e-06	-3.754417e-09	-1.274138e+01	-2.266353e+02
2.970000e-06	-1.934096e-06	-3.844574e-09	-1.292528e+01	-2.317561e+02
2.980000e-06	-1.961149e-06	-3.927680e-09	-1.310607e+01	-2.367935e+02
2.990000e-06	-1.987585e-06	-4.001379e-09	-1.328274e+01	-2.417459e+02
3.000000e-06	-2.013283e-06	-4.073784e-09	-1.345448e+01	-2.466113e+02
3.010000e-06	-2.038203e-06	-4.148381e-09	-1.362102e+01	-2.513881e+02
3.020000e-06	-2.062379e-06	-4.219663e-09	-1.378258e+01	-2.560746e+02
3.030000e-06	-2.086004e-06	-4.285751e-09	-1.394046e+01	-2.606690e+02
3.040000e-06	-2.109160e-06	-4.348505e-09	-1.409521e+01	-2.651698e+02
3.050000e-06	-2.131492e-06	-4.410917e-09	-1.424445e+01	-2.695752e+02
3.060000e-06	-2.152677e-06	-4.473777e-09	-1.438603e+01	-2.738837e+02
3.070000e-06	-2.172831e-06	-4.532533e-09	-1.452072e+01	-2.780939e+02
3.080000e-06	-2.192313e-06	-4.587303e-09	-1.465091e+01	-2.822040e+02
3.090000e-06	-2.211208e-06	-4.640213e-09	-1.477719e+01	-2.862128e+02
3.100000e-06	-2.229345e-06	-4.693329e-09	-1.489839e+01	-2.901187e+02
3.110000e-06	-2.246746e-06	-4.744589e-09	-1.501468e+01	-2.939204e+02
3.120000e-06	-2.263402e-06	-4.789951e-09	-1.512599e+01	-2.976164e+02
3.130000e-06	-2.279306e-06	-4.830266e-09	-1.523228e+01	-3.012055e+02
3.140000e-06	-2.294588e-06	-4.868025e-09	-1.533440e+01	-3.046864e+02
3.150000e-06	-2.308985e-06	-4.907156e-09	-1.543061e+01	-3.080578e+02
3.160000e-06	-2.322095e-06	-4.947337e-09	-1.551822e+01	-3.113184e+02
3.170000e-06	-2.334029e-06	-4.983925e-09	-1.559798e+01	-3.144673e+02
3.180000e-06	-2.345100e-06	-5.015140e-09	-1.567197e+01	-3.175031e+02
3.190000e-06	-2.355363e-06	-5.046192e-09	-1.574055e+01	-3.204248e+02
3.200000e-06	-2.364799e-06	-5.076857e-09	-1.580361e+01	-3.232314e+02
3.210000e-06	-2.373438e-06	-5.103241e-09	-1.586135e+01	-3.259219e+02
3.220000e-06	-2.381358e-06	-5.124485e-09	-1.591427e+01	-3.284953e+02
3.230000e-06	-2.388621e-06	-5.143830e-09	-1.596281e+01	-3.309506e+02
3.240000e-06	-2.395071e-06	-5.164725e-09	-1.600592e+01	-3.332870e+02
3.250000e-06	-2.400354e-06	-5.186070e-09	-1.604122e+01	-3.355037e+02
3.260000e-06	-2.404522e-06	-5.203707e-09	-1.606907e+01	-3.375998e+02
3.270000e-06	-2.407986e-06	-5.215928e-09	-1.609222e+01	-3.395747e+02
3.280000e-06	-2.410752e-06	-5.227434e-09	-1.611071e+01	-3.414275e+02
3.290000e-06	-2.412711e-06	-5.239901e-09	-1.612380e+01	-3.431577e+02
3.300000e-06	-2.413874e-06	-5.250151e-09	-1.613157e+01	-3.447645e+02
3.310000e-06	-2.414218e-06	-5.254886e-09	-1.613387e+01	-3.462475e+02
